   0.0     0.0000     0.0000     0.0000     0.0000     0.0000     0.0000     0.0000     0.0000     0.0000
  10.0     0.0035     0.0065     0.0092     0.0086     0.0047     0.0066     0.0098     0.0295     0.0732
  20.0     0.0291     0.0521     0.0716     0.0717     0.0433     0.0616     0.0950     0.2457     0.4998
  30.0     0.1062     0.1810     0.2466     0.2643     0.1903     0.2704     0.4164     0.9107     1.6298
  40.0     0.2771     0.4486     0.6033     0.6746     0.5634     0.7704     1.1364     2.1446     3.4636
  50.0     0.5814     0.8936     1.1782     1.3413     1.2258     1.6057     2.2554     3.8167     5.7077
  60.0     1.0362     1.5203     1.9615     2.2423     2.1564     2.7240     3.6677     5.7344     8.1031
  70.0     1.6358     2.3072     2.9158     3.3253     3.2920     4.0397     5.2557     7.7501    10.4969
  80.0     2.3606     3.2214     3.9961     4.5338     4.5640     5.4739     6.9276     9.7716    12.8126
  90.0     3.1854     4.2290     5.1607     5.8191     5.9153     6.9659     8.6212    11.7476    15.0176
 100.0     4.0854     5.2996     6.3753     7.1435     7.3032     8.4738    10.2978    13.6518    17.1013
 110.0     5.0383     6.4084     7.6135     8.4796     8.6980     9.9701    11.9346    15.4729    19.0645
 120.0     6.0253     7.5361     8.8562     9.8085    10.0797    11.4375    13.5192    17.2075    20.9131
 130.0     7.0316     8.6682    10.0897    11.1175    11.4355    12.8657    15.0455    18.8572    22.6550
 140.0     8.0455     9.7941    11.3047    12.3983    12.7577    14.2493    16.5115    20.4254    24.2989
 150.0     9.0582    10.9060    12.4950    13.6460    14.0418    15.5856    17.9175    21.9167    25.8529
 160.0    10.0631    11.9989    13.6567    14.8579    15.2855    16.8741    19.2653    23.3364    27.3249
 170.0    11.0554    13.0693    14.7875    16.0326    16.4883    18.1153    20.5573    24.6894    28.7221
 180.0    12.0316    14.1148    15.8864    17.1701    17.6503    19.3107    21.7963    25.9806    30.0509
 190.0    12.9894    15.1343    16.9530    18.2706    18.7726    20.4619    22.9854    27.2146    31.3170
 200.0    13.9274    16.1271    17.9877    19.3352    19.8565    21.5710    24.1274    28.3955    32.5257
 210.0    14.8444    17.0933    18.9909    20.3650    20.9033    22.6400    25.2253    29.5273    33.6816
 220.0    15.7401    18.0329    19.9637    21.3614    21.9149    23.6711    26.2818    30.6135    34.7889
 230.0    16.6143    18.9466    20.9070    22.3257    22.8928    24.6663    27.2995    31.6573    35.8512
 240.0    17.4672    19.8350    21.8219    23.2595    23.8388    25.6276    28.2807    32.6616    36.8719
 250.0    18.2989    20.6987    22.7096    24.1641    24.7543    26.5569    29.2277    33.6292    37.8539
 260.0    19.1099    21.5388    23.5713    25.0410    25.6410    27.4559    30.1426    34.5625    38.8001
 270.0    19.9008    22.3560    24.4080    25.8915    26.5004    28.3264    31.0273    35.4636    39.7128
 280.0    20.6721    23.1512    25.2209    26.7169    27.3338    29.1698    31.8835    36.3347    40.5942
 290.0    21.4243    23.9253    26.0111    27.5184    28.1426    29.9876    32.7130    37.1775    41.4464
 300.0    22.1582    24.6790    26.7796    28.2972    28.9281    30.7813    33.5172    37.9938    42.2712
 310.0    22.8743    25.4134    27.5274    29.0544    29.6914    31.5521    34.2975    38.7851    43.0702
 320.0    23.5732    26.1291    28.2554    29.7910    30.4336    32.3011    35.0553    39.5528    43.8449
 330.0    24.2557    26.8269    28.9645    30.5081    31.1558    33.0295    35.7916    40.2984    44.5968
 340.0    24.9222    27.5077    29.6556    31.2065    31.8589    33.7383    36.5078    41.0229    45.3271
 350.0    25.5734    28.1720    30.3295    31.8871    32.5438    34.4285    37.2047    41.7275    46.0371
 360.0    26.2099    28.8205    30.9870    32.5507    33.2114    35.1010    37.8833    42.4132    46.7277
 370.0    26.8321    29.4540    31.6287    33.1981    33.8625    35.7565    38.5446    43.0810    47.4001
 380.0    27.4407    30.0730    32.2553    33.8300    34.4979    36.3960    39.1894    43.7318    48.0550
 390.0    28.0361    30.6782    32.8675    34.4471    35.1182    37.0201    39.8184    44.3664    48.6935
 400.0    28.6189    31.2700    33.4658    35.0501    35.7241    37.6296    40.4324    44.9855    49.3162
 410.0    29.1895    31.8489    34.0509    35.6394    36.3162    38.2250    41.0321    45.5900    49.9240
 420.0    29.7483    32.4156    34.6233    36.2158    36.8951    38.8070    41.6180    46.1804    50.5176
 430.0    30.2957    32.9704    35.1835    36.7796    37.4614    39.3762    42.1909    46.7574    51.0974
 440.0    30.8323    33.5139    35.7319    37.3316    38.0155    39.9330    42.7511    47.3216    51.6643
 450.0    31.3583    34.0463    36.2691    37.8720    38.5581    40.4781    43.2994    47.8734    52.2187
 460.0    31.8742    34.5683    36.7954    38.4014    39.0894    41.0118    43.8361    48.4136    52.7612
 470.0    32.3802    35.0800    37.3113    38.9201    39.6100    41.5346    44.3617    48.9424    53.2923
 480.0    32.8768    35.5820    37.8171    39.4286    40.1203    42.0470    44.8768    49.4604    53.8124
 490.0    33.3643    36.0745    38.3133    39.9273    40.6207    42.5493    45.3815    49.9680    54.3219
 500.0    33.8429    36.5578    38.8001    40.4166    41.1114    43.0419    45.8765    50.4657    54.8214
 510.0    34.3130    37.0324    39.2779    40.8966    41.5930    43.5252    46.3620    50.9537    55.3111
 520.0    34.7748    37.4985    39.7471    41.3679    42.0656    43.9995    46.8384    51.4324    55.7915
 530.0    35.2286    37.9563    40.2078    41.8307    42.5297    44.4651    47.3060    51.9022    56.2629
 540.0    35.6747    38.4062    40.6605    42.2853    42.9855    44.9224    47.7651    52.3635    56.7256
 550.0    36.1133    38.8484    41.1053    42.7319    43.4333    45.3716    48.2161    52.8165    57.1799
 560.0    36.5446    39.2832    41.5426    43.1709    43.8734    45.8130    48.6592    53.2614    57.6262
 570.0    36.9689    39.7108    41.9725    43.6024    44.3060    46.2468    49.0946    53.6987    58.0647
 580.0    37.3864    40.1314    42.3953    44.0268    44.7314    46.6734    49.5227    54.1284    58.4957
 590.0    37.7973    40.5452    42.8113    44.4442    45.1498    47.0929    49.9436    54.5510    58.9193
 600.0    38.2018    40.9525    43.2206    44.8549    45.5614    47.5056    50.3577    54.9666    59.3360
 610.0    38.6000    41.3534    43.6234    45.2591    45.9664    47.9117    50.7650    55.3754    59.7458
 620.0    38.9922    41.7482    44.0200    45.6570    46.3651    48.3113    51.1659    55.7777    60.1491
 630.0    39.3786    42.1369    44.4106    46.0487    46.7576    48.7048    51.5606    56.1737    60.5460
 640.0    39.7592    42.5199    44.7952    46.4345    47.1442    49.0922    51.9491    56.5635    60.9367
 650.0    40.1343    42.8972    45.1741    46.8145    47.5249    49.4738    52.3318    56.9474    61.3214
 660.0    40.5041    43.2691    45.5475    47.1890    47.9000    49.8497    52.7087    57.3254    61.7003
 670.0    40.8685    43.6356    45.9154    47.5579    48.2696    50.2201    53.0801    57.6979    62.0735
 680.0    41.2279    43.9969    46.2782    47.9216    48.6340    50.5851    53.4461    58.0650    62.4413
 690.0    41.5823    44.3531    46.6358    48.2801    48.9931    50.9450    53.8068    58.4267    62.8037
 700.0    41.9319    44.7045    46.9884    48.6337    49.3472    51.2998    54.1625    58.7833    63.1610
 710.0    42.2768    45.0511    47.3362    48.9824    49.6964    51.6496    54.5131    59.1350    63.5133
 720.0    42.6171    45.3930    47.6794    49.3263    50.0409    51.9947    54.8590    59.4817    63.8607
 730.0    42.9529    45.7304    48.0179    49.6656    50.3807    52.3351    55.2002    59.8238    64.2033
 740.0    43.2844    46.0634    48.3520    50.0004    50.7160    52.6710    55.5368    60.1612    64.5413
 750.0    43.6116    46.3921    48.6817    50.3309    51.0469    53.0025    55.8690    60.4942    64.8748
 760.0    43.9347    46.7166    49.0072    50.6571    51.3736    53.3297    56.1968    60.8228    65.2039
 770.0    44.2537    47.0370    49.3285    50.9791    51.6960    53.6526    56.5204    61.1471    65.5288
 780.0    44.5688    47.3534    49.6459    51.2971    52.0144    53.9715    56.8399    61.4673    65.8495
 790.0    44.8801    47.6659    49.9593    51.6111    52.3288    54.2864    57.1554    61.7835    66.1661
 800.0    45.1876    47.9746    50.2688    51.9212    52.6394    54.5974    57.4670    62.0957    66.4788
 810.0    45.4914    48.2796    50.5747    52.2276    52.9462    54.9046    57.7748    62.4041    66.7876
 820.0    45.7917    48.5809    50.8768    52.5304    53.2492    55.2081    58.0788    62.7087    67.0926
 830.0    46.0884    48.8788    51.1754    52.8295    53.5487    55.5080    58.3792    63.0097    67.3940
 840.0    46.3817    49.1731    51.4705    53.1251    53.8447    55.8043    58.6760    63.3071    67.6918
 850.0    46.6717    49.4641    51.7622    53.4173    54.1372    56.0972    58.9694    63.6010    67.9861
 860.0    46.9584    49.7518    52.0506    53.7061    54.4263    56.3868    59.2594    63.8915    68.2770
 870.0    47.2419    50.0362    52.3357    53.9917    54.7122    56.6730    59.5461    64.1787    68.5645
 880.0    47.5223    50.3175    52.6176    54.2741    54.9949    56.9560    59.8295    64.4626    68.8488
 890.0    47.7996    50.5956    52.8964    54.5533    55.2744    57.2358    60.1098    64.7434    69.1298
 900.0    48.0739    50.8708    53.1722    54.8295    55.5508    57.5126    60.3870    65.0210    69.4078
 910.0    48.3452    51.1430    53.4449    55.1027    55.8243    57.7863    60.6611    65.2956    69.6826
 920.0    48.6137    51.4122    53.7148    55.3729    56.0948    58.0571    60.9323    65.5672    69.9545
 930.0    48.8794    51.6787    53.9818    55.6403    56.3624    58.3251    61.2005    65.8359    70.2235
 940.0    49.1423    51.9423    54.2460    55.9049    56.6272    58.5901    61.4660    66.1017    70.4896
 950.0    49.4025    52.2033    54.5074    56.1667    56.8892    58.8524    61.7286    66.3648    70.7529
 960.0    49.6601    52.4615    54.7662    56.4258    57.1486    59.1120    61.9886    66.6251    71.0135
 970.0    49.9151    52.7172    55.0223    56.6822    57.4052    59.3690    62.2458    66.8827    71.2714
 980.0    50.1675    52.9703    55.2759    56.9361    57.6593    59.6233    62.5005    67.1377    71.5266
 990.0    50.4174    53.2208    55.5269    57.1875    57.9109    59.8751    62.7526    67.3901    71.7793
1000.0    50.6649    53.4689    55.7754    57.4363    58.1599    60.1244    63.0021    67.6400    72.0294
1010.0    50.9100    53.7146    56.0216    57.6827    58.4065    60.3712    63.2493    67.8875    72.2771
1020.0    51.1527    53.9579    56.2653    57.9267    58.6507    60.6156    63.4940    68.1325    72.5223
1030.0    51.3931    54.1989    56.5067    58.1684    58.8926    60.8577    63.7363    68.3751    72.7652
1040.0    51.6313    54.4376    56.7458    58.4078    59.1321    61.0974    63.9763    68.6154    73.0057
1050.0    51.8672    54.6741    56.9826    58.6449    59.3694    61.3349    64.2140    68.8534    73.2439
1060.0    52.1009    54.9083    57.2172    58.8798    59.6045    61.5702    64.4495    69.0892    73.4799
1070.0    52.3325    55.1404    57.4497    59.1125    59.8373    61.8032    64.6828    69.3228    73.7136
1080.0    52.5620    55.3704    57.6800    59.3430    60.0681    62.0341    64.9140    69.5542    73.9452
1090.0    52.7894    55.5983    57.9083    59.5715    60.2967    62.2630    65.1430    69.7835    74.1747
1100.0    53.0148    55.8241    58.1344    59.7979    60.5232    62.4897    65.3700    70.0107    74.4021
1110.0    53.2382    56.0480    58.3586    60.0223    60.7478    62.7144    65.5949    70.2359    74.6274
1120.0    53.4596    56.2698    58.5808    60.2447    60.9703    62.9371    65.8178    70.4590    74.8507
1130.0    53.6791    56.4898    58.8010    60.4652    61.1909    63.1579    66.0388    70.6802    75.0721
1140.0    53.8967    56.7078    59.0193    60.6837    61.4096    63.3767    66.2578    70.8994    75.2915
1150.0    54.1124    56.9239    59.2358    60.9003    61.6263    63.5936    66.4749    71.1168    75.5089
1160.0    54.3263    57.1382    59.4504    61.1151    61.8412    63.8086    66.6902    71.3322    75.7245
1170.0    54.5385    57.3507    59.6631    61.3281    62.0543    64.0219    66.9036    71.5459    75.9383
1180.0    54.7488    57.5614    59.8741    61.5392    62.2656    64.2333    67.1152    71.7577    76.1503
1190.0    54.9574    57.7704    60.0833    61.7486    62.4751    64.4430    67.3250    71.9677    76.3604
1200.0    55.1642    57.9776    60.2908    61.9563    62.6829    64.6509    67.5331    72.1760    76.5688
1210.0    55.3694    58.1832    60.4966    62.1623    62.8890    64.8571    67.7395    72.3825    76.7755
1220.0    55.5730    58.3870    60.7007    62.3666    63.0934    65.0616    67.9442    72.5874    76.9805
1230.0    55.7749    58.5892    60.9032    62.5692    63.2961    65.2645    68.1472    72.7906    77.1838
1240.0    55.9751    58.7899    61.1041    62.7702    63.4972    65.4657    68.3486    72.9922    77.3855
1250.0    56.1739    58.9889    61.3033    62.9696    63.6968    65.6653    68.5483    73.1921    77.5856
1260.0    56.3710    59.1863    61.5010    63.1674    63.8947    65.8634    68.7465    73.3905    77.7841
1270.0    56.5666    59.3823    61.6971    63.3637    64.0911    66.0599    68.9432    73.5873    77.9810
1280.0    56.7607    59.5767    61.8917    63.5585    64.2859    66.2549    69.1383    73.7826    78.1764
1290.0    56.9533    59.7696    62.0848    63.7517    64.4793    66.4483    69.3319    73.9763    78.3702
1300.0    57.1445    59.9610    62.2765    63.9435    64.6711    66.6403    69.5240    74.1686    78.5626
1310.0    57.3342    60.1510    62.4667    64.1338    64.8615    66.8308    69.7146    74.3594    78.7535
1320.0    57.5225    60.3396    62.6554    64.3227    65.0505    67.0199    69.9038    74.5487    78.9429
1330.0    57.7094    60.5267    62.8428    64.5102    65.2381    67.2075    70.0916    74.7366    79.1309
1340.0    57.8949    60.7125    63.0287    64.6963    65.4242    67.3938    70.2780    74.9231    79.3176
1350.0    58.0790    60.8969    63.2133    64.8810    65.6090    67.5787    70.4630    75.1083    79.5028
1360.0    58.2618    61.0799    63.3965    65.0643    65.7925    67.7622    70.6466    75.2921    79.6867
1370.0    58.4433    61.2617    63.5784    65.2464    65.9746    67.9444    70.8290    75.4745    79.8692
1380.0    58.6235    61.4421    63.7590    65.4271    66.1553    68.1253    71.0099    75.6556    80.0504
1390.0    58.8024    61.6212    63.9383    65.6065    66.3348    68.3048    71.1896    75.8354    80.2303
1400.0    58.9801    61.7991    64.1163    65.7846    66.5130    68.4831    71.3680    76.0139    80.4089
1410.0    59.1564    61.9757    64.2931    65.9615    66.6900    68.6602    71.5452    76.1912    80.5862
1420.0    59.3316    62.1511    64.4686    66.1371    66.8657    68.8359    71.7211    76.3672    80.7623
1430.0    59.5055    62.3252    64.6430    66.3116    67.0402    69.0105    71.8957    76.5420    80.9372
1440.0    59.6783    62.4982    64.8161    66.4848    67.2135    69.1839    72.0692    76.7155    81.1108
1450.0    59.8499    62.6699    64.9880    66.6568    67.3855    69.3560    72.2414    76.8879    81.2832
1460.0    60.0203    62.8405    65.1587    66.8276    67.5564    69.5270    72.4125    77.0591    81.4545
1470.0    60.1895    63.0100    65.3283    66.9973    67.7262    69.6968    72.5824    77.2291    81.6246
1480.0    60.3576    63.1783    65.4968    67.1658    67.8948    69.8655    72.7512    77.3980    81.7935
1490.0    60.5246    63.3455    65.6641    67.3333    68.0623    70.0330    72.9188    77.5657    81.9613
1500.0    60.6905    63.5116    65.8303    67.4996    68.2286    70.1995    73.0853    77.7323    82.1280
1510.0    60.8553    63.6766    65.9954    67.6648    68.3939    70.3648    73.2507    77.8978    82.2936
1520.0    61.0191    63.8405    66.1594    67.8289    68.5581    70.5290    73.4151    78.0622    82.4581
1530.0    61.1817    64.0033    66.3224    67.9919    68.7212    70.6922    73.5783    78.2256    82.6215
1540.0    61.3433    64.1651    66.4843    68.1539    68.8832    70.8543    73.7405    78.3879    82.7838
1550.0    61.5039    64.3258    66.6452    68.3149    69.0442    71.0154    73.9017    78.5491    82.9451
1560.0    61.6635    64.4856    66.8050    68.4748    69.2042    71.1754    74.0618    78.7093    83.1054
1570.0    61.8221    64.6443    66.9639    68.6337    69.3632    71.3345    74.2209    78.8685    83.2646
1580.0    61.9796    64.8020    67.1217    68.7916    69.5211    71.4925    74.3790    79.0267    83.4229
1590.0    62.1362    64.9587    67.2785    68.9485    69.6781    71.6495    74.5361    79.1839    83.5801
1600.0    62.2918    65.1145    67.4344    69.1045    69.8341    71.8055    74.6922    79.3401    83.7363
1610.0    62.4464    65.2693    67.5893    69.2595    69.9891    71.9606    74.8473    79.4953    83.8916
1620.0    62.6001    65.4231    67.7432    69.4135    70.1432    72.1147    75.0015    79.6495    84.0459
1630.0    62.7529    65.5760    67.8962    69.5665    70.2963    72.2679    75.1548    79.8029    84.1993
1640.0    62.9047    65.7280    68.0483    69.7187    70.4485    72.4201    75.3071    79.9552    84.3518
1650.0    63.0556    65.8790    68.1995    69.8699    70.5997    72.5715    75.4584    80.1067    84.5033
1660.0    63.2056    66.0292    68.3497    70.0202    70.7501    72.7219    75.6089    80.2572    84.6539
1670.0    63.3548    66.1784    68.4991    70.1696    70.8996    72.8714    75.7585    80.4069    84.8035
1680.0    63.5030    66.3268    68.6475    70.3182    71.0481    73.0200    75.9072    80.5556    84.9523
1690.0    63.6504    66.4743    68.7951    70.4658    71.1958    73.1677    76.0550    80.7035    85.1003
1700.0    63.7969    66.6209    68.9418    70.6126    71.3426    73.3146    76.2019    80.8505    85.2473
1710.0    63.9425    66.7667    69.0877    70.7585    71.4886    73.4606    76.3480    80.9967    85.3935
1720.0    64.0873    66.9117    69.2327    70.9036    71.6337    73.6058    76.4932    81.1419    85.5388
1730.0    64.2313    67.0558    69.3769    71.0479    71.7780    73.7501    76.6376    81.2864    85.6833
1740.0    64.3745    67.1990    69.5203    71.1913    71.9215    73.8936    76.7812    81.4300    85.8270
1750.0    64.5168    67.3415    69.6628    71.3339    72.0641    74.0363    76.9239    81.5728    85.9698
1760.0    64.6584    67.4831    69.8046    71.4757    72.2059    74.1782    77.0658    81.7148    86.1119
1770.0    64.7991    67.6240    69.9455    71.6167    72.3470    74.3193    77.2069    81.8560    86.2531
1780.0    64.9391    67.7641    70.0856    71.7569    72.4872    74.4595    77.3473    81.9964    86.3935
1790.0    65.0782    67.9034    70.2250    71.8963    72.6267    74.5990    77.4868    82.1360    86.5332
1800.0    65.2167    68.0419    70.3636    72.0349    72.7653    74.7377    77.6256    82.2748    86.6720
1810.0    65.3543    68.1796    70.5014    72.1728    72.9033    74.8757    77.7636    82.4129    86.8101
1820.0    65.4912    68.3166    70.6385    72.3099    73.0404    75.0129    77.9008    82.5502    86.9475
1830.0    65.6274    68.4529    70.7748    72.4463    73.1768    75.1493    78.0373    82.6867    87.0840
1840.0    65.7628    68.5884    70.9104    72.5820    73.3125    75.2851    78.1731    82.8225    87.2199
1850.0    65.8975    68.7232    71.0453    72.7169    73.4474    75.4200    78.3081    82.9576    87.3550
1860.0    66.0314    68.8572    71.1794    72.8510    73.5816    75.5543    78.4424    83.0919    87.4894
1870.0    66.1647    68.9906    71.3128    72.9845    73.7151    75.6878    78.5760    83.2256    87.6230
1880.0    66.2972    69.1232    71.4455    73.1173    73.8479    75.8206    78.7088    83.3585    87.7560
1890.0    66.4291    69.2552    71.5775    73.2493    73.9800    75.9527    78.8410    83.4907    87.8882
1900.0    66.5602    69.3864    71.7089    73.3807    74.1114    76.0842    78.9725    83.6222    88.0198
1910.0    66.6907    69.5170    71.8395    73.5114    74.2421    76.2149    79.1032    83.7530    88.1506
1920.0    66.8205    69.6469    71.9694    73.6413    74.3721    76.3450    79.2333    83.8832    88.2808
1930.0    66.9496    69.7761    72.0987    73.7707    74.5015    76.4743    79.3628    84.0126    88.4103
1940.0    67.0781    69.9047    72.2273    73.8993    74.6301    76.6031    79.4915    84.1414    88.5391
1950.0    67.2059    70.0326    72.3553    74.0273    74.7582    76.7311    79.6196    84.2696    88.6673
1960.0    67.3331    70.1598    72.4826    74.1547    74.8855    76.8585    79.7471    84.3971    88.7948
1970.0    67.4596    70.2864    72.6092    74.2814    75.0123    76.9853    79.8738    84.5239    88.9217
1980.0    67.5855    70.4124    72.7353    74.4074    75.1384    77.1114    80.0000    84.6501    89.0479
1990.0    67.7107    70.5377    72.8607    74.5329    75.2638    77.2369    80.1255    84.7757    89.1735
2000.0    67.8354    70.6624    72.9854    74.6577    75.3886    77.3617    80.2504    84.9006    89.2985
