#Found quasiharmonic mode : None
#T(K), volume, F(eV), S(J/K), H(J/K), a(-6/K), Cp(J/mol), Cv, Cpion, Bt(GPa), T_ph-D(K), T-D(K), F_el_atom, S_el_atom, C_el_atom, M_el, Seebeck_coefficients(μV/K), Lorenz_number(WΩK^{−2}), Q_el, Q_p, Q_e, C_mu, W_p, W_e, Y_p, Y_e
0.0 11.005809331084178 -5.533113248506013 0.0 -533864.2694396748 0.0 0.0 0.0 0.0 188.92432859602906 400.0 400.0 0.0 0.0 0.0 0.0 0.0 2.443004551768e-08 0.0 0.0 0.0 0.0 0.0 0.0 0.0 0.0
0.69 11.00580934046896 -5.53311325867371 0.0028754877676033332 -533864.2684366219 8.072319334772101e-10 0.0028868792739040025 0.0028868792688370236 1.708751057006123e-05 188.92432785435346 334.3267866003059 400.0 -1.0261581479972488e-08 0.0028697919324356387 0.0028697917633339408 -1.3387211461968456e-08 -0.03880361912475737 2.4430043663029335e-08 0.00010491503610747329 5.494249338757551e-05 4.9841452870353197e-05 0.002869791942920653 5.2447549032190264e-05 5.246748707528301e-05 7.78412796212997e-05 6.784127973205951e-05
2.21 11.005809442513108 -5.533113354127597 0.00937877941103039 -533864.2589035059 3.5037184338137677e-09 0.009752861547908694 0.009752861242167515 0.0005612161875679786 188.92431983545265 334.37252942759136 400.0 -1.0526770043879832e-07 0.00919165004502857 0.009191645360340716 -1.3733302027092796e-07 -0.12428331150362414 2.443003289247513e-08 0.00033603212690933184 0.00017046519427567545 0.00016543556106785514 0.009191651260872529 0.00016791379689147225 0.00016811833001785954 0.00023795876052501672 0.0002279587606418272
4.57 11.00581003801009 -5.533113720248699 0.02063795737990032 -533864.2206404593 1.3257066354390506e-08 0.023799590620033916 0.02379958156866546 0.004791863325866968 188.9242730399793 338.2958220504154 400.0 -4.5013501508880966e-07 0.0190072393123968 0.019007727294166946 -5.87334565222118e-07 -0.2571312949192222 2.443074428937293e-08 0.0006948724402876388 0.0003497491950536396 0.00034499185037219584 0.01900777944943149 0.00034699885636147636 0.0003478735839261625 0.0004866705501722023 0.00047667055029079736
7.77 11.005812798478358 -5.533114741689977 0.03985172739379618 -533864.1038621037 4.225201741318966e-08 0.05361567787581009 0.053615521554310194 0.021290486795042942 188.92405611820084 349.87146329109476 400.0 -1.3012467630522067e-06 0.032318168818152804 0.032325191080767146 -1.6992908547575787e-06 -0.43796018820508337 2.443606120530644e-08 0.0011814667106947673 0.0005927095533395495 0.0005886257579563848 0.03232544651178466 0.0005894681109163265 0.0005919985997784409 0.0008239413438616333 0.000813941343980422
11.8 11.005822395483662 -5.5331171954538725 0.07324992916893386 -533863.7859130857 1.074647694108343e-07 0.11581818044466 0.11581664471182787 0.06670018089719118 188.92330195495643 363.12652627131735 400.0 -3.0013117669880856e-06 0.04908841510562544 0.0491179995474688 -3.924169480290088e-06 -0.6662210741831007 2.4446924417783466e-08 0.0017944362491282926 0.0008985207971788076 0.0008957840513787588 0.049118891380977726 0.0008942975083141788 0.0009001387408141138 0.0012487833023334728 0.0012387833024501455
16.66 11.005849391175579 -5.533122614312145 0.13187548650598965 -533862.9760569849 2.4056247311268196e-07 0.24265633264073574 0.2426454676744031 0.17325382784305005 188.9211805559802 372.96760826672664 400.0 -5.983553532971633e-06 0.069326379789522 0.06940250479768571 -7.831109270307263e-06 -0.9415734599326903 2.4461000079888306e-08 0.0025340345305406454 0.0012671383803357266 0.001266764749433688 0.06940501931923626 0.0012611924108844417 0.0012728421196562035 0.0017613345106086951 0.0017513345107294934
22.36 11.005918149567748 -5.533134041344582 0.2361423000138371 -533860.9955017816 5.165270074458248e-07 0.5036223212325982 0.5035550939142877 0.41038519917490685 188.9157772793805 375.50660335245743 400.0 -1.078078656867216e-05 0.0930834950959734 0.09323712205769129 -1.4119579188766307e-05 -1.2651792129353945 2.4476768348554568e-08 0.0034020945161677427 0.0016992678401165264 0.0017026952754291454 0.09324323868577046 0.001690550998891807 0.0017115435172759363 0.0023628320982481254 0.0023528320983670827
28.9 11.006082789415634 -5.533157559873242 0.423873665942799 -533856.2948877128 1.0505221298584216e-06 1.0283487766758954 1.0279893809353218 0.9077090228459768 188.90283894794416 372.08279374703426 400.0 -1.8015069253401102e-05 0.12037094397146249 0.12063975382991858 -2.361463676696918e-05 -1.639724483621173 2.4493480144003073e-08 0.004398975458951978 0.0021948376926248505 0.0022040063658237633 0.1206530877516056 0.002181938925865168 0.0022170365330868107 0.003053496593378366 0.0030434965934976283
36.27 11.006439439832107 -5.533204763197831 0.7531287654777656 -533845.7832847848 1.923581744636396e-06 1.968628835622616 1.967116726445489 1.8170389304972863 188.8748097006666 367.97952157180805 400.0 -2.8386073759291646e-05 0.15116024262626326 0.15158990512532963 -3.7270788253188275e-05 -2.0696425546770056 2.4511008229442464e-08 0.005523580633000306 0.0027530037593705317 0.002770445472720203 0.1516166191136867 0.00273409153167772 0.002789489101322585 0.003832542240393351 0.0038225422405140912
44.48 11.007119345986661 -5.533295603224381 1.2904679164134836 -533824.4639823182 3.118790057628384e-06 3.407528767619921 3.4026551069129574 3.2213634694074607 188.8213695940436 365.60483293119967 400.0 -4.2712002495699035e-05 0.18551052165778442 0.18616529821246053 -5.6248484750696426e-05 -2.5618437116607957 2.4530721291348497e-08 0.0067779756606022755 0.003374431185193055 0.003403413072935879 0.18621547986777434 0.003347161750498533 0.0034308139101037424 0.004701373429805156 0.004691373429925038
53.52 11.008260577152962 -5.533459499223113 2.0865769989477387 -533786.0039541273 4.5293445603415456e-06 5.296505272289484 5.28414170837803 5.072111157668798 188.7316515977529 364.71828954706314 400.0 -6.187410420913475e-05 0.22340531113080894 0.2243941146206862 -8.186097611157637e-05 -3.1224155360060615 2.4556191243679914e-08 0.008161350844459396 0.004058288585205103 0.00410293085342574 0.22448367524268706 0.004019737369590997 0.0041416134748683995 0.005659393715731784 0.00564939371585476
63.4 11.009985206578865 -5.533735260656554 3.163082633734515 -533723.7450496237 6.022249975048092e-06 7.485933661482581 7.460056329290886 7.219490549693541 188.59602668637365 364.6132578730229 400.0 -8.688951467986456e-05 0.26492531409295605 0.26644311178903973 -0.00011569080630587587 -3.758777732518191 2.459289688519991e-08 0.00967623486393625 0.00480531725734294 0.004870786195126859 0.26659662631042863 0.004751858750302526 0.0049243761136337225 0.006708291736431947 0.006698291736554005
74.11 11.012379618348994 -5.534168160467867 4.507398242325659 -533632.0096869329 7.480767824677878e-06 9.78597131362763 9.739333060986757 9.473514639451679 188.40764429702784 364.8079933732356 400.0 -0.00011882901641257185 0.3100857767572048 0.31245667417595224 -0.00015950274130602487 -4.477365274811305 2.4646722201498404e-08 0.011322497371094933 0.005614857392075648 0.005707508559390253 0.31271109026827065 0.005542083202411604 0.0057804141686833305 0.007847863655069185 0.007837863655193076
85.66 11.01549948013128 -5.534808318348105 6.085799068603933 -533506.509268139 8.830148047450294e-06 12.035586858330662 11.96055535433244 11.672865884589477 188.16203681826366 365.05006724146375 400.0 -0.00015892351263190282 0.35900788293915686 0.36272097374118556 -0.000215414807059666 -5.2862023883277045 2.4722562496730827e-08 0.013103604547209597 0.006487921574193167 0.006615551542706278 0.36313092901184657 0.0063904828338667095 0.006713121713342887 0.009080320986596164 0.009070320986721841
98.04 11.019366559390246 -5.535706387892933 7.850464944437163 -533344.8097715026 1.0031362519192014e-05 14.122746458163439 14.012058230276947 13.7052779877333 187.85737046292923 365.2245058170012 400.0 -0.00020844944088484947 0.41175013588494974 0.4174684704301376 -0.0002857620749614627 -6.191401465100234 2.4822724723537884e-08 0.01502054955407117 0.007424201782085377 0.0075962163287366935 0.4181127338404041 0.007295711292478487 0.007724838261592685 0.010406076054584885 0.010396076054713519
111.26 11.023987824766607 -5.536913768830861 9.7547051024613 -533145.6554157467 1.1075832490611452e-05 15.992778261548748 15.839877770621925 15.515765622857593 187.49294455655206 365.28746328411967 400.0 -0.0002688746375690525 0.46847411512167325 0.4770126386911557 -0.0003733021989073179 -7.198171205332328 2.4946156583494353e-08 0.017078032466868155 0.008425096694695513 0.008652804314162562 0.47800251860610266 0.008257940094843545 0.008820092372024614 0.011828022383936574 0.011818022384064817
125.31 11.029351051903399 -5.538478324410651 11.753439962806501 -532909.0970084436 1.1970529645546809e-05 17.62873794949139 17.427940163539514 17.08721613958757 187.06954285167228 365.2282845403704 400.0 -0.00034170373825429467 0.5292660249424254 0.5415218099038186 -0.0004809589820744971 -8.305621101176282 2.5087744749113735e-08 0.019278175211174624 0.009490655756869514 0.009787387980313183 0.5430094598671222 0.009275915696591766 0.01000225951458286 0.013347214615901175 0.013337214616036965
140.2 11.035444914709418 -5.540447332280907 13.811598424025611 -532635.514849443 1.2732583215345177e-05 19.041764280098846 18.78810679183973 18.430612238149276 186.58785346559813 365.0506257362202 400.0 -0.000428667325973007 0.5942973202972796 0.611152041949572 -0.0006120142636353611 -9.507881895087133 2.523907066073999e-08 0.021626562788707164 0.010622549211444416 0.011003882086737157 0.6133391906406543 0.01034984471011629 0.01127671807859087 0.014967089337447892 0.014957089337584653
155.92 11.04224812834475 -5.542862743716428 15.898970302429529 -532325.9852734993 1.3380966789644318e-05 20.253894356317726 19.943040803036006 19.56806664805457 186.04933009589323 364.7634159743527 400.0 -0.0005315174423109427 0.6636389041838464 0.6858277082631555 -0.000769677176759277 -10.790063196541405 2.5389057239059612e-08 0.02412570678595614 0.011820953454355717 0.01230462182471262 0.688970376491258 0.01147846980847522 0.012647236977480925 0.016689011544593582 0.016679011544734744
172.48 11.049748401911978 -5.545766506858756 17.995021766763237 -531981.3419199081 1.393537758066096e-05 21.293635090592765 20.921620596546607 20.528224846845607 185.45469610672833 364.37623850820495 400.0 -0.0006522634703707621 0.7374236801872258 0.7654102437471596 -0.0009572812243038607 -12.131796581042154 2.552574388091673e-08 0.026781041085198236 0.013087504153643832 0.013693405409147477 0.7698208251876034 0.012661936020890158 0.014119105064308078 0.018516473921981007 0.018506473922127117
189.88 11.057931497350717 -5.549196688849805 20.083629562790936 -531602.605941495 1.4413181410972328e-05 22.188450330564603 21.751552883189078 21.338891428486562 184.80481035296066 363.89799920306336 400.0 -0.0007929929454732385 0.8157052086647872 0.8495589020780433 -0.0011778435267775509 -13.506226373397856 2.5637404463585112e-08 0.02959586467106816 0.014422930045069622 0.015172803089505011 0.8556006013242359 0.013899620057681018 0.015696244613387138 0.020451667849271712 0.020441667849418824
208.11 11.066781023337594 -5.5531866574743 22.152200419647006 -531190.9645414278 1.482917290245961e-05 22.96300990125863 22.45765446269494 22.025260971862203 184.10068664270366 363.3365593598048 400.0 -0.0009558284853743075 0.898448718745553 0.9377489293964288 -0.0014338335977751612 -14.882260034383428 2.5713859130542527e-08 0.03257098626984559 0.01582696835968941 0.016743886361449228 0.945822451528962 0.015190148949113679 0.017380837320731916 0.02249528940727117 0.022485289407423826
227.17 11.076288178981729 -5.557769316799608 24.192996399070044 -530747.295385779 1.5196028899564872e-05 23.639213499674455 23.06183244837419 22.609809901852348 183.34271951238557 362.6980667947263 400.0 -0.001143080539686192 0.9856183128209111 1.0294035978221052 -0.0017272872203674997 -16.22867157998133 2.574748923450779e-08 0.03570774209904453 0.017299848338192786 0.018407762202029013 1.0399292705787382 0.01653283376928254 0.019174908329761993 0.02464863811594039 0.02463863811609668
247.07 11.086452449137534 -5.562978474742516 26.201918969285696 -530272.1175922013 1.5524322597178936e-05 24.235693705454196 23.582612656897055 23.111758555052365 182.5306238032532 361.9869235262553 400.0 -0.001357281560544287 1.0771797476013052 1.1239351504018313 -0.0020597750712372173 -17.51621661685507 2.5733560686580356e-08 0.039007935334041476 0.018842276904836537 0.020165526862345177 1.137331188555367 0.017927669570983563 0.021080265763057906 0.02691357392978436 0.02690357392994626
267.81 11.097271427534464 -5.568844287820953 28.17567590915386 -529766.062869739 1.582248643181088e-05 24.76745539608799 24.034874938559035 23.546765674342343 181.66424382457026 361.2066554422641 400.0 -0.0016009807257818854 1.1730128216207807 1.220689721745645 -0.0024320386373780046 -18.71804962928693 2.567021471797319e-08 0.04247050052734733 0.020453888266559077 0.022016480687704267 1.2373456232913838 0.019373938453704175 0.02309656207364315 0.02929021106042296 0.02928021106099606
289.38 11.108740048821954 -5.575392432215486 30.111543388802946 -529229.912095794 1.6097263233589245e-05 25.24656221570454 24.430555394681594 23.92757412561527 180.74361690483084 360.3601996273673 400.0 -0.001876684424309337 1.2729165937916478 1.318988090089269 -0.0028439154483125835 -19.811300612901285 2.555828759606992e-08 0.0460914864288217 0.022133249987447614 0.023958104863367614 1.3392378497895903 0.02087015559470196 0.02522133083411974 0.031776872635876516 0.03176687263582057
311.78 11.120860850154834 -5.582649972736082 32.008854174384695 -528664.1161746603 1.635427828987107e-05 25.683081066503743 24.779523999948452 24.264832743995996 179.7681497230162 359.44930653943544 400.0 -0.002187078096001245 1.376709799918649 1.4182483225077493 -0.00329472853922714 -20.778872420638148 2.5400728828314978e-08 0.04986751113169384 0.0238794519234228 0.02598792762591022 1.4423499492669112 0.022415598508726535 0.027451912622967308 0.034372415748044866 0.03436241574769839
335.03 11.133649818122324 -5.590650107366106 33.86921689706943 -528068.5286389074 1.6598330353668435e-05 26.085523547051647 25.089990126585043 24.567482889882232 178.73613782072744 358.4741747042635 400.0 -0.0025352235266647184 1.4842853804903382 1.518040657169414 -0.0037836106762095248 -21.609448254581903 2.5201807845863642e-08 0.05379764938742957 0.025692936444136588 0.02810458135623272 1.5461626215262856 0.024010980710365053 0.029786668677064518 0.03707748565393826 0.037067485654165
359.1 11.147097680311095 -5.5994081294658 35.69072771927667 -527444.2127229435 1.6832884028256096e-05 26.460028506885244 25.367965409984677 24.84223165557348 177.64788660492786 357.436505891679 400.0 -0.0029234963890296807 1.5952940219137242 1.617796851311764 -0.004308099049551812 -22.2946561460977 2.496713981222888e-08 0.0578717726642717 0.027570086563773712 0.030301554507365335 1.6499981187801729 0.025653647829441448 0.03221812483483026 0.03988644100682872 0.03987644100703288
384.01 11.161224794964836 -5.608955960684266 37.475817628213704 -526790.8899856647 1.7061300854550218e-05 26.812404426474522 25.618911252221036 25.09516247147084 176.50127867437885 356.33539640522184 400.0 -0.003355074952557544 1.7096135016100762 1.717241955003684 -0.004866318886699315 -22.83200093632641 2.4702331316177224e-08 0.06208763838070049 0.029511076134858188 0.03257643064415614 1.7534751877118178 0.02734445586629186 0.03474318251440863 0.04279907073320918 0.042789070733388945
409.76 11.17604261527916 -5.619318277069162 39.22552069459096 -526108.7408911887 1.728624398691137e-05 27.147164538869024 25.84705025805863 25.331073000143924 175.2948792391323 355.1703316766958 400.0 -0.0038328913316392726 1.8270302403558913 1.8160915387251015 -0.005455595671569078 -23.2215499739929 2.441319965546591e-08 0.06643923526881974 0.031514457749843294 0.034924645905133465 1.8561994809136477 0.029082981271000397 0.03735625399781935 0.04581253454782968 0.04580253454800831
436.34 11.191558691596057 -5.630514989027708 40.94040761784617 -525398.1712630057 1.7509925282480865e-05 27.46797520928616 26.055777270147907 25.553875083543648 174.0275362792518 353.9408724628433 400.0 -0.004359708841959531 1.9472915730370595 1.9141001257425103 -0.006072712205474661 -23.46584409477886 2.4105481239066233e-08 0.070918646519588 0.033577993149796447 0.03734052173910339 1.9578186594180649 0.030868247746023675 0.04005039877356432 0.04892259924989874 0.048912599250079535
463.76 11.20779414336051 -5.642573883132454 42.62247368042002 -524659.0167316414 1.7734455037797976e-05 27.77818220648326 26.248056157631467 25.76701174069674 172.69695048109935 352.6453032267216 400.0 -0.004938704745476351 2.070245601060622 2.0111704657865217 -0.006714676372598452 -23.569418169799608 2.3784347077619536e-08 0.0755212625493623 0.03570102659892344 0.0398201042971918 2.0581392477960363 0.03270076818416139 0.042820494365200926 0.0521272295254446 0.05211722952562267
492.01 11.22476034239499 -5.655513867244246 44.272510191160556 -523891.6160511738 1.796154813608778e-05 28.080452468363003 26.426232311265764 25.973246687660737 171.30157523787994 351.2825018563938 400.0 -0.00557267346803942 2.195663521034966 2.1072057807022646 -0.007377855337251834 -23.53773223195343 2.3454818796308464e-08 0.08023917593084635 0.03788142014085414 0.04235762410756394 2.1569757768967532 0.03457987774805482 0.04565929818279151 0.05542198184392477 0.05541198184409903
521.1 11.242482665942648 -5.6693626347325505 45.892535614296996 -523095.73641227826 1.8193021102356357e-05 28.377360123661433 26.592422990016022 26.17510640650961 169.8386646422977 349.8500596960542 400.0 -0.006264869809220283 2.3234217308768192 2.2022537171518235 -0.00805895772287308 -23.37675685515842 2.312132353585877e-08 0.08506800613363182 0.040118688053953445 0.044949186360644384 2.2543007714231598 0.03650643239571845 0.04856157373791335 0.05880474207471577 0.05879474207480671
551.03 11.260982797515869 -5.68414345399551 47.48395480502732 -522271.38536026655 1.843019498615902e-05 28.671064917765932 26.748399635047285 26.374659815139438 168.30571905565267 348.3457044022739 400.0 -0.007018368963284072 2.4533701520848505 2.2964051026264936 -0.008754367072700336 -23.09243173384087 2.27880989725054e-08 0.09000196657469206 0.04241171300881384 0.047590121802158984 2.350140672411371 0.038480855042690484 0.05152111153200158 0.06227227865867027 0.06226227865884476
581.78 11.280272105144762 -5.699869149077557 49.047180865632164 -521419.0990052824 1.8675388568807078e-05 28.96363517179242 26.895640682836724 26.5738598039152 166.70103973745782 346.7678616314399 400.0 -0.007835726383182768 2.5852946781182506 2.3897753678772164 -0.009459949779014263 -22.690674629241965 2.245934375066728e-08 0.09503238110723136 0.044758038369918596 0.05027421092036037 2.4445583244853366 0.04050254296880254 0.054529838138428856 0.06581916724401926 0.06580916724418122
613.38 11.300395723526695 -5.7165780636210615 50.58517168963064 -520538.000447399 1.8926632212613757e-05 29.25662866559211 27.035720645075955 26.773907826676496 165.0316385370816 345.1120470144004 400.0 -0.00872084754377282 2.7192199333181075 2.4827208389156157 -0.0101726848360692 -22.17619796824766 2.2138518731036526e-08 0.10015921754378677 0.04715924987769435 0.05299983578696059 2.537871623842398 0.04257452693080989 0.057584690612976906 0.06944591731054842 0.06943591731070337
645.81 11.321356855956303 -5.733768443868641 52.017510396241065 -519631.12421684497 1.9163275530598448e-05 29.54772481270345 27.168065527940936 26.972190221670516 163.52292048708338 344.2729156626802 400.0 -0.00967632669475031 2.854979966316058 2.575534591032938 -0.010888344459489144 -21.55364315915037 2.182943998807596e-08 0.10537470831127672 0.04961334444791507 0.0557612319129736 2.6303459541297958 0.04469693266741846 0.06067777564385823 0.07314742491499106 0.07313742491514448
679.07 11.343153585100062 -5.75176450574363 53.392656419731864 -518703.5574177545 1.9391552344674526e-05 29.839484363720803 27.29539378548803 27.17083336155553 162.05619848336414 343.7309399034249 400.0 -0.010705333433804608 2.9925233945973315 2.6686510021652725 -0.011602745245415859 -20.826364839682327 2.153543738814434e-08 0.11067503751947216 0.05212022096557381 0.05855468452280932 2.7224004919457676 0.04687182275699029 0.0638032147624819 0.0769212765171078 0.07691127651748829
713.17 11.365817103274253 -5.770778418783091 54.7412073522619 -517755.6854798024 1.9631188572094746e-05 30.137425253447024 27.41960595852997 27.374812479275974 160.52410123052954 343.16505030503595 400.0 -0.011811476665865541 3.131879014055511 2.762612774171051 -0.012311537185427983 -19.996463405802096 2.1259478176001524e-08 0.11605904913977569 0.054681107016053526 0.06137781000174269 2.8145748925027907 0.049102672010299935 0.06695637712947577 0.08076684912719401 0.08075684912804185
748.11 11.389377264117288 -5.790832821733625 56.064355682337 -516788.1229268525 1.9880293055513785e-05 30.442447290427488 27.541815161526312 27.584446031406376 158.9235429403375 342.5745363754028 400.0 -0.012998171219586789 3.2730664017303512 2.8580012590211163 -0.013009899239137502 -19.065442588138904 2.1004343403902447e-08 0.12152479540093493 0.057296929335785986 0.06422773384131683 2.907462290875302 0.05139290051240522 0.07013189488852971 0.08468282882690269 0.08467282882629652
783.88 11.413859793699245 -5.811944617768444 57.36291364028913 -515801.76596408495 2.014092654838849e-05 30.756428093572026 27.66307011403772 27.80100799871809 157.25184921311757 341.95875226162383 400.0 -0.014268578708986008 3.4160978765302565 2.955420094853934 -0.01369254687081952 -18.03445513068471 2.0772512379386233e-08 0.12706963670792842 0.05996835398595647 0.06710115038452925 3.0016960721309327 0.05374588495651828 0.07332375175141011 0.08866726998343503 0.08865726998294589
820.48 11.439300064291006 -5.834136531526482 58.638067839623254 -514797.2389767035 2.041425499829795e-05 31.081073383884746 27.78441463885717 28.025546943048028 155.50560941269381 341.31677719962715 400.0 -0.015626306931593868 3.5610584552312137 3.0555264408367213 -0.014354105573189816 -16.90393680145146 2.0565927131676953e-08 0.13269340739409408 0.06269731281367139 0.06999596211671011 3.0979823381424656 0.05616637022964302 0.07652703716445107 0.09271987316019402 0.09270987316044038
857.92 11.465743979410716 -5.8574379962902015 59.89130425224184 -513774.90270028415 2.0701951935581936e-05 31.418297796699342 27.906867392667476 28.259293553535603 153.680593514268 340.647392232809 400.0 -0.017075511383103068 3.7081019682559004 3.1590042431637384 -0.014989035736402779 -15.673712087739766 2.0385944665035206e-08 0.13839836548458181 0.06548701400150525 0.07291121887938837 3.1970755382565628 0.05866072142119428 0.07973764406338754 0.09684197941999365 0.09683197942018637
896.2 11.493234532049167 -5.88187310818239 61.1237145848344 -512735.40731974604 2.1005704992181003e-05 31.76993323606567 28.031335873394845 28.50345300088118 151.77266186579755 339.94942039354964 400.0 -0.018620179300728342 3.857368893825061 3.2664802351844866 -0.015591244955164755 -14.343857532486908 2.0233367959869873e-08 0.14418611756895486 0.06834045481986396 0.07584552999056972 3.299700087555515 0.06123452956906891 0.08295158799988593 0.10103437448317752 0.10102437448319741
935.31 11.521811753504085 -5.907459917908448 62.3360606950836 -511679.691236266 2.132740125523753e-05 32.13776846783776 28.158593839168965 28.759278021066688 149.7777679587337 339.22173082112204 400.0 -0.02026407392572032 4.008983439506267 3.3784904467710737 -0.016154132282790806 -12.915060636893136 2.0108337228285165e-08 0.15005764559035611 0.0712604022663692 0.07879711039450163 3.406520812680181 0.06389310307265306 0.08616454251770307 0.10529732319382193 0.10528732319383906
975.26 11.55153518796453 -5.934230079376935 63.529705796544896 -510608.17921003915 2.166918645062505e-05 32.523743467175805 28.289352685890975 29.02820985418963 147.69037502196906 338.46266605653943 400.0 -0.022012012067648922 4.163164046469489 3.495533612986173 -0.016671024615130512 -11.387804956219815 2.0010183972869688e-08 0.1560177440658505 0.07425158530052807 0.08176602564718044 3.518195283167738 0.06664355946862245 0.08937418459722803 0.10963382981628318 0.10962382981624537
1016.04 11.582455406303124 -5.962202794956194 64.70536826430974 -509521.8744668714 2.203398655563871e-05 32.92988760151153 28.42410533083368 29.311961920100334 145.50542547082657 337.67076589005495 400.0 -0.023868206926364703 4.32006104461383 3.6179256814112004 -0.017134611262945947 -9.764104457330669 1.9937538798437183e-08 0.16206890158976595 0.07731763152720567 0.08475113673635162 3.635235579372682 0.06949201979167985 0.0925768817980861 0.11404524736591932 0.11403524736587267
1057.66 11.614644704260273 -5.9914117449534015 65.8643127191125 -508421.30308900116 2.242297148512527e-05 33.357517747414704 28.563233501849307 29.611628814728096 143.2161613077664 336.8439809385851 400.0 -0.025838042158646074 4.47990267291138 3.7458889326866056 -0.017537480504504026 -8.046245387214606 1.9888237865443303e-08 0.16821711621589355 0.08046395648124281 0.0877530261788506 3.7580928288054634 0.07244624211863238 0.09577087409726114 0.11853557252034755 0.11852557252024869
1100.11 11.64816786879916 -6.021877797138414 67.00718807722073 -507307.6015673226 2.2846384402804802e-05 33.8116059434056 28.706854386364956 29.93219863724948 140.81616275861103 335.9804180157707 400.0 -0.027926270101385826 4.64283127942188 3.879407306156121 -0.01787170466969064 -6.238629510981612 1.9859430319122264e-08 0.1744657516648501 0.0836946091651049 0.09077100869045523 3.887016441572915 0.0755126561893285 0.09895309547552153 0.1231070458588126 0.12309704585877544
1143.4 11.683105832523015 -6.053296912013505 68.27408013777126 -505989.77974706586 2.3265185956662617e-05 34.28207376160183 28.855638881920378 30.263744258857113 138.46870442636018 333.9719573718162 400.0 -0.030138893097701687 4.809042385795523 4.0183295027447175 -0.01812927773811662 -4.346341968948681 1.9847608349474155e-08 0.18082103774182617 0.08701504213931137 0.09380586151298806 4.02214880567385 0.07869893169356652 0.10212210604825965 0.12776425890100124 0.12775425890134784
1187.52 11.719447722992125 -6.085378340671343 69.79308458056812 -504269.06647441286 2.3667081427935943e-05 34.76975682929131 29.00982065132219 30.60741159941817 136.32853593354474 329.77149807650414 400.0 -0.0324807184948288 4.978586872985592 4.162345229873142 -0.018302070858094873 -2.375605962556506 1.9849487194469253e-08 0.18728388067803986 0.09042808670894355 0.09685565957166953 4.163499514987514 0.08201067578786507 0.1052732048901748 0.13250794512200925 0.13249794512273758
1232.48 11.757256168890663 -6.118772221771342 71.31512902474987 -502477.2997638145 2.409717717137013e-05 35.282997237283965 29.168023166745648 30.97167076510461 134.08586721901264 325.345261411136 400.0 -0.03495752596084887 5.151592368392308 4.311326472179352 -0.01838208222831954 -0.3298048450558743 1.986277612273951e-08 0.19385747688697713 0.09393814173771613 0.09991920041751422 4.311282805202052 0.08545602195351219 0.10840145493346494 0.13734019831986297 0.13733019831920984
1278.27 11.796612738540807 -6.153500847046845 72.84158962451764 -500611.35415868403 2.456198132710116e-05 35.825471469112124 29.330236789515027 31.360309776361316 131.73304257550907 320.67403524468966 400.0 -0.03757418928066468 5.3281312776247365 4.465161692750808 -0.01836044983166 1.7885119166538324 1.9885768426309504e-08 0.2005424911084484 0.09754858544722025 0.10299377057062106 4.465761357914009 0.08904287354025382 0.11149961756819456 0.1422611387213932 0.14225113872099807
1324.9 11.837627939893446 -6.18960295855044 74.37465336854353 -498666.91889869043 2.5065792523818024e-05 36.40018664310097 29.496641694395485 31.776248952604206 129.26116862104416 315.7334342816989 400.0 -0.04033687554395871 5.508385161553426 4.623937690496767 -0.01822696880667873 3.980272564498292 1.9917473939801925e-08 0.20734296678223887 0.1012651281007802 0.10607770320973273 4.627438791756613 0.09278243965889556 0.11456052712334337 0.1472731849106201 0.1472631849103696
1372.36 11.880409092631828 -6.227103639119351 75.91603681369511 -496640.03048444865 2.5614678931461153e-05 37.01122620001377 29.667535091885988 32.22335372215103 126.66123245117373 310.49727192717916 400.0 -0.043250822268588125 5.692516669011162 4.787872477862742 -0.01796940940704513 6.24914720314767 1.9957722509182593e-08 0.21426102964584592 0.1050932265706246 0.1091676672032363 4.797012818424272 0.09668704599601063 0.1175739836498353 0.1523770066455882 0.15236700664539365
1420.66 11.925098429746855 -6.266045565065844 77.4683705362031 -494525.2721384688 2.621525205967438e-05 37.66344105668557 29.84354248173991 32.70592260740696 123.92174141899923 304.93238004307216 400.0 -0.0463228148408033 5.88085825056273 4.957518449278603 -0.01757241697402185 8.604705052142073 2.000726255227539e-08 0.22130348881729184 0.109042066627123 0.11226128590258594 4.975615252760078 0.10077470807672595 0.12052878074056587 0.15757619383551294 0.15756619383527556
1469.8 11.971850320540891 -6.3064660553065846 79.0343021590703 -492316.8545363606 2.6878167265742577e-05 38.36441134590052 30.025577315641286 33.23068579598225 121.03001643926356 299.0005661625186 400.0 -0.049559565525967415 6.073839510541945 5.133725549918269 -0.017016258568149072 11.06247414234927 2.0067760527905616e-08 0.22847849555249813 0.11312323710722905 0.11535512173171987 5.16482471301904 0.10506850349092561 0.1234099920615725 0.16287454571652732 0.1628645457163417
1519.77 12.020834779752505 -6.348396705320578 80.61662130863205 -490008.4419761501 2.76065265767929e-05 39.11734029494397 30.2149035083291 33.79963832572973 117.97213961815778 292.657217550846 400.0 -0.052967849567127176 6.272040715839432 5.317701969214239 -0.016275138494336604 13.6456098505031 2.014176427474158e-08 0.23579689256853337 0.11735208350006396 0.11844467192506337 5.366797573255428 0.10959879659152502 0.12619809597700835 0.16827675739286221 0.16826675739266583
1570.57 12.072191423999508 -6.391065782086395 82.05020779199991 -487778.50973349216 2.8325676156057713e-05 39.908437186567085 30.41238856975398 34.3975305768483 115.1716358801555 288.06660095738187 400.0 -0.056555873999594164 6.476254735571837 5.51090660971878 -0.015316609617765927 16.383832235686263 2.0231931703246808e-08 0.24327489505211278 0.12174931722231541 0.12152544026105737 5.584226538573926 0.11440508910237183 0.1288698059497409 0.1737904066444256 0.17378040664421743
1622.21 12.12595499116453 -6.434964447327086 83.42726828461272 -485543.1329967646 2.9056289031633033e-05 40.73450547369847 30.618050747616984 35.021631514615166 112.39101943780918 284.10357212864716 400.0 -0.06033323979270082 6.686938474938291 5.712873959083303 -0.014119649302191103 19.276268652631526 2.0333927001367596e-08 0.25092560227153154 0.1263288867320154 0.12459657755800357 5.817807505973915 0.11951412339480795 0.13141147887672364 0.17942357624844846 0.17941357624818427
1674.69 12.18233473463933 -6.480456245932762 84.81570674981408 -483228.95724110486 2.988328515923806e-05 41.63680919665662 30.829790350471317 35.715605739959514 109.44372429825837 279.88772567984535 400.0 -0.06430978742297898 6.904051732364721 5.921203456697103 -0.012679329441812858 22.289244800444674 2.0437753776603813e-08 0.25875479956508335 0.1310938768483348 0.12766078434152536 6.065950911059512 0.12493352134121004 0.1338212782238733 0.1851828846583965 0.18517288465795698
1728.0 12.241580882193453 -6.527578925042345 86.21683830136013 -480832.923937473 3.079960083010863e-05 42.6064203987198 31.044045936336556 36.47411513215217 106.31197790651557 275.38827960286494 400.0 -0.06849372821140289 7.12699066830286 6.132305266567627 -0.011006020749448809 25.36664608692841 2.053157259273732e-08 0.26675535337632955 0.13603427347565855 0.1307209411583655 6.325370696564134 0.1306504603591351 0.13610489301719442 0.19106877621306173 0.19105877621339337
