#Found quasiharmonic mode : None
#T(K), volume, F(eV), S(J/K), H(J/K), a(-6/K), Cp(J/mol), Cv, Cpion, Bt(GPa), T_ph-D(K), T-D(K), F_el_atom, S_el_atom, C_el_atom, M_el, Seebeck_coefficients(μV/K), Lorenz_number(WΩK^{−2}), Q_el, Q_p, Q_e, C_mu, W_p, W_e, Y_p, Y_e
0.0 12.104403336631018 -3.6873331317056284 0.0 -355773.56184969726 0.0 0.0 0.0 0.0 132.99462524164537 400.0 400.0 0.0 0.0 0.0 0.0 0.0 2.443004551768e-08 0.0 0.0 0.0 0.0 0.0 0.0 0.0 0.0
10.0 12.104404587402005 -3.687333759589947 0.014485982051745222 -355773.4775715038 3.346651878473931e-08 0.0302826193757906 0.030282521653902928 0.023017280584424555 132.99457508361522 438.7302518505664 400.0 -3.763320432784203e-07 0.0072653049129008055 0.007265338791366047 1.230394207744059e-07 0.024759074279115795 2.4430171881734202e-08 0.0002656078712153817 0.00013445762817004283 0.00012894782099064848 7.529993264627534e-08 0.000132819808638138 0.00013278806257724368 0.00018915813132887232 0.00017915815024489086
20.0 12.10445007488234 -3.6873378538388693 0.08796815567637072 -355772.2581031778 2.78913701301582e-07 0.28117325001521426 0.2811596758238798 0.26664178830169566 132.98596146900047 387.79828951386725 400.0 -1.5058432769986837e-06 0.014530898869803943 0.014531461713518613 5.049287755545205e-07 0.05214233992159945 2.4431124675116188e-08 0.0005312236907718244 0.0002672859001702347 0.0002617345370945078 1.5060800764908626e-07 0.0002656772295461538 0.0002655464612256706 0.00037324127993640095 0.00036324129885110563
30.0 12.104680386117924 -3.6873570953903823 0.35879537569886627 -355765.1101325086 1.1214258946689899e-06 1.2907150140486854 1.2903859583374702 1.2689157673531164 132.94140964115462 344.7002406107566 400.0 -3.3885188878872647e-06 0.021797657988738433 0.021799246695568833 1.1719165460320153e-06 0.08151613710992693 2.4432103583666257e-08 0.000796878698989285 0.00040014892191909463 0.0003945263114001214 2.2593334372267868e-07 0.00039859157322766846 0.0003982871257616164 0.0005573674759574937 0.0005473674948454837
40.0 12.105357567333202 -3.6874200470161043 0.9799484290980552 -355742.74996513093 2.7159776238017914e-06 3.2570940592650635 3.254522713886691 3.2280243046152166 132.8241403346129 328.4262912967808 400.0 -6.024909946761579e-06 0.029067403143315244 0.029069754649846874 2.134191095419295e-06 0.11150183964606154 2.4432369524652236e-08 0.0010626429638656662 0.0005330818098290503 0.0005273574578613746 3.0128695684634933e-07 0.0005315990329964584 0.0005310439308692079 0.0007415722948006122 0.0007315723136906701
50.0 12.106701439230449 -3.687565454764311 1.9698792838947246 -355697.48365297867 4.728205933204345e-06 5.760394830357721 5.75066761284608 5.724049979232255 132.61926339633922 322.315066109603 400.0 -9.416202225128503e-06 0.036342782763488 0.03634485112546548 3.3919829221986495e-06 0.14176172564494624 2.443174180988919e-08 0.0013286177704436293 0.0006661347722525976 0.0006602789242804933 3.766882034085009e-07 0.0006647501518715961 0.0006638676185720333 0.0009259244736744954 0.0009159244925291088
60.0 12.108797719161847 -3.6878281226578054 3.247892928723159 -355626.44764039107 6.792188136338107e-06 8.336373809268055 8.312334004835597 8.292746944536539 132.33229063050172 319.6316770951737 400.0 -1.356419594354312e-05 0.04362655311944235 0.04362686473151705 4.941895077408494e-06 0.17219339747267995 2.4430380832983304e-08 0.001594906981445843 0.0007993594474890654 0.0007933428924199877 4.521612405631403e-07 0.0007980964379843795 0.0007968105434614632 0.0011104965594187755 0.0011004965782107847
70.0 12.111616819658193 -3.68823335695771 4.7128279773890425 -355530.5224237099 8.697431991083496e-06 10.71694202537121 10.671066226860479 10.666023989883604 131.97995604418423 318.2572495176918 400.0 -1.8471119598224943e-05 0.05092104182687026 0.050918035487605866 6.77804618968605e-06 0.20263273340425283 2.442854364784837e-08 0.0018615969372219167 0.0009327988233928843 0.0009265927122738502 5.277293077835704e-07 0.000931680391612218 0.0009299165456096991 0.0012953492792097906 0.0012853492979207467
80.0 12.115091972464695 -3.688796013234011 6.280013333748497 -355412.3073931156 1.037202349553406e-05 12.799986709238151 12.725631043820469 12.741766238284939 131.57608696997195 317.44096946004237 400.0 -2.4139538373561258e-05 0.05822823031069847 0.058220470953214074 8.891394123789396e-06 0.2328344357758279 2.442646496602694e-08 0.002128759931992727 0.0010664887496791712 0.0010600648383245342 6.03414270595547e-07 0.0010655370803411728 0.001063222851651554 0.0014805334453840404 0.0014705334639908653
90.0 12.11912570232619 -3.6895241231676863 7.888704441699102 -355274.9769888331 1.1806489566948735e-05 14.57449705285008 14.466435312079547 14.508961190665385 131.13637449190077 316.8829497909345 400.0 -3.057217628408832e-05 0.06554958243880728 0.0655358621846949 1.1269893965689252e-05 0.2625372132870522 2.4424321266726546e-08 0.002396448532836197 0.00120045505776967 0.0011937860257458127 6.792336753980786e-07 0.001199691280692864 0.0011967572521433322 0.0016660858939454572 0.001656085912423226
100.0 12.123651429593664 -3.690419281437997 9.498725049142438 -355121.45752668264 1.3028879297985348e-05 16.069017928993222 15.923268758857683 15.996151996902462 130.66675806064382 316.4502362771542 400.0 -3.7772052283720895e-05 0.07288657176007007 0.0728659320907605 1.3897592446093395e-05 0.2914805529783226 2.442222903868832e-08 0.0026647153132032045 0.0013347232839554417 0.0013277833239062299 7.552053953074214e-07 0.0013341672239427955 0.0013305480892604085 0.0018520431853589982 0.0018420432036930813
110.0 12.1285859050745 -3.691480887661797 11.084848861714413 -354954.4260858923 1.4067592473313226e-05 17.32405264994857 17.13777038749215 17.243840749746827 130.17742631466356 316.0806558759938 400.0 -4.5742208021332815e-05 0.08024019845911626 0.08021190020174429 1.6756319738291433e-05 0.3194606241492549 2.442025328434121e-08 0.0029335955187481753 0.0014693101734566333 0.0014620752511237713 8.313420826352683e-07 0.001468980158940019 0.0014646153598081566 0.002038429655326801 0.002028429673492041
120.0 12.133870569697578 -3.6927056806915886 12.632078760816626 -354776.0845716406 1.4956135314653744e-05 18.38017222683787 18.151262877538223 18.292597301343147 129.67335381946478 315.7427063927255 400.0 -5.448588201052346e-05 0.08761146212314708 0.0875749254947244 1.9825189172878995e-05 0.34631348254910416 2.441841901788327e-08 0.0032031245600626455 0.0016042323582269283 0.001596680598207864 9.076557581667721e-07 0.0016041450532121978 0.0015989795068504478 0.002225269615187926 0.0022152696331626132
130.0 12.139456906477774 -3.6940892207430807 14.132120560024154 -354588.249671505 1.572023851649789e-05 19.273169332136725 19.000160585436436 19.178213347035197 129.15828721530366 315.4198828232522 400.0 -6.40064430489204e-05 0.09500125703606184 0.09495598510152825 2.3081453670589246e-05 0.371923196943855 2.4416721469690258e-08 0.0034733343182092183 0.0017395045945647705 0.0017316165002558678 9.84156554186549e-07 0.0017396748741694316 0.0017336594440397872 0.0024125848570349276 0.0024025848748002064
140.0 12.14530966045526 -3.695626265729345 15.580995782391438 -354392.38823075645 1.6385028561428216e-05 20.033158569453843 19.71489985039131 19.930802600241247 128.6340268468155 315.1030473975527 400.0 -7.430744174479312e-05 0.10241047405097076 0.10235596921259738 2.6500691353916228e-05 0.39621273335522084 2.4415134654651575e-08 0.0037442569446820206 0.0018751416836375716 0.001866900314987345 1.0608536981926401e-06 0.0018755825288501546 0.0018686744158318662 0.0026003973422424145 0.0025903973597319655
150.0 12.151388556992327 -3.6973118021397937 16.97741204667048 -354189.7453736532 1.6967071606053893e-05 20.68458118675181 20.320256328227217 20.574805791576395 128.10451613771662 314.7876125089449 400.0 -8.539239465356242e-05 0.10983971704320869 0.10977539517541572 3.005854923799498e-05 0.4191580061606195 2.4413617707310207e-08 0.004015914540252123 0.002011153441873671 0.00200254433644476 1.1377525503569064e-06 0.002011875940389964 0.0020040385998621596 0.0027887220925455697 0.002778722109833617
160.0 12.157672351725399 -3.6991402539034226 18.321786552757576 -353981.29010789166 1.7482370871519814e-05 21.24725599226805 20.83618776815444 21.130041131975368 127.57025365108798 314.4705690151921 400.0 -9.726508815955635e-05 0.1172897530216522 0.11721486029268516 3.372933679845823e-05 0.44075364171972037 2.4412120218721426e-08 0.004288335616931547 0.0021475528315488533 0.0021385641191567265 1.2148592962187723e-06 0.002148566107242564 0.0021397695096889834 0.0029775786328916547 0.0029675786499108927
170.0 12.16413543111277 -3.701106481141224 19.615520898848054 -353767.84949159133 1.794239876001771e-05 21.737033360819005 21.278678030556478 21.612358717847606 127.03333431158258 314.1505453308398 400.0 -0.0001099292729200371 0.12476111093663896 0.12467464297139953 3.7488217513262296e-05 0.46103426591620816 2.4410585532956214e-08 0.0045615404370783885 0.0022843487866278825 0.0022749709982319713 1.2921768137344724e-06 0.00228566006187779 0.0022758803752006003 0.003166980857433037 0.0031569808741698604
180.0 12.17076449540714 -3.7032052154516037 20.860613523786316 -353550.0746870826 1.835816958399561e-05 22.166732093492822 21.660543988261058 22.034577028601248 126.49384825414624 313.82647444390216 400.0 -0.00012338894096045085 0.13225443953616414 0.1321550648915735 4.1309807079987735e-05 0.4800463635062956 2.4408953512178518e-08 0.004835554081408391 0.002421552652784583 0.002411778712206294 1.3697084266183813e-06 0.002423167229063774 0.002412386852344617 0.0033569461048649886 0.003346946121297388
190.0 12.177536282017012 -3.705431862943186 22.059326054296736 -353328.5519937873 1.8734988069703364e-05 22.5464741520575 21.992070286352785 22.40681814456647 125.95428970435532 313.49829963123057 400.0 -0.0001376478804466236 0.13977001833089797 0.13965600749103413 4.5171207260386674e-05 0.497876430378737 2.4407162524967757e-08 0.005110388556335775 0.002559169436244832 0.0025489942683487683 1.4474528944273897e-06 0.002561090873561036 0.0025492976827747376 0.0035474827749454657 0.0035374827910563495
200.0 12.184446844521833 -3.7077814944239265 23.214088146109102 -353103.7112886607 1.908135071652965e-05 22.884670374825113 22.281566157447756 22.737492744287074 125.4136802440043 313.16542043498526 400.0 -0.00015271032560493382 0.1473084726975394 0.1471776305380384 4.904811858137387e-05 0.5145998230641694 2.440515069158882e-08 0.005386068916343702 0.002697210618998381 0.0026866312405974977 1.5254118587598284e-06 0.002699440663013048 0.002686628253330655 0.0037386084391339337 0.0037286084549067525
210.0 12.191482649971729 -3.7102498183799923 24.32731046840567 -352875.95077619806 1.9400776467101438e-05 23.187950655974962 22.535756905833473 23.03323096704243 124.87318174528947 312.82791015457803 400.0 -0.00016858029855081324 0.15487008231339727 0.15471968893253288 5.291915789519092e-05 0.5303231539042913 2.4402857375850347e-08 0.005662607955333152 0.0028356817744378793 0.002824696854277229 1.6035827644229197e-06 0.0028382205703602697 0.0028243873849728824 0.0039303323115076495 0.003920332326922621
220.0 12.198633335524152 -3.7128327311613134 25.401352741496684 -352645.6015689767 1.969803041959806e-05 23.461839292550955 22.76012369233947 23.299557444502625 124.33352709541478 312.48585109790116 400.0 -0.00018526187537648057 0.16245508978538603 0.16228184804833087 5.6764315272094415e-05 0.5451607258816281 2.440022416188938e-08 0.005940017458369775 0.0029745880927423926 0.0029631977084395742 1.6819621274954458e-06 0.0029774343009031303 0.0029625831574666443 0.0041226630492186165 0.004112663064263713
230.0 12.20589703153238 -3.7155261502089445 26.438500842682515 -352412.9194096381 1.9976915211492248e-05 23.71086780423 22.959162114337783 23.541003924407267 123.79412518104486 312.1390365415693 400.0 -0.0002027594095113445 0.17006389271274042 0.1698638798227299 6.056358963163768e-05 0.5592195144529415 2.439719513367953e-08 0.006218315204695447 0.0031139378029506276 0.003102143354972189 1.7605475673032227e-06 0.0031170886186932508 0.003101226586002196 0.004315613607915949 0.0043056136225716754
240.0 12.213264363550984 -3.7183264984775803 27.440900160361814 -352178.1510977192 2.0239904111608046e-05 23.938730914960804 23.136570861980715 23.76126571325131 123.2559002249892 311.78768271393136 400.0 -0.0002210769824389388 0.1776965676701775 0.1774652017094942 6.430059713361369e-05 0.5726277374665354 2.439371862481736e-08 0.006497507505396987 0.0032537336514542052 0.0032415373629722404 1.8393330302138674e-06 0.003257185076807279 0.0032403224285897083 0.0045091891408169825 0.004499189155066458
250.0 12.220727466955564 -3.721230374981374 28.4105715806695 -351941.5057299427 2.048887943077546e-05 24.148476823157328 23.29541486098052 23.963391682825637 122.7195302411353 311.43198883397054 400.0 -0.0002402186551272466 0.185353126617895 0.18508514033169285 6.796098679650556e-05 0.5855158194972595 2.438974753493895e-08 0.006777598540408246 0.0033939774717880143 0.0033813820830250977 1.9183115219906564e-06 0.0033977244798529356 0.0033798740605553096 0.004703393465948014 0.004693393479776861
260.0 12.228292143148874 -3.7242342093799152 29.34944557830809 -351703.1187343266 2.0726969834107968e-05 24.342771496375132 23.43825411197021 24.150048112448076 122.18354513586034 311.07155254589924 400.0 -0.00026018907292141557 0.1930339750390717 0.1927233839270555 7.15285132195463e-05 0.5979863312964597 2.4385237802745356e-08 0.007058607126781775 0.003534678347295631 0.003521687248671415 1.9974797952056084e-06 0.0035387147657374076 0.0035198923610443677 0.004898240688792302 0.004888240702184856
270.0 12.235933666511698 -3.7273355221018534 30.259233813461087 -351463.21264303644 2.0953053665571042e-05 24.5235439045082 23.567216697155803 24.323165456255484 121.65152878100194 310.70742895316005 400.0 -0.00028099133250917484 0.2007383195053753 0.20037844825271817 7.499885925079469e-05 0.6102111090544077 2.4380155484515532e-08 0.007340508246452312 0.0036758241440610685 0.003662439986095701 2.076822458155711e-06 0.0036801435257135754 0.0036603647207387366 0.005093714656426826 0.005083714669368428
280.0 12.243668845363263 -3.730530839212392 31.141647861817905 -351221.84560400096 2.1171500579340028e-05 24.69286382870291 23.68411351422548 24.484813587894813 121.12042436208792 310.33874682315565 400.0 -0.0003026305185217115 0.20846680861405467 0.20805024080809834 7.83566525077741e-05 0.6222671110821478 2.43744654754965e-08 0.007623329914229914 0.00381742866054752 0.0038036545081708887 2.156338537928633e-06 0.003822023510951682 0.003801306403278232 0.005289836116188872 0.0052798361286627475
290.0 12.251487266026638 -3.733817628550952 31.998201632862923 -350979.15549271915 2.1382084445051137e-05 24.852152306452982 23.790463470817805 24.63641468488334 120.5915693593699 309.9659263564412 400.0 -0.000325110257467063 0.21621900105145295 0.2157376215696418 8.159776013480971e-05 0.6342910922840528 2.4368142956463413e-08 0.007907060204033218 0.003959486375940732 0.003945324415546152 2.236016213154847e-06 0.003964348976068313 0.003942711227964905 0.005486598240504439 0.005476598252495432
300.0 12.25938462920275 -3.7371933595142792 32.83031756658036 -350735.2472194197 2.158565428132067e-05 25.002705541250833 23.887559889799753 24.779265945366234 120.06538659971888 309.5891131346197 400.0 -0.0003484343442665846 0.22399458972902078 0.22343959588459883 8.471865029230026e-05 0.6464031407368541 2.436116811160133e-08 0.008191692121057323 0.004101994288369094 0.004087445719338516 2.3158451716358346e-06 0.004107116756637556 0.004084575364419769 0.005683997729626666 0.0056739977411249835
310.0 12.267366789697196 -3.740655364455556 33.639346975500416 -350490.17762354884 2.1783999554598794e-05 25.145734875062242 23.976510665128703 24.91457934993675 119.54078516004365 309.2079822668992 400.0 -0.00037260714005669753 0.23179362503311013 0.231155525125492 8.77137975550847e-05 0.6586946100450952 2.435352392792363e-08 0.008477231813652798 0.004244955883427447 0.0042300210830615356 2.39581879201599e-06 0.004250330046298046 0.004226901767354751 0.005882040509575417 0.005872040520565919
320.0 12.275417805838002 -3.7442016982405164 34.42648030168986 -350244.0706824635 2.1976170034820365e-05 25.282036850708476 24.05825709107324 25.043153018453356 119.01989968446387 308.8232449033175 400.0 -0.000397631347324609 0.23961513121318703 0.23888383225512072 9.058977334020793e-05 0.6713057781499466 2.434520561325922e-08 0.008763647558687615 0.00438835636945631 0.004373033583647022 2.475920738343788e-06 0.004393974655495422 0.004369672903192194 0.006080706304952685 0.00607070631542269
330.0 12.283548144452421 -3.7478298732775954 35.19290112067114 -349996.95268262486 2.2164129533802897e-05 25.41257349982824 24.133619047152308 25.165949511934265 118.50114179378843 308.43436978465303 400.0 -0.000423511382913877 0.2474592158341215 0.24662398789397494 9.334364773218435e-05 0.6843068998649734 2.433620558892605e-08 0.009050947446981572 0.004532200370607496 0.004516486687296961 2.5561455291309495e-06 0.0045380551336725895 0.004512892313308982 0.006280002562512344 0.006270002572453626
340.0 12.291748035906194 -3.751537997653571 35.93965062154604 -349748.90845307894 2.2347654908797662e-05 25.537983937989473 24.203297840313752 25.28360935601237 117.98566534239524 308.04178696783174 400.0 -0.0004502499766915141 0.25532500242814077 0.2543745819771013 9.598445245060954e-05 0.6978128023262115 2.4326528320156264e-08 0.009339103129792076 0.0046764749250599895 0.00466036501372841 2.6364785674309415e-06 0.004682559329028546 0.0046565438007635275 0.006479911486126579 0.006469911495523123
350.0 12.300029238619004 -3.755323819846872 36.6677620812885 -349499.9492476215 2.252835219518004e-05 25.659015889725957 24.267908875333344 25.396880777235797 117.47192524464049 307.64490856710347 400.0 -0.0004778514513449615 0.26321255754535683 0.26213511249016025 9.851245387588152e-05 0.7118791379564972 2.4316174672890805e-08 0.009628120924004932 0.00482118395420711 0.004804670957893366 2.716914664321021e-06 0.0048274913445108 0.0048006295794941305 0.006680439427161721 0.006670439436004946
360.0 12.308379075216852 -3.7591857264738877 37.37812522950272 -349250.15823697555 2.2705420610507392e-05 25.77608032919421 24.32797998482098 25.50617634547862 116.96145924906183 307.244309143317 400.0 -0.0005063178313339796 0.27112070656185977 0.26990398371559005 0.00010094326262841355 0.7266166479361428 2.4305160255533885e-08 0.0099179610544035 0.004966309117701565 0.0049493830929002855 2.797437311263527e-06 0.004972834154759983 0.004945126899643515 0.006881560734799671 0.006871560743080119
370.0 12.316786418566652 -3.7631221618048585 38.07157143908906 -348999.61015741125 2.287828147563012e-05 25.889537667261735 24.38397277785785 25.611858043294816 116.45553476861572 306.84049474091495 400.0 -0.0005356508359408345 0.2790482313790885 0.27767962396691703 0.00010329503112958997 0.7421258167420756 2.429350577576632e-08 0.010208581806894856 0.0051118312134653485 0.0050944789142877865 2.878030255214818e-06 0.005118570070878835 0.00509001173601602 0.007083248406881465 0.007073248414590208
380.0 12.32528908911217 -3.7671306095339787 38.74902664209045 -348748.21787630965 2.3051142835681993e-05 26.00027597587688 24.436305923549657 25.714813280059232 115.94963509583897 306.43163788114725 400.0 -0.0005658568744652915 0.28699635904210236 0.28546269581764894 0.0001055584396047916 0.7583814914282151 2.428121063691753e-08 0.010500031917294282 0.005257774885516851 0.005239982505136857 2.9587003800716533e-06 0.0052647232430964004 0.005235308674197883 0.0072855384319740445 0.007275538439100564
390.0 12.333842696558387 -3.771210367184409 39.41110790490086 -348496.1526892635 2.3219749737603878e-05 26.108110386793282 24.48532428818856 25.81486030486273 115.44889631935798 306.01983411546075 400.0 -0.000596933788318369 0.2949620264928318 0.2932500819305546 0.00010777643415767573 0.7755538223159008 2.4268320556716327e-08 0.01079220067271196 0.005404087632917236 0.005385835672567798 3.0394154421533053e-06 0.005411244519674094 0.005380956153037868 0.007488355771865199 0.007478355778404376
400.0 12.342467450872014 -3.7753594729914113 40.05858442572404 -348243.3788536749 2.3386543456903675e-05 26.213636635747175 24.53134949714341 25.912595008837094 114.95097407065808 305.604097529155 400.0 -0.0006288856885044522 0.3029454281372897 0.3010416269100804 0.00010995474310562304 0.7936496246134943 2.4254851024980964e-08 0.011085097917222151 0.0055507753598801075 0.0055320423540175 3.1201738682575567e-06 0.005558140429856708 0.005526957487365444 0.007691709317911576 0.0076817093238565285
410.0 12.351162270383671 -3.7795764914930388 40.69211410413354 -347989.9262719554 2.3551503827706167e-05 26.317113374891505 24.574660259870836 26.00827718048851 114.4560407112897 305.1844586498207 400.0 -0.0006617142202565345 0.31094559573839753 0.3088361944029964 0.0001121143008408519 0.8127224818356527 2.4240831812301566e-08 0.011378690027441704 0.005697822961123332 0.005678584036299299 3.2009639351078113e-06 0.005705397615186876 0.005673292412254828 0.007895577659947214 0.007885577665289627
420.0 12.359921587400077 -3.7838600981851513 41.31229917608382 -347735.8326150549 2.3714706268095853e-05 26.41878577811664 24.615502552567868 26.10215334427882 113.9646144048564 304.76116440877126 400.0 -0.0006954201187949969 0.3189612424386986 0.3166324338378195 0.00011428148110283253 0.8328308320805186 2.422629874173285e-08 0.011672931143345874 0.005845209436401423 0.005825435866156227 3.2817717079454036e-06 0.0058529972267945185 0.005819933916551357 0.008099930793206226 0.008089930797939642
430.0 12.368748468398932 -3.7882088976038517 41.91973060482074 -347481.1094651738 2.3875949778010848e-05 26.518820691165793 24.654097098808833 26.19439128868136 113.47639411030431 304.3340481244692 400.0 -0.0007300047665999963 0.32699148134415235 0.324429402484433 0.00011647902317964132 0.8540081714943353 2.4211285102568562e-08 0.011967789937213279 0.005992920836422234 0.005972580469060541 3.3625874792457486e-06 0.0060009272032271075 0.005966862733986168 0.008304748786653587 0.008294748790777861
440.0 12.377641437155422 -3.792621640755044 42.51494969554698 -347225.7807477091 2.4035781693153945e-05 26.617483221204008 24.69063950619919 26.28525727328366 112.99155958957034 303.9031614748997 400.0 -0.0007654686153794103 0.33503511025109295 0.3322259479203531 0.00011873496101169452 0.8762937686354587 2.41958296512172e-08 0.01226322294636673 0.006140937350759063 0.006119994198315828 3.443399376454514e-06 0.006149170013399841 0.006114052932966888 0.008510003157589721 0.008500003161099778
450.0 12.386597756453392 -3.7970971334814507 43.09846101380315 -346969.87055964634 2.4194101201051543e-05 26.71492074842257 24.72530421838242 26.374899883255708 112.51033933583756 303.4686176495214 400.0 -0.0008018115111873393 0.3430907863183277 0.3400208651668633 0.00012108048466253172 0.8997248166273398 2.4179974584338404e-08 0.0125591810412849 0.0062892364301179345 0.006267650479792717 3.5241949885588966e-06 0.006297705620483325 0.006261475420801574 0.008715661358778201 0.008705661361670525
460.0 12.395627263394216 -3.801634053175576 43.670778528314436 -346713.36609632254 2.435157129395442e-05 26.811375334794967 24.758250116109455 26.46356178785547 112.03190132134159 303.0299226467753 400.0 -0.0008390345825795585 0.3511578063055014 0.3478135469394988 0.00012353969519599624 0.9243088900392131 2.416375532443048e-08 0.012855638647478341 0.006437806927155844 0.006415534888849074 3.604968095280052e-06 0.006446524869111087 0.006409113778367251 0.008921707222447764 0.008911707224724508
470.0 12.404709992947978 -3.8062315653218093 44.23229399892714 -346456.3385262065 2.4507088841345682e-05 26.906813383509988 24.78961351764012 26.55121137962812 111.55794929906816 302.58802312811383 400.0 -0.0008771343651361166 0.3592337213525645 0.35560200388186364 0.00012616083533969216 0.9501094234543853 2.414723109319521e-08 0.013152504348591132 0.006586605807942507 0.006563599054637808 3.685698178519833e-06 0.0065955884889297685 0.006556915859661361 0.00912807834722085 0.009118078348879424
480.0 12.413863051138364 -3.810888344349266 44.783490293123556 -346198.7522360766 2.466156670305778e-05 27.00148290585735 24.819524539493017 26.63809691617872 111.08707569641898 302.14207332640325 400.0 -0.000916112070488683 0.36731810407242005 0.3633859896786329 0.00012896685498089438 0.9771129042465214 2.4130436057057243e-08 0.013449762078443242 0.006735626509377025 0.006711833474856314 3.766382763333213e-06 0.0067448918210364665 0.0067048702574067755 0.00933476496393162 0.009324764964974058
490.0 12.423078540109621 -3.815603468016576 45.32474707612592 -345940.6417825014 2.4814920177828675e-05 27.0954828691454 24.848095468164185 26.724318759869963 110.61994903385391 301.6924372233694 400.0 -0.000955964877739632 0.37540905061264424 0.3711641092754368 0.00013200135985058355 1.0053515836012072 2.4113424679381898e-08 0.01374733995021505 0.006884835418350124 0.0068601998841194365 3.847007491586497e-06 0.0068944046692731 0.006852935280941949 0.009541718036485845 0.009531718036912797
500.0 12.432355326419179 -3.8203759331202463 45.862832251125674 -345678.8246047991 2.4967019441545972e-05 27.18898096361793 24.87552745031198 26.81004565779685 110.15660637724356 301.20553397984384 400.0 -0.0009966903684135518 0.3835049761202038 0.37893530582108176 0.0001353050012923718 1.0348410483043622 2.409624829012825e-08 0.014045177565841817 0.007034204458792608 0.0070086659668980355 3.927561509662083e-06 0.0070441021527210875 0.007001075413120728 0.009748896393324451 0.009738896393140975
510.0 12.441702375244278 -3.825204701159848 46.40365251293355 -345410.2832367972 2.5118559161035917e-05 27.282252132182105 24.901985385482664 26.895552990806095 109.69650360317155 300.6518796245032 400.0 -0.0010382875357828147 0.39160495546904356 0.38669914137601274 0.0001389113128742496 1.0655696916956514 2.4078951512904755e-08 0.014343238779293232 0.007183717302730588 0.007157211908069192 4.0080403731753445e-06 0.007193970626334012 0.007149268152959224 0.009956275621755753 0.00994627562096629
520.0 12.451109375951834 -3.8300889444685353 46.93573890055387 -345140.8196278989 2.5268841919546655e-05 27.375065893755544 24.9273646932271 26.9806113132512 109.24030908105017 300.093905308163 400.0 -0.001080752599137147 0.39970719135035016 0.3944545805043468 0.000142867022372424 1.0975409940413547 2.4061593843793093e-08 0.01464145390964717 0.007333341328315794 0.007305800655062499 4.0884334595199605e-06 0.007343981134904758 0.00729747277474241 0.010163807365480884 0.01015380736409042
530.0 12.460582317344713 -3.8350277492348184 47.45944560402661 -344870.41990420345 2.5418347820904558e-05 27.467580643220696 24.951745150963166 27.06537926753523 108.78774715939669 299.5312122103095 400.0 -0.001124083927490495 0.4078107922750094 0.40220137568546455 0.0001472076313864495 1.1307284224070229 2.404422258525762e-08 0.014939786970487463 0.007483060198192523 0.007454412561044538 4.168738301493647e-06 0.0074941201865716366 0.007445666783915826 0.01037146671306274 0.010361466711080906
540.0 12.470112322500814 -3.840020319966264 47.97503367411357 -344599.1177354724 2.5566495066737085e-05 27.559752460888816 24.975196486284386 27.1498137698362 108.33929788172595 298.96428308533933 400.0 -0.0011682771697007347 0.4159140392770897 0.40993869105261355 0.00015198020818679486 1.1651234535082151 2.4026896621953275e-08 0.015238170307532573 0.007632842128119329 0.00760301176189384 4.248946345965173e-06 0.007644359684408445 0.007593810623124129 0.010579206206783254 0.010569206204218265
550.0 12.479714060649977 -3.845065719224273 48.48286945439826 -344326.8647426616 2.5714204495578282e-05 27.651811580576425 24.99778666578194 27.234144853149264 107.89419341538397 298.39220497314045 400.0 -0.001213331287063716 0.42401646419539823 0.4176667274271631 0.00015721613320410612 1.2006848808659998 2.400965717308558e-08 0.01553658313827293 0.007782678048909304 0.007751586544847072 4.32905976852923e-06 0.007794693099993391 0.0077418900382795405 0.010787011179317416 0.010777011176181342
560.0 12.489368944418546 -3.8501633165594527 48.98313369494847 -344053.73144530837 2.586055931987251e-05 27.74364081831005 25.019571721993575 27.31825646022549 107.45344852508866 297.81604139499234 400.0 -0.0012592395432328256 0.4321158116012872 0.42538435808455644 0.00016297056799823573 1.237410082598805 2.3992570444414176e-08 0.015834936660221142 0.007932525736184403 0.00790009033990343 4.4090670091859186e-06 0.007945082474993925 0.007889854185227217 0.010994818719588819 0.010984818715895149
570.0 12.499084238248837 -3.855312253947588 49.476126286669306 -343779.69126503734 2.600581822833022e-05 27.835330832808598 25.04060750449356 27.40223925663861 107.01664024432166 297.23532362172165 400.0 -0.0013059988848882975 0.4402111923125331 0.433091576169987 0.00016928148580803916 1.2752631729913313 2.3975683156837074e-08 0.016133193351391985 0.008082367830729593 0.00804850298666531 4.488968096821506e-06 0.00809551345912452 0.008037679892267467 0.01120260181791182 0.011192601813674805
580.0 12.508824454331586 -3.8605120632458494 49.961914335312066 -343504.87826106127 2.61479048949504e-05 27.92649951781025 25.060937988618576 27.485712744168318 106.58547905953951 296.6521305867089 400.0 -0.0013535990117672161 0.4482995515012207 0.4407867736419283 0.00017621404173464314 1.3142462526024539 2.395907174195868e-08 0.016431233198197386 0.008232146648922014 0.00819676216582432 4.568746490612801e-06 0.00824593333138679 0.008185299866810597 0.011410274855312603 0.01140027485055459
590.0 12.518716487219743 -3.8657612618905617 50.441388425397946 -343228.8400791564 2.6294482242883145e-05 28.018768740413986 25.080630063422838 27.570294209956632 106.1543548756773 296.058834415604 400.0 -0.0014020550658559977 0.45638586629493666 0.44847453045735625 0.00018373673293494986 1.3542247525770843 2.3942701629272548e-08 0.01672924044594469 0.008381953025932188 0.008344961268549141 4.648449691196062e-06 0.008396430927223319 0.008332809518721373 0.011617967225622016 0.011607967220358173
600.0 12.528586523468814 -3.8710598215805305 50.91388049864404 -342952.16424239904 2.643550731849704e-05 28.110066311571078 25.099697163500103 27.653918156537454 105.72987459300462 295.4658013327616 400.0 -0.00145133385205225 0.4644602695777643 0.4561481550336224 0.0001919972619101025 1.395309709443149 2.3926741937731134e-08 0.017026835880199955 0.00853160247436704 0.008492905603325319 4.728008546305988e-06 0.00854683263325188 0.00848000324694807 0.011825409271469994 0.011815409265722648
610.0 12.538568414405981 -3.8764071371477087 51.38029511962204 -342674.45003706566 2.6578134924270343e-05 28.201984055884164 25.118199599455604 27.738171605622263 105.30859310104259 294.86497048936246 400.0 -0.001501450546519882 0.4725278927640875 0.463812450261905 0.00020096562095710575 1.4373728888886987 2.391115655765884e-08 0.01732420891065647 0.008681188363031504 0.008640691192516562 4.807472868330045e-06 0.008697229929896315 0.00862697898076015 0.012032733565965677 0.012022733559758242
620.0 12.548749936546239 -3.881801487608893 51.84128997687036 -342395.3059701945 2.6727348512043884e-05 28.295658163171165 25.136185260768844 27.824188009691984 104.88594977023429 294.25099577239746 400.0 -0.0015524117534914087 0.4805910666071069 0.4714701534791838 0.00021065377516419197 1.4803589081443302 2.3895952396261477e-08 0.01762144234367707 0.008830752390152918 0.008788359138562593 4.886871106562027e-06 0.008847665706825145 0.008773776636851924 0.01223999716283687 0.012229997156188279
630.0 12.558701178366746 -3.88724458316565 52.294848180275864 -342116.3302848349 2.6860022731576204e-05 28.385954862318652 25.153623928322215 27.90684819082134 104.47788648418704 293.6497538061114 400.0 -0.0016041447915081308 0.4886293781207281 0.47910667149731606 0.00022130657859941098 1.5244360421579009 2.388142331450923e-08 0.01791775543098196 0.00897991168351961 0.008935511628901625 4.966052277073172e-06 0.008997774605679349 0.008919980825302608 0.012446644193251264 0.012436644186201
640.0 12.56891647627399 -3.8927334038869645 52.74370210674225 -341835.7059803369 2.7002455870335052e-05 28.47880707821045 25.17061831206973 27.992068433819295 104.06687813954245 293.0313978286227 400.0 -0.0016567173483386028 0.4966631957308571 0.4867386443911562 0.00023274940807731942 1.5693575870370589 2.38673456495542e-08 0.018213914702256515 0.009129043665740353 0.009082537708905637 5.045188766225247e-06 0.009147922087175143 0.009065992615081371 0.012653215955802053 0.012643215948373365
650.0 12.579032422096903 -3.8982689831081387 53.18616000768106 -341554.77352329076 2.713573895662925e-05 28.569890486589866 25.187145313284816 28.075536171770302 103.66495718007069 292.41785272802184 400.0 -0.0017100674852894102 0.5046757961888024 0.4943543148195628 0.000245176343769228 1.6152183347272753 2.385395622917442e-08 0.018509279090142893 0.00927783320452812 0.009229111492137254 5.124158924999364e-06 0.009297806793341657 0.009211472296801235 0.012859254863604714 0.01284925485583952
660.0 12.589314005951167 -3.9038497496372884 53.62375742805145 -341272.55973781866 2.7273334001306357e-05 28.662382978120952 25.20326749757505 28.160420834442835 103.26405747564876 291.79303927985154 400.0 -0.001764225262547061 0.5126765978673331 0.501962143678116 0.0002585408121153825 1.6619225411771699 2.3841179180146625e-08 0.018804198474847975 0.009426453623039692 0.009375409511529903 5.203050483254756e-06 0.00944759919851395 0.009356599276334029 0.013065006211035169 0.013055006202961513
670.0 12.599667885227767 -3.9094754808997436 54.056177668958156 -340989.4011514065 2.7410682715613555e-05 28.755250432726463 25.21899612347303 28.245691171280395 102.8670942595377 291.16256443731834 400.0 -0.0018191677922193236 0.5206602874404229 0.5095592614460679 0.0002729291451143152 1.7094723936843192 2.3829111890006648e-08 0.019098463798325364 0.00957480242247109 0.009521325223803381 5.281833826908528e-06 0.009597203067464938 0.009501260730860425 0.013270318247773376 0.013260318239424128
680.0 12.610057256839573 -3.9151457392303683 54.48338815463445 -340705.4330026936 2.754572117044669e-05 28.847991965365193 25.23434916241728 28.330847169737837 102.47490976572765 290.5286319836491 400.0 -0.0018748806312604296 0.5286241402262979 0.5171447956273583 0.00028839948322239623 1.7578421000898317 2.3817816961714352e-08 0.019391964072288482 0.009722825147447111 0.009666802103793384 5.360500013873417e-06 0.009746568191746198 0.009645395880542288 0.013475108505870503 0.013465108497294322
690.0 12.620604433868094 -3.92085976501145 54.90616859614628 -340420.200291734 2.7684104418376755e-05 28.942086251248153 25.24936237296062 28.417363985910907 102.08530248741499 289.8837345097261 400.0 -0.001931368624716139 0.5365707137528313 0.5247222653372454 0.00030498793966848435 1.8070220342587726 2.380731227792195e-08 0.019684786874942368 0.009870566454542503 0.009811883072051369 5.439085629399991e-06 0.009895742222069539 0.009789044652872829 0.013679434932222111 0.013669434923457704
700.0 12.631011782963478 -3.9266176434509745 55.32313137746007 -340134.81547239696 2.7812684025229983e-05 29.034100753556018 25.26402024212284 28.501816659799847 101.70334311431223 289.2460357652411 400.0 -0.001988585825864037 0.5444892638392648 0.5322840937561708 0.00032277112017699966 1.8569358059621144 2.37977147112368e-08 0.019976519673077196 0.010017820381657765 0.00995636157547149 5.517512197437239e-06 0.010044524065627395 0.009931995607449803 0.01388300087716564 0.013873000868263315
710.0 12.641569791327312 -3.9324183786759193 55.73590940207193 -339848.1976258669 2.7943979973991007e-05 29.127328976782906 25.27837542652734 28.587490731505312 101.32424585721375 288.5977367596716 400.0 -0.0020465555864949796 0.5523874828402131 0.5398382452775925 0.0003417753535181129 1.907610966162599 2.3789006365022113e-08 0.020267442033251645 0.010164727876374248 0.010100376225724735 5.595862405576071e-06 0.010193057342597152 0.010074384690654487 0.014085999544590442 0.014075999535597255
720.0 12.652248637594102 -3.9382615884810264 56.144481451053466 -339560.4506952721 2.8076919419977093e-05 29.221540312160954 25.29244085591129 28.6741562446522 100.94864287604551 287.94059861218824 400.0 -0.002105261020759483 0.5602625538777054 0.5473840675087559 0.0003620689517073648 1.9590370428102404 2.378125479251929e-08 0.02055743753385933 0.010311231858668547 0.010243867690793048 5.67412960443379e-06 0.010341289907337672 0.010216147626521663 0.014288343026152624 0.014278343017120497
730.0 12.662871629496614 -3.944146791486272 56.54806597255301 -339272.22494662163 2.820391668337968e-05 29.314627088430598 25.306213536984924 28.75970924309721 100.57851043108074 287.2854583352417 400.0 -0.0021646731833069336 0.5681087134005948 0.5549178453333894 0.0003836834285150829 2.011118643379343 2.3774515170515938e-08 0.020846282311847483 0.010457219348793616 0.010386725092624798 5.752275308699947e-06 0.01048911048677232 0.010357171825075163 0.014489868050180824 0.014479868041164027
740.0 12.673642679739576 -3.9500737027860424 56.94783358915251 -338982.7762558166 2.8333398077431805e-05 29.408982046005708 25.31973016017579 28.846537425014777 100.21204986368204 286.6197171558547 400.0 -0.0022247974478427452 0.5759292719734116 0.5624446209909306 0.00040670388733069494 2.0639310072521972 2.3768833735355398e-08 0.021134086849261904 0.010602748320675657 0.010529000946593845 5.8303519760709165e-06 0.010636583852637002 0.010497502996624906 0.014690645885692313 0.01468064587675207
750.0 12.684431588239317 -3.956041722828445 57.34323218714121 -338692.5753673236 2.8460158848236385e-05 29.503116264396866 25.33299122746927 28.933154301254667 99.85015695500478 285.9513678296513 400.0 -0.0022856093366030207 0.5837199114934872 0.5699619631422013 0.00043115884104923065 2.117390805560978 2.3764254339706645e-08 0.021420681048986298 0.010747732662986034 0.010670611270406957 5.908334434082156e-06 0.010783625444140731 0.010637055604845567 0.014890550699390754 0.014880550690585111
760.0 12.695331021574718 -3.96205066689512 57.734850653278855 -338401.2879751512 2.858753720739032e-05 29.598045305335138 25.346019108429545 29.020573086660395 99.49274483691897 285.27463255798375 400.0 -0.002347100538038774 0.5914807288081969 0.5774722186747414 0.0004571359003838941 2.171543037884598 2.3760840560028008e-08 0.021706054470472875 0.010892169253124737 0.010811548756313735 5.9862471767622776e-06 0.010930238743179181 0.010775815727293688 0.015089567408933973 0.015079567400326187
770.0 12.706244734363416 -3.968099873349587 58.12230294942382 -338109.2608944085 2.871209107663849e-05 29.692718217793225 25.358816955291086 29.107744197689204 99.13979439253568 284.5954419088008 400.0 -0.0024092508304865614 0.5992087619865559 0.5849740201040201 0.00048465233183914304 2.226305569576194 2.37586193062827e-08 0.021990088272712024 0.0110359972645079 0.010951755390344502 6.064076050988333e-06 0.011076363658568152 0.010913724614143874 0.015287606161303539 0.015277606152960574
780.0 12.71718796318149 -3.974188938372201 58.50577182413304 -337816.4376036483 2.883455176242456e-05 29.787343079127446 25.37139822144303 29.194874783031423 98.79116971172641 283.9128244717539 400.0 -0.0024720468493798966 0.6069030096756604 0.5924682960960223 0.000513762693130217 2.2816695091782573 2.3757634033212714e-08 0.0222727334809455 0.011179192639503273 0.011091206260771107 6.1418307844444815e-06 0.011221979962291647 0.011050753518653847 0.01548462506048579 0.015474625052478218
790.0 12.728258612600424 -3.980317819033969 58.8858600791627 -337522.45725010807 2.895788742496121e-05 29.88290162208477 25.38378260047816 29.282944378251997 98.44739699367342 283.2206279238818 400.0 -0.0025354741926123226 0.6145626450483381 0.5999572438327735 0.0005445892897869408 2.337714136462001 2.3757976745240057e-08 0.02255394106540662 0.011321733931846423 0.011229873800659297 6.219534368801581e-06 0.011367075319067152 0.01118686574633947 0.015680579312045296 0.015670579304448463
800.0 12.739255493219142 -3.986485373858873 59.26163230959458 -337228.05944062007 2.907567366332681e-05 29.97724745878447 25.395963193341014 29.369809183290293 98.10705114754587 282.5313973834546 400.0 -0.002599515300753167 0.6221852756258837 0.6074382754941751 0.0005770403558028011 2.3942315571923922 2.375958847950402e-08 0.022833623324963706 0.011463571563125167 0.011367719869257888 6.297159824249804e-06 0.011511592311570428 0.011322031013393274 0.015875404363005104 0.015865404355895948
810.0 12.750567212082277 -3.9926929707940495 59.63517416000337 -336931.8162706506 2.9200061253663716e-05 30.074567147425682 25.407982221936013 29.459649373216454 97.77407439187964 281.8207218332566 400.0 -0.0026641476952821708 0.6297697622611003 0.6149177742092277 0.0006115057212229035 2.4516263990933203 2.3762759592986913e-08 0.023111693269003763 0.01160467527703082 0.01150468779305873 6.374773976796952e-06 0.011655530571829095 0.011456162697174666 0.016069017246885746 0.016059017240350817
820.0 12.761642895557479 -3.9989375906156646 60.0037516592861 -336635.74519709044 2.931440495763952e-05 30.16902492512521 25.419804006163616 29.5466363741944 97.4420369747842 281.1231575283724 400.0 -0.0027293663120228394 0.6373151360182862 0.6223885509308131 0.0006475405758810298 2.5092815967709394 2.376716087762584e-08 0.023388150617679862 0.011745025800776208 0.011640796488118076 6.4523015771785725e-06 0.011798835508609253 0.011589315109070608 0.01626142901711275 0.016251429011225334
830.0 12.773189228239007 -4.005222837558849 60.37107150159943 -336337.26635014685 2.943856270905696e-05 30.267866921611475 25.431493011049575 29.638006354403245 97.12159690100725 280.3941512794226 400.0 -0.0027951201954745796 0.6448162797702623 0.6298605672082291 0.0006859436652171931 2.5680343537533923 2.3773404942868952e-08 0.02366271782318958 0.011884512072021685 0.01177587959842714 6.529847188990699e-06 0.011941457267120956 0.011721260556068622 0.01645240318415472 0.016442403179026087
840.0 12.784201413714458 -4.011542177730496 60.73207252705226 -336040.03840899107 2.9545480619725705e-05 30.360899370548967 25.44298103513267 29.7235771123307 96.79499292896516 279.69710825608445 400.0 -0.002861455312007617 0.6522802829903438 0.6373222582182659 0.0007256124103528502 2.626608947274525 2.3780632169209236e-08 0.02393576342158641 0.012023276266443152 0.011910163296674686 6.607289189078555e-06 0.012083452345521797 0.011852311076064612 0.016642241180840976 0.016632241176527767
850.0 12.795540318905541 -4.017900667651347 61.09124249803924 -335740.9242201766 2.9658216353473338e-05 30.45686026150977 25.454341228616176 29.81207555597204 96.47787395802789 278.9776026521937 400.0 -0.0029282926362750065 0.6596976538653171 0.6447847055377317 0.0007676228209019416 2.686103309914535 2.3789682029154892e-08 0.024206816768231124 0.012161119956899887 0.01204337554169871 6.6847441723848345e-06 0.012224704484535115 0.011982112283696006 0.016830555976793282 0.016820555973405073
860.0 12.80696526718464 -4.024296507584776 61.44742673178099 -335440.79809434153 2.9770171298413975e-05 30.553275980796084 25.465562729105557 29.901030292577477 96.16606910300233 278.25078329276766 400.0 -0.002995626216566568 0.6670687690919602 0.6522456882186066 0.0008117630590865961 2.7462135056736985 2.380038825829334e-08 0.024475905504782944 0.012298047084908883 0.012175539994676377 6.762188793949486e-06 0.012365200501028878 0.012110705003754068 0.017017368512964152 0.017007368510607038
870.0 12.818420580394521 -4.03072899999982 61.80041560447576 -335139.8646748042 2.9880063040424245e-05 30.649621005559176 25.47664880756559 29.989915593315715 95.85834886364609 277.520145481064 400.0 -0.0030634413335053853 0.674393074512765 0.6597054122434605 0.0008580146444459465 2.8068587308633433 2.3812732085003647e-08 0.024743003359770727 0.012434041826466586 0.012306646201443717 6.839625181127144e-06 0.012504922386087015 0.012238080973683712 0.017202653331638125 0.01719265333040724
880.0 12.82994097249023 -4.037198111181402 62.15045899476458 -334837.99667618144 2.9988535443972836e-05 30.746177639088064 25.487608696673878 30.079012649894203 95.55563805255518 276.7834358668819 400.0 -0.003131711185263462 0.6816682987855095 0.6671649891938625 0.0009064948150934919 2.868091316864848 2.3826803585402452e-08 0.025008005479651544 0.01256905365354492 0.012436639852464543 6.917065059294403e-06 0.012643827722230182 0.01236417775742136 0.01738632258229098 0.017376322582301006
890.0 12.841503885070724 -4.0437033475106245 62.501667398866594 -334531.57649432716 3.00950975688506e-05 30.84264859068204 25.49837187830686 30.168023308006415 95.25726749735377 276.1298513152442 400.0 -0.0032004213065809735 0.6888942423892338 0.6746252826756253 0.0009572062933760827 2.9298635957981265 2.3842596713569054e-08 0.025270896725619336 0.012703073188326641 0.01256551518326281 6.9945174202154816e-06 0.01278190655185672 0.012488990173762612 0.017568357484219324 0.01755835748557316
900.0 12.853125620022531 -4.050244568305355 62.8500900093775 -334224.11133172846 3.020007839740585e-05 30.93926809243375 25.50902507656271 30.257179600851526 94.96388022738167 275.4720662278708 400.0 -0.003269568474971821 0.6960728272747306 0.6820884915822254 0.0010101279798973692 2.9921362474732236 2.3860076117393682e-08 0.02553174451957692 0.012836132217975057 0.01269330781998091 7.072005100040228e-06 0.012919188484012 0.012612556035564928 0.017748799846937537 0.01773879984974348
910.0 12.864765674635011 -4.056821080036751 63.19554660399816 -333915.7818491247 3.0302857315915195e-05 31.035699418400778 25.51957393190168 30.34614277905362 94.67390511233626 274.811718551818 400.0 -0.0033391691041303575 0.7032089592590838 0.6895566393471598 0.001065093944390126 3.0547606333312625 2.3879083568938973e-08 0.02579074466186867 0.012968322455959982 0.012820121816983016 7.149548914312814e-06 0.013055752244122292 0.012734992417746374 0.017927790770145457 0.01791779077449634
920.0 12.876523390957486 -4.063433680749284 63.53864773026722 -333606.19232284295 3.0404800979474142e-05 31.132719292255402 25.53003065316462 30.43568670475698 94.3913717654519 274.14313407657454 400.0 -0.0034092055873145436 0.7103022686987133 0.6970325874984222 0.0011222343965468866 3.1178402859046983 2.3899707026108373e-08 0.026047862953064438 0.013099629990401698 0.012945936903554361 7.22717880904765e-06 0.013191593205232366 0.012856269747832074 0.018105292670870687 0.018095292676863477
930.0 12.888270745268452 -4.070080667449721 63.8787616170034 -333295.83665026445 3.0504133153796943e-05 31.229301637986197 25.540395148610585 30.524783930115916 94.11100430358034 273.4735534467119 400.0 -0.0034797232758957525 0.717361735350103 0.7045177078702806 0.001181171599187614 3.1810723351218466 2.3921610231784417e-08 0.02630347310291645 0.013230229394674647 0.013070952149662685 7.304908542557575e-06 0.01332685720342937 0.012976615899487075 0.018281585661978687 0.01827158566968683
940.0 12.900116449246314 -4.076763036286304 64.21654593797186 -332984.2823489302 3.0602165298026436e-05 31.326265294602415 25.5506793492906 30.61425051929236 93.83758914477619 272.7967505159309 400.0 -0.0035507034015783076 0.7243865766468256 0.7120147753100561 0.0012420581432303532 3.244587309663548 2.394489944220052e-08 0.026557523915684677 0.013360099195828116 0.013195137853709802 7.382767203607907e-06 0.013461533794026198 0.013095990121658473 0.01845661956699291 0.01844661957649812
950.0 12.911989835053987 -4.083479732757834 64.55167856406597 -332671.8035845658 3.069802900295977e-05 31.423062474678645 25.560885705033474 30.70353707403364 93.56808333723157 272.1167205283439 400.0 -0.003622182628268895 0.7313840923408113 0.7195254006450018 0.0013046205048529806 3.308186440934394 2.3969323994671003e-08 0.026810316256703708 0.013489381255006112 0.013318652971748552 7.460771190986522e-06 0.013595744085133525 0.013214572171570184 0.018630618652969357 0.018620618664333607
960.0 12.923902991079895 -4.090230554251879 64.88428693972597 -332358.3380122273 3.079187338708233e-05 31.519762974773393 25.571020612264036 30.79271135709413 93.3027837211062 271.4327424861302 400.0 -0.003694175334534978 0.7383580801482423 0.7270516176792652 0.001368773461306477 3.371826139209828 2.3994790508833063e-08 0.027061999103289217 0.013618147385844655 0.013441574650629505 7.538941569033008e-06 0.013729553286386066 0.013332445816903153 0.018803689459805283 0.018793689473084258
970.0 12.935896950211468 -4.097015991744867 65.21465450157424 -332043.73379792774 3.088392002313007e-05 31.616643006228124 25.581091557606488 30.882047405488237 93.04443964729302 270.74242072517734 400.0 -0.003766686687545396 0.7453108889391024 0.7345956007398868 0.0014345068836311634 3.4355210442986226 2.4021268473303876e-08 0.027312658767306316 0.013746440376697897 0.013563946409377631 7.617300973462766e-06 0.013863003210779325 0.013449655556526989 0.01897588990551923 0.01896588992076516
980.0 12.947875334962818 -4.1038342685273745 65.54231475998387 -331728.3438995168 3.097353861311501e-05 31.713019507407775 25.59109911249864 30.970861041035846 92.78719196452303 270.0512712884183 400.0 -0.00383977497203496 0.7522521804757171 0.742158466371926 0.0015014393307002333 3.4990231083446504 2.4048415771230392e-08 0.02756270057377114 0.013874452040980412 0.013685981696135866 7.695860528344164e-06 0.013996257245629869 0.013566443328141279 0.019147527944479457 0.019137527961724386
990.0 12.959946772542368 -4.110686781496697 65.86791632428925 -331411.7421929563 3.106149906069504e-05 31.80966470515265 25.601053500979766 31.059921958387072 92.5375116816848 269.3529961242387 400.0 -0.003913424698781739 0.7591810459800363 0.749742746765576 0.001569731341487105 3.5624792047764893 2.4076344919278545e-08 0.02781206971647812 0.014002159857444272 0.013807648249481247 7.77464683807058e-06 0.01412930470541932 0.013682765011058801 0.019318551992434936 0.019308552011715416
1000.0 12.972033260268061 -4.117572167554516 66.19108998517044 -331094.22812939534 3.114717565272962e-05 31.90597715329583 25.610955703309994 31.148627688955155 92.29079877981172 268.6520665220104 400.0 -0.0039876935804991544 0.7661065760185893 0.757349464340673 0.0016390340809486752 3.625678712247902 2.41047415876815e-08 0.028061148067777868 0.014129745322642223 0.013929146388123285 7.853670102317249e-06 0.014262301296538318 0.013798846771239551 0.019489253161080446 0.01947925318241455
1010.0 12.98413872036954 -4.124490135247584 66.51191133802178 -330775.77007362485 3.1230773088577114e-05 32.002017505095864 25.620810398512972 31.237037363543372 92.046957496609 267.9482316875634 400.0 -0.0040626110346209665 0.7730336564789625 0.7649801415524926 0.0017092137976648877 3.688569984492265 2.4133472405818514e-08 0.028310134972354545 0.014257305020609295 0.014050578850423523 7.932946023863682e-06 0.01439533385309262 0.013914801119261928 0.019659780412355013 0.019649780435748006
1020.0 12.996350306563066 -4.131442023326103 66.83090812287266 -330456.02946981374 3.131233132716609e-05 32.09827869862917 25.63062606190634 31.325641538311896 91.81230418046836 267.2363813043228 400.0 -0.004138175223499237 0.7799629040285636 0.7726371603172799 0.0017803638940737095 3.751256373026224 2.416259359248561e-08 0.028559042021543846 0.014384848071711186 0.014171948120572517 8.01249956140965e-06 0.014528418578586968 0.014030623442956884 0.01983013469034284 0.019820134715808117
1030.0 13.008596612099433 -4.138426400407755 67.14774321461009 -330135.27018646995 3.1391645164845435e-05 32.19429396994029 25.640403312756092 31.413972749123772 91.58196442953412 266.5206281308482 400.0 -0.0042144509107547076 0.7869035617238881 0.7803212208165177 0.0018521301643313157 3.8135424326968477 2.4191788604817068e-08 0.02880826024695949 0.014512561112115534 0.014293458537877952 8.09233756612414e-06 0.014661716297818327 0.014146543949141163 0.02000061693142081 0.019990616958946168
1040.0 13.02086876121256 -4.145442896230328 67.46241881350167 -329813.51906123623 3.146880837862563e-05 32.29003472240427 25.65014554530705 31.502001240591692 91.35525249929736 265.8014599950732 400.0 -0.004291480699103746 0.7938616123886688 0.7880334818125767 0.001924326346306164 3.8753526618819536 2.422088262380546e-08 0.029058038703173073 0.014640564684955852 0.014415238584530499 8.17247189357544e-06 0.014795334267674756 0.014262704435498316 0.020171417227804727 0.02016141725736736
1050.0 13.033124873285168 -4.152490442389443 67.77475587212548 -329490.9257933394 3.15440442698494e-05 32.38528613446458 25.659854267677378 31.589511661418108 91.1284876740814 265.08131137519246 400.0 -0.004369322467947391 0.8008446556848199 0.7957744730464738 0.001996673071165115 3.9365559015725906 2.4249625952321397e-08 0.029308699791929613 0.014769013691565152 0.014537455718183663 8.252907731054261e-06 0.014929407384827849 0.014379292407101767 0.02034278535384258 0.020332785385410303
1060.0 13.045532581504006 -4.159572152871631 68.0857170839138 -329166.8405379741 3.1616453514463366e-05 32.4807997725346 25.66954131132501 31.677251939043522 90.91592556015682 264.3502851022386 400.0 -0.004447956207943475 0.8078505500958778 0.8035478334910785 0.002069448203779864 3.997382027536117 2.4278228244955497e-08 0.029560129840023874 0.014897860215932113 0.01466004422328797 8.333683368844474e-06 0.015063908836959317 0.014496221003064556 0.020514622366442945 0.020504622399989784
1070.0 13.0579134009511 -4.166684251682231 68.39437621239136 -328841.93131547497 3.168681542979356e-05 32.57568164683864 25.679200954488554 31.76432974876283 90.70252198171825 263.61884718418366 400.0 -0.004527498572037465 0.8148936582256096 0.811351898075813 0.0021419922528989554 4.057461535977271 2.43061306280929e-08 0.02981295480517311 0.015027401033410196 0.014783333182853653 8.414780645630942e-06 0.015199087710803645 0.014613867094369466 0.020687422410436817 0.020677422445902344
1080.0 13.070325775151675 -4.173827799866734 68.70109826037633 -328515.9753606243 3.175538213570511e-05 32.670409748873304 25.688839159642082 31.85122128261965 90.49297522157235 262.88352645672035 400.0 -0.00460797742283983 0.8219771995471093 0.8191884662536539 0.0022142786787668783 4.1168351765954005 2.4333296963740676e-08 0.030067302405401952 0.015157701076150967 0.014907385379398848 8.496218301125332e-06 0.015335007942281735 0.014732294463120216 0.020861281544888213 0.020851281582211497
1090.0 13.082787765524543 -4.181002900213803 69.00602724499326 -328188.8837247694 3.1821464178716066e-05 32.76483618882527 25.69845974654383 31.93777743307265 90.2892917606943 262.1432149363214 400.0 -0.004689440483905419 0.8291066496158908 0.8270587557526241 0.002286161088496268 4.1754686144832505 2.4359594296382613e-08 0.030323400754413726 0.015288872410680969 0.015032316838841528 8.578008857734631e-06 0.015471771946698416 0.01485162880771531 0.021036376402610503 0.021026376441720236
1100.0 13.095326002903782 -4.188210078153126 69.30935347118063 -327860.5515606369 3.188427827490331e-05 32.8588545628644 25.708066904156894 32.02389034920405 90.09450194773815 261.39628086433305 400.0 -0.004771938002156136 0.8362876444394831 0.8349642136603512 0.002357498890158702 4.233333279812239 2.4384895803751757e-08 0.03058148361749936 0.015421030279526984 0.015158246063613564 8.660167227069208e-06 0.015609485929173522 0.014971997688325835 0.02121288790940807 0.021202887950223636
1110.0 13.107868156140368 -4.195447467293775 69.61072480674414 -327531.2377383667 3.1945364513463474e-05 32.95251111279806 25.717659274918944 32.10960711472027 89.90120038140859 260.6469931151165 400.0 -0.004855552649684611 0.8435290151833809 0.8429039980777886 0.0024279176537521973 4.290258189042926 2.4408892291580857e-08 0.030841936284307134 0.01555435957257048 0.015285373400016438 8.742684195526615e-06 0.015748308653072564 0.015093627631234575 0.021391123484721164 0.02138112352714438
1120.0 13.1204488413493 -4.202715687712212 69.91037321548002 -327200.80093350937 3.2004023961989376e-05 33.045783806681655 25.72724109565802 32.1949043306932 89.7129858537854 259.8932537429944 400.0 -0.004940337282480068 0.8508361299451749 0.8508794759884515 0.002497289175365414 4.346228159460527 2.4431474867333347e-08 0.031104982116217608 0.01568897101555085 0.015413811466255449 8.825573851052298e-06 0.01588834305353717 0.015216639062680436 0.02157125777877103 0.021561257822697143
1130.0 13.13305589088085 -4.210014243485565 70.20827374889197 -326869.2731763874 3.206046124463795e-05 33.13863816467105 25.73681389501109 32.27974728342377 89.52855809633725 259.13575508126615 400.0 -0.005026361323872644 0.8582158564584229 0.8588908812472816 0.002565373440118133 4.401160746950057 2.445245021469874e-08 0.031370916110420914 0.015825008302238097 0.015543711532730793 8.908838340599469e-06 0.0160297169536574 0.015341199156763506 0.02175352584390048 0.021743525889206593
1140.0 13.145675755794421 -4.217342677823378 70.504392757319 -326536.70119029516 3.211493248423393e-05 33.23103744133662 25.746378913925366 32.36409919245461 89.34634387315302 258.37528072232266 400.0 -0.005113695634841926 0.8656748917617519 0.8669382488820084 0.002631929982917603 4.454975149727528 2.447163040466098e-08 0.03164002749236828 0.015962612358565723 0.01567522186654504 8.992477737504729e-06 0.016172555526088005 0.015467471966280271 0.021938159699274075 0.021928159745830934
1150.0 13.158387286408738 -4.224702916233433 70.79920390373127 -326202.7794918244 3.216557867677075e-05 33.322978908082 25.75594276986149 32.44795458208764 89.17623922818245 257.607031713519 400.0 -0.005202403681300633 0.8732195159302134 0.8750243259943595 0.0026968604495852507 4.5076820904772985 2.448893672037898e-08 0.03191257074437987 0.016101911003329382 0.01580846911786881 9.076520494394332e-06 0.016316981799942152 0.015595588944437728 0.022125356197147554 0.022115356244816142
1160.0 13.171103145107967 -4.232092515402979 71.09226659853896 -325867.82265691744 3.2214358012895744e-05 33.414398117965945 25.765502083329523 32.531251243514205 89.00742650209655 256.8362389446281 400.0 -0.005292574113343561 0.8808573785388466 0.8831468744517462 0.0027597843829079848 4.559117403692309 2.450408651693039e-08 0.03218889082753556 0.01624306942426782 0.01594363300964865 9.160942844591917e-06 0.01646313510310767 0.015725755724427897 0.022315400081819762 0.02230540013044064
1170.0 13.18384267410334 -4.239511529019296 71.38372564357672 -325531.7189010111 3.226098889171675e-05 33.50536345245855 25.77505962084706 32.61405678245071 88.84232737318813 256.06170106828677 400.0 -0.005384283018486221 0.8885951439022204 0.8913066700078454 0.002820499871641354 4.609230273333604 2.451693648666025e-08 0.032469271705227454 0.016386227518857294 0.016080857581743685 9.245752587173216e-06 0.016611143114929602 0.01585812859029784 0.022508519449393968 0.022498519498802924
1180.0 13.196630299402667 -4.2469609820612355 71.67375381537542 -325194.4113527167 3.2304358114808045e-05 33.59568402164806 25.784618449307423 32.69617927557381 88.68487989280156 255.2818917084133 400.0 -0.005477614751108091 0.8964402398305255 0.8995047460742466 0.002878786928333983 4.657961992816581 2.4527332964664726e-08 0.03275402869912923 0.016531540670034522 0.01622030274423649 9.330960160553028e-06 0.0167611480102322 0.01599288068889703 0.02270496707599213 0.022694967126006972
1190.0 13.209419546784117 -4.254438985127262 71.96213155963953 -324856.0219083086 3.234631841701805e-05 33.685571157042006 25.794176975346957 32.777831638050806 88.52784961777853 254.49960841277903 400.0 -0.005572651893927371 0.9043988605591913 0.907739518991199 0.002934355468828482 4.705206831738618 2.453508509713954e-08 0.03304344106106821 0.016679143970436718 0.016362112620345846 9.416548695856597e-06 0.016913266227704393 0.01613017483336383 0.022904976757340302 0.022894976807770077
1200.0 13.222266968584405 -4.261947356703725 72.24920830083603 -324516.35622851184 3.2384457697130684e-05 33.7746801703318 25.80374015430077 32.85866702083867 88.38034726998286 253.7113529815238 400.0 -0.005669492336992162 0.9124797178364648 0.9160131494931255 0.002986987118250595 4.750914033483511 2.454004863034303e-08 0.033337872543998226 0.01682921770597236 0.016506470648440304 9.502540319346751e-06 0.017067665741047587 0.016270206802950632 0.023108837591301612 0.02309883764194025
1210.0 13.235136108202141 -4.269484668276096 72.54103847441263 -324167.9896458279 3.242051088763732e-05 33.863284179463996 25.813309296920323 32.93895996506955 88.2363678953318 252.91336806573278 400.0 -0.005768224002343648 0.9206890608789524 0.9243242143944423 0.0030363974140621653 4.794983932595322 2.4542051705438515e-08 0.03363760422495108 0.016981898338860494 0.016653521408981815 9.588919807957031e-06 0.017224465259708766 0.016413138965242307 0.023316786162923337 0.023306786213552914
1220.0 13.248004833250441 -4.27705011852348 72.84427346031244 -323802.5875580422 3.245477384339073e-05 33.95126640086804 25.822885750503488 33.01859550346343 88.09335265160908 252.10047067014708 400.0 -0.0058688927152430155 0.9290280507913464 0.932670897404613 0.0030824789010005173 4.837405096879166 2.4541076768911266e-08 0.03394270145638479 0.017137218153101784 0.01680329796307324 9.675668114732636e-06 0.01738369159269104 0.016559009863693748 0.023528890464418625 0.023518890514817016
1230.0 13.260911148279828 -4.284644810268432 73.14623858048891 -323435.50408098276 3.24862132399814e-05 34.03861106278654 25.832465949195424 33.09755814512379 87.95673965558288 251.28258668698012 400.0 -0.005971503833049476 0.9374937252513124 0.9410529176627501 0.0031253462696142547 4.878280550112787 2.4537283507559795e-08 0.03425304282391701 0.017295121105936253 0.016955734962958387 9.76278248505652e-06 0.017545299009254778 0.016707743814662227 0.023745065546705142 0.023735065596661376
1240.0 13.273865491782006 -4.292269072000231 73.44702900728201 -323066.6909913168 3.2513873012966096e-05 34.125067181969634 25.842049919054645 33.17559819070723 87.82914330434664 250.45900158121208 400.0 -0.006076050617261209 0.9460815948998518 0.9494689912624067 0.003165122298030356 4.917708240567628 2.4530844568579392e-08 0.03456844768727432 0.01745552116039057 0.017110737831090416 9.850249755132065e-06 0.017709211919292596 0.01685923576798173 0.023965182734886754 0.023955182784197282
1250.0 13.286811630535702 -4.299920617166173 73.74626728395336 -322696.4347319718 3.254058410122545e-05 34.211044432216816 25.851632941634534 33.25312959085841 87.70024620404405 249.63325023498064 400.0 -0.006182482832393779 0.9547817153882885 0.957914841358414 0.0032019992555035355 4.955804328737184 2.452200327937407e-08 0.034888520157448005 0.017618224834300353 0.017268104199151663 9.93802577702516e-06 0.01787525092518282 0.017013269232265177 0.02418895262341998 0.02417895267189556
1260.0 13.299792850997783 -4.307601057466471 74.0442789762776 -322324.52716000594 3.2563960494213346e-05 34.29614061116398 25.861217598271732 33.32974965737892 87.57857027035796 248.80253557298113 400.0 -0.006290802247705585 0.9635913928512616 0.9663909537850589 0.0032360987441620343 4.992664462513171 2.4510921040714814e-08 0.035213145226285 0.017783179024864783 0.01742777218478286 1.0026115772867923e-05 0.018043373553603435 0.017169771672681564 0.02441629183593467 0.02440629188339562
1270.0 13.31279535994405 -4.315309642691684 74.34098518762353 -321951.0328874638 3.2584976145212064e-05 34.380557208404035 25.870802459756344 33.40566189240303 87.46128224284939 247.96769378706279 400.0 -0.006400974827798837 0.9725034798699596 0.9748953160010067 0.0032675958868969095 5.028396926641714 2.449781311799624e-08 0.035542032471275416 0.017950242945677514 0.01758959218480172 1.0114499096310616e-05 0.01821345233849791 0.01732858013277751 0.024646986077166685 0.02463698612344431
1280.0 13.325822790963427 -4.32304652180105 74.6364297164748 -321575.94938909746 3.2602957702059594e-05 34.464063472137425 25.880387490466912 33.48063656968012 87.34979684290477 247.1284476440357 400.0 -0.006512974363023649 0.9815121521469616 0.983426902457307 0.0032966539907338293 5.063104301235899 2.4482878149074334e-08 0.03587494189443246 0.01811930090159779 0.017753439926170594 1.0203165340300393e-05 0.018385384255772727 0.01748955763865973 0.024880857254638383 0.024870857299577186
1290.0 13.338875878942158 -4.330811648521642 74.93063517588652 -321199.2808798818 3.261797867238488e-05 34.54673146657452 25.88997256637595 33.55474675741882 87.24466508338622 246.2847036398539 400.0 -0.006626769624468897 0.9906112413911613 0.9919847091556976 0.0033234453621956875 5.096890226474821 2.446631903611157e-08 0.03621161848289461 0.018290229667455436 0.01791918365189102 1.0292104341460831e-05 0.018559059200678685 0.017652559282215933 0.02511771485563038 0.02510771489908691
1300.0 13.351927017936244 -4.338603467079004 75.2234218857662 -320821.14800660516 3.2631828819470256e-05 34.6287750082927 25.899555550585035 33.62820858911428 87.13885919718943 245.4382079750259 400.0 -0.006742298454873331 0.9997911746318852 1.0005664191784212 0.003348208015760068 5.129882001618211 2.4448392051334558e-08 0.03655166920484842 0.01846283761885854 0.018086621995506338 1.0381292411379577e-05 0.018734302446504238 0.017817366758344184 0.025357262661750677 0.02534726270359069
1310.0 13.365004910381156 -4.3464233856590475 75.51500989939727 -320441.44093123765 3.264242859224818e-05 34.709857425487776 25.909138673768467 33.70068465135671 87.04010107816623 244.58706002342143 400.0 -0.0068595473454501725 1.0090485623587508 1.0091727741310657 0.0033710765745341297 5.162165449126465 2.442925520791186e-08 0.03689494707817437 0.018637054995131262 0.0182556777582971 1.047073747651594e-05 0.018911055035504998 0.01798389204266936 0.025599389036224104 0.025589389076326356
1320.0 13.37810581827402 -4.354271141630601 75.80538812414895 -320060.18491688353 3.264984666514687e-05 34.78993699270603 25.918721863315668 33.772133969850955 86.94785035850295 243.7314547910273 400.0 -0.0069784706211234475 1.0183764087257021 1.0178030228550834 0.003392251500313618 5.193850046693618 2.440912062920826e-08 0.03724115961244943 0.018812739858486215 0.018426200420863206 1.0560432072513763e-05 0.019089189569469516 0.01815197004297992 0.025843871332446047 0.02583387137070349
1330.0 13.391213015304027 -4.362145679363785 76.09445220820601 -319677.45319232385 3.265554520791129e-05 34.86930106348547 25.928304196346332 33.84284518424049 86.85745368674517 242.87244245442503 400.0 -0.007099003680455682 1.0277658626609814 1.0264558792449825 0.003411974885079286 5.225060773954747 2.4388229390578135e-08 0.037589937892088796 0.018989712458711918 0.01859800085703034 1.0650363260121727e-05 0.019268543205313515 0.018321394686775277 0.026090427313669853 0.02608042734998773
1340.0 13.40434293773516 -4.370047862420208 76.38233351729183 -319293.1924727388 3.265788979620089e-05 34.94757919304891 25.937887399188135 33.91244721374396 86.7740676176859 242.0089030908953 400.0 -0.007221114427240541 1.0372121638319307 1.0351319793049427 0.0034304151466416325 5.255892335993367 2.4366753513627048e-08 0.037941076466439676 0.019167873865405093 0.018770972573020763 1.0740537959814033e-05 0.01944902948569156 0.018492046980748113 0.026338897741089808 0.02632889777538287
1350.0 13.417471850685805 -4.377976144682819 76.66887647090716 -318907.49909743434 3.2659265295331486e-05 35.02528923852366 25.947470306373695 33.981459247869864 86.69036303282535 241.14235663284262 400.0 -0.007344721581237594 1.0467052386312008 1.043829990653792 0.0034478493685292048 5.286482110011949 2.4344949840378012e-08 0.0382941539872547 0.019347018363524704 0.01894489997888156 1.0830942843198554e-05 0.019630461453431374 0.018663692533823332 0.026588957557140375 0.026578957589340577
1360.0 13.430627319843083 -4.385932215071797 76.95429088484664 -318520.29082361824 3.2656542509328084e-05 35.101693464316405 25.95705577723635 34.04914196386271 86.61587170791177 240.2709406500415 400.0 -0.007469800806670924 1.0562417883832174 1.0525515004536934 0.0034644244667254723 5.316914735239465 2.432296095126762e-08 0.03864902166333396 0.01952707494621942 0.01911970531199465 1.0921594709636208e-05 0.01981277908775886 0.018836242575575098 0.026840488373668252 0.026830488403711255
1370.0 13.443794504473079 -4.393915107133495 77.23848356744446 -318131.6359314617 3.265112475602631e-05 35.177086371669475 25.966643621753473 34.115790368913025 86.54627301998461 239.3955896710679 400.0 -0.0075962741065906635 1.0658127659826528 1.061296002756449 0.003480406784537232 5.347322574738888 2.430102170388782e-08 0.03900529690243784 0.01970785701760834 0.019295192616068168 1.1012488838697556e-05 0.019995813684607112 0.01900948321783074 0.02709319202993286 0.027083192057776026
1380.0 13.456967701290079 -4.4019243528636665 77.52142597495795 -317741.565307725 3.2643618346025315e-05 35.2515963167826 25.976234504739505 34.18153265566804 86.47977837762883 238.51664091683335 400.0 -0.007724070167155106 1.0754102451316443 1.0700636611145593 0.003496045745441225 5.377831277346739 2.42793457377281e-08 0.03936264098744813 0.019889199663252245 0.01947118812498247 1.1103627461747958e-05 0.020179417091488138 0.01918322389596 0.027346802405165658 0.027336802430777657
1390.0 13.470147040323203 -4.409959716380719 77.80313074502475 -317350.0761352303 3.263425775072665e-05 35.32528077164981 25.98582969756478 34.246425629902674 86.41583368046332 237.63404507915408 400.0 -0.007853121547531887 1.0850270637698927 1.0788551417471326 0.0035115799774991267 5.408562450650172 2.4258131425630817e-08 0.03972074485484522 0.02007095261514965 0.0196475330773402 1.1195018040863253e-05 0.020363455036656694 0.019357289818188524 0.027601074731900724 0.02759107475525861
1400.0 13.483341551218398 -4.418022021010586 78.08367364591246 -316957.17890640255 3.2621262272734826e-05 35.397664400227455 25.995431304538993 34.309992614498796 86.35957700691395 236.74715268780443 400.0 -0.007983369323789869 1.094657292180405 1.0876717857286538 0.0035272273053691284 5.4396299566919355 2.423755491192729e-08 0.04007934817902908 0.020252989697020454 0.019824093354017927 1.1286675041642764e-05 0.020547815998529683 0.019531532180499404 0.027855800344653178 0.027845800365751922
1410.0 13.49652795080478 -4.426108934259354 78.36289926652125 -316562.902555518 3.2608844656865904e-05 35.46983212532912 26.00503921073164 34.37331873410272 86.29898932723272 235.8574884416435 400.0 -0.008114708866648493 1.1042904103135498 1.0965133912264085 0.0035433054244253352 5.471188730762415 2.4217863764359906e-08 0.0404380030742439 0.020435092029961317 0.02000063999306838 1.1378597113027717e-05 0.020732301386558814 0.01970570168768509 0.028110625346396974 0.028100625365243808
1420.0 13.5097371877242 -4.43422358144759 78.64103908352811 -316167.2594516967 3.259073550074236e-05 35.540108468540595 26.01465750828317 34.434725578700544 86.2518791022392 234.9629204269134 400.0 -0.00824710365193773 1.113923524779414 1.105382889840052 0.0035599793584615742 5.5033336956625165 2.419918174709225e-08 0.04079656984709498 0.020617193111414227 0.020177099824265715 1.1470815219237256e-05 0.020916856035005028 0.019879713812089955 0.028365431046580004 0.028355431063190186
1430.0 13.522957085558227 -4.442365029776667 78.91801619070984 -315770.3021435604 3.256844627405413e-05 35.608862158835755 26.024287287533998 34.4945810568392 86.21397205499066 234.06422120667213 400.0 -0.00838045695392623 1.123547617228475 1.1142811019965506 0.0035775462611756627 5.5362144921473915 2.4181729080425504e-08 0.041154658910257616 0.020799102944289577 0.02035327329762434 1.1563338670443488e-05 0.02110130876758246 0.02005335014267515 0.028619905632147075 0.028609905646556404
1440.0 13.5361729019771 -4.450531415278334 79.19373504320066 -315372.0232514148 3.2545370032500234e-05 35.67698408640278 26.03392967185116 34.55377515132627 86.17561529740986 233.1623504112294 400.0 -0.008514665489821069 1.1331533599381305 1.123208935076507 0.0035963142129711322 5.5699868658662774 2.4165727672492443e-08 0.04151186691687752 0.020980624724641874 0.020528953911331027 1.1656177747740571e-05 0.021285482017380845 0.02022638489949667 0.028873725352816074 0.028863725365064465
1450.0 13.549387786757817 -4.458722493895429 79.4682275196733 -314972.3907508889 3.252190268322411e-05 35.7446178500567 26.043587318614964 34.612449355293286 86.13603826251911 232.25705435053464 400.0 -0.008649646593782588 1.1427339433934072 1.1321684947634139 0.0036165445530584603 5.604790188905731 2.4151358750132925e-08 0.04186789142008394 0.021161611590245485 0.020703986113903016 1.1749355146148386e-05 0.02146924532513137 0.02039864609495256 0.02912664264579909 0.029116642655950188
1460.0 13.56261142928538 -4.466940458357996 79.74157177899617 -314571.5388876019 3.2493242240701635e-05 35.81036731635133 26.05326358370888 34.66920483235821 86.10834431511344 231.3476246456895 400.0 -0.008785322582823642 1.1522833916023498 1.1411624839931154 0.003638488048029176 5.640762595878202 2.4138791411177303e-08 0.04222246230079799 0.021341932771645828 0.020878230586502965 1.1842899800163652e-05 0.021652483608419693 0.020569978692378303 0.029378433432192957 0.02936843344031876
1470.0 13.575830758347555 -4.475182891796635 80.01368330906197 -314169.3931484193 3.246419166159763e-05 35.8756009651738 26.06296040501927 34.725408333168595 86.07946153619427 230.43491609527547 400.0 -0.008921583740631633 1.1617927353008872 1.1501926320052103 0.003662460317052833 5.678070692425613 2.4128238076334522e-08 0.0425751870445927 0.021521396949704123 0.02105148617374345 1.193683070978785e-05 0.021835024677215053 0.02074016236737765 0.02962877842703806 0.029618778433219528
1480.0 13.589048223967874 -4.483449074110602 80.28458804631163 -313765.88265012676 3.2436156228663814e-05 35.94075508568716 26.072681102775046 34.78149331398778 86.04575759615564 229.5187189259937 400.0 -0.009058337362104249 1.171255112184858 1.1592617716993725 0.0036887403600565404 5.716870236415349 2.4119880043833206e-08 0.04292575711320447 0.021699854462465577 0.0212235940328286 1.2031178339075424e-05 0.022016735787897104 0.020909021325307368 0.029877421521499012 0.029867421525836442
1490.0 13.60227110880531 -4.4917430001160525 80.55434600261744 -313361.3396199826 3.240030112754753e-05 36.00317225040199 26.082429611089452 34.83479896932625 86.0310024780458 228.59848289471623 400.0 -0.009195492894801137 1.1806642115058903 1.1683732810757357 0.0037176037597943883 5.757319998244488 2.4113892841550773e-08 0.04327388463522762 0.021877166031219034 0.02139440560321407 1.2125978881434191e-05 0.022197494274258652 0.021076390360968974 0.030124121047931607 0.030114121050534275
1500.0 13.61549327857545 -4.500061096282202 80.82292133409902 -312955.50743393105 3.23638641930347e-05 36.065014659946605 26.092209171118284 34.88748455659894 86.01586427234541 227.67458806611617 400.0 -0.009332940808034351 1.1900121080033537 1.1775301033476597 0.003749362187349185 5.799596864601003 2.41104747752199e-08 0.043619215354550565 0.022053159544407723 0.02156373877718804 1.22212641603667e-05 0.022377146413399076 0.021242068941151483 0.03036858325960177 0.030358583260594364
1510.0 13.628710898379186 -4.508405398585353 81.07986161090965 -312564.4011816352 3.232227759146632e-05 36.124816773746566 26.101991146532672 34.93808116638735 86.01241170482582 226.87778730418933 400.0 -0.009470573185872447 1.1992913685504636 1.1867356073592124 0.003784321318512629 5.843879782355061 2.4109817015081964e-08 0.043961413902905984 0.022227672302843584 0.021731420920835933 1.2317070495115153e-05 0.022555547347446442 0.02140586655545954 0.03061052787746404 0.030600527876981105
1520.0 13.64192612071944 -4.516772529470501 81.31747917307167 -312199.72927338484 3.228290218674559e-05 36.184839826435365 26.111757495228858 34.98884617249524 86.00120772172957 226.30601779852967 400.0 -0.009608335264016452 1.2084995602699917 1.195993653940126 0.003822627592387721 5.8902775205292395 2.4112000455356844e-08 0.04430035688309179 0.02240064510007653 0.02189738785650776 1.2413439039447192e-05 0.02273264581697129 0.021567711066120508 0.030849843539031887 0.030839843537215868
1530.0 13.655132790644833 -4.525165899340983 81.55391293280039 -311834.6479088287 3.223765185321102e-05 36.24259557326251 26.12156878585021 35.03728801037691 86.00367356595648 225.73317858972362 400.0 -0.009746234175057295 1.2176395504299349 1.2053075628856016 0.0038642235969647072 5.938802543535076 2.4116969208026226e-08 0.04463615176789519 0.02257213067575689 0.022061694303620098 1.25104049010655e-05 0.022908489722967176 0.02172766204492801 0.031086607065170448 0.03107660706216016
1540.0 13.668334987636221 -4.533583644131703 81.78920093846858 -311468.9541526057 3.219057038984749e-05 36.299350871473955 26.131429226761373 35.08466966610663 86.00923797810763 225.15908364545427 400.0 -0.009884293798971145 1.226715726461735 1.2146812053673206 0.003909018575854691 5.989455840630162 2.4124647831387338e-08 0.04496896813504965 0.02274221257868049 0.02222442627273728 1.2608008881063055e-05 0.023083156010124273 0.021885812124925384 0.03132094387383485 0.03131094386975894
1550.0 13.681533402545798 -4.542024632445447 82.02336422034233 -311102.54061718925 3.214411269061628e-05 36.355883490365756 26.141342778033852 35.13176523978625 86.01141150206047 224.58369293436053 400.0 -0.010022535887489747 1.2357321236480598 1.224118250579505 0.003956926600382409 6.04224171484897 2.4134967453342946e-08 0.04529896176735148 0.022910967572601304 0.022385662765524554 1.2706289723000617e-05 0.023256715146134865 0.022042246621216604 0.03155296948802261 0.03154296948300751
1560.0 13.694724062602752 -4.550490331722052 82.2564006182492 -310735.5860005825 3.209457054852306e-05 36.41100652104355 26.151313047115476 35.17738444952258 86.02010172716844 224.00717008347624 400.0 -0.010160980135803355 1.2446924173341987 1.233622071520966 0.004007863938357468 6.097165894864393 2.4147863472488482e-08 0.0456262748251124 0.02307846564392811 0.022545475939197243 1.2805283126217314e-05 0.023429230930593146 0.022197043894519267 0.03178278994914099 0.03177278994330612
1570.0 13.707896095117102 -4.558981927663758 82.4882739066791 -310368.29538622935 3.203866265586009e-05 36.46360007642028 26.161343105389626 35.220404496057235 86.04383345459202 223.42998310983225 400.0 -0.010299643891956034 1.2535998654104759 1.2431955803630452 0.00406174593629904 6.154233065330255 2.4163272923022516e-08 0.04595103428226212 0.023244769111614334 0.022703930432413567 1.2905020023632874e-05 0.02360075935401715 0.022350274928244974 0.032010501064593765 0.03200050105805441
1580.0 13.721076025639135 -4.567494875946089 82.71913137115294 -310000.032495635 3.198743326443e-05 36.51732824804931 26.171438598198918 35.264484347382336 86.05386616877603 222.85095985802536 400.0 -0.010438571385085492 1.2624604975697555 1.2528439006669747 0.004118468041488566 6.2134490815006505 2.4181122545211466e-08 0.04627347318033467 0.023409993891724566 0.02286114335040636 1.3005554350233992e-05 0.02377140974700516 0.022502063433329535 0.03223627703185022 0.032226277024712945
1590.0 13.734238046927407 -4.576032948898501 82.94886295467047 -309631.3667686088 3.193121811802963e-05 36.56896413099499 26.1816014406788 35.30639517833567 86.07543308491817 222.27122389689785 400.0 -0.010577772952027855 1.2712765065525227 1.2625689526593198 0.004177949534947282 6.2748183009657845 2.4201355930319222e-08 0.04659367858593561 0.02357418226531932 0.023017159463969716 1.310690678799367e-05 0.02394121812551552 0.022652460460420083 0.03246018570475123 0.03245018569711687
1600.0 13.747381496867089 -4.5845957374100905 83.1774820045941 -309262.2711525984 3.187070161946138e-05 36.618711417965926 26.19183522169044 35.346337332141005 86.10682760515341 221.6907986899322 400.0 -0.010717278529502657 1.2800520380065612 1.2723740858249222 0.004240092218939453 6.338343468301649 2.4223907033178597e-08 0.04691181296187352 0.02373741453828667 0.023172060912186848 1.3209112882833316e-05 0.024110258131681918 0.022801554830191598 0.032682351185364 0.03267235117733277
1610.0 13.760542927051077 -4.593179248139862 83.40518388562843 -308892.07918760466 3.181523191283624e-05 36.66978516117435 26.202146214210813 35.38752017044742 86.1239004846511 221.10805819670531 400.0 -0.010857137699322915 1.2887933813297623 1.282264990726933 0.004304802188422489 6.4040402882161995 2.4248715900447986e-08 0.04722811722484405 0.023899811215411897 0.02332596808836625 1.3312232602104258e-05 0.02427864487467622 0.022949472350167834 0.032902953337886114 0.03289295332954298
1620.0 13.773646881127844 -4.601790509318441 83.63161505128329 -308522.06925517484 3.174846638111886e-05 36.71648900520636 26.212532321804414 35.424248950106254 86.16880066440204 220.52633784764578 400.0 -0.01099734489781597 1.2975002247372383 1.292240055100111 0.00437197295980897 6.471885856347537 2.4275710249465585e-08 0.04754259097693473 0.02406136952307272 0.023478883352902265 1.3416249862023358e-05 0.02444636676825457 0.02309622420868017 0.033122002249873286 0.03311200224130378
1630.0 13.786771135363782 -4.610422254815447 83.85717217873946 -308150.9318179624 3.1686962253981175e-05 36.76460451696862 26.2230027396511 35.46229699445052 86.19891725540637 219.94217932273943 400.0 -0.011137971082225957 1.3061810956938098 1.3023075225181033 0.0044415196088680615 6.541911785294193 2.4304840361192336e-08 0.047855556304495145 0.02422225175406056 0.023630966480648916 1.3521251303316637e-05 0.0246135824639007 0.02324197384059445 0.033339735293536704 0.03332973528482089
1640.0 13.799843425254267 -4.619080293101774 84.08151729537272 -307779.8078044604 3.1615581702664303e-05 36.80879901685355 26.233555248743343 35.496333390113875 86.25347766244174 219.3587921183841 400.0 -0.011279019909883337 1.3148362493793104 1.312465626739679 0.004513316555679034 6.614084253100895 2.433602228935947e-08 0.04816703755546111 0.024382467362671117 0.023782232347880107 1.3627219231583766e-05 0.02478029168073282 0.023386745874728287 0.03355618340385603 0.03354618339506205
1650.0 13.812946313923106 -4.62775824265416 84.30506951911131 -307407.42630702053 3.1551632373287134e-05 36.855208052585205 26.244199387358176 35.53248510786938 86.28778546377478 218.77248306052314 400.0 -0.011420560300437766 1.3234738985841714 1.322722944715823 0.004587301077579602 6.6884465970223514 2.4369223268237877e-08 0.048477341271620386 0.024542171481614045 0.023932832348044365 1.3734243891712344e-05 0.024946647604400587 0.023530693667219806 0.03377157087245991 0.03376157086365876
1660.0 13.826019642656902 -4.636460361795805 84.52754985993393 -307034.6851015934 3.148304906209827e-05 36.899530261450415 26.254933515775683 35.566452078894336 86.33302767773482 218.18593105433473 400.0 -0.011562606252230576 1.3320951078066179 1.3330781825560798 0.004663340544765089 6.764961785708582 2.4404355547416792e-08 0.04878652331011246 0.024701389559675907 0.02408279687125952 1.3842312533190683e-05 0.025112665999348763 0.023673857310763696 0.03398595273361205 0.0339759527248633
1670.0 13.839085334301245 -4.645185009141329 84.74908039917439 -306661.25409922516 3.1414200086990055e-05 36.94333490974768 26.265762231536126 35.59979936456755 86.3780220100472 217.59814643410627 400.0 -0.011705204384418187 1.3407049454695006 1.3435355451801347 0.004741343756443765 6.843637014831398 2.4441363919309974e-08 0.04909477976301758 0.024860219748101053 0.0242322238421847 1.3951469827883752e-05 0.02527844001255316 0.023816339750464422 0.03419947897437017 0.03418947896572926
1680.0 13.852103670318082 -4.6539344288094995 84.96948194154916 -306287.6793665845 3.1338290979473735e-05 36.98413606710204 26.276684988701486 35.63004142449411 86.44045707743284 217.01091299179703 400.0 -0.01184838313904612 1.3493057437448197 1.3540946426079348 0.004821171422538181 6.924432747264313 2.44801565753832e-08 0.04940221500242731 0.02501871215196952 0.02438116750852009 1.4061712444524464e-05 0.02544401034977967 0.023958204652647638 0.034412240789123937 0.03440224078064054
1690.0 13.865104148106832 -4.662706455647687 85.18891306784084 -305913.5178665841 3.126111270138181e-05 37.02399554007267 26.287706664699126 35.65923563416474 86.5051714956308 216.42289911581557 400.0 -0.011992193279529112 1.3579027924975096 1.3647599059079367 0.004902737442869214 7.007356280977852 2.452068144964494e-08 0.04970903275625188 0.025176969053827953 0.024529729300339666 1.4173087462620174e-05 0.02560947498857629 0.024099557767675594 0.03462439363171395 0.03461439362342992
1700.0 13.878088309856162 -4.671500988174287 85.40739557429768 -305538.75186659826 3.118327169328433e-05 37.06317012557932 26.29882971031187 35.68763653212568 86.57093067941693 215.83402823683744 400.0 -0.012136677464968831 1.3665000851145679 1.3755335934536361 0.004985934766828285 7.0923923120984576 2.456286988643286e-08 0.050015393082353345 0.025335069927742024 0.02467798978499472 1.4285619275723325e-05 0.02577490721156138 0.024240485870791976 0.03483606484716249 0.03482606483911691
1710.0 13.891091428104712 -4.680316678512511 85.62511558828356 -305162.96149709006 3.1108600744709716e-05 37.10311520675961 26.310059259522966 35.71669483564382 86.62785922365397 215.24253525757422 400.0 -0.012281887332309381 1.375102863007371 1.3864203711157943 0.0050706907514797 7.179551586199547 2.460667777595082e-08 0.0503214957560738 0.025493115478946567 0.024826048019254348 1.4399357497335727e-05 0.025940404593056986 0.02438109116301681 0.035047405848686534 0.03503740584091127
1720.0 13.90400289892423 -4.689157045775339 85.84154734639328 -304787.41348867514 3.1023356759004694e-05 37.13859991633481 26.321387726666845 35.74118650821106 86.71137365829786 214.65375646537024 400.0 -0.012427841272454642 1.3837107333086531 1.397413408123756 0.005156777349112576 7.268710182614037 2.4651945211977023e-08 0.050627362747651415 0.02565111149092774 0.024973920163915076 1.4514231395179177e-05 0.02610595666457646 0.02452140608307495 0.035258462029858086 0.03524846202238073
1730.0 13.916969487431864 -4.698017214494371 86.05742044659193 -304410.4138733626 3.0946268270971354e-05 37.17675862148274 26.332829377055756 35.76823303426723 86.7732598350809 214.06083807580802 400.0 -0.012574618957124693 1.3923331011675455 1.408525587215509 0.005244238232434252 7.359969769330902 2.469871159186431e-08 0.05093332573340742 0.02580922916743492 0.025121766688416605 1.4630376633917148e-05 0.026271741650583613 0.0246615840828238 0.035469463989229955 0.0354594639820723
1740.0 13.929867592222605 -4.70690127259607 86.27214533211892 -304033.3996645956 3.086195521398183e-05 37.21169703498865 26.344374869441538 35.791948609147575 86.85323922260976 213.46942067312796 400.0 -0.012722238879579857 1.400969039935806 1.4197484258410797 0.005332823132846439 7.453180827524273 2.4746798393856498e-08 0.051239392069726865 0.025967466262033924 0.02526959716818633 1.4747705165297014e-05 0.02643773954250474 0.024801652527222124 0.035680450205618094 0.035670450198794834
1750.0 13.94275738053353 -4.715807072346138 86.4860286731875 -303655.6614110839 3.0777812997133015e-05 37.24626810619032 26.356030531773968 35.81518050243578 86.93240812580058 212.87674639953693 400.0 -0.012870762141266215 1.4096245155655132 1.4310876037545415 0.00542248175284022 7.548356905969747 2.4796172691430925e-08 0.0515457852838145 0.026125936252466384 0.025417521642363484 1.4866277248755498e-05 0.02660406308005734 0.024941722203757156 0.03589158698083769 0.0358815869743572
1760.0 13.955608500328365 -4.72473539735698 86.69893534406502 -303277.53778755397 3.069057268645288e-05 37.27917313357315 26.367794475087077 35.83663180939234 87.01913967689349 212.28420597443153 400.0 -0.013020230339490431 1.4183020057326574 1.4425413241808096 0.005513061186197009 7.645420972717713 2.484672462421744e-08 0.05185262047878091 0.026284694510656504 0.02556559982348446 1.4986074824663894e-05 0.026770758389662343 0.025081862089118567 0.036102977171759566 0.03609297716563059
1770.0 13.968450964280814 -4.733685051510676 86.9110244820318 -302898.66101329064 3.0603776479069734e-05 37.31179843924342 26.379669848682006 35.85768608771435 87.10433371643654 211.69041081730504 400.0 -0.013170699582703256 1.4270062164371344 1.4541123515290615 0.005604475158364292 7.744346273064996 2.4898391248837658e-08 0.05216008244691277 0.026443833744934874 0.02571392378279535 1.5107127606854346e-05 0.026937914666927104 0.025222167779985667 0.03631476452460522 0.03630476451882325
1780.0 13.981261360601982 -4.742657046763455 87.1221943481965 -302519.3343484406 3.0514532852024355e-05 37.343039999429266 26.391654717666967 35.87724120674071 87.19585455731439 211.09643723083536 400.0 -0.013322214519091732 1.4357397314085893 1.4657987926885463 0.0056965749578942486 7.845048460054263 2.4951062216873094e-08 0.052468290368383394 0.026603411484309586 0.025862555153830485 1.5229416486964246e-05 0.027105580809421943 0.025362709558961437 0.03652705457067619 0.036517054565234956
1790.0 13.994109844552316 -4.751649259368179 87.33279967983346 -302138.74548098893 3.0430149978044153e-05 37.37576709807285 26.403755164336406 35.89816104360645 87.27429802570089 210.49901709872486 400.0 -0.013474844705180827 1.444508842320673 1.4776060544664027 0.005789310815065929 7.947520277274554 2.5004696913201047e-08 0.05277748123832973 0.026763547952874712 0.026011610698492678 1.5352998815371037e-05 0.027273877041804298 0.025503604196525437 0.0367400233679606 0.036730023362854414
1800.0 14.006806022353162 -4.760665748967327 87.54192298835146 -301758.9545223885 3.0332715366970288e-05 37.40278583173992 26.41595359172555 35.91326797556938 87.38660806639734 209.90701101577127 400.0 -0.013628589973676488 1.4533089806994395 1.4895178561705373 0.00588235621927784 8.051515312561435 2.5059052766107836e-08 0.05308754670484351 0.026924179854593503 0.026161045329574067 1.547770466667048e-05 0.027442716233700214 0.02564483047114329 0.03695363908722554 0.03694363908243174
1810.0 14.019544085451358 -4.769702331909912 87.74709989378782 -301384.0628001104 3.024036521600534e-05 37.43138710015694 26.428260724139122 35.92983806957877 87.48551646370234 209.3472906374209 400.0 -0.013783555336005707 1.462151438052503 1.5015490305781674 0.005975786790958798 8.157119153556296 2.5114175561232072e-08 0.053398884518780707 0.0270855126218842 0.026311051367276003 1.560369006836051e-05 0.027612315004008625 0.025786569514772067 0.03716817515612473 0.037158175151627254
1820.0 14.032211795417652 -4.778761419903404 87.93883973437181 -301031.694405066 3.0142998155619126e-05 37.45747921550671 26.440651476920635 35.943789403920846 87.59770617496596 208.91949966382518 400.0 -0.013939743488189386 1.471033443369666 1.5136898115858624 0.006069410796903183 8.26418042969532 2.516991730783628e-08 0.053711427128283466 0.02724750746305557 0.026461600033365507 1.5730853502725364e-05 0.027782620973471076 0.025928806154812377 0.037383611048129685 0.03737361104390238
1830.0 14.044909856651095 -4.787840256187437 88.1299817959375 -300678.4905691851 3.0049779501281373e-05 37.4847964044054 26.453156620093516 35.95884713056245 87.69887767527801 208.48980512502078 400.0 -0.014097189721395738 1.4799594206216533 1.5259492738429605 0.006163341286240229 8.37279285069084 2.522634943563631e-08 0.05402531184861343 0.027410238406372828 0.02661275462388579 1.585929127709551e-05 0.02795371869439489 0.026071593154218555 0.037600030759150416 0.037590030755169264
1840.0 14.057546886073693 -4.796941170868436 88.32020114767465 -300325.2919196214 2.9952461564421677e-05 37.509976166436864 26.465769580421835 35.97165494248212 87.81095635162336 208.06129689701095 400.0 -0.014255859212289898 1.4889246572193606 1.5383212239547448 0.006257535302165101 8.482914768687403 2.5283432427498373e-08 0.05434037013462368 0.027573619591414574 0.026764432451715534 1.5988939923115895e-05 0.02812551784328291 0.026214852291340778 0.037817322709277505 0.03780732270551918
1850.0 14.070146550713556 -4.8060636244642865 88.50959145141212 -299971.9008111753 2.9853556012473124e-05 37.534033544756426 26.478493719466194 35.983224750909265 87.92736388968851 207.63317728328764 400.0 -0.014415755992283926 1.4979297485417844 1.550808793847161 0.006352052457005333 8.594592365110039 2.5341199422246075e-08 0.05465660868644664 0.027737657160695175 0.026916634079792303 1.6119833677547575e-05 0.028298029593169956 0.026358579093276678 0.03803548553702589 0.03802548553346812
1860.0 14.08276134382179 -4.815205649035676 88.69835150757885 -299617.7824692107 2.975704538469351e-05 37.55862460732291 26.49133476385964 35.99520726522174 88.03745789328246 207.20365954843035 400.0 -0.01457689904417579 1.506976968579022 1.5634173421011692 0.006446965378309681 8.707883362068019 2.5399691521037488e-08 0.054974093367628415 0.027902387684501834 0.027069388807224752 1.6252030097047263e-05 0.028471297241792013 0.0265027961258364 0.03825455778425477 0.03824455778087772
1870.0 14.095351419990287 -4.824368825848111 88.88634351256083 -299263.36606284074 2.966005711842827e-05 37.58259268595088 26.504290709449453 36.00644771054372 88.14918609366023 206.77409575594226 400.0 -0.014739269177529825 1.5160639275868977 1.57614497540716 0.006542281579998818 8.822789258032389 2.5458904553038517e-08 0.055292731101232284 0.02806776514180208 0.027222649579443602 1.6385510911729386e-05 0.028645274807991714 0.026647456293240557 0.03847447439741996 0.038464474394201725
1880.0 14.107862501151645 -4.833553699539536 89.07337665915388 -298909.08590071753 2.9558198791414486e-05 37.6040574737041 26.517358540094875 36.01506861945025 88.27421080713955 206.34634313528576 400.0 -0.014902836239142769 1.5251872245747164 1.5889888542538573 0.006638010622680125 8.939313768598366 2.5518836854261003e-08 0.0556123911025796 0.028233724457356384 0.027376350688805194 1.652024806346997e-05 0.028819896866980232 0.02679249423559936 0.03869514350456069 0.03868514350148377
1890.0 14.120348393554776 -4.842759154184563 89.2596542692795 -298554.47879972967 2.9455879924119948e-05 37.62484449508512 26.530544195082893 36.022889941912304 88.40061519729096 205.9185676470289 400.0 -0.015067620272230593 1.5343493070317904 1.601954553172816 0.006734225257553753 9.057515534828545 2.5579528889816135e-08 0.05593314537622544 0.028400305373964173 0.027530524402622863 1.6656301534445072e-05 0.028995209952989542 0.026937935423235897 0.038916607810890284 0.03890660780793487
1900.0 14.132807152733 -4.851985174549554 89.44517628680084 -298199.5660628083 2.9353022529374133e-05 37.64496921650654 26.5438490381307 36.02992585972137 88.52902939727349 205.4908359076939 400.0 -0.015233616370335596 1.5435497022530935 1.615043356785176 0.006830963726200929 9.177423843933678 2.5640997645730174e-08 0.05625496511953792 0.028567495468395116 0.027685154344770743 1.6793686504222023e-05 0.02917120465910425 0.027083760460433662 0.039138843457061735 0.039128843454210756
1910.0 14.145232524081917 -4.8612317090745165 89.62992680534829 -297844.39576411474 2.9249255722239195e-05 37.664246563393235 26.557274157989184 36.03599026586462 88.66029743739934 205.06336351797603 400.0 -0.015400816952631926 1.5527876925648576 1.628256297528618 0.006928263686446568 9.299068145987627 2.5703259871520576e-08 0.05657781251909161 0.028735277753674467 0.027840219692009824 1.6932415592389238e-05 0.029347866838375734 0.02722994568071589 0.03936182029171734 0.03935182028895658
1920.0 14.15764867950373 -4.870498367061202 89.8140009665682 -297488.7706800069 2.914637262433926e-05 37.68348920683014 26.57082311385556 36.041892472744955 88.78987972418622 204.63531789411252 400.0 -0.015569231274576548 1.5620643808246215 1.6415967340851843 0.007026174475404626 9.422488096672252 2.5766339263032208e-08 0.056901714389843254 0.0289036684099762 0.02799573108273088 1.7072525777932214e-05 0.02952521720718216 0.027376497182661105 0.03958555210273652 0.0395755521000476
1930.0 14.169932392923993 -4.879787324069113 89.99695521443935 -297133.7770739065 2.9035280064232675e-05 37.698682516046034 26.584488023665035 36.04362522866709 88.9421154140458 204.2109566582342 400.0 -0.015738782900821924 1.5713719795301937 1.6550572873789449 0.007124700860467252 9.547689336726238 2.5830235074758618e-08 0.05722637877335251 0.029072520594624375 0.028151543403377104 1.7213942079655574e-05 0.02970310592163922 0.0275232728517133 0.039809834178313346 0.03979983417568191
1940.0 14.182325998524297 -4.889093322124012 90.17968183087679 -296777.2101989085 2.8934133585640265e-05 37.71776152986366 26.598289546591378 36.049104141672 89.06777324431371 203.7819052213677 400.0 -0.015909609873555646 1.580724951644854 1.6686573881916589 0.007223955211144653 9.674761434735126 2.589500472897956e-08 0.05755231186698419 0.029242095631627586 0.02830790153235353 1.735686930365857e-05 0.02988180988538491 0.027670501981599274 0.04003500932727504 0.04002500932468967
1950.0 14.194586521064032 -4.898421340492092 90.36129929246707 -296421.2762807644 2.8825152093224932e-05 37.73297707176834 26.61221076600803 36.05059588499752 89.21558550146753 203.35657154661158 400.0 -0.016081561982177785 1.5901080991689058 1.6823811867708196 0.007323916458615163 9.803693940305148 2.5960635853488658e-08 0.057878953566740145 0.029412109956088364 0.02846452893242367 1.7501144327842762e-05 0.030061036960822546 0.02781791660591759 0.04026068758737917 0.040250687584827714
1960.0 14.206890863144881 -4.907768565480737 90.54246087739446 -296064.4566888117 2.872057675901358e-05 37.749702067659236 26.626267218533794 36.05345874908939 89.3519580352972 202.92882301749302 400.0 -0.016254743805868 1.599532224757499 1.696243318569847 0.007424667698722883 9.934553100096595 2.6027167594836354e-08 0.05820668074795338 0.029582758466162002 0.028621607584177953 1.7646922026047492e-05 0.030240993819170534 0.027965686928782832 0.040487124508080154 0.04047712450554804
1970.0 14.219102699445221 -4.917136349163897 90.72267443492757 -295707.8650915956 2.8611605213089806e-05 37.76404878657522 26.640450633587754 36.053812718922075 89.5012321955928 202.50339826797102 400.0 -0.01642906347217742 1.6089884527679645 1.7102360676531514 0.007526230170435116 10.06736591070969 2.6094613150005676e-08 0.05853515748292733 0.029753872691687153 0.028778970033520267 1.779412440673904e-05 0.03042150942514415 0.028113648057783193 0.04071408242157879 0.04070408241905864
1980.0 14.231311508887595 -4.926523675478535 90.90227360824456 -295350.77128126536 2.8504058524248883e-05 37.778601331694915 26.654769933535782 36.05423345771923 89.64735254719454 202.07718506384077 400.0 -0.016604574183590085 1.6184823240150843 1.7243678739756818 0.00762866317914791 10.20218270155991 2.616299940426242e-08 0.05886457118048294 0.029925550789455746 0.028936705535130287 1.794284191366865e-05 0.03060268940805849 0.028261881772424443 0.040941686695687166 0.04093168669316369
1990.0 14.243433047601565 -4.935931260183224 91.08095637915208 -294993.86376575596 2.839267595717916e-05 37.79101689780093 26.669221140540902 36.052381830153436 89.80511985893875 201.65312849247442 400.0 -0.01678121335610097 1.6280081334101724 1.7386350676474887 0.007732007523738682 10.339049135502576 2.6232351010593996e-08 0.05919469849575991 0.030097682093096347 0.029094701414454006 1.8093039015818694e-05 0.030784423428602017 0.028410275067157893 0.04116977639501534 0.041159776392479475
2000.0 14.255684973831084 -4.945358170891012 91.25952572319936 -294635.4741243763 2.8289760890415558e-05 37.806844885705544 26.683822650011187 36.05378987538003 89.93997340358943 201.2236039198153 400.0 -0.016959129436685517 1.6375802906823616 1.7530550103255071 0.007836317207204051 10.478002050580182 2.6302682515487366e-08 0.05952605404091469 0.03027053060697731 0.029253208279103805 1.8244899094418823e-05 0.030966987363769773 0.02855906667714491 0.041398707435433314 0.04138870743287514
