#Found quasiharmonic mode : None
#T(K), volume, F(eV), S(J/K), H(J/K), a(-6/K), Cp(J/mol), Cv, Cpion, Bt(GPa), T_ph-D(K), T-D(K), F_el_atom, S_el_atom, C_el_atom, M_el, Seebeck_coefficients(μV/K), Lorenz_number(WΩK^{−2}), Q_el, Q_p, Q_e, C_mu, W_p, W_e, Y_p, Y_e
0.0 12.102898626098954 -3.6879789718684606 0.0 -355835.8759523046 0.0 0.0 0.0 0.0 134.0122088255135 400.0 400.0 0.0 0.0 0.0 0.0 0.0 2.443004551768e-08 0.0 0.0 0.0 0.0 0.0 0.0 0.0 0.0 0.0
0.28 12.102898621748883 -3.687978972295184 0.00020219075425931363 -355835.8759368637 7.178777870780635e-11 0.00020252286886844929 0.00020252286885576442 4.981719264504016e-07 134.01220971661127 440.80508001810387 400.0 -2.932598095724446e-10 0.00020202469695472514 0.0002020246969419989 1.7474568364241766e-10 0.001247114979590941 2.443004508837528e-08 7.385702129489047e-06 3.690900519675574e-06 3.672874249419862e-06 0.00020202469695476075 7.178777870780635e-11 3.6928735799471787e-06 3.692828549541869e-06 5.119400284906275e-06 5.119400331612148e-06
0.8 12.102898629489085 -3.6879789740547153 0.0005810864765729081 -355835.8756983769 3.647584899695294e-10 0.0005888325900700679 0.0005888325891343865 1.1619170897392656e-05 134.0122084922821 440.80508050687865 400.0 -2.3930802921572453e-09 0.0005772134199190042 0.0005772134191726752 1.4254275028660697e-09 0.0035631671561307927 2.4430045057003486e-08 2.1102006087165205e-05 1.054911807802053e-05 1.0530960339158321e-05 0.0005772134194703255 3.647584899695294e-10 1.0551186838248773e-05 1.0550819248916438e-05 1.4626803595848444e-05 1.462680364396835e-05
1.56 12.102898627741304 -3.6879789812420825 0.0011542843814813639 -355835.87505603797 3.4201879039811444e-10 0.001211720740976028 0.001211720739371853 8.615469453873271e-05 134.0122095311733 440.80508039651056 400.0 -9.099348622355906e-09 0.001125566150503178 0.0011255660464372951 5.418960979385743e-09 0.006944390964415838 2.44300425986335e-08 4.1148911589025456e-05 2.0572780258555732e-05 2.0554203628635614e-05 0.0011255660486412511 -2.9316362542368617e-10 2.0575154550236523e-05 2.057375703878893e-05 2.8522255978028747e-05 2.8522256026326068e-05
2.56 12.102898621115155 -3.687978997956577 0.0019739949626226983 -355835.87341599807 2.825662154442972e-10 0.0022278184712098996 0.002227818469413067 0.00038073696447239323 134.01221257451198 440.8050799780854 400.0 -2.4504020580025556e-08 0.0018470826417308448 0.0018470815067375063 1.4576932255403828e-08 0.011364879216463038 2.4430028168040947e-08 6.752641371399571e-05 3.3762011222764207e-05 3.374247478226681e-05 0.0018470815164096943 8.036349253867283e-11 3.376508613716486e-05 3.376132757683086e-05 4.680574671743676e-05 4.6805746766553376e-05
3.8 12.102898651150626 -3.6879790307680196 0.003160599247644161 -355835.86962497095 1.1724246329249569e-09 0.004012884943196905 0.00401288489727915 0.0012711273068125447 134.01221019124785 437.7930734561092 400.0 -5.3991230247492284e-08 0.0027417621372564207 0.0027417576363843593 3.204225162004776e-08 0.016797668754719604 2.4429999385438217e-08 0.0001002344931231408 5.011696489530088e-05 5.0095600516597855e-05 0.002741757667678469 1.3259650269271354e-09 5.012137590144042e-05 5.011311722170038e-05 6.947726437323408e-05 6.947726442499565e-05
5.29 12.102898753836795 -3.6879790919817026 0.00496532872651799 -355835.8612748817 2.1640071943267286e-09 0.0073346659752140594 0.007334665757442977 0.003517859558582278 134.0121965120805 434.0880371200979 400.0 -1.0463252554744726e-07 0.0038168185713519033 0.0038168064166317814 6.190538208192687e-08 0.023279947368363894 2.4429956199343325e-08 0.0001395368896732585 6.976972425737482e-05 6.974523770376091e-05 0.003816806500136718 2.1640071943267286e-09 6.977641963278881e-05 6.976047004046968e-05 9.671962436720463e-05 9.671962441943781e-05
7.01 12.102898921224554 -3.6879792043164343 0.007786248884729791 -355835.8437985198 3.759390846275074e-09 0.013472702398711988 0.013472701527788393 0.008414912092418519 134.01217683417696 430.11356704057727 400.0 -1.8373460648932132e-07 0.005057819619913629 0.005057790306293468 1.0834094991492144e-07 0.03070189488401964 2.4429883833569938e-08 0.00018490600294522402 9.245670664554806e-05 9.242736858719935e-05 0.005057790498469304 3.759390846275074e-09 9.246695389547263e-05 9.24390490497514e-05 0.00012816712852939407 0.00012816712858211622
8.98 12.102899341537723 -3.6879794057156374 0.012352604079483348 -355835.8068858089 8.011319145436992e-09 0.02474497692949688 0.02474497186295876 0.018265853048702103 134.01212025164278 425.5442185456637 400.0 -3.0151373740777443e-07 0.006479191526851708 0.006479123880794776 1.7710360042948758e-07 0.039082699964031346 2.442975528834458e-08 0.00023686929086772995 0.00011844193901523589 0.00011840542413990045 0.006479124279350968 8.22928910871871e-09 0.0001184574457541619 0.0001184118451135681 0.00016418539672110975 0.00016418539677156882
11.19 12.102900278719893 -3.6879797642785377 0.019768054878916794 -355835.73120372 1.5674816913091204e-08 0.04497868283702018 0.044978658667860376 0.03690511201557898 134.01198693156965 419.45268228725223 400.0 -4.681811760897758e-07 0.008073712423381162 0.008073570821441202 2.7368625820176557e-07 0.04828441480666803 2.4429557642424468e-08 0.0002951628186831614 0.00014759373318337776 0.00014754715778720582 0.008073571579103045 1.5674816913091204e-08 0.00014761662716709158 0.00014754619151606988 0.00020459150974362248 0.00020459150979382622
13.64 12.102902219923562 -3.6879804006087227 0.03184863868281459 -355835.57938935165 2.9082537227583288e-08 0.08115878235577441 0.08115868094021697 0.07131767018171849 134.01169185795064 410.48487985193566 400.0 -6.956353421524973e-07 0.009841373660474596 0.009841112174055925 4.0420533944824705e-07 0.05821342359358677 2.4429303916642754e-08 0.0003597863499813137 0.00017991227633584527 0.0001798521459329919 0.009841113516280014 2.9082537227583288e-08 0.00017994515323074787 0.00017984119675056587 0.0002493853438518719 0.00024938534390170326
16.34 12.10290618427328 -3.687981530179556 0.05175486774118763 -355835.27711726143 5.383326859881187e-08 0.14672999182617272 0.1467295755542027 0.1349410364959501 134.0110277993682 397.5752991697447 400.0 -9.982879925200167e-07 0.011789381735356328 0.011788955330222603 5.757886924483221e-07 0.06882921889957039 2.4429031047252355e-08 0.0004310033775092566 0.0002155296671945761 0.00021545178260236073 0.011788957578289582 5.392265301690038e-08 0.00021557566803896908 0.00021542770947028758 0.0002987495854814555 0.00029874958553418755
19.27 12.102914180504772 -3.6879835186896486 0.08458562992275626 -355834.6846887684 1.0070343939574257e-07 0.2641737890687002 0.26417207120203384 0.25027109633122363 134.00955506795128 381.6144324549366 400.0 -1.3883973895715961e-06 0.013903302746763333 0.013902692737476616 7.939024699598286e-07 0.07999393035642766 2.442880624889112e-08 0.0005082861457145365 0.0002541822909112482 0.0002540819270911427 0.013902696319724633 1.0070343939574257e-07 0.0002542449751417707 0.0002540411705727658 0.00035231845649046794 0.00035231845654382186
22.45 12.102930508188528 -3.687987045600778 0.13895380440745214 -355833.53543613973 1.9047599889169158e-07 0.46790045157524685 0.4678932916854841 0.4517036280056563 134.00639353995496 365.1225779359063 400.0 -1.8844367480630404e-06 0.016197572406156477 0.01619682356959061 1.0670762230929025e-06 0.09175169621768106 2.4428724311526408e-08 0.000592162165547826 0.000296134322502603 0.0002960059153332028 0.01619682906317496 1.9044360379096699e-07 0.0002962179024464264 0.00029594426310139985 0.00041045761202324624 0.00041045761207543204
25.87 12.102963392913214 -3.6879932473436554 0.22663301329786092 -355831.3903302159 3.5173206342785196e-07 0.7968512163423248 0.79682308370345 0.7781869558924973 134.00005959749606 350.74189833007097 400.0 -2.502306192390582e-06 0.018665000845453427 0.01866426044982741 1.402028578336256e-06 0.10406366393916537 2.442888584321754e-08 0.0006823681049347065 0.0003412544230053748 0.00034109175421725643 0.018664268599931932 3.518981672800446e-07 0.00034136362562439584 0.0003410044793103107 0.00047298447996511645 0.00047298448001828843
29.53 12.10302654185198 -3.6880039680696655 0.36217388841320475 -355827.5927241547 6.150928004289657e-07 1.2864379477266414 1.2863397504575358 1.2651328006633902 133.98842379766768 339.62584826083423 400.0 -3.260422583258729e-06 0.02130563704585993 0.021305147063251276 1.8066293714782756e-06 0.11695819167251992 2.4429330600284364e-08 0.0007789051267258019 0.0003895435643326652 0.00038933963468060857 0.021305158827168356 6.150129252294819e-07 0.0003896837196250965 0.00038922140710070545 0.0005398997530171795 0.0005398997530658779
33.43 12.103139886643776 -3.6880219668809957 0.561065780051698 -355821.2679113414 1.004354518688989e-06 1.9588381147678375 1.958541764256222 1.934718541702919 133.9688299618367 331.63071673321593 400.0 -4.1785007557432504e-06 0.024119552202804824 0.02411957306491858 2.289330237418937e-06 0.13048355493353958 2.4429988427764387e-08 0.0008817753373992287 0.0004410032273602635 0.0004407501823252685 0.024119589661500962 1.0046494393729215e-06 0.000441180313295888 0.00044059502410334053 0.0006112047079519781 0.0006112047080038875
37.58 12.103329681108956 -3.6880511496686808 0.838352479829538 -355811.3347651385 1.5319879217131166e-06 2.8197236131401424 2.8189486690661316 2.792608878077172 133.93825245987955 326.0640543385181 400.0 -5.280366758368366e-06 0.02711404709634544 0.02711473506297045 2.8607300635127276e-06 0.1447353218832451 2.4430686719323184e-08 0.0009912456249073207 0.0004957674030661056 0.0004954562941252189 0.027114758049828137 1.5319879217131166e-06 0.000495988210379956 0.0004952574145273647 0.0006870841170698536 0.0006870841171204256
41.96 12.103624419705772 -3.6880963328740393 1.2039354512070568 -355796.68243637314 2.1896709134392656e-06 3.849317683732068 3.8475505753209376 3.819041624881826 133.8940150782936 322.24951742048785 400.0 -6.583048885066032e-06 0.030274777950783517 0.030276058850242323 3.5280506281136195e-06 0.15971648892209708 2.4431199471958397e-08 0.0011067923380209785 0.0005535746533741196 0.0005531957569269769 0.03027609014971814 2.1896709134392656e-06 0.0005538465276887692 0.0005529458103322094 0.0007671748150553366 0.0007671748151053016
46.59 12.10405672573513 -3.688163757712715 1.6664760417942477 -355776.0639570714 2.96310960941317e-06 5.021513184545535 5.017921675088477 4.987895421752975 133.8333989770847 319.6189766780811 400.0 -8.116159358593018e-06 0.033616260841312896 0.033617762792560436 4.305265602392337e-06 0.1755764024043196 2.4431326527816786e-08 0.0012289475642629339 0.0006146917656141117 0.0006142338709229621 0.03361780485100554 2.96310960941317e-06 0.0006150231247048755 0.0006139244395580583 0.0008518455203524735 0.000851845520400267
51.46 12.104656381609692 -3.6882603259942215 2.2276022917479303 -355748.3900846386 3.823877905402878e-06 6.294282798934513 6.2876799361883435 6.257150398601551 133.7545536632945 317.7941295805368 400.0 -9.901879931141677e-06 0.03713135708585464 0.03713240033296331 5.20293182510168e-06 0.192368280723883 2.443093385008469e-08 0.0013574522104997325 0.0006789897764898187 0.0006784405062755268 0.03713245617510921 3.823785093360768e-06 0.0006793898494680885 0.0006780623610316438 0.0009409167151001518 0.0009409167151478184
56.57 12.105451152407586 -3.6883937659841877 2.885412206237801 -355712.66973181505 4.741080733660749e-06 7.62520689020416 7.614056138130702 7.5843870964536535 133.6561318667754 316.51113267935915 400.0 -1.1966514393069198e-05 0.0408201416499679 0.04081979375050594 6.2342394810022395e-06 0.2101810648217321 2.442997758117781e-08 0.0014923109663197611 0.0007464717608190247 0.000745817277754866 0.040819867125554535 4.741302349341791e-06 0.0007469507903961901 0.0007453601759235711 0.0010343919290374854 0.0010343919290854205
61.92 12.106464554620935 -3.6885723436616047 3.6345064415501818 -355668.0789879759 5.684979172984995e-06 8.97431522464338 8.956780357589292 8.929635365715308 133.5374341401099 315.5930780572815 400.0 -1.4337680411472956e-05 0.044682693005984604 0.04467985892807213 7.413647388809789e-06 0.22909870306411478 2.4428494747120568e-08 0.0016335283606327062 0.0008171407900470197 0.0008163656428250533 0.04467995445850789 5.684979172984995e-06 0.0008177101304720005 0.0008158182301607059 0.0011322747877404223 0.0011322747877894864
67.52 12.10771796322336 -3.6888051002661797 4.468489219151398 -355613.87283305515 6.630936314953174e-06 10.309669143477691 10.28368028607335 10.260949304581299 133.39800391480904 314.9203270104128 400.0 -1.7049363692832156e-05 0.04872632215200367 0.04871983889639238 8.75943250928925e-06 0.2492299919794803 2.4426577125547976e-08 0.0017813728233294994 0.0008911320931969893 0.0008902188023535711 0.04871996229925061 6.630936314953174e-06 0.0008918045036290748 0.0008895683197004252 0.0012347520072216154 0.0012347520072709737
73.35 12.109221249862266 -3.6890999223833063 5.374890859627188 -355549.7829904659 7.554735221940112e-06 11.599521149743726 11.562912973459033 11.546595703282566 133.23853663197644 314.4152428794432 400.0 -2.0122150604502514e-05 0.05293669480832368 0.05292544646116006 1.0283879889514832e-05 0.2705589714150161 2.442435906817878e-08 0.0019353207235630473 0.0009681845703688245 0.0009671142253933676 0.05292560457763628 7.554628815793715e-06 0.0009689737570684852 0.0009663469664945622 0.0013414613924528688 0.0013414613925061681
79.43 12.110989595788237 -3.6894665164328018 6.34659457293311 -355475.29217671027 8.443614804279577e-06 12.828804066785935 12.779343558499532 12.771492718894569 133.05896604570472 314.0216782768537 400.0 -2.3598193518984617e-05 0.057328384096472555 0.057311347891367284 1.2010584418748557e-05 0.2931948605007828 2.4421968965245572e-08 0.0020959047429613274 0.0010485658655845797 0.001047316949550252 0.05731154910182539 8.443614804279577e-06 0.0010494873494952314 0.0010464173934660965 0.0014527729467417316 0.0014527729467901079
85.75 12.11302686572355 -3.6899129709208722 7.371793348554513 -355390.34721355775 9.285285281224462e-06 13.982582669272526 13.918096633692985 13.920712025656611 132.86021609369783 313.7034348291971 400.0 -2.7505395424558347e-05 0.061894322515826564 0.06187064361591428 1.3956590591072944e-05 0.31711650869815616 2.4419537322574066e-08 0.002262865783461245 0.0011321473974114974 0.0011306964581939644 0.06187089787126169 9.285285281224462e-06 0.0011332180139095019 0.0011296477695517434 0.001568507787422895 0.0015685077874739639
92.31 12.115336171859045 -3.6904475914309103 8.440642285898639 -355294.90584125416 1.0073671112155384e-05 15.053990963504736 14.972400826655694 14.987387263557595 132.6430482918532 313.4349482928485 400.0 -3.187804045864389e-05 0.06663468869574805 0.06660369994714108 1.6142506940172012e-05 0.3423190911499525 2.441717109703184e-08 0.002436209329725526 0.0012189330552118346 0.0012172543466250903 0.06660401903255693 1.0073573568241101e-05 0.0012201712288177503 0.0012160381009077754 0.001688670297122141 0.0016886702971706615
99.11 12.117918369588205 -3.691078378041297 9.544035626871622 -355189.0138152862 1.0805950460081484e-05 16.04066959442503 15.940027463864743 15.969158678881838 132.40822606003806 313.1985275010936 400.0 -3.6751746961597536e-05 0.07154968615185245 0.07151091554319261 1.8589875892261103e-05 0.3687805123269199 2.4414952865083837e-08 0.0026159415797901643 0.0013089271233755581 0.0013069925284898319 0.07151131329145288 1.0805950460081484e-05 0.001310352941260108 0.0013055886385300564 0.0018132651823023547 0.0018132651823534278
106.16 12.120776630954795 -3.691814098214678 10.67536439312951 -355072.6127075669 1.1482797409852732e-05 16.944779695439824 16.823254161322577 16.868179770804744 132.15614557367067 312.9815642259244 400.0 -4.2171424075098984e-05 0.07664677217348322 0.07659992463507925 2.1325067655267903e-05 0.3965044445168038 2.441293808714652e-08 0.0028023339317945943 0.0014022667237761014 0.0014000452800543544 0.07660041728750952 1.1482797409852732e-05 0.0014039023081656968 0.0013984316236288973 0.001942480813669499 0.001942480813720169
113.44 12.123900586129583 -3.692659979789539 11.82417892054604 -354946.18969947944 1.2104027194399439e-05 17.76701811422493 17.62298318219656 17.685161403413105 131.88823437594039 312.77603946660884 400.0 -4.8160016265124115e-05 0.08191173472324825 0.08185671081182452 2.4363368162869345e-05 0.42536660462095377 2.4411168733661753e-08 0.0029948654104022237 0.0014986921896226232 0.001496151292773285 0.08185731682566438 1.2104024590715982e-05 0.0015005608500671735 0.00149430456033505 0.002075956067786189 0.002075956067838893
120.97 12.12729573746796 -3.6936253073426 12.987350625592203 -354809.58470061 1.2674161440799024e-05 18.514385232525143 18.34629442448229 18.427089096586933 131.60440755951507 312.5752963024863 400.0 -5.477366335093763e-05 0.08735930551626156 0.08729613593821298 2.77367660872166e-05 0.4553947065078799 2.440965820490181e-08 0.003194073570039795 0.0015984739725588217 0.0015955776694298457 0.087296876793766 1.2674164188395396e-05 0.0016006014897042779 0.0015934720803355165 0.0022140634897486766 0.0022140634898005513
128.74 12.130954328764888 -3.6947155938665475 14.157912992396252 -354663.1714445158 1.3195886718825292e-05 19.19125451540266 18.99771825517413 19.098343118520788 131.30561652120724 312.3753132719874 400.0 -6.204547469500255e-05 0.09298253894680371 0.09291139688187205 3.146538935206238e-05 0.4864952759073851 2.4408413589710183e-08 0.0033997033935491703 0.0017014855903909093 0.001698195875060068 0.09291229685825829 1.3195901317754054e-05 0.0017038993090100463 0.0016958040845391237 0.002356626032014569 0.0023566260320659563
136.75 12.134872602468935 -3.6959371202655262 15.331332477331035 -354507.16082718066 1.367318961674564e-05 19.80356023474711 19.583297173681228 19.704857329112418 130.99237891088 312.17302376689423 400.0 -7.001787336621766e-05 0.09878173673331994 0.09870290563469428 3.557382518534299e-05 0.518614926366716 2.4407429396773432e-08 0.0036117650307581108 0.0018077333541963658 0.0018040097484145739 0.09870399219293041 1.367318961674564e-05 0.001810462528315428 0.0018013025024426824 0.0025036503744794666 0.0025036503745337274
145.01 12.139051912324842 -3.697297560866474 16.505225661760917 -354341.56033345574 1.4110550013336844e-05 20.357892708422018 20.10968087960511 20.253214401906217 130.6647544451112 311.9659897581575 400.0 -7.874552744866917e-05 0.10476446020741274 0.10467830651580114 4.0092698538991795e-05 0.5517431597488828 2.4406692731999096e-08 0.003830534226674499 0.0019173566688239615 0.001913155629652776 0.10467961082776947 1.4110498245141385e-05 0.0019204329288183197 0.0019101012978561796 0.0026553272699316364 0.0026553272699845155
153.5 12.143478507790348 -3.6987992933214713 17.67362696518828 -354166.97652218706 1.4510983005765393e-05 20.858700622694524 20.581456247500952 20.747877084988122 130.32393263640722 311.753141419531 400.0 -8.825248861661696e-05 0.11091655466334001 0.11082353770640235 4.503643112319934e-05 0.5857535039120579 2.4406189084092572e-08 0.0040554927637287885 0.002030097081679187 0.0020253737538001395 0.11082509411305845 1.451099369266294e-05 0.0020335531932040656 0.0020219395705247238 0.0028112969561921966 0.002811296956248635
162.24 12.148159471585613 -3.700451250765198 18.83673828578453 -353983.19550446386 1.4879322015132718e-05 21.312650337339345 21.0052747388601 21.195496854856827 129.96944606283836 311.5328409137804 400.0 -9.860773705820276e-05 0.11725285826095633 0.11715348248251899 5.0442409668016825e-05 0.6206851345397099 2.4405898709785695e-08 0.004287182696638917 0.0021462274725784648 0.002140933295758446 0.1171553298974159 1.4879322015132718e-05 0.002150099104589032 0.002137083592049885 0.002971934758984613 0.0029719347590398187
171.22 12.15308651936727 -3.7022568702770684 19.991101487524464 -353790.6073255408 1.5218399831082607e-05 21.724198236453965 21.385678358473633 21.60053692357316 129.6019993169256 311.3045177486942 400.0 -0.00010984838693863682 0.12376648494106345 0.12366131288080318 5.63311107265042e-05 0.6564628212384426 2.4405802893953186e-08 0.004525351794632688 0.0022656226722286674 0.0022597071940491016 0.12366349421640427 1.5218355232188162e-05 0.0022699471017677353 0.002255404692864953 0.003137065299701673 0.003137065299758079
180.43 12.15825126350013 -3.704218873492181 21.133857157609913 -353589.6064071178 1.5531452066006466e-05 22.097639148742033 21.727014134014755 21.967298962193905 129.222259740064 311.0678280105406 400.0 -0.00012201027232035452 0.13045054727814254 0.13034018654812732 6.272191623135557e-05 0.6930178237530662 2.4405882056470233e-08 0.004769747871730393 0.0023881574679442243 0.002381568475378447 0.1303427488783693 1.5531631848587863e-05 0.002392973499480419 0.0023767743722499755 0.0033065132349210592 0.003306513234978664
189.9 12.163668436190356 -3.706348524964966 22.267374239139453 -353379.69401570427 1.5822422491456247e-05 22.43834844775983 22.034569956164493 22.301136164480358 128.82919039827385 310.82154707983653 400.0 -0.00013518484724175093 0.1373272090655742 0.137212283279472 6.966315766826652e-05 0.730445687131302 2.440611793069621e-08 0.005021181021289123 0.0025142393057443267 0.0025069197870846494 0.13721527992270996 1.5822422491456247e-05 0.0025195895030085125 0.0025015915182806103 0.003480839749254481 0.0034808397493104747
199.6 12.16931884337625 -3.7086437648007404 23.387004215555034 -353161.67932014185 1.609296622510705e-05 22.748986711439056 22.311122469539296 22.604730449707237 128.4242569583052 310.566125799598 400.0 -0.00014938365273140997 0.144375088496831 0.14425626173181688 7.716081282826453e-05 0.7686096773758367 2.4406492187137598e-08 0.005278869202531336 0.002643477332150282 0.0026353699418694937 0.144259750001516 1.609270686830905e-05 0.0026494047641299964 0.00262946443840134 0.0036595021693395934 0.003659502169396335
209.54 12.175206797033287 -3.711111102196142 24.49322206405827 -352935.4774783113 1.6345972205440542e-05 23.03335529677334 22.560430039215554 22.881875489081164 128.0071707960567 310.30103837555646 400.0 -0.00016467386866804779 0.151601857555913 0.15147980769217764 8.524989201332907e-05 0.8075366331885685 2.4406988362600165e-08 0.005543092728994953 0.0027760134005467936 0.0027670573998866115 0.15148385103023998 1.634615625533281e-05 0.0027825638803569345 0.002760528848638018 0.003842694411048811 0.0038426944111087436
219.73 12.181337237229576 -3.7137573513558806 25.586542494783437 -352700.9804762849 1.6584049461103818e-05 23.294756093252996 22.785737719330378 23.13586545751521 127.57763772607599 310.0258054390677 400.0 -0.00018112708279585286 0.15901521880685915 0.15889063573778545 9.396755984308024e-05 0.8472570978412478 2.4407591714152458e-08 0.0058141330465131405 0.002911990044329624 0.0029021210735738624 0.15889530433779842 1.6584049461103818e-05 0.0029192123014550415 0.0028949207450581 0.004030611196467875 0.004030611196529859
230.16 12.187703227677773 -3.716584101416103 26.66546682859644 -352458.5275317747 1.6808083902836002e-05 23.535559574778542 22.989486375362233 23.369077646621257 127.13622634152863 309.7405333809386 400.0 -0.00019878483769411703 0.166608340978195 0.16648192815728602 0.00010333485927317972 0.8877273055060301 2.4408287653527885e-08 0.0060917402533438225 0.0030512832837058844 0.003040435040982632 0.16648729824503056 1.6808083902836002e-05 0.0030592277275105803 0.0030325125258332418 0.004223078880726476 0.004223078880786714
240.83 12.194304329286203 -3.7195952228957196 27.729770654489613 -352208.21976633824 1.702095379402224e-05 23.758255731803477 23.17407496166124 23.584001587806235 126.68303066950295 309.4450755949415 400.0 -0.0002177051312101444 0.1743816764593415 0.17425414399724048 0.00011338137828994705 0.9289461968592176 2.440906334451051e-08 0.0063759307781528374 0.003193902759987983 0.003182006089466903 0.1742602988372477 1.702095379402224e-05 0.0032026221437276886 0.0031733086344251484 0.004420108500723198 0.00442010850078564
251.74 12.20114059323859 -3.722794459648739 28.77934482190491 -351950.1475882382 1.7223726133566606e-05 23.964961509365292 23.341625851124657 23.782753754187915 126.21811145992498 309.13929322969227 400.0 -0.00023794742109379752 0.1823356929757355 0.18220775517737303 0.0001241373540442871 0.970915608007596 2.4409907235512298e-08 0.006666721629602959 0.0033398584471273723 0.0033268412537385706 0.18221478557711437 1.7223726133566606e-05 0.00334940792426924 0.00331731370533372 0.004621711523391242 0.00462171152345531
262.89 12.208212114797345 -3.7261854459691364 29.81417308304134 -351684.3923332417 1.7417803079099138e-05 24.157582705058847 23.494015176757074 23.96723946108839 125.74155550046419 308.8230678466349 400.0 -0.0002595726305069663 0.19047087026359386 0.19034324397045557 0.00013563368483327957 1.01363965805812 2.4410809022300837e-08 0.006964130270587949 0.003489160590451722 0.0034749477513643344 0.19035124881308696 1.7417771781928706e-05 0.0034995977720814623 0.003464532498506489 0.004827899758159253 0.004827899758223212
274.29 12.215526000324425 -3.729774908511274 30.83519584739355 -351410.7849115713 1.7604575920421856e-05 24.33796062200753 23.63301640356112 24.13929220698697 125.25297755348289 308.4959840083755 400.0 -0.0002826638550765534 0.19879500978920478 0.1986684150205611 0.00014791299844866437 1.0571625936448772 2.441176048746e-08 0.007268441837368116 0.0036419538909390654 0.0036264660176270874 0.19867750282078514 1.760467829627307e-05 0.003653339759141197 0.0036151020782269182 0.005038870610377402 0.005038870610444096
285.93 12.223076697548223 -3.733563288143827 31.841593741613323 -351129.626949057 1.7785028734653393e-05 24.507425060269217 23.759955789995367 24.300248572129263 124.75286478948568 308.1582046921258 400.0 -0.0003072660768557648 0.20730132895824582 0.20717648813995718 0.00016099759519206796 1.1014536997435591 2.4412752964575453e-08 0.007579408307345826 0.0037981154247345534 0.0037812709537847606 0.2071867758284696 1.7785055014092833e-05 0.0038105127697974383 0.0037688955375483886 0.0052544518839997105 0.005254451884063564
297.81 12.230865338146602 -3.7375539223578187 32.83354138883464 -350840.974554094 1.79601767979364e-05 24.667316601771795 23.876133638761026 24.4514486070595 124.24125759601222 307.80960332178915 400.0 -0.000333444750436239 0.21599035501018635 0.2158679947122926 0.000174920638770996 1.1465219298679103 2.441377979388113e-08 0.007897048895453571 0.003957656462960583 0.003939370503648166 0.21587960910555032 1.79601767979364e-05 0.003971130729710002 0.0039259181657435695 0.005474656680128125 0.0054746566801954525
309.93 12.23889333990928 -3.7417500671087254 33.811252095067736 -350544.8765731933 1.8130823605050954e-05 24.818818406173992 23.9826999773052 24.594074920534933 123.71818851160849 307.4500473237169 400.0 -0.00036126684479982564 0.22486263157676983 0.2247434856390565 0.0001897160988178005 1.1923772276244353 2.4414835515580456e-08 0.008221383409960583 0.00412058862612912 0.004100772854975336 0.2247565641060872 1.8130823605050954e-05 0.004135207984270706 0.004086175425689877 0.0056994985346251045 0.005699498534694799
322.29 12.247162376352504 -3.746154903377956 34.77496934666411 -350241.3751546522 1.829798553282312e-05 24.96301168065686 24.080672694680405 24.7292081474721 123.18368478037435 307.07939752797904 400.0 -0.00039080085576045557 0.23391871909595516 0.23380353318475638 0.0002054187777713733 1.239030312929006 2.4415915855863793e-08 0.008552432261372086 0.004286923889766444 0.004265486442746021 0.23381822435007163 1.8297890268915677e-05 0.004302759306746417 0.004249672954625667 0.005928991422791999 0.005928991422860944
334.89 12.255674459899248 -3.750771541785113 35.72496009533564 -349930.5060290542 1.8462208141777174e-05 25.100827993325566 24.17095356992101 24.85777925912073 122.63775983646418 306.6975029357148 400.0 -0.00042211682077165707 0.24315919654881457 0.2430487342048353 0.0002220643461954096 1.2864925532492386 2.4417017710693136e-08 0.008890216519011883 0.0044566746141827185 0.0044335199759747285 0.24306519869010318 1.8462220445870438e-05 0.00447379993132706 0.004416416587684823 0.006163149796888576 0.006163149796956379
347.74 12.26443869550688 -3.7556068417578956 36.662226260048044 -349612.0508794858 1.8624332367414064e-05 25.23322150472666 24.254404176196605 24.98073444452854 122.07998975996358 306.30389597505376 400.0 -0.00045531265936450666 0.2525920055336022 0.2524870601981221 0.00023970335029385083 1.334813398132762 2.441813998544611e-08 0.009235026359633415 0.004629988489947182 0.004605015940846586 0.2525054729757584 1.862438029234427e-05 0.004648481585577217 0.004586544774056198 0.00640217467368561 0.006402174673757221
360.82 12.2734438692146 -3.7606562655090556 37.585606814306836 -349286.530116062 1.8784816764895224e-05 25.360760415969867 24.331605171940158 25.0986559447613 121.5112560972483 305.8990228796893 400.0 -0.0004904098831888949 0.2622030805526366 0.2621044712085637 0.00025834581452238416 1.38392993740692 2.4419280057623018e-08 0.009586347474371303 0.0048066088869986616 0.004779716658558341 0.26212501782550984 1.8784816764895224e-05 0.004826548543681 0.004759798930690302 0.006645709412551451 0.006645709412624519
374.15 12.282706456709525 -3.765930465344738 38.49682186365988 -348953.46578932484 1.8943818300568204e-05 25.484255127050297 24.403307077138614 25.21233877345662 120.93069508964285 305.4820859814086 400.0 -0.0005275369410823342 0.2720077541171856 0.2719163535936783 0.0002780586790562079 1.433929991166567 2.442043983224911e-08 0.009944740129472463 0.004986819404065384 0.004957898796629767 0.2719392373437768 1.8943818300568204e-05 0.00500828973394632 0.004936450395526144 0.006894142285819512 0.006894142285892514
387.72 12.292222372779817 -3.771428511892992 39.395467859270326 -348613.12173843646 1.9102848253175506e-05 25.604352737437853 24.47001128248089 25.322436668351354 120.33875888619794 305.05321152053114 400.0 -0.0005667439030003301 0.28199933741413596 0.281916069086495 0.00029886735451058384 1.48478903122811 2.4421619553986927e-08 0.01030995957853113 0.005170499004395042 0.0051394386454084945 0.2819415070961656 1.9102781103101942e-05 0.0051935862377966565 0.005116373340734476 0.007147303545255308 0.007147303545326559
401.54 12.302002489926045 -3.7771574236042085 40.28249586466591 -348265.2550964777 1.9262032056693623e-05 25.72164996302915 24.532262940015165 25.429538208714522 119.73495521858781 304.61185122586477 400.0 -0.0006081392922898819 0.2921858930464172 0.29211175431463127 0.00032082849489760564 1.5365581728634345 2.4422822106915194e-08 0.010682300226119412 0.005357797842259578 0.005324480455195923 0.29213998218173703 1.9262032056693623e-05 0.005382592767018565 0.005299707459100846 0.007405397181972355 0.00740539718204594
415.59 12.312035686922611 -3.7831117050087073 41.1569398515089 -347910.376671936 1.9420470353233518e-05 25.83634874720076 24.590419932536832 25.533859316059456 119.12018942277358 304.1584479572592 400.0 -0.0006517428651692068 0.3025533771057819 0.3024894311413016 0.0003439517421825073 1.5891762527122661 2.4424048493525642e-08 0.011061248378213156 0.0055484596163994995 0.005512766833228569 0.30252069782615854 1.9420470353233518e-05 0.005575053932707011 0.005486194445506146 0.0076680670528486705 0.007668067052920611
429.89 12.322339815505774 -3.7893025810388252 42.02036340672279 -347547.9840097882 1.9580168841798163e-05 25.94924823487688 24.644965827029214 25.636183545612727 118.49358408838644 303.6921345503545 400.0 -0.0006976980329532366 0.31311727332999706 0.31306468926415426 0.0003683125429824761 1.642732443621952 2.442530385964353e-08 0.01144736956387757 0.005742771026306944 0.005704576609080962 0.3130992665452745 1.9580075873311285e-05 0.00577126247845475 0.00567610708542282 0.007935705096116014 0.007935705096188751
444.42 12.332904647614523 -3.7957241046201062 42.871875277614905 -347178.582059283 1.974073532050357e-05 26.06054768183967 24.69618240262867 25.736724084018075 117.85598095071161 303.2133116696506 400.0 -0.0007460235264189081 0.32386356305477293 0.32382359782159253 0.0003939204956867006 1.6971666472570337 2.4426590375835288e-08 0.01184015088851881 0.005940476186174679 0.005899652773967795 0.32386177247579245 1.9740756787104254e-05 0.0059709634498930275 0.0058691874386257795 0.008207955744910083 0.0082079557449821
459.2 12.343748828899864 -3.8023877936758765 43.71296067177463 -346801.65758137207 1.990291853089037e-05 26.17081604029613 24.744461257102234 25.836034181329147 117.20649126155462 302.721069727523 400.0 -0.000796870569539666 0.3348078157027683 0.33478185896698603 0.0004208556334731727 1.752568956014585 2.442791411731634e-08 0.012240160849134755 0.006141863530764331 0.006098275390127023 0.33482394356242645 1.990291853089037e-05 0.00617445171406556 0.0060657091350691935 0.008485212992264832 0.008485212992336231
474.22 12.35486954726359 -3.809291920301888 44.54333444219769 -346417.4560131813 2.0066186141861728e-05 26.28022719117638 24.790053992928758 25.934294186053368 116.54553308619413 302.2154685967992 400.0 -0.0008502929096453854 0.34594344553500267 0.34593300512301434 0.0004491466170867131 1.8089175745359194 2.4429278767386786e-08 0.012647158083361655 0.006346813936538849 0.0063003222187335214 0.3459793319560514 2.0066186141861728e-05 0.0063816105910196284 0.0062655474923420254 0.008767309489049501 0.008767309489120028
489.48 12.366271149486009 -3.8164391055027522 45.36330030834133 -346025.9663752619 2.0232126813389754e-05 26.389302788005697 24.83321944517949 26.03202478713916 115.87310610500637 301.6962408237156 400.0 -0.0009063787054819272 0.35727128066279884 0.3572780008665314 0.0004788406121676197 1.8662285295440795 2.443068900927534e-08 0.013061172134512427 0.0065553446917498625 0.006505805514850335 0.3573289256938554 2.023207165992566e-05 0.006592461268883228 0.006468710865629198 0.00905426566211752 0.009054265662185838
504.99 12.37796682227924 -3.8238367485990636 46.17367489042859 -345626.91457832407 2.040028604489237e-05 26.49829788990346 24.874216135409952 26.129472573153745 115.18869794263811 301.1627122367029 400.0 -0.0009652564842861185 0.3687996329742655 0.3688253167497133 0.0005100066195082668 1.9245562717239524 2.443215052201945e-08 0.013482505979249002 0.006767610929814909 0.006714873121723896 0.3688812235425163 2.040028604489237e-05 0.006807164506282474 0.00667534147296653 0.009346291449675253 0.009346291449739395
520.73 12.389945963555649 -3.8314778831759924 46.97370509105209 -345220.7986166067 2.0570651679234096e-05 26.607348544323393 24.913200937242937 26.226787448136115 114.49320774124136 300.6152900954922 400.0 -0.0010269420204626677 0.3805145170110261 0.3805610961872794 0.0005426541635109692 1.9838424338645773 2.4433666010273906e-08 0.013910647612154489 0.006983357251457225 0.006927268433215815 0.3806223888724658 2.0570553907203238e-05 0.007025465891961646 0.006885181720192842 0.009643031927771367 0.00964303192783411
536.72 12.402229746380552 -3.839374760346786 47.76469781427939 -344807.08027432504 2.0744258515742938e-05 26.716956907740943 24.9504129395361 26.324455563595386 113.78569233877387 300.05292699990315 400.0 -0.0010916072715510742 0.39243175063256225 0.3925013441455548 0.0005768760108371026 2.044180032910622 2.4435241840864527e-08 0.014346174183206039 0.007202877115375802 0.007143275140606726 0.39256846149324093 2.0744258515742938e-05 0.0072476664040299985 0.007098507779176041 0.009944887052783288 0.009944887052844374
552.95 12.41481599612641 -3.847525094570358 48.546419884267195 -344385.99371464987 2.0920417491370992e-05 26.827170371365977 24.985997755177916 26.42253064618576 113.06657880771465 299.4756376130863 400.0 -0.00115930905562727 0.40454484542411057 0.40463972518021446 0.0006127043401984353 2.1055492889399154 2.4436881211597083e-08 0.014788847553089526 0.0074260532369335676 0.007362772389221743 0.40471313230470607 2.0920417491370992e-05 0.007473651552871284 0.007315196000218241 0.010251691707525087 0.010251691707582677
569.42 12.427710701712737 -3.8559313924340017 49.31914806203913 -343957.51174144243 2.11002998662499e-05 26.938393863888862 25.020110218364923 26.521416467386643 112.33583189637596 298.8830591397805 400.0 -0.0012301446311243688 0.41685478854675134 0.4169773965022162 0.0006501932790877713 2.167968547119214 2.4438587951406582e-08 0.015238702734190712 0.007652906043587083 0.007585774763992553 0.4170575899403329 2.110026097421736e-05 0.007703446297504508 0.0075352564366862025 0.010563470087679584 0.010563470087729286
586.14 12.440928298876988 -3.864601372891741 50.099117045364224 -343512.2505098978 2.1284019305449432e-05 27.05107760869766 25.053095272006495 26.621554541677963 111.59295996269447 298.18711789881604 400.0 -0.0013042581460844431 0.42937009655005914 0.42952306701969706 0.0006894221593317352 2.2314943507752063 2.444036661492282e-08 0.015696049826283497 0.007883594815082832 0.007812433084949362 0.429610581075413 2.1284019305449432e-05 0.007937216450155556 0.007758833376127937 0.010880437028432721 0.010880437028479274
603.09 12.454459478119542 -3.8735271415082195 50.877678630888326 -343054.7335187524 2.1470889346954973e-05 27.16505851720267 25.084919421457062 26.72279554314751 110.83881803860486 297.4330014206382 400.0 -0.0013816620499301703 0.4420768642654935 0.44226297405515824 0.0007303988158652132 2.296066453080108 2.444221834704603e-08 0.016160379508391363 0.00811786549997216 0.008042492082565458 0.44235836921285104 2.1470889346954973e-05 0.008174708898701193 0.007985670609690168 0.011202239421651732 0.011202239421691606
620.29 12.468326773378328 -3.882721695060738 51.64905449072773 -342588.3002674112 2.1662264520988823e-05 27.280774010068118 25.115649677742255 26.8255605723407 110.07248312460932 296.6584699561032 400.0 -0.0014625507556391326 0.45499119053586345 0.4552134377274179 0.0007732259207051787 2.3617749638272785 2.4444148286963253e-08 0.01663227882642902 0.00835601715529802 0.008276239745713917 0.45531732051289947 2.1662264520988823e-05 0.008416231117157343 0.008216047709271677 0.011529283962357995 0.011529283962387907
637.72 12.482521748801377 -3.892176797765117 52.41261381764606 -342113.39891833614 2.185791819724436e-05 27.39826209546632 25.145357384490552 26.929901348694038 109.29478747650509 295.8638158347812 400.0 -0.0015469353157432388 0.4680992230049594 0.4683607467722813 0.0008179088465380299 2.4285575571046203 2.4446156709613008e-08 0.017111240334392572 0.00859779662614081 0.008513421783310717 0.4684737526044855 2.185791819724436e-05 0.008661530740260458 0.008449709594132116 0.011861218794649403 0.011861218794672706
655.4 12.497067815005618 -3.90190574492928 53.16949008642664 -341629.3878977936 2.2058227254643056e-05 27.517853246498156 25.174174094137168 27.036131887803865 108.5048043152239 295.0475420460278 400.0 -0.0016350196652440906 0.4814171913308658 0.4817213586942895 0.0008645545353833283 2.4965045451703975 2.4448247960903187e-08 0.017597855763368704 0.00884350561204833 0.008754328226895935 0.4818441743137161 2.2058026218256622e-05 0.00891091827912882 0.008686937484239887 0.012198453812968099 0.012198453812981333
673.32 12.51196513492552 -3.9119055900208224 53.91949649367951 -341136.43469611934 2.2263347621605556e-05 27.639695156783304 25.202171352143125 27.14440598434852 107.7029201868625 294.2094430715477 400.0 -0.0017268653545678488 0.4949388335859507 0.4952891724347846 0.0009131941815536643 2.5655914342134736 2.4450422525182814e-08 0.01809189498651138 0.009093031031489231 0.008998842031155157 0.49542252258741526 2.2263578481183037e-05 0.009164283527655833 0.008927611458855551 0.012540829317575357 0.012540829317581693
691.49 12.527230407958792 -3.9221844623484543 54.66328777855105 -340634.153619604 2.2473785056629706e-05 27.76409722185242 25.22944505833284 27.255023966767506 106.888637622382 293.34837342083756 400.0 -0.0018226371869750533 0.5086730069319434 0.5090732550849186 0.0009639130117640009 2.635870374041761 2.4452682855872674e-08 0.018593680279544382 0.009346538838220581 0.009247119518055827 0.5092179162788981 2.2473785056629706e-05 0.00942179960786759 0.009171880671676793 0.012888568415540275 0.012888568415534148
709.89 12.542855103299637 -3.93273347678479 55.40028908708273 -340122.98442699364 2.2689254372248765e-05 27.891062488707824 25.256039389101044 27.368002541064694 106.06280366406635 292.4645999521259 400.0 -0.0019223432624742305 0.5226059267896132 0.523059947643128 0.0010167125129049775 2.7072770028539628 2.4455027267404048e-08 0.019102706690560776 0.009603777109855403 0.00949890765807755 0.523216731670325 2.2689185996514803e-05 0.009683215177255249 0.009419491513305523 0.01324132092679344 0.013241320926773563
728.54 12.558865505960084 -3.9435665268042612 56.13154453555142 -339602.25062009343 2.2910584805353888e-05 28.0210149711544 25.282051293583972 27.483748937697168 105.22445869565483 291.5564102851312 400.0 -0.0020262077684904674 0.5367541379820755 0.5372660334572343 0.0010717079173058963 2.779901767812413 2.4457458786475292e-08 0.019619577344267745 0.009865053890521436 0.009754501531800543 0.537435815537795 2.2910584805353888e-05 0.0099488478902457 0.009670729454022045 0.013599504550288601 0.013599504550256455
747.43 12.5752625598051 -3.954680343916195 56.85688688242811 -339072.1034486567 2.3137770736727535e-05 28.154062082940076 25.307528412030898 27.602376537032395 104.37399329294747 290.6235107162269 400.0 -0.002134295336284004 0.5511115224119122 0.5516855459076812 0.0011289289684265152 2.8537182281629905 2.4459976345241048e-08 0.02014406739546189 0.010130258895718846 0.010013786578520721 0.5518692476769389 2.3137770736727535e-05 0.010218590345846332 0.009925477049615555 0.013962963191756349 0.013962963191713241
766.56 12.592056195547011 -3.966077355587913 57.57655046760126 -338532.4103410668 2.337124659284119e-05 28.290458148256867 25.332527992055525 27.724137975302277 103.51134246265448 289.6650846182439 400.0 -0.0022467263717579344 0.565679587177885 0.5663201729545903 0.0011884338853030544 2.9287382343325605 2.446257993621026e-08 0.0206762305908973 0.010399422679323353 0.010276785991116099 0.566518771532928 2.3371204889671236e-05 0.010492478272640424 0.010183752318256878 0.014331733809064311 0.014331733809007012
785.93 12.60925682937449 -3.977759993523634 58.290766238802526 -337983.03215871484 2.3611400674249924e-05 28.430451493504243 25.3571026567755 27.849279827019988 102.63644141612222 288.68027110764586 400.0 -0.002363623665591286 0.5804599003416168 0.5811716664842576 0.0012502809080853692 3.004973118163747 2.4465269453375478e-08 0.021216122912685844 0.010672576994578683 0.01054352399845416 0.581386197238993 2.3611400674249924e-05 0.010770548642378888 0.010445574270306953 0.01470585490015067 0.01470585490007926
805.54 12.626875362909189 -3.989730693948644 58.99976193767819 -337423.8228437157 2.3857711114263813e-05 28.574051950628103 25.38130085221763 27.97781010266739 101.74922166402659 287.6681634305664 400.0 -0.002485112453669431 0.5954540935711603 0.5962418479607111 0.0013145281383558187 3.082433661790055 2.4468044825830398e-08 0.02176380267363001 0.01094975484118562 0.010814025913635696 0.596473407369348 2.3857711114263813e-05 0.011052839707096638 0.010710962966533372 0.015085366572222494 0.01508536657213595
825.39 12.644922618686891 -4.001991894869548 59.703759598666586 -336854.63098289305 2.41118341210344e-05 28.721846458886258 25.40516720028876 28.110313859549926 100.8496022524828 286.62783981305387 400.0 -0.002611320412525911 0.6106638488296872 0.6115325993363341 0.0013812332092594918 3.1611299250436207 2.4470906183042405e-08 0.0223193300277682 0.011230990212586578 0.01108831789725539 0.6117823479236398 2.411171300863312e-05 0.011339390721140728 0.010979939306627468 0.015470310207081525 0.01547031020698413
845.49 12.663420754359553 -4.0145523398379765 60.403330815545914 -336275.0036511544 2.437334905098896e-05 28.873919001304436 25.428754656746932 28.246865335278347 99.93706796154589 285.55770074692526 400.0 -0.002742444054511862 0.6260986500840665 0.6270536660260887 0.0014504885317897173 3.2411117935897202 2.4473855602796666e-08 0.022883050063773037 0.011516461488558255 0.011366566658208064 0.6273228414655114 2.437353320657521e-05 0.011630388161073722 0.011252661902699315 0.015860924621444974 0.01586092462133056
865.83 12.682372475295255 -4.02740834134363 61.098334556427545 -335685.06038840686 2.4642699593817477e-05 29.030505539943558 25.452089249550863 28.38770611897953 99.01198131795977 284.4572461264264 400.0 -0.002878553592993641 0.6417526673639669 0.6427994209640313 0.0015223172927377317 3.3223487907350853 2.4476892958523192e-08 0.023454748534033246 0.011806063894062833 0.011648662723917735 0.6430893224254634 2.4642792822942953e-05 0.011925729878127877 0.01152901865590537 0.016257061060519468 0.016257061060425956
886.41 12.701791337683627 -4.040562372965894 61.78899164906007 -335084.6224195463 2.4920413056079814e-05 29.191915549875716 25.475206515529663 28.533143464879316 98.07426401186602 283.32532520766176 400.0 -0.0030197848971146336 0.657627840481423 0.6587720849964005 0.0015967752067683244 3.40485012873084 2.448002068687685e-08 0.024034494940455023 0.012099836346109222 0.011934636679279189 0.6590840855178203 2.4920413056079814e-05 0.012225460072511208 0.011809034867943814 0.016658767398318786 0.01665876739825001
907.23 12.72169052701049 -4.054016914536604 62.475516494936805 -334473.5055894603 2.5206452488074765e-05 29.35829519458154 25.498139413271055 28.68332120610049 97.123815209967 282.1607808193767 400.0 -0.0031662765338690093 0.6737261651566666 0.6749739884810501 0.0016739164726440761 3.488624730121979 2.4483242796578602e-08 0.024622360756370688 0.01239781880956248 0.012224520032756639 0.6753095384652965 2.5206080003691693e-05 0.01252962393242659 0.012092736823944098 0.017066092890571653 0.017066092890531275
928.29 12.742084847687147 -4.067774469502339 63.15812671796032 -333851.51322817465 2.550166094226129e-05 29.530060936288816 25.52091874943642 28.83865327769494 96.16055206655717 280.96233073613183 400.0 -0.003318170130262569 0.6900497585305349 0.6914076585938732 0.0017537939984735504 3.5736821526109748 2.4486565484956968e-08 0.025218421772671036 0.012700053494190075 0.01251834636546981 0.6917682896580021 2.5502130703611387e-05 0.012838268864401979 0.012380152908269059 0.017479089801581697 0.017479089801286804
949.6 12.762999926784396 -4.081844200801413 63.837356231847345 -333218.1398986581 2.58064804051339e-05 29.707559356327888 25.543583912308353 28.999475686319972 95.18394920188554 279.7280191502142 400.0 -0.0034756852138678115 0.706608626793419 0.7080836700079172 0.00183649813220543 3.6600734720542913 2.448999946976838e-08 0.025823041655599503 0.01300672869798053 0.012816291045669873 0.7084710119265327 2.58064804051339e-05 0.013151591455453868 0.012671450200145639 0.017898009874543448 0.017898009874265933
971.15 12.784440462865213 -4.0962221230312394 64.51308555026093 -332573.4689458248 2.612125052495446e-05 29.891029360052677 25.566150950240512 29.166032217042403 94.19427807677641 278.4570861244805 400.0 -0.003638898139419791 0.7233972930840329 0.7249971430102728 0.0019220396636051133 3.747769714923819 2.4493556018659505e-08 0.026436018469994625 0.013317745917536136 0.013118250641587476 0.7254129035905628 2.6120857668977414e-05 0.013469495175185456 0.012966523294809167 0.0183227129928829 0.018322712992631718
992.93 12.806414773040617 -4.110904043800886 65.18523169356443 -331917.56987408863 2.6446652619057534e-05 30.080840522398294 25.58863530122695 29.338697008552423 93.19198425768556 277.1485278453145 400.0 -0.003807881790388311 0.7404104289040261 0.7421435138458689 0.0020104241144267175 3.836744519300801 2.4497251049681535e-08 0.027057155408049347 0.013633009119017171 0.013424124379249055 0.742589481442256 2.6446652619057534e-05 0.013791885632014651 0.013265269776034695 0.018753062629969786 0.018753062629739595
1014.97 12.828970200059281 -4.125912858660868 65.85492490229886 -331249.2993379862 2.6782616542605854e-05 30.277256608834737 25.611091913479264 29.51770657226967 92.17552985477784 275.79896588466187 400.0 -0.0039830261364872735 0.7576740425877991 0.7595500365650649 0.002101817378533404 3.9271378945678714 2.4501113306466256e-08 0.02768739923992857 0.013953002828074414 0.013734374503163416 0.7600281422104329 2.678244222017021e-05 0.014119262025589364 0.013568137214339209 0.019189714604644942 0.019189714604444432
1037.24 12.852094759932221 -4.1412308459609335 66.53618782105444 -330554.03810261877 2.713030093489917e-05 30.480721706297352 25.633485136313002 29.70352459793594 91.14616631641277 274.4527894148469 400.0 -0.004164253601679375 0.7751673629714525 0.7771971083614126 0.0021961396075401915 4.01885149428873 2.450516882073425e-08 0.028325988215209243 0.014277344406702655 0.014048621900904461 0.7777093472981842 2.7130312390239198e-05 0.014451236657070822 0.013874751558138422 0.01963214101711072 0.019632141016935122
1059.75 12.87581875054279 -4.156867428090337 67.2182378563302 -329842.2068098604 2.7490252550709057e-05 30.69169051460677 25.655871562838048 29.896593349982584 90.10335388783477 273.0741462771973 400.0 -0.004351803814577221 0.7929009808313894 0.7950971646241872 0.002293498283257026 4.111974005730344 2.450946149451421e-08 0.028973304333407533 0.014606232683127062 0.014367049743763263 0.7956456649867938 2.7490252550709057e-05 0.014788018407741084 0.014185285925666447 0.020080606245616802 0.020080606245468684
1082.51 12.90017298394522 -4.172832307047898 67.8986433480653 -329116.1506158681 2.7862831266540637e-05 30.91053133379404 25.678288237993833 30.09726801885253 89.04643990724978 271.65175076511053 400.0 -0.004545927288609247 0.8108856448920954 0.8132633149415063 0.0023940177312916032 4.206611501781842 2.4514047530419703e-08 0.029629733915739184 0.01493986943753302 0.014689842572773322 0.8138503524652491 2.786222683647422e-05 0.015129820532001658 0.014499913383737533 0.02053537752712972 0.020535377527013295
1105.5 12.925157928522898 -4.189114153179318 68.57704463039033 -328376.14751920255 2.824884103491201e-05 31.13767614199814 25.700736462221546 30.305990661906154 87.97620585724346 270.184878109092 400.0 -0.004746621531590439 0.8291085737465224 0.8316854800919852 0.0024976945924413177 4.302758327001809 2.451899025323465e-08 0.030294802899791404 0.015278019446480556 0.015016761548964117 0.8323134389627566 2.8248952800124854e-05 0.015476409000962523 0.014818393898828884 0.020996125936316987 0.020996125936223603
1128.74 12.950819764809907 -4.205729902304171 69.25428141862504 -327621.16882237425 2.8649654608420116e-05 31.373951060652423 25.723256681506758 30.52356454983067 86.8917313377057 268.6700602434935 400.0 -0.0049542334217252855 0.8475888781789397 0.8503865108217529 0.002604710261067538 4.400591680762061 2.452437672095357e-08 0.030969199283262833 0.015621038590981328 0.015348138789027537 0.8510579675105623 2.8649654608420116e-05 0.015828156021637042 0.015141043261625792 0.021463327484193138 0.021463327484122233
1152.22 12.977170429060394 -4.2226752403757075 69.93029375459969 -326851.1399326261 2.9064502630540096e-05 31.619227161936717 25.7458598591587 30.749860996506882 85.79313559692662 267.1057656364533 400.0 -0.00516885233703398 0.866321991863413 0.8693661654298355 0.002715117551335767 4.5001815829002 2.4530305339975093e-08 0.031652744543136956 0.015968842612576896 0.015683880028409588 0.8700838523350416 2.906417409790736e-05 0.01618498327728728 0.015467761265849667 0.021936857705443593 0.021936857705382614
1175.94 13.004236379574243 -4.239953001100204 70.60533648424777 -326065.63409905764 2.9495635419633073e-05 31.874632299896316 25.768567243338254 30.98599878618592 84.68031869839574 265.4895301711634 400.0 -0.005390658637844154 0.8853115823222857 0.8886335137103959 0.00282902257320713 4.601662752980405 2.453689679202438e-08 0.03234555778448818 0.016321499047343976 0.016024036836113465 0.8894003568606667 2.9495691040957585e-05 0.016546968708311342 0.015798589076176837 0.022416798114371004 0.022416798114326685
1199.91 13.032057135478096 -4.257573445771072 71.27994910936978 -325263.86420469085 2.994367398011673e-05 32.14070774537543 25.791410172133588 31.23250050848534 83.55269266249175 263.8180130100364 400.0 -0.005619933775808672 0.9045696223614857 0.9082072368900905 0.00294659051636025 4.70523975682445 2.454429784904239e-08 0.03304805756695668 0.01667922851351425 0.016368807153554547 0.9090264023795583 2.994374162399657e-05 0.01691434830211299 0.0161337092648437 0.022903437392601967 0.022903437392400337
1224.11 13.060638091396466 -4.275524773046541 71.95383018491435 -324446.0246470277 3.0409284605440424e-05 32.41791276422306 25.814392244603592 31.48982964664309 82.41094082853024 262.08982530425794 400.0 -0.005856675584332202 0.924084230118998 0.9280831175799682 0.003067849985804785 4.811018041127428 2.4552671494395558e-08 0.0337597881225452 0.017041807028991607 0.01671795919483818 0.9289579742349 3.0409284605440424e-05 0.01728690234039727 0.016472885782147933 0.023396458215522387 0.023396458215363004
1248.56 13.09003405837173 -4.2938247966582 72.62781006582996 -323610.93303486524 3.0893475528102244e-05 32.70700260447453 25.83755637417741 31.758710966550197 81.25396900288882 260.30048686025873 400.0 -0.0061012739170776455 0.943876089304336 0.9482916379243344 0.003193041329027566 4.919313001794164 2.4562222379757454e-08 0.03448147655292444 0.0174096138559534 0.017071840799467417 0.94922588160792 3.0893475528102244e-05 0.01766503188235925 0.01681644467056519 0.023896362229321833 0.023896362229200035
1273.25 13.12026576221928 -4.312469137785911 73.3018868536431 -322758.3895801226 3.139830064844177e-05 33.009115389384164 25.860918453940133 32.040274571169064 80.08192292848028 258.4474495079964 400.0 -0.006353831171709175 0.9639420593259402 0.9688408182151003 0.0033222705351863887 5.030350296869399 2.4573176500811745e-08 0.03521297517582872 0.01778258354783604 0.017430369731749776 0.9698384445620252 3.1398230327452315e-05 0.018048682356736966 0.01716429281909175 0.024403044588745197 0.0244030445886591
1298.18 13.151369565646704 -4.33146094484259 73.97635814762312 -321887.81920786493 3.192445484700914e-05 33.3248880662723 25.88450588929121 32.33513863877198 78.89490475933054 256.52707653353553 400.0 -0.006614552365944067 0.9842875588213899 0.9897494275003232 0.0034557118068193073 5.144446602950412 2.4585797648628493e-08 0.03595444167907435 0.018160807256210693 0.017793612527942166 0.9908148037916306 3.192445484700914e-05 0.01843796156191902 0.01751648011715532 0.024916611350646878 0.02491661135058823
1323.35 13.183381650387478 -4.350803320351517 74.65151842740009 -320998.616442015 3.2471754188848446e-05 33.654479813159426 25.908348170231573 32.64344087641022 77.69237784961264 254.53558163853378 400.0 -0.006883647501219928 1.004918388412157 1.0110389367492056 0.003593560237602764 5.261971540533608 2.4600387260348407e-08 0.03670603972530473 0.018544380410017575 0.01816163742176128 1.0121768603141665 3.2471754188848446e-05 0.018832983421872194 0.017873056303432534 0.02543717194321805 0.02543717194318538
1348.77 13.216354874677178 -4.370507257224332 75.32794514664599 -320089.7716707183 3.3044777714186986e-05 34.000368116395634 25.932487027482143 32.967625504125834 76.4734737498064 252.46795146495248 400.0 -0.007161443384515442 1.025849200529174 1.0327426122697974 0.003736092984158533 5.383403874988008 2.4617294763634314e-08 0.03746824608197245 0.018933559786767064 0.018534664403165556 1.0339584123003955 3.304465917813669e-05 0.019234030205327622 0.01823421587664483 0.025965051713911322 0.025965051713895914
1374.42 13.250307539767746 -4.390560665212362 75.98800953407238 -319185.2639122032 3.364303142087753e-05 34.362561362145996 25.95684047542748 33.30768966177441 75.2394974895282 250.61941312050863 400.0 -0.007447944893486122 1.0470706390082323 1.0548717003715877 0.0038834458579868098 5.509145002455127 2.463689294596949e-08 0.03824065283810632 0.019328152000201 0.018912478947458265 1.0561712280090478 3.364303142087753e-05 0.01964092243872504 0.018599730399381283 0.026499962272706016 0.02649996227270151
1400.32 13.285310635812777 -4.410982479101122 76.63033424874679 -318288.1198163677 3.426837742637543e-05 34.74227988738482 25.981464572528427 33.66480466951149 73.9886367030697 249.02879802440165 400.0 -0.007743607181764418 1.0686070716215772 1.0774752178733293 0.004035952803112882 5.639806159314565 2.4659615955064403e-08 0.03902407110112805 0.019728585393442317 0.01929546381894164 1.0788650421709165 3.426827701790497e-05 0.02005411940047943 0.018969951700648618 0.027042459827986802 0.027042459827977587
1426.46 13.321400665247149 -4.431768431117916 77.27353067428625 -317373.0483897012 3.492354496123909e-05 35.141338803592674 26.006499825738228 34.040758644508784 72.7212531404888 247.37816278488992 400.0 -0.008048562588660301 1.0904590636768365 1.10058015908389 0.004193727551201681 5.775858030821026 2.468590574328116e-08 0.039818436728872364 0.020134839556243435 0.019683575285679787 1.1020675422220698 3.492354496123909e-05 0.020473613943099035 0.019344822785773333 0.02759249541055976 0.027592495410548635
1452.84 13.358630576278916 -4.452922102076585 77.91792263017477 -316439.39320932474 3.5610247969695206e-05 35.56096869268509 26.03199143040258 34.43674223297023 71.43699123241618 245.663849446732 400.0 -0.008363063173459431 1.1126362913496592 1.1242264597148532 0.004356939998333597 5.917878368255063 2.4716254803964173e-08 0.040624004501464014 0.02054705759421664 0.020076925022162358 1.1258194969540123 3.561019043501008e-05 0.02089956752789903 0.019724436973564987 0.028150240596669124 0.028150240596650156
1479.46 13.397057280269937 -4.4744472141306915 78.56385047978283 -315486.4512779891 3.6330871332013736e-05 36.002809674545055 26.05798900996055 34.854350878700124 70.13572240000181 243.88186507602143 400.0 -0.008687371004584983 1.1351493805860866 1.1484587958449275 0.004525760644369826 6.066509425845944 2.47512003710499e-08 0.04144104947188395 0.020965393747049154 0.020475633841655093 1.150166542169655 3.633096104363695e-05 0.02133215324627713 0.02010889622560683 0.0287158806085566 0.028715880608526596
1506.33 13.436757499831042 -4.496355685154114 79.21191582814447 -314513.08644233603 3.708869448534555e-05 36.46893514306212 26.084556963234334 35.29559885520268 68.81599382397101 242.02711580711357 400.0 -0.009021885068752431 1.1580185621018402 1.173336287859443 0.00470042426239986 6.222519563238861 2.4791340266212777e-08 0.04227017920146561 0.02139017340031813 0.020879983919881027 1.1751689521985966 3.708869448534555e-05 0.02177172129607514 0.02049845790539048 0.0292898304612425 0.029289830461200726
1533.43 13.477768101390739 -4.518635210824897 79.862017361421 -313519.2057630426 3.788555359248171e-05 36.96075513959013 26.111735084159896 35.76185955034256 67.47888374900587 240.09617174541222 400.0 -0.009366641378968275 1.1812396356213704 1.198895589247573 0.0048809649806792095 6.3865696007128445 2.4837270320249253e-08 0.04311109870786714 0.021821260214824043 0.0212898166136552 1.2008645606070045 3.788555359248171e-05 0.022218143721136965 0.02089295498673017 0.029871880083342326 0.02987188008328743
1560.78 13.520191526137305 -4.541306295538391 80.5150410875586 -312503.18035502883 3.872563947240047e-05 37.48101760149899 26.139608460867443 36.25580116933213 66.12289733775607 238.0822948845944 400.0 -0.009722192559228788 1.2048438186150037 1.225216432166862 0.005067671125486013 6.559625022647919 2.4889691870847365e-08 0.04396477809199904 0.022259166812129697 0.021705589402277122 1.2273346645829126 3.872552894585256e-05 0.022671963738693707 0.021292814353305343 0.030462694838713056 0.030462694838650068
1588.37 13.564091484425903 -4.564364960039455 81.17118124582777 -311464.399930862 3.961225313974593e-05 38.03195535980591 26.1682378532974 36.77959911346561 64.74793284196605 235.98029757622447 400.0 -0.010088725424311235 1.2288380139954207 1.2523562463403044 0.005260617003322551 6.7425354961206985 2.49492944622976e-08 0.04483128737933413 0.022703944930621726 0.022127320572772648 1.2546383268367163 3.9612546506423265e-05 0.02313324626007389 0.021698041119260242 0.03106231696560695 0.03106231696553751
1616.2 13.609553970693254 -4.5878155772449105 81.83090498787178 -310401.8010343864 4.054963680764812e-05 38.6163919975819 26.19769978182363 37.3360041886048 63.35334057353796 233.7836282497391 400.0 -0.010466568493657975 1.2532391264147178 1.2803878089771086 0.005459919740216521 6.936268402236976 2.5016815926382784e-08 0.045711038728315 0.023155821887420013 0.022555194966393105 1.2828502496315446 4.054963680764812e-05 0.023602236255310022 0.022108802473004986 0.0316710256027509 0.03167102560267854
1644.27 13.656671098046743 -4.611662751199134 82.46812717419597 -309357.94470616616 4.154201859204941e-05 39.23719482931909 26.227992074084593 37.92780471372103 61.93898665686775 231.88193009899814 400.0 -0.010856066446082535 1.2780655497734246 1.3093901155980605 0.005665679850714325 7.141860963841232 2.509302526663822e-08 0.04660447576086282 0.0236150419303975 0.022989411957106264 1.3120516411751812 4.154117438863285e-05 0.024079195054250904 0.02252528070661191 0.032289121328916245 0.03228912132885981
1672.59 13.70556395745654 -4.635919801790578 83.09318904702158 -308317.4246892907 4.2596655408379936e-05 39.8991297799797 26.25925787144207 38.55966529863827 60.503357046687114 230.13284350113423 400.0 -0.011257723296171631 1.3033472049540038 1.3394644813414325 0.005878288896603031 7.360789191426478 2.517884067432771e-08 0.04751241055052396 0.02408205205596303 0.023430336622025583 1.3423466719043138 4.2596655408379936e-05 0.02456461141348506 0.022947799137038895 0.03291714986001045 0.0329171498599736
1701.14 13.756312802672843 -4.660574544876084 83.72157695621208 -307254.9594090962 4.371503078978377e-05 40.60330591737648 26.29163263971919 39.23261248215767 59.04638649656378 228.30324555303116 400.0 -0.011671634672997375 1.329090218634754 1.370693435218816 0.00609815324978142 7.594682348103732 2.527521524679276e-08 0.04843475004373472 0.02455684859136803 0.02387787958036352 1.3738211802031848 4.371503078978377e-05 0.025058524219262388 0.023376225824472345 0.033555019650179145 0.033555019650176175
1729.94 13.809071520423071 -4.685649541843858 84.35424037037374 -306168.6776564062 4.490687574970574e-05 41.35639533244888 26.325257062635778 39.95318116649573 57.56748487180074 226.38556751227435 400.0 -0.01209848965286407 1.355339259605985 1.403214165953151 0.0063261128065627125 7.845735688610772 2.5383314400593102e-08 0.049372739388819475 0.025040126093155427 0.024332591423942417 1.4066166942662321 4.490687574970574e-05 0.025561708527767027 0.023811030861052445 0.03420355747262188 0.03420355747266332
1758.98 13.863965686216234 -4.711141586333341 84.99155923532278 -305057.607757968 4.6182253468343075e-05 42.16493539441179 26.360252504627617 40.7277896093196 56.06524925278586 224.3729269864539 400.0 -0.012538576844368958 1.3821162528015605 1.4371457850921845 0.006562936757757369 8.116191741302591 2.5504303198894875e-08 0.05032675813454155 0.025532145033596763 0.024794591229308667 1.4408572838348341 4.6182122495573715e-05 0.02607449994561024 0.02425225818893131 0.034862982912411015 0.03486298291250076
1788.26 13.921146188161796 -4.737056458779051 85.63416410017085 -303920.31540271634 4.7546632290253014e-05 43.032687311462915 26.396767043512714 41.56005345472612 54.539134176200356 222.2569827260666 400.0 -0.012992355999098315 1.40945594892512 1.4726338567367898 0.006809666651720035 8.408711491829203 2.5639493477460085e-08 0.051297586512222014 0.026033386352605076 0.02526417828794293 1.4766946325603552 4.7546632290253014e-05 0.02659747862434989 0.02470010788787213 0.03553378201806625 0.03553378201820888
1817.79 13.980806146181367 -4.763409188378105 86.28298664700553 -302754.767267061 4.9011928701835394e-05 43.9675261998938 26.43498142340273 42.45766986212335 52.98732983398078 220.02782282512132 400.0 -0.013460485892183885 1.437407962909706 1.5098563377704461 0.00706768121377339 8.726480444857959 2.5790393089297943e-08 0.052286462190965416 0.026544584936731837 0.025741855382493066 1.5143143239676988 4.901187519509498e-05 0.02713150882584223 0.025154953365123175 0.03621674374419462 0.03621674374439073
1847.55 14.043094994385628 -4.790188369395565 86.97911492441887 -301484.65195988235 5.0589544053691156e-05 44.977193407574646 26.47508474927156 43.42821720155256 51.40995818739535 217.5223514126478 400.0 -0.01394318928481818 1.4659994140003456 1.5489762060220806 0.007338408532034742 9.072860627182358 2.5958529996209253e-08 0.05329374556763315 0.027066043890389788 0.02622767980553069 1.553888281812813 5.059117466643543e-05 0.02767702745650253 0.025616718111130615 0.03691203498033584 0.03691203498058427
1877.56 14.108274572055723 -4.8174188334890715 87.7567716957122 -300041.6518453347 5.229594920051271e-05 46.072591563477516 26.5173404933151 44.482354398059556 49.80422158172913 214.59504660711386 400.0 -0.014441385096146162 1.4953034613280598 1.5902371654179601 0.007624033185277809 9.452292589417278 2.61458735881182e-08 0.0543213225240572 0.02759888284172745 0.026722417810897514 1.595671958786973 5.229594920051271e-05 0.02823535515088441 0.026085967373172793 0.03762085565577468 0.03762085565606266
1907.81 14.176561869576918 -4.845098908247351 88.54851569579986 -298547.23358689115 5.414464362556912e-05 47.26271785381144 26.561947798679267 45.6288391514517 48.16993406164345 211.48482286838336 400.0 -0.014955562766801458 1.5253731348837767 1.6338787023597376 0.007926978688368806 9.869656172037557 2.635451062296874e-08 0.05537024541178901 0.028143824889391898 0.02722639865170112 1.6399190114392304 5.414343430404191e-05 0.028807436672024726 0.026562808739764292 0.038343804586051494 0.03834380458636753
1938.3 14.248242522970987 -4.873236395598354 89.35599314564297 -296997.1106143792 5.6160458815197834e-05 48.56425523585534 26.609208238568375 46.88405540869841 46.50475603230455 208.1701728656355 400.0 -0.015486455116991649 1.5562834906117164 1.680199827156936 0.008250419444928379 10.33095784889809 2.6586960561285452e-08 0.05644218750742787 0.028701958768844953 0.027740206869339496 1.6869465371376957 5.6160458815197834e-05 0.029394648886418517 0.02704753862100935 0.03908187680797934 0.03908187680829532
1969.03 14.32363250149865 -4.901839664719802 90.18102454129632 -295386.4852969308 5.836206919333166e-05 49.98910275310991 26.659480783891432 48.259545759554356 44.80716067146827 204.62618675904133 400.0 -0.016034880749451346 1.5881236277286248 1.7295569935555524 0.008598387864208764 10.843497275942795 2.6846228144073536e-08 0.05753911714861305 0.02927458352749282 0.02826451175437997 1.7371340347620219 5.8351512091107634e-05 0.02999865396730117 0.027540463181311883 0.03983622905143884 0.03983622905171896
