#T volume alpha alpha_xx alpha_yy alpha_zz alpha_yz alpha_zx alpha_xz alpha_zx alpha_xy alpha_yx
0.0  17.854164   0.0000e+00  -4.3264e-13  -4.3264e-13  -4.3264e-13   0.0000e+00   0.0000e+00   0.0000e+00   0.0000e+00   0.0000e+00   0.0000e+00
0.22  17.854164  -4.1567e-14  -1.1024e-13  -1.1024e-13  -1.1024e-13   0.0000e+00   0.0000e+00   0.0000e+00   0.0000e+00   0.0000e+00   0.0000e+00
0.55  17.854164  -7.2111e-13  -6.9340e-13  -6.9340e-13  -6.9340e-13   0.0000e+00   0.0000e+00   0.0000e+00   0.0000e+00   0.0000e+00   0.0000e+00
1.01  17.854164  -4.4634e-12  -4.4596e-12  -4.4596e-12  -4.4596e-12   0.0000e+00   0.0000e+00   0.0000e+00   0.0000e+00   0.0000e+00   0.0000e+00
1.59  17.854164  -1.7420e-11  -1.7403e-11  -1.7403e-11  -1.7403e-11   0.0000e+00   0.0000e+00   0.0000e+00   0.0000e+00   0.0000e+00   0.0000e+00
2.29  17.854164  -5.2014e-11  -5.1998e-11  -5.1998e-11  -5.1998e-11   0.0000e+00   0.0000e+00   0.0000e+00   0.0000e+00   0.0000e+00   0.0000e+00
3.11  17.854164  -1.3022e-10  -1.3006e-10  -1.3006e-10  -1.3006e-10   0.0000e+00   0.0000e+00   0.0000e+00   0.0000e+00   0.0000e+00   0.0000e+00
4.05  17.854164  -2.9412e-10  -2.9339e-10  -2.9339e-10  -2.9339e-10   0.0000e+00   0.0000e+00   0.0000e+00   0.0000e+00   0.0000e+00   0.0000e+00
5.11  17.854164  -6.5509e-10  -6.5420e-10  -6.5420e-10  -6.5420e-10   0.0000e+00   0.0000e+00   0.0000e+00   0.0000e+00   0.0000e+00   0.0000e+00
6.29  17.854164  -1.4931e-09  -1.4931e-09  -1.4931e-09  -1.4931e-09   0.0000e+00   0.0000e+00   0.0000e+00   0.0000e+00   0.0000e+00   0.0000e+00
7.6  17.854164  -3.3193e-09  -3.3209e-09  -3.3209e-09  -3.3209e-09   0.0000e+00   0.0000e+00   0.0000e+00   0.0000e+00   0.0000e+00   0.0000e+00
9.02  17.854164  -6.6867e-09  -6.6887e-09  -6.6887e-09  -6.6887e-09   0.0000e+00   0.0000e+00   0.0000e+00   0.0000e+00   0.0000e+00   0.0000e+00
10.57  17.854163  -1.2078e-08  -1.2079e-08  -1.2079e-08  -1.2079e-08   0.0000e+00   0.0000e+00   0.0000e+00   0.0000e+00   0.0000e+00   0.0000e+00
12.23  17.854162  -1.9565e-08  -1.9564e-08  -1.9564e-08  -1.9564e-08   0.0000e+00   0.0000e+00   0.0000e+00   0.0000e+00   0.0000e+00   0.0000e+00
14.02  17.854159  -2.9138e-08  -2.9136e-08  -2.9136e-08  -2.9136e-08   0.0000e+00   0.0000e+00   0.0000e+00   0.0000e+00   0.0000e+00   0.0000e+00
15.93  17.854156  -4.0617e-08  -4.0615e-08  -4.0615e-08  -4.0615e-08   0.0000e+00   0.0000e+00   0.0000e+00   0.0000e+00   0.0000e+00   0.0000e+00
17.95  17.854151  -5.3991e-08  -5.3989e-08  -5.3989e-08  -5.3989e-08   0.0000e+00   0.0000e+00   0.0000e+00   0.0000e+00   0.0000e+00   0.0000e+00
20.1  17.854143  -6.9791e-08  -6.9790e-08  -6.9790e-08  -6.9790e-08   0.0000e+00   0.0000e+00   0.0000e+00   0.0000e+00   0.0000e+00   0.0000e+00
22.37  17.854134  -8.8673e-08  -8.8674e-08  -8.8674e-08  -8.8674e-08   0.0000e+00   0.0000e+00   0.0000e+00   0.0000e+00   0.0000e+00   0.0000e+00
24.77  17.854121  -1.1160e-07  -1.1160e-07  -1.1160e-07  -1.1160e-07   0.0000e+00   0.0000e+00   0.0000e+00   0.0000e+00   0.0000e+00   0.0000e+00
27.28  17.854104  -1.3910e-07  -1.3911e-07  -1.3911e-07  -1.3911e-07   0.0000e+00   0.0000e+00   0.0000e+00   0.0000e+00   0.0000e+00   0.0000e+00
29.91  17.854082  -1.7165e-07  -1.7165e-07  -1.7165e-07  -1.7165e-07   0.0000e+00   0.0000e+00   0.0000e+00   0.0000e+00   0.0000e+00   0.0000e+00
32.66  17.854054  -2.0908e-07  -2.0908e-07  -2.0908e-07  -2.0908e-07   0.0000e+00   0.0000e+00   0.0000e+00   0.0000e+00   0.0000e+00   0.0000e+00
35.54  17.854019  -2.5088e-07  -2.5088e-07  -2.5088e-07  -2.5088e-07   0.0000e+00   0.0000e+00   0.0000e+00   0.0000e+00   0.0000e+00   0.0000e+00
38.53  17.853975  -2.9567e-07  -2.9567e-07  -2.9567e-07  -2.9567e-07   0.0000e+00   0.0000e+00   0.0000e+00   0.0000e+00   0.0000e+00   0.0000e+00
41.65  17.853922  -3.4238e-07  -3.4238e-07  -3.4238e-07  -3.4238e-07   0.0000e+00   0.0000e+00   0.0000e+00   0.0000e+00   0.0000e+00   0.0000e+00
44.89  17.853858  -3.8939e-07  -3.8939e-07  -3.8939e-07  -3.8939e-07   0.0000e+00   0.0000e+00   0.0000e+00   0.0000e+00   0.0000e+00   0.0000e+00
48.25  17.853784  -4.3529e-07  -4.3528e-07  -4.3528e-07  -4.3528e-07   0.0000e+00   0.0000e+00   0.0000e+00   0.0000e+00   0.0000e+00   0.0000e+00
51.72  17.853699  -4.7869e-07  -4.7869e-07  -4.7869e-07  -4.7869e-07   0.0000e+00   0.0000e+00   0.0000e+00   0.0000e+00   0.0000e+00   0.0000e+00
55.32  17.853603  -5.1882e-07  -5.1882e-07  -5.1882e-07  -5.1882e-07   0.0000e+00   0.0000e+00   0.0000e+00   0.0000e+00   0.0000e+00   0.0000e+00
59.04  17.853496  -5.5476e-07  -5.5475e-07  -5.5475e-07  -5.5475e-07   0.0000e+00   0.0000e+00   0.0000e+00   0.0000e+00   0.0000e+00   0.0000e+00
62.89  17.853378  -5.8604e-07  -5.8604e-07  -5.8604e-07  -5.8604e-07   0.0000e+00   0.0000e+00   0.0000e+00   0.0000e+00   0.0000e+00   0.0000e+00
66.85  17.853251  -6.1220e-07  -6.1219e-07  -6.1219e-07  -6.1219e-07   0.0000e+00   0.0000e+00   0.0000e+00   0.0000e+00   0.0000e+00   0.0000e+00
70.93  17.853115  -6.3319e-07  -6.3319e-07  -6.3319e-07  -6.3319e-07   0.0000e+00   0.0000e+00   0.0000e+00   0.0000e+00   0.0000e+00   0.0000e+00
75.14  17.852970  -6.4909e-07  -6.4909e-07  -6.4909e-07  -6.4909e-07   0.0000e+00   0.0000e+00   0.0000e+00   0.0000e+00   0.0000e+00   0.0000e+00
79.46  17.852818  -6.5998e-07  -6.5998e-07  -6.5998e-07  -6.5998e-07   0.0000e+00   0.0000e+00   0.0000e+00   0.0000e+00   0.0000e+00   0.0000e+00
83.91  17.852660  -6.6616e-07  -6.6616e-07  -6.6616e-07  -6.6616e-07   0.0000e+00   0.0000e+00   0.0000e+00   0.0000e+00   0.0000e+00   0.0000e+00
88.47  17.852497  -6.6792e-07  -6.6791e-07  -6.6791e-07  -6.6791e-07   0.0000e+00   0.0000e+00   0.0000e+00   0.0000e+00   0.0000e+00   0.0000e+00
93.16  17.852330  -6.6558e-07  -6.6558e-07  -6.6558e-07  -6.6558e-07   0.0000e+00   0.0000e+00   0.0000e+00   0.0000e+00   0.0000e+00   0.0000e+00
97.97  17.852159  -6.5949e-07  -6.5949e-07  -6.5949e-07  -6.5949e-07   0.0000e+00   0.0000e+00   0.0000e+00   0.0000e+00   0.0000e+00   0.0000e+00
102.9  17.851986  -6.4998e-07  -6.4997e-07  -6.4997e-07  -6.4997e-07   0.0000e+00   0.0000e+00   0.0000e+00   0.0000e+00   0.0000e+00   0.0000e+00
107.95  17.851812  -6.3735e-07  -6.3735e-07  -6.3735e-07  -6.3735e-07   0.0000e+00   0.0000e+00   0.0000e+00   0.0000e+00   0.0000e+00   0.0000e+00
113.12  17.851638  -6.2189e-07  -6.2189e-07  -6.2189e-07  -6.2189e-07   0.0000e+00   0.0000e+00   0.0000e+00   0.0000e+00   0.0000e+00   0.0000e+00
118.41  17.851464  -6.0383e-07  -6.0382e-07  -6.0382e-07  -6.0382e-07   0.0000e+00   0.0000e+00   0.0000e+00   0.0000e+00   0.0000e+00   0.0000e+00
123.82  17.851292  -5.8337e-07  -5.8336e-07  -5.8336e-07  -5.8336e-07   0.0000e+00   0.0000e+00   0.0000e+00   0.0000e+00   0.0000e+00   0.0000e+00
129.36  17.851122  -5.6063e-07  -5.6063e-07  -5.6063e-07  -5.6063e-07   0.0000e+00   0.0000e+00   0.0000e+00   0.0000e+00   0.0000e+00   0.0000e+00
135.01  17.850956  -5.3584e-07  -5.3583e-07  -5.3583e-07  -5.3583e-07   0.0000e+00   0.0000e+00   0.0000e+00   0.0000e+00   0.0000e+00   0.0000e+00
140.79  17.850794  -5.0900e-07  -5.0900e-07  -5.0900e-07  -5.0900e-07   0.0000e+00   0.0000e+00   0.0000e+00   0.0000e+00   0.0000e+00   0.0000e+00
146.68  17.850638  -4.8031e-07  -4.8031e-07  -4.8031e-07  -4.8031e-07   0.0000e+00   0.0000e+00   0.0000e+00   0.0000e+00   0.0000e+00   0.0000e+00
152.7  17.850488  -4.4973e-07  -4.4973e-07  -4.4973e-07  -4.4973e-07   0.0000e+00   0.0000e+00   0.0000e+00   0.0000e+00   0.0000e+00   0.0000e+00
158.84  17.850346  -4.1739e-07  -4.1738e-07  -4.1738e-07  -4.1738e-07   0.0000e+00   0.0000e+00   0.0000e+00   0.0000e+00   0.0000e+00   0.0000e+00
165.09  17.850212  -3.8339e-07  -3.8339e-07  -3.8339e-07  -3.8339e-07   0.0000e+00   0.0000e+00   0.0000e+00   0.0000e+00   0.0000e+00   0.0000e+00
171.47  17.850087  -3.4770e-07  -3.4770e-07  -3.4770e-07  -3.4770e-07   0.0000e+00   0.0000e+00   0.0000e+00   0.0000e+00   0.0000e+00   0.0000e+00
177.97  17.849972  -3.1044e-07  -3.1044e-07  -3.1044e-07  -3.1044e-07   0.0000e+00   0.0000e+00   0.0000e+00   0.0000e+00   0.0000e+00   0.0000e+00
184.6  17.849869  -2.7164e-07  -2.7164e-07  -2.7164e-07  -2.7164e-07   0.0000e+00   0.0000e+00   0.0000e+00   0.0000e+00   0.0000e+00   0.0000e+00
191.34  17.849778  -2.3149e-07  -2.3149e-07  -2.3149e-07  -2.3149e-07   0.0000e+00   0.0000e+00   0.0000e+00   0.0000e+00   0.0000e+00   0.0000e+00
198.2  17.849701  -1.9004e-07  -1.9004e-07  -1.9004e-07  -1.9004e-07   0.0000e+00   0.0000e+00   0.0000e+00   0.0000e+00   0.0000e+00   0.0000e+00
205.18  17.849638  -1.4740e-07  -1.4740e-07  -1.4740e-07  -1.4740e-07   0.0000e+00   0.0000e+00   0.0000e+00   0.0000e+00   0.0000e+00   0.0000e+00
212.29  17.849590  -1.0362e-07  -1.0362e-07  -1.0362e-07  -1.0362e-07   0.0000e+00   0.0000e+00   0.0000e+00   0.0000e+00   0.0000e+00   0.0000e+00
219.51  17.849558  -5.8953e-08  -5.8952e-08  -5.8952e-08  -5.8952e-08   0.0000e+00   0.0000e+00   0.0000e+00   0.0000e+00   0.0000e+00   0.0000e+00
226.86  17.849544  -1.3399e-08  -1.3399e-08  -1.3399e-08  -1.3399e-08   0.0000e+00   0.0000e+00   0.0000e+00   0.0000e+00   0.0000e+00   0.0000e+00
234.33  17.849548   3.2840e-08   3.2840e-08   3.2840e-08   3.2840e-08   0.0000e+00   0.0000e+00   0.0000e+00   0.0000e+00   0.0000e+00   0.0000e+00
241.92  17.849571   7.9630e-08   7.9629e-08   7.9629e-08   7.9629e-08   0.0000e+00   0.0000e+00   0.0000e+00   0.0000e+00   0.0000e+00   0.0000e+00
249.62  17.849613   1.2677e-07   1.2677e-07   1.2677e-07   1.2677e-07   0.0000e+00   0.0000e+00   0.0000e+00   0.0000e+00   0.0000e+00   0.0000e+00
257.45  17.849677   1.7425e-07   1.7425e-07   1.7425e-07   1.7425e-07   0.0000e+00   0.0000e+00   0.0000e+00   0.0000e+00   0.0000e+00   0.0000e+00
265.41  17.849761   2.2193e-07   2.2193e-07   2.2193e-07   2.2193e-07   0.0000e+00   0.0000e+00   0.0000e+00   0.0000e+00   0.0000e+00   0.0000e+00
273.48  17.849867   2.6956e-07   2.6956e-07   2.6956e-07   2.6956e-07   0.0000e+00   0.0000e+00   0.0000e+00   0.0000e+00   0.0000e+00   0.0000e+00
281.67  17.849996   3.1709e-07   3.1709e-07   3.1709e-07   3.1709e-07   0.0000e+00   0.0000e+00   0.0000e+00   0.0000e+00   0.0000e+00   0.0000e+00
289.98  17.850148   3.6439e-07   3.6439e-07   3.6439e-07   3.6439e-07   0.0000e+00   0.0000e+00   0.0000e+00   0.0000e+00   0.0000e+00   0.0000e+00
298.42  17.850323   4.1142e-07   4.1141e-07   4.1141e-07   4.1141e-07   0.0000e+00   0.0000e+00   0.0000e+00   0.0000e+00   0.0000e+00   0.0000e+00
306.97  17.850522   4.5795e-07   4.5795e-07   4.5795e-07   4.5795e-07   0.0000e+00   0.0000e+00   0.0000e+00   0.0000e+00   0.0000e+00   0.0000e+00
315.65  17.850746   5.0401e-07   5.0401e-07   5.0401e-07   5.0401e-07   0.0000e+00   0.0000e+00   0.0000e+00   0.0000e+00   0.0000e+00   0.0000e+00
324.44  17.850994   5.4941e-07   5.4940e-07   5.4940e-07   5.4940e-07   0.0000e+00   0.0000e+00   0.0000e+00   0.0000e+00   0.0000e+00   0.0000e+00
333.36  17.851267   5.9417e-07   5.9417e-07   5.9417e-07   5.9417e-07   0.0000e+00   0.0000e+00   0.0000e+00   0.0000e+00   0.0000e+00   0.0000e+00
342.4  17.851565   6.3817e-07   6.3817e-07   6.3817e-07   6.3817e-07   0.0000e+00   0.0000e+00   0.0000e+00   0.0000e+00   0.0000e+00   0.0000e+00
351.56  17.851889   6.8137e-07   6.8136e-07   6.8136e-07   6.8136e-07   0.0000e+00   0.0000e+00   0.0000e+00   0.0000e+00   0.0000e+00   0.0000e+00
360.84  17.852238   7.2370e-07   7.2370e-07   7.2370e-07   7.2370e-07   0.0000e+00   0.0000e+00   0.0000e+00   0.0000e+00   0.0000e+00   0.0000e+00
370.24  17.852613   7.6512e-07   7.6512e-07   7.6512e-07   7.6512e-07   0.0000e+00   0.0000e+00   0.0000e+00   0.0000e+00   0.0000e+00   0.0000e+00
379.76  17.853013   8.0561e-07   8.0561e-07   8.0561e-07   8.0561e-07   0.0000e+00   0.0000e+00   0.0000e+00   0.0000e+00   0.0000e+00   0.0000e+00
389.4  17.853440   8.4513e-07   8.4512e-07   8.4512e-07   8.4512e-07   0.0000e+00   0.0000e+00   0.0000e+00   0.0000e+00   0.0000e+00   0.0000e+00
399.17  17.853892   8.8369e-07   8.8369e-07   8.8369e-07   8.8369e-07   0.0000e+00   0.0000e+00   0.0000e+00   0.0000e+00   0.0000e+00   0.0000e+00
409.05  17.854370   9.2121e-07   9.2121e-07   9.2121e-07   9.2121e-07   0.0000e+00   0.0000e+00   0.0000e+00   0.0000e+00   0.0000e+00   0.0000e+00
419.06  17.854874   9.5775e-07   9.5775e-07   9.5775e-07   9.5775e-07   0.0000e+00   0.0000e+00   0.0000e+00   0.0000e+00   0.0000e+00   0.0000e+00
429.18  17.855402   9.9323e-07   9.9323e-07   9.9323e-07   9.9323e-07   0.0000e+00   0.0000e+00   0.0000e+00   0.0000e+00   0.0000e+00   0.0000e+00
439.43  17.855957   1.0277e-06   1.0277e-06   1.0277e-06   1.0277e-06   0.0000e+00   0.0000e+00   0.0000e+00   0.0000e+00   0.0000e+00   0.0000e+00
449.8  17.856538   1.0612e-06   1.0612e-06   1.0612e-06   1.0612e-06   0.0000e+00   0.0000e+00   0.0000e+00   0.0000e+00   0.0000e+00   0.0000e+00
460.29  17.857143   1.0936e-06   1.0936e-06   1.0936e-06   1.0936e-06   0.0000e+00   0.0000e+00   0.0000e+00   0.0000e+00   0.0000e+00   0.0000e+00
470.89  17.857773   1.1251e-06   1.1251e-06   1.1251e-06   1.1251e-06   0.0000e+00   0.0000e+00   0.0000e+00   0.0000e+00   0.0000e+00   0.0000e+00
481.62  17.858429   1.1555e-06   1.1555e-06   1.1555e-06   1.1555e-06   0.0000e+00   0.0000e+00   0.0000e+00   0.0000e+00   0.0000e+00   0.0000e+00
492.48  17.859110   1.1850e-06   1.1850e-06   1.1850e-06   1.1850e-06   0.0000e+00   0.0000e+00   0.0000e+00   0.0000e+00   0.0000e+00   0.0000e+00
503.45  17.859815   1.2135e-06   1.2135e-06   1.2135e-06   1.2135e-06   0.0000e+00   0.0000e+00   0.0000e+00   0.0000e+00   0.0000e+00   0.0000e+00
514.54  17.860544   1.2411e-06   1.2411e-06   1.2411e-06   1.2411e-06   0.0000e+00   0.0000e+00   0.0000e+00   0.0000e+00   0.0000e+00   0.0000e+00
525.75  17.861297   1.2677e-06   1.2677e-06   1.2677e-06   1.2677e-06   0.0000e+00   0.0000e+00   0.0000e+00   0.0000e+00   0.0000e+00   0.0000e+00
537.09  17.862076   1.2935e-06   1.2935e-06   1.2935e-06   1.2935e-06   0.0000e+00   0.0000e+00   0.0000e+00   0.0000e+00   0.0000e+00   0.0000e+00
548.54  17.862877   1.3184e-06   1.3184e-06   1.3184e-06   1.3184e-06   0.0000e+00   0.0000e+00   0.0000e+00   0.0000e+00   0.0000e+00   0.0000e+00
560.12  17.863703   1.3424e-06   1.3424e-06   1.3424e-06   1.3424e-06   0.0000e+00   0.0000e+00   0.0000e+00   0.0000e+00   0.0000e+00   0.0000e+00
571.82  17.864552   1.3656e-06   1.3656e-06   1.3656e-06   1.3656e-06   0.0000e+00   0.0000e+00   0.0000e+00   0.0000e+00   0.0000e+00   0.0000e+00
583.64  17.865424   1.3879e-06   1.3879e-06   1.3879e-06   1.3879e-06   0.0000e+00   0.0000e+00   0.0000e+00   0.0000e+00   0.0000e+00   0.0000e+00
595.57  17.866318   1.4095e-06   1.4095e-06   1.4095e-06   1.4095e-06   0.0000e+00   0.0000e+00   0.0000e+00   0.0000e+00   0.0000e+00   0.0000e+00
607.63  17.867236   1.4303e-06   1.4303e-06   1.4303e-06   1.4303e-06   0.0000e+00   0.0000e+00   0.0000e+00   0.0000e+00   0.0000e+00   0.0000e+00
619.82  17.868178   1.4505e-06   1.4505e-06   1.4505e-06   1.4505e-06   0.0000e+00   0.0000e+00   0.0000e+00   0.0000e+00   0.0000e+00   0.0000e+00
632.12  17.869140   1.4698e-06   1.4698e-06   1.4698e-06   1.4698e-06   0.0000e+00   0.0000e+00   0.0000e+00   0.0000e+00   0.0000e+00   0.0000e+00
644.54  17.870125   1.4885e-06   1.4885e-06   1.4885e-06   1.4885e-06   0.0000e+00   0.0000e+00   0.0000e+00   0.0000e+00   0.0000e+00   0.0000e+00
657.08  17.871132   1.5065e-06   1.5065e-06   1.5065e-06   1.5065e-06   0.0000e+00   0.0000e+00   0.0000e+00   0.0000e+00   0.0000e+00   0.0000e+00
669.75  17.872161   1.5239e-06   1.5239e-06   1.5239e-06   1.5239e-06   0.0000e+00   0.0000e+00   0.0000e+00   0.0000e+00   0.0000e+00   0.0000e+00
682.53  17.873211   1.5407e-06   1.5407e-06   1.5407e-06   1.5407e-06   0.0000e+00   0.0000e+00   0.0000e+00   0.0000e+00   0.0000e+00   0.0000e+00
695.44  17.874284   1.5568e-06   1.5568e-06   1.5568e-06   1.5568e-06   0.0000e+00   0.0000e+00   0.0000e+00   0.0000e+00   0.0000e+00   0.0000e+00
708.46  17.875376   1.5724e-06   1.5724e-06   1.5724e-06   1.5724e-06   0.0000e+00   0.0000e+00   0.0000e+00   0.0000e+00   0.0000e+00   0.0000e+00
721.61  17.876490   1.5875e-06   1.5875e-06   1.5875e-06   1.5875e-06   0.0000e+00   0.0000e+00   0.0000e+00   0.0000e+00   0.0000e+00   0.0000e+00
734.88  17.877625   1.6020e-06   1.6020e-06   1.6020e-06   1.6020e-06   0.0000e+00   0.0000e+00   0.0000e+00   0.0000e+00   0.0000e+00   0.0000e+00
748.27  17.878781   1.6160e-06   1.6159e-06   1.6159e-06   1.6159e-06   0.0000e+00   0.0000e+00   0.0000e+00   0.0000e+00   0.0000e+00   0.0000e+00
761.78  17.879957   1.6295e-06   1.6294e-06   1.6294e-06   1.6294e-06   0.0000e+00   0.0000e+00   0.0000e+00   0.0000e+00   0.0000e+00   0.0000e+00
775.41  17.881153   1.6425e-06   1.6425e-06   1.6425e-06   1.6425e-06   0.0000e+00   0.0000e+00   0.0000e+00   0.0000e+00   0.0000e+00   0.0000e+00
789.16  17.882369   1.6550e-06   1.6550e-06   1.6550e-06   1.6550e-06   0.0000e+00   0.0000e+00   0.0000e+00   0.0000e+00   0.0000e+00   0.0000e+00
803.03  17.883605   1.6672e-06   1.6672e-06   1.6672e-06   1.6672e-06   0.0000e+00   0.0000e+00   0.0000e+00   0.0000e+00   0.0000e+00   0.0000e+00
817.03  17.884862   1.6789e-06   1.6789e-06   1.6789e-06   1.6789e-06   0.0000e+00   0.0000e+00   0.0000e+00   0.0000e+00   0.0000e+00   0.0000e+00
831.14  17.886137   1.6902e-06   1.6902e-06   1.6902e-06   1.6902e-06   0.0000e+00   0.0000e+00   0.0000e+00   0.0000e+00   0.0000e+00   0.0000e+00
845.38  17.887433   1.7011e-06   1.7011e-06   1.7011e-06   1.7011e-06   0.0000e+00   0.0000e+00   0.0000e+00   0.0000e+00   0.0000e+00   0.0000e+00
859.73  17.888747   1.7117e-06   1.7117e-06   1.7117e-06   1.7117e-06   0.0000e+00   0.0000e+00   0.0000e+00   0.0000e+00   0.0000e+00   0.0000e+00
874.21  17.890081   1.7219e-06   1.7219e-06   1.7219e-06   1.7219e-06   0.0000e+00   0.0000e+00   0.0000e+00   0.0000e+00   0.0000e+00   0.0000e+00
888.81  17.891435   1.7318e-06   1.7318e-06   1.7318e-06   1.7318e-06   0.0000e+00   0.0000e+00   0.0000e+00   0.0000e+00   0.0000e+00   0.0000e+00
903.53  17.892807   1.7413e-06   1.7413e-06   1.7413e-06   1.7413e-06   0.0000e+00   0.0000e+00   0.0000e+00   0.0000e+00   0.0000e+00   0.0000e+00
918.36  17.894197   1.7506e-06   1.7506e-06   1.7506e-06   1.7506e-06   0.0000e+00   0.0000e+00   0.0000e+00   0.0000e+00   0.0000e+00   0.0000e+00
933.32  17.895606   1.7595e-06   1.7595e-06   1.7595e-06   1.7595e-06   0.0000e+00   0.0000e+00   0.0000e+00   0.0000e+00   0.0000e+00   0.0000e+00
948.41  17.897035   1.7682e-06   1.7682e-06   1.7682e-06   1.7682e-06   0.0000e+00   0.0000e+00   0.0000e+00   0.0000e+00   0.0000e+00   0.0000e+00
963.61  17.898482   1.7766e-06   1.7766e-06   1.7766e-06   1.7766e-06   0.0000e+00   0.0000e+00   0.0000e+00   0.0000e+00   0.0000e+00   0.0000e+00
978.93  17.899947   1.7847e-06   1.7847e-06   1.7847e-06   1.7847e-06   0.0000e+00   0.0000e+00   0.0000e+00   0.0000e+00   0.0000e+00   0.0000e+00
994.37  17.901430   1.7926e-06   1.7926e-06   1.7926e-06   1.7926e-06   0.0000e+00   0.0000e+00   0.0000e+00   0.0000e+00   0.0000e+00   0.0000e+00
1009.94  17.902932   1.8003e-06   1.8003e-06   1.8003e-06   1.8003e-06   0.0000e+00   0.0000e+00   0.0000e+00   0.0000e+00   0.0000e+00   0.0000e+00
1025.62  17.904451   1.8077e-06   1.8077e-06   1.8077e-06   1.8077e-06   0.0000e+00   0.0000e+00   0.0000e+00   0.0000e+00   0.0000e+00   0.0000e+00
1041.43  17.905990   1.8149e-06   1.8149e-06   1.8149e-06   1.8149e-06   0.0000e+00   0.0000e+00   0.0000e+00   0.0000e+00   0.0000e+00   0.0000e+00
1057.36  17.907546   1.8219e-06   1.8219e-06   1.8219e-06   1.8219e-06   0.0000e+00   0.0000e+00   0.0000e+00   0.0000e+00   0.0000e+00   0.0000e+00
1073.41  17.909120   1.8288e-06   1.8288e-06   1.8288e-06   1.8288e-06   0.0000e+00   0.0000e+00   0.0000e+00   0.0000e+00   0.0000e+00   0.0000e+00
1089.57  17.910710   1.8354e-06   1.8354e-06   1.8354e-06   1.8354e-06   0.0000e+00   0.0000e+00   0.0000e+00   0.0000e+00   0.0000e+00   0.0000e+00
1105.86  17.912320   1.8419e-06   1.8419e-06   1.8419e-06   1.8419e-06   0.0000e+00   0.0000e+00   0.0000e+00   0.0000e+00   0.0000e+00   0.0000e+00
1122.28  17.913948   1.8482e-06   1.8482e-06   1.8482e-06   1.8482e-06   0.0000e+00   0.0000e+00   0.0000e+00   0.0000e+00   0.0000e+00   0.0000e+00
1138.81  17.915593   1.8543e-06   1.8543e-06   1.8543e-06   1.8543e-06   0.0000e+00   0.0000e+00   0.0000e+00   0.0000e+00   0.0000e+00   0.0000e+00
1155.46  17.917255   1.8603e-06   1.8603e-06   1.8603e-06   1.8603e-06   0.0000e+00   0.0000e+00   0.0000e+00   0.0000e+00   0.0000e+00   0.0000e+00
1172.23  17.918934   1.8662e-06   1.8662e-06   1.8662e-06   1.8662e-06   0.0000e+00   0.0000e+00   0.0000e+00   0.0000e+00   0.0000e+00   0.0000e+00
1189.13  17.920633   1.8719e-06   1.8719e-06   1.8719e-06   1.8719e-06   0.0000e+00   0.0000e+00   0.0000e+00   0.0000e+00   0.0000e+00   0.0000e+00
1206.14  17.922347   1.8775e-06   1.8775e-06   1.8775e-06   1.8775e-06   0.0000e+00   0.0000e+00   0.0000e+00   0.0000e+00   0.0000e+00   0.0000e+00
1223.28  17.924080   1.8830e-06   1.8830e-06   1.8830e-06   1.8830e-06   0.0000e+00   0.0000e+00   0.0000e+00   0.0000e+00   0.0000e+00   0.0000e+00
1240.53  17.925829   1.8884e-06   1.8884e-06   1.8884e-06   1.8884e-06   0.0000e+00   0.0000e+00   0.0000e+00   0.0000e+00   0.0000e+00   0.0000e+00
1257.91  17.927597   1.8937e-06   1.8936e-06   1.8936e-06   1.8936e-06   0.0000e+00   0.0000e+00   0.0000e+00   0.0000e+00   0.0000e+00   0.0000e+00
1275.41  17.929382   1.8988e-06   1.8988e-06   1.8988e-06   1.8988e-06   0.0000e+00   0.0000e+00   0.0000e+00   0.0000e+00   0.0000e+00   0.0000e+00
1293.03  17.931184   1.9039e-06   1.9039e-06   1.9039e-06   1.9039e-06   0.0000e+00   0.0000e+00   0.0000e+00   0.0000e+00   0.0000e+00   0.0000e+00
1310.77  17.933003   1.9089e-06   1.9089e-06   1.9089e-06   1.9089e-06   0.0000e+00   0.0000e+00   0.0000e+00   0.0000e+00   0.0000e+00   0.0000e+00
1328.63  17.934840   1.9138e-06   1.9138e-06   1.9138e-06   1.9138e-06   0.0000e+00   0.0000e+00   0.0000e+00   0.0000e+00   0.0000e+00   0.0000e+00
1346.61  17.936694   1.9187e-06   1.9187e-06   1.9187e-06   1.9187e-06   0.0000e+00   0.0000e+00   0.0000e+00   0.0000e+00   0.0000e+00   0.0000e+00
1364.71  17.938565   1.9235e-06   1.9235e-06   1.9235e-06   1.9235e-06   0.0000e+00   0.0000e+00   0.0000e+00   0.0000e+00   0.0000e+00   0.0000e+00
1382.94  17.940454   1.9282e-06   1.9282e-06   1.9282e-06   1.9282e-06   0.0000e+00   0.0000e+00   0.0000e+00   0.0000e+00   0.0000e+00   0.0000e+00
1401.28  17.942360   1.9329e-06   1.9329e-06   1.9329e-06   1.9329e-06   0.0000e+00   0.0000e+00   0.0000e+00   0.0000e+00   0.0000e+00   0.0000e+00
1419.75  17.944284   1.9375e-06   1.9375e-06   1.9375e-06   1.9375e-06   0.0000e+00   0.0000e+00   0.0000e+00   0.0000e+00   0.0000e+00   0.0000e+00
1438.33  17.946224   1.9421e-06   1.9421e-06   1.9421e-06   1.9421e-06   0.0000e+00   0.0000e+00   0.0000e+00   0.0000e+00   0.0000e+00   0.0000e+00
1457.04  17.948183   1.9466e-06   1.9466e-06   1.9466e-06   1.9466e-06   0.0000e+00   0.0000e+00   0.0000e+00   0.0000e+00   0.0000e+00   0.0000e+00
1475.87  17.950159   1.9511e-06   1.9511e-06   1.9511e-06   1.9511e-06   0.0000e+00   0.0000e+00   0.0000e+00   0.0000e+00   0.0000e+00   0.0000e+00
1494.82  17.952153   1.9556e-06   1.9556e-06   1.9556e-06   1.9556e-06   0.0000e+00   0.0000e+00   0.0000e+00   0.0000e+00   0.0000e+00   0.0000e+00
1513.88  17.954162   1.9601e-06   1.9601e-06   1.9601e-06   1.9601e-06   0.0000e+00   0.0000e+00   0.0000e+00   0.0000e+00   0.0000e+00   0.0000e+00
1533.07  17.956191   1.9645e-06   1.9645e-06   1.9645e-06   1.9645e-06   0.0000e+00   0.0000e+00   0.0000e+00   0.0000e+00   0.0000e+00   0.0000e+00
1552.39  17.958238   1.9689e-06   1.9689e-06   1.9689e-06   1.9689e-06   0.0000e+00   0.0000e+00   0.0000e+00   0.0000e+00   0.0000e+00   0.0000e+00
1571.82  17.960301   1.9733e-06   1.9733e-06   1.9733e-06   1.9733e-06   0.0000e+00   0.0000e+00   0.0000e+00   0.0000e+00   0.0000e+00   0.0000e+00
1591.37  17.962382   1.9777e-06   1.9777e-06   1.9777e-06   1.9777e-06   0.0000e+00   0.0000e+00   0.0000e+00   0.0000e+00   0.0000e+00   0.0000e+00
1611.04  17.964481   1.9821e-06   1.9821e-06   1.9821e-06   1.9821e-06   0.0000e+00   0.0000e+00   0.0000e+00   0.0000e+00   0.0000e+00   0.0000e+00
1630.84  17.966599   1.9866e-06   1.9866e-06   1.9866e-06   1.9866e-06   0.0000e+00   0.0000e+00   0.0000e+00   0.0000e+00   0.0000e+00   0.0000e+00
1650.75  17.968733   1.9910e-06   1.9910e-06   1.9910e-06   1.9910e-06   0.0000e+00   0.0000e+00   0.0000e+00   0.0000e+00   0.0000e+00   0.0000e+00
1670.79  17.970887   1.9954e-06   1.9954e-06   1.9954e-06   1.9954e-06   0.0000e+00   0.0000e+00   0.0000e+00   0.0000e+00   0.0000e+00   0.0000e+00
1690.95  17.973058   1.9999e-06   1.9999e-06   1.9999e-06   1.9999e-06   0.0000e+00   0.0000e+00   0.0000e+00   0.0000e+00   0.0000e+00   0.0000e+00
1711.23  17.975247   2.0043e-06   2.0043e-06   2.0043e-06   2.0043e-06   0.0000e+00   0.0000e+00   0.0000e+00   0.0000e+00   0.0000e+00   0.0000e+00
1731.62  17.977454   2.0088e-06   2.0088e-06   2.0088e-06   2.0088e-06   0.0000e+00   0.0000e+00   0.0000e+00   0.0000e+00   0.0000e+00   0.0000e+00
1752.14  17.979680   2.0134e-06   2.0134e-06   2.0134e-06   2.0134e-06   0.0000e+00   0.0000e+00   0.0000e+00   0.0000e+00   0.0000e+00   0.0000e+00
1772.79  17.981925   2.0179e-06   2.0179e-06   2.0179e-06   2.0179e-06   0.0000e+00   0.0000e+00   0.0000e+00   0.0000e+00   0.0000e+00   0.0000e+00
1793.55  17.984187   2.0225e-06   2.0225e-06   2.0225e-06   2.0225e-06   0.0000e+00   0.0000e+00   0.0000e+00   0.0000e+00   0.0000e+00   0.0000e+00
1814.43  17.986469   2.0272e-06   2.0272e-06   2.0272e-06   2.0272e-06   0.0000e+00   0.0000e+00   0.0000e+00   0.0000e+00   0.0000e+00   0.0000e+00
1835.43  17.988769   2.0319e-06   2.0319e-06   2.0319e-06   2.0319e-06   0.0000e+00   0.0000e+00   0.0000e+00   0.0000e+00   0.0000e+00   0.0000e+00
1856.56  17.991088   2.0367e-06   2.0367e-06   2.0367e-06   2.0367e-06   0.0000e+00   0.0000e+00   0.0000e+00   0.0000e+00   0.0000e+00   0.0000e+00
1877.8  17.993426   2.0415e-06   2.0415e-06   2.0415e-06   2.0415e-06   0.0000e+00   0.0000e+00   0.0000e+00   0.0000e+00   0.0000e+00   0.0000e+00
1899.17  17.995784   2.0463e-06   2.0463e-06   2.0463e-06   2.0463e-06   0.0000e+00   0.0000e+00   0.0000e+00   0.0000e+00   0.0000e+00   0.0000e+00
1920.65  17.998160   2.0513e-06   2.0513e-06   2.0513e-06   2.0513e-06   0.0000e+00   0.0000e+00   0.0000e+00   0.0000e+00   0.0000e+00   0.0000e+00
1942.26  18.000557   2.0563e-06   2.0563e-06   2.0563e-06   2.0563e-06   0.0000e+00   0.0000e+00   0.0000e+00   0.0000e+00   0.0000e+00   0.0000e+00
1963.99  18.002973   2.0614e-06   2.0614e-06   2.0614e-06   2.0614e-06   0.0000e+00   0.0000e+00   0.0000e+00   0.0000e+00   0.0000e+00   0.0000e+00
1985.84  18.005409   2.0666e-06   2.0666e-06   2.0666e-06   2.0666e-06   0.0000e+00   0.0000e+00   0.0000e+00   0.0000e+00   0.0000e+00   0.0000e+00
2007.81  18.007865   2.0719e-06   2.0719e-06   2.0719e-06   2.0719e-06   0.0000e+00   0.0000e+00   0.0000e+00   0.0000e+00   0.0000e+00   0.0000e+00
2029.9  18.010340   2.0772e-06   2.0772e-06   2.0772e-06   2.0772e-06   0.0000e+00   0.0000e+00   0.0000e+00   0.0000e+00   0.0000e+00   0.0000e+00
2052.11  18.012837   2.0827e-06   2.0827e-06   2.0827e-06   2.0827e-06   0.0000e+00   0.0000e+00   0.0000e+00   0.0000e+00   0.0000e+00   0.0000e+00
2074.44  18.015353   2.0883e-06   2.0883e-06   2.0883e-06   2.0883e-06   0.0000e+00   0.0000e+00   0.0000e+00   0.0000e+00   0.0000e+00   0.0000e+00
2096.9  18.017892   2.0939e-06   2.0939e-06   2.0939e-06   2.0939e-06   0.0000e+00   0.0000e+00   0.0000e+00   0.0000e+00   0.0000e+00   0.0000e+00
2119.47  18.020450   2.0997e-06   2.0997e-06   2.0997e-06   2.0997e-06   0.0000e+00   0.0000e+00   0.0000e+00   0.0000e+00   0.0000e+00   0.0000e+00
2142.17  18.023031   2.1056e-06   2.1056e-06   2.1056e-06   2.1056e-06   0.0000e+00   0.0000e+00   0.0000e+00   0.0000e+00   0.0000e+00   0.0000e+00
2164.98  18.025631   2.1117e-06   2.1117e-06   2.1117e-06   2.1117e-06   0.0000e+00   0.0000e+00   0.0000e+00   0.0000e+00   0.0000e+00   0.0000e+00
2187.92  18.028255   2.1179e-06   2.1179e-06   2.1179e-06   2.1179e-06   0.0000e+00   0.0000e+00   0.0000e+00   0.0000e+00   0.0000e+00   0.0000e+00
2210.98  18.030901   2.1242e-06   2.1242e-06   2.1242e-06   2.1242e-06   0.0000e+00   0.0000e+00   0.0000e+00   0.0000e+00   0.0000e+00   0.0000e+00
2234.16  18.033568   2.1306e-06   2.1306e-06   2.1306e-06   2.1306e-06   0.0000e+00   0.0000e+00   0.0000e+00   0.0000e+00   0.0000e+00   0.0000e+00
2257.45  18.036257   2.1372e-06   2.1372e-06   2.1372e-06   2.1372e-06   0.0000e+00   0.0000e+00   0.0000e+00   0.0000e+00   0.0000e+00   0.0000e+00
2280.87  18.038970   2.1440e-06   2.1440e-06   2.1440e-06   2.1440e-06   0.0000e+00   0.0000e+00   0.0000e+00   0.0000e+00   0.0000e+00   0.0000e+00
2304.42  18.041707   2.1509e-06   2.1509e-06   2.1509e-06   2.1509e-06   0.0000e+00   0.0000e+00   0.0000e+00   0.0000e+00   0.0000e+00   0.0000e+00
2328.08  18.044466   2.1580e-06   2.1580e-06   2.1580e-06   2.1580e-06   0.0000e+00   0.0000e+00   0.0000e+00   0.0000e+00   0.0000e+00   0.0000e+00
2351.86  18.047249   2.1653e-06   2.1653e-06   2.1653e-06   2.1653e-06   0.0000e+00   0.0000e+00   0.0000e+00   0.0000e+00   0.0000e+00   0.0000e+00
2375.76  18.050056   2.1728e-06   2.1728e-06   2.1728e-06   2.1728e-06   0.0000e+00   0.0000e+00   0.0000e+00   0.0000e+00   0.0000e+00   0.0000e+00
2399.79  18.052889   2.1805e-06   2.1805e-06   2.1805e-06   2.1805e-06   0.0000e+00   0.0000e+00   0.0000e+00   0.0000e+00   0.0000e+00   0.0000e+00
2423.93  18.055745   2.1883e-06   2.1883e-06   2.1883e-06   2.1883e-06   0.0000e+00   0.0000e+00   0.0000e+00   0.0000e+00   0.0000e+00   0.0000e+00
2448.2  18.058627   2.1964e-06   2.1964e-06   2.1964e-06   2.1964e-06   0.0000e+00   0.0000e+00   0.0000e+00   0.0000e+00   0.0000e+00   0.0000e+00
2472.59  18.061535   2.2047e-06   2.2047e-06   2.2047e-06   2.2047e-06   0.0000e+00   0.0000e+00   0.0000e+00   0.0000e+00   0.0000e+00   0.0000e+00
2497.1  18.064469   2.2133e-06   2.2133e-06   2.2133e-06   2.2133e-06   0.0000e+00   0.0000e+00   0.0000e+00   0.0000e+00   0.0000e+00   0.0000e+00
2521.72  18.067428   2.2220e-06   2.2220e-06   2.2220e-06   2.2220e-06   0.0000e+00   0.0000e+00   0.0000e+00   0.0000e+00   0.0000e+00   0.0000e+00
2546.47  18.070415   2.2311e-06   2.2311e-06   2.2311e-06   2.2311e-06   0.0000e+00   0.0000e+00   0.0000e+00   0.0000e+00   0.0000e+00   0.0000e+00
2571.34  18.073430   2.2403e-06   2.2403e-06   2.2403e-06   2.2403e-06   0.0000e+00   0.0000e+00   0.0000e+00   0.0000e+00   0.0000e+00   0.0000e+00
2596.34  18.076473   2.2499e-06   2.2499e-06   2.2499e-06   2.2499e-06   0.0000e+00   0.0000e+00   0.0000e+00   0.0000e+00   0.0000e+00   0.0000e+00
2621.45  18.079544   2.2597e-06   2.2597e-06   2.2597e-06   2.2597e-06   0.0000e+00   0.0000e+00   0.0000e+00   0.0000e+00   0.0000e+00   0.0000e+00
2646.68  18.082643   2.2698e-06   2.2698e-06   2.2698e-06   2.2698e-06   0.0000e+00   0.0000e+00   0.0000e+00   0.0000e+00   0.0000e+00   0.0000e+00
2672.04  18.085773   2.2802e-06   2.2802e-06   2.2802e-06   2.2802e-06   0.0000e+00   0.0000e+00   0.0000e+00   0.0000e+00   0.0000e+00   0.0000e+00
2697.51  18.088932   2.2909e-06   2.2909e-06   2.2909e-06   2.2909e-06   0.0000e+00   0.0000e+00   0.0000e+00   0.0000e+00   0.0000e+00   0.0000e+00
2723.11  18.092123   2.3020e-06   2.3019e-06   2.3019e-06   2.3019e-06   0.0000e+00   0.0000e+00   0.0000e+00   0.0000e+00   0.0000e+00   0.0000e+00
2748.82  18.095343   2.3133e-06   2.3133e-06   2.3133e-06   2.3133e-06   0.0000e+00   0.0000e+00   0.0000e+00   0.0000e+00   0.0000e+00   0.0000e+00
2774.66  18.098596   2.3250e-06   2.3250e-06   2.3250e-06   2.3250e-06   0.0000e+00   0.0000e+00   0.0000e+00   0.0000e+00   0.0000e+00   0.0000e+00
2800.62  18.101882   2.3371e-06   2.3371e-06   2.3371e-06   2.3371e-06   0.0000e+00   0.0000e+00   0.0000e+00   0.0000e+00   0.0000e+00   0.0000e+00
2826.7  18.105201   2.3496e-06   2.3496e-06   2.3496e-06   2.3496e-06   0.0000e+00   0.0000e+00   0.0000e+00   0.0000e+00   0.0000e+00   0.0000e+00
2852.9  18.108554   2.3624e-06   2.3624e-06   2.3624e-06   2.3624e-06   0.0000e+00   0.0000e+00   0.0000e+00   0.0000e+00   0.0000e+00   0.0000e+00
2879.22  18.111942   2.3756e-06   2.3756e-06   2.3756e-06   2.3756e-06   0.0000e+00   0.0000e+00   0.0000e+00   0.0000e+00   0.0000e+00   0.0000e+00
2905.66  18.115365   2.3893e-06   2.3893e-06   2.3893e-06   2.3893e-06   0.0000e+00   0.0000e+00   0.0000e+00   0.0000e+00   0.0000e+00   0.0000e+00
2932.22  18.118824   2.4034e-06   2.4034e-06   2.4034e-06   2.4034e-06   0.0000e+00   0.0000e+00   0.0000e+00   0.0000e+00   0.0000e+00   0.0000e+00
2958.91  18.122322   2.4179e-06   2.4179e-06   2.4179e-06   2.4179e-06   0.0000e+00   0.0000e+00   0.0000e+00   0.0000e+00   0.0000e+00   0.0000e+00
2985.71  18.125856   2.4329e-06   2.4329e-06   2.4329e-06   2.4329e-06   0.0000e+00   0.0000e+00   0.0000e+00   0.0000e+00   0.0000e+00   0.0000e+00
3012.64  18.129431   2.4484e-06   2.4484e-06   2.4484e-06   2.4484e-06   0.0000e+00   0.0000e+00   0.0000e+00   0.0000e+00   0.0000e+00   0.0000e+00
3039.68  18.133043   2.4644e-06   2.4644e-06   2.4644e-06   2.4644e-06   0.0000e+00   0.0000e+00   0.0000e+00   0.0000e+00   0.0000e+00   0.0000e+00
3066.85  18.136699   2.4810e-06   2.4810e-06   2.4810e-06   2.4810e-06   0.0000e+00   0.0000e+00   0.0000e+00   0.0000e+00   0.0000e+00   0.0000e+00
3094.14  18.140395   2.4981e-06   2.4981e-06   2.4981e-06   2.4981e-06   0.0000e+00   0.0000e+00   0.0000e+00   0.0000e+00   0.0000e+00   0.0000e+00
3121.54  18.144134   2.5157e-06   2.5157e-06   2.5157e-06   2.5157e-06   0.0000e+00   0.0000e+00   0.0000e+00   0.0000e+00   0.0000e+00   0.0000e+00
3149.07  18.147918   2.5340e-06   2.5340e-06   2.5340e-06   2.5340e-06   0.0000e+00   0.0000e+00   0.0000e+00   0.0000e+00   0.0000e+00   0.0000e+00
3176.72  18.151747   2.5529e-06   2.5529e-06   2.5529e-06   2.5529e-06   0.0000e+00   0.0000e+00   0.0000e+00   0.0000e+00   0.0000e+00   0.0000e+00
3204.5  18.155624   2.5724e-06   2.5724e-06   2.5724e-06   2.5724e-06   0.0000e+00   0.0000e+00   0.0000e+00   0.0000e+00   0.0000e+00   0.0000e+00
3232.39  18.159547   2.5926e-06   2.5926e-06   2.5926e-06   2.5926e-06   0.0000e+00   0.0000e+00   0.0000e+00   0.0000e+00   0.0000e+00   0.0000e+00
3260.4  18.163520   2.6135e-06   2.6135e-06   2.6135e-06   2.6135e-06   0.0000e+00   0.0000e+00   0.0000e+00   0.0000e+00   0.0000e+00   0.0000e+00
3288.53  18.167543   2.6351e-06   2.6351e-06   2.6351e-06   2.6351e-06   0.0000e+00   0.0000e+00   0.0000e+00   0.0000e+00   0.0000e+00   0.0000e+00
3316.79  18.171619   2.6575e-06   2.6575e-06   2.6575e-06   2.6575e-06   0.0000e+00   0.0000e+00   0.0000e+00   0.0000e+00   0.0000e+00   0.0000e+00
3345.16  18.175747   2.6807e-06   2.6807e-06   2.6807e-06   2.6807e-06   0.0000e+00   0.0000e+00   0.0000e+00   0.0000e+00   0.0000e+00   0.0000e+00
3373.66  18.179932   2.7047e-06   2.7047e-06   2.7047e-06   2.7047e-06   0.0000e+00   0.0000e+00   0.0000e+00   0.0000e+00   0.0000e+00   0.0000e+00
3402.28  18.184174   2.7296e-06   2.7296e-06   2.7296e-06   2.7296e-06   0.0000e+00   0.0000e+00   0.0000e+00   0.0000e+00   0.0000e+00   0.0000e+00
3431.02  18.188474   2.7555e-06   2.7555e-06   2.7555e-06   2.7555e-06   0.0000e+00   0.0000e+00   0.0000e+00   0.0000e+00   0.0000e+00   0.0000e+00
3459.87  18.192833   2.7823e-06   2.7823e-06   2.7823e-06   2.7823e-06   0.0000e+00   0.0000e+00   0.0000e+00   0.0000e+00   0.0000e+00   0.0000e+00
3488.85  18.197256   2.8101e-06   2.8101e-06   2.8101e-06   2.8101e-06   0.0000e+00   0.0000e+00   0.0000e+00   0.0000e+00   0.0000e+00   0.0000e+00
3517.95  18.201744   2.8389e-06   2.8389e-06   2.8389e-06   2.8389e-06   0.0000e+00   0.0000e+00   0.0000e+00   0.0000e+00   0.0000e+00   0.0000e+00
3547.18  18.206299   2.8689e-06   2.8689e-06   2.8689e-06   2.8689e-06   0.0000e+00   0.0000e+00   0.0000e+00   0.0000e+00   0.0000e+00   0.0000e+00
3576.52  18.210922   2.9000e-06   2.9000e-06   2.9000e-06   2.9000e-06   0.0000e+00   0.0000e+00   0.0000e+00   0.0000e+00   0.0000e+00   0.0000e+00
3605.98  18.215616   2.9324e-06   2.9324e-06   2.9324e-06   2.9324e-06   0.0000e+00   0.0000e+00   0.0000e+00   0.0000e+00   0.0000e+00   0.0000e+00
3635.57  18.220386   2.9661e-06   2.9661e-06   2.9661e-06   2.9661e-06   0.0000e+00   0.0000e+00   0.0000e+00   0.0000e+00   0.0000e+00   0.0000e+00
3665.27  18.225230   3.0011e-06   3.0011e-06   3.0011e-06   3.0011e-06   0.0000e+00   0.0000e+00   0.0000e+00   0.0000e+00   0.0000e+00   0.0000e+00
3695.1  18.230155   3.0376e-06   3.0376e-06   3.0376e-06   3.0376e-06   0.0000e+00   0.0000e+00   0.0000e+00   0.0000e+00   0.0000e+00   0.0000e+00
3725.04  18.235160   3.0756e-06   3.0756e-06   3.0756e-06   3.0756e-06   0.0000e+00   0.0000e+00   0.0000e+00   0.0000e+00   0.0000e+00   0.0000e+00
3755.11  18.240253   3.1152e-06   3.1152e-06   3.1152e-06   3.1152e-06   0.0000e+00   0.0000e+00   0.0000e+00   0.0000e+00   0.0000e+00   0.0000e+00
3785.3  18.245434   3.1566e-06   3.1566e-06   3.1566e-06   3.1566e-06   0.0000e+00   0.0000e+00   0.0000e+00   0.0000e+00   0.0000e+00   0.0000e+00
3815.61  18.250707   3.1997e-06   3.1997e-06   3.1997e-06   3.1997e-06   0.0000e+00   0.0000e+00   0.0000e+00   0.0000e+00   0.0000e+00   0.0000e+00
3846.04  18.256076   3.2448e-06   3.2448e-06   3.2448e-06   3.2448e-06   0.0000e+00   0.0000e+00   0.0000e+00   0.0000e+00   0.0000e+00   0.0000e+00
3876.59  18.261545   3.2920e-06   3.2920e-06   3.2920e-06   3.2920e-06   0.0000e+00   0.0000e+00   0.0000e+00   0.0000e+00   0.0000e+00   0.0000e+00
3907.26  18.267119   3.3414e-06   3.3414e-06   3.3414e-06   3.3414e-06   0.0000e+00   0.0000e+00   0.0000e+00   0.0000e+00   0.0000e+00   0.0000e+00
3938.05  18.272801   3.3931e-06   3.3931e-06   3.3931e-06   3.3931e-06   0.0000e+00   0.0000e+00   0.0000e+00   0.0000e+00   0.0000e+00   0.0000e+00
3968.97  18.278599   3.4473e-06   3.4473e-06   3.4473e-06   3.4473e-06   0.0000e+00   0.0000e+00   0.0000e+00   0.0000e+00   0.0000e+00   0.0000e+00
4000.0  18.284514   3.5042e-06   3.5042e-06   3.5042e-06   3.5042e-06   0.0000e+00   0.0000e+00   0.0000e+00   0.0000e+00   0.0000e+00   0.0000e+00
