# T(K) V(Ang^3) B(GPa) M1(GPa) M2(GPa) M3(GPa) M4(GPa) M5(GPa) M6(GPa) E(GPa) G(GPa)
0.0  17.854164   105.52   316.55    92.99    92.99    32.31    32.31    32.31   101.74    37.98
0.22  17.854164   105.52   316.55    92.99    92.99    32.31    32.31    32.31   101.74    37.98
0.55  17.854164   105.52   316.55    92.99    92.99    32.31    32.31    32.31   101.74    37.98
1.01  17.854164   105.52   316.55    92.99    92.99    32.31    32.31    32.31   101.74    37.98
1.59  17.854164   105.52   316.55    92.99    92.99    32.31    32.31    32.31   101.74    37.98
2.29  17.854164   105.52   316.55    92.99    92.99    32.31    32.31    32.31   101.74    37.98
3.11  17.854164   105.52   316.55    92.99    92.99    32.31    32.31    32.31   101.74    37.98
4.05  17.854164   105.52   316.55    92.99    92.99    32.31    32.31    32.31   101.74    37.98
5.11  17.854164   105.52   316.55    92.99    92.99    32.31    32.31    32.31   101.74    37.98
6.29  17.854164   105.52   316.55    92.99    92.99    32.31    32.31    32.31   101.74    37.98
7.6  17.854164   105.52   316.55    92.99    92.99    32.31    32.31    32.31   101.74    37.98
9.02  17.854164   105.52   316.55    92.99    92.99    32.31    32.31    32.31   101.74    37.98
10.57  17.854163   105.52   316.55    92.99    92.99    32.31    32.31    32.31   101.74    37.98
12.23  17.854162   105.52   316.55    92.99    92.99    32.31    32.31    32.31   101.74    37.98
14.02  17.854159   105.51   316.54    92.99    92.99    32.31    32.31    32.31   101.74    37.98
15.93  17.854156   105.51   316.54    92.99    92.99    32.31    32.31    32.31   101.74    37.98
17.95  17.854151   105.51   316.53    92.98    92.98    32.31    32.31    32.31   101.73    37.98
20.1  17.854143   105.50   316.51    92.98    92.98    32.31    32.31    32.31   101.73    37.98
22.37  17.854134   105.50   316.50    92.97    92.97    32.31    32.31    32.31   101.73    37.98
24.77  17.854121   105.49   316.47    92.97    92.97    32.31    32.31    32.31   101.73    37.98
27.28  17.854104   105.48   316.44    92.96    92.96    32.31    32.31    32.31   101.72    37.98
29.91  17.854082   105.47   316.41    92.95    92.95    32.31    32.31    32.31   101.71    37.97
32.66  17.854054   105.46   316.37    92.94    92.94    32.31    32.31    32.31   101.71    37.97
35.54  17.854019   105.44   316.33    92.92    92.92    32.31    32.31    32.31   101.70    37.97
38.53  17.853975   105.43   316.29    92.91    92.91    32.31    32.31    32.31   101.69    37.97
41.65  17.853922   105.41   316.23    92.89    92.89    32.31    32.31    32.31   101.68    37.96
44.89  17.853858   105.39   316.18    92.88    92.88    32.31    32.31    32.31   101.67    37.96
48.25  17.853784   105.37   316.12    92.86    92.86    32.31    32.31    32.31   101.66    37.96
51.72  17.853699   105.35   316.06    92.84    92.84    32.31    32.31    32.31   101.65    37.95
55.32  17.853603   105.33   316.00    92.82    92.82    32.31    32.31    32.31   101.64    37.95
59.04  17.853496   105.31   315.94    92.80    92.80    32.31    32.31    32.31   101.63    37.95
62.89  17.853378   105.29   315.88    92.78    92.78    32.31    32.31    32.31   101.62    37.94
66.85  17.853251   105.27   315.81    92.76    92.76    32.31    32.31    32.31   101.61    37.94
70.93  17.853115   105.25   315.75    92.74    92.74    32.31    32.31    32.31   101.60    37.93
75.14  17.852970   105.23   315.69    92.72    92.72    32.31    32.31    32.31   101.59    37.93
79.46  17.852818   105.21   315.63    92.70    92.70    32.31    32.31    32.31   101.57    37.93
83.91  17.852660   105.19   315.57    92.68    92.68    32.31    32.31    32.31   101.56    37.92
88.47  17.852497   105.17   315.51    92.66    92.66    32.31    32.31    32.31   101.55    37.92
93.16  17.852330   105.15   315.45    92.64    92.64    32.31    32.31    32.31   101.54    37.92
97.97  17.852159   105.13   315.39    92.62    92.62    32.31    32.31    32.31   101.53    37.91
102.9  17.851986   105.11   315.34    92.61    92.61    32.31    32.31    32.31   101.52    37.91
107.95  17.851812   105.10   315.29    92.59    92.59    32.31    32.31    32.31   101.51    37.91
113.12  17.851638   105.08   315.25    92.57    92.57    32.31    32.31    32.31   101.50    37.90
118.41  17.851464   105.07   315.20    92.56    92.56    32.31    32.31    32.31   101.50    37.90
123.82  17.851292   105.05   315.16    92.54    92.54    32.31    32.31    32.31   101.49    37.90
129.36  17.851122   105.04   315.12    92.53    92.53    32.32    32.32    32.32   101.48    37.90
135.01  17.850956   105.03   315.08    92.52    92.52    32.32    32.32    32.32   101.47    37.89
140.79  17.850794   105.02   315.05    92.50    92.50    32.32    32.32    32.32   101.47    37.89
146.68  17.850638   105.01   315.02    92.49    92.49    32.32    32.32    32.32   101.46    37.89
152.7  17.850488   105.00   314.99    92.48    92.48    32.32    32.32    32.32   101.46    37.89
158.84  17.850346   104.99   314.96    92.47    92.47    32.32    32.32    32.32   101.45    37.89
165.09  17.850212   104.98   314.94    92.46    92.46    32.32    32.32    32.32   101.45    37.88
171.47  17.850087   104.97   314.92    92.46    92.46    32.32    32.32    32.32   101.44    37.88
177.97  17.849972   104.97   314.90    92.45    92.45    32.32    32.32    32.32   101.44    37.88
184.6  17.849869   104.96   314.88    92.44    92.44    32.32    32.32    32.32   101.44    37.88
191.34  17.849778   104.95   314.86    92.44    92.44    32.32    32.32    32.32   101.43    37.88
198.2  17.849701   104.95   314.85    92.43    92.43    32.32    32.32    32.32   101.43    37.88
205.18  17.849638   104.95   314.84    92.43    92.43    32.32    32.32    32.32   101.43    37.88
212.29  17.849590   104.94   314.82    92.42    92.42    32.32    32.32    32.32   101.43    37.88
219.51  17.849558   104.94   314.81    92.42    92.42    32.32    32.32    32.32   101.42    37.88
226.86  17.849544   104.94   314.81    92.42    92.42    32.32    32.32    32.32   101.42    37.88
234.33  17.849548   104.93   314.80    92.41    92.41    32.32    32.32    32.32   101.42    37.87
241.92  17.849571   104.93   314.79    92.41    92.41    32.32    32.32    32.32   101.42    37.87
249.62  17.849613   104.93   314.78    92.41    92.41    32.32    32.32    32.32   101.42    37.87
257.45  17.849677   104.93   314.78    92.41    92.41    32.32    32.32    32.32   101.42    37.87
265.41  17.849761   104.92   314.77    92.41    92.41    32.32    32.32    32.32   101.42    37.87
273.48  17.849867   104.92   314.77    92.41    92.41    32.32    32.32    32.32   101.42    37.87
281.67  17.849996   104.92   314.76    92.41    92.41    32.32    32.32    32.32   101.42    37.87
289.98  17.850148   104.92   314.76    92.41    92.41    32.32    32.32    32.32   101.42    37.87
298.42  17.850323   104.92   314.76    92.41    92.41    32.32    32.32    32.32   101.42    37.87
306.97  17.850522   104.92   314.75    92.41    92.41    32.32    32.32    32.32   101.42    37.87
315.65  17.850746   104.92   314.75    92.42    92.42    32.32    32.32    32.32   101.42    37.87
324.44  17.850994   104.91   314.74    92.42    92.42    32.32    32.32    32.32   101.42    37.87
333.36  17.851267   104.91   314.74    92.42    92.42    32.31    32.31    32.31   101.42    37.87
342.4  17.851565   104.91   314.74    92.42    92.42    32.31    32.31    32.31   101.42    37.87
351.56  17.851889   104.91   314.73    92.43    92.43    32.31    32.31    32.31   101.42    37.87
360.84  17.852238   104.91   314.73    92.43    92.43    32.31    32.31    32.31   101.42    37.87
370.24  17.852613   104.91   314.72    92.43    92.43    32.31    32.31    32.31   101.42    37.87
379.76  17.853013   104.90   314.71    92.44    92.44    32.31    32.31    32.31   101.42    37.87
389.4  17.853440   104.90   314.71    92.44    92.44    32.31    32.31    32.31   101.41    37.87
399.17  17.853892   104.90   314.70    92.44    92.44    32.31    32.31    32.31   101.41    37.87
409.05  17.854370   104.90   314.69    92.45    92.45    32.31    32.31    32.31   101.41    37.87
419.06  17.854874   104.89   314.68    92.45    92.45    32.30    32.30    32.30   101.41    37.87
429.18  17.855402   104.89   314.67    92.46    92.46    32.30    32.30    32.30   101.41    37.87
439.43  17.855957   104.89   314.66    92.46    92.46    32.30    32.30    32.30   101.41    37.87
449.8  17.856538   104.88   314.65    92.46    92.46    32.30    32.30    32.30   101.41    37.87
460.29  17.857143   104.88   314.64    92.47    92.47    32.30    32.30    32.30   101.41    37.87
470.89  17.857773   104.87   314.62    92.47    92.47    32.30    32.30    32.30   101.41    37.87
481.62  17.858429   104.87   314.61    92.48    92.48    32.30    32.30    32.30   101.41    37.87
492.48  17.859110   104.86   314.59    92.48    92.48    32.29    32.29    32.29   101.41    37.87
503.45  17.859815   104.86   314.58    92.48    92.48    32.29    32.29    32.29   101.41    37.87
514.54  17.860544   104.85   314.56    92.49    92.49    32.29    32.29    32.29   101.41    37.87
525.75  17.861297   104.85   314.54    92.49    92.49    32.29    32.29    32.29   101.40    37.87
537.09  17.862076   104.84   314.51    92.50    92.50    32.29    32.29    32.29   101.40    37.87
548.54  17.862877   104.83   314.49    92.50    92.50    32.28    32.28    32.28   101.40    37.87
560.12  17.863703   104.82   314.46    92.50    92.50    32.28    32.28    32.28   101.40    37.87
571.82  17.864552   104.81   314.44    92.51    92.51    32.28    32.28    32.28   101.39    37.87
583.64  17.865424   104.80   314.41    92.51    92.51    32.28    32.28    32.28   101.39    37.87
595.57  17.866318   104.79   314.38    92.51    92.51    32.27    32.27    32.27   101.39    37.87
607.63  17.867236   104.78   314.34    92.51    92.51    32.27    32.27    32.27   101.39    37.87
619.82  17.868178   104.77   314.31    92.52    92.52    32.27    32.27    32.27   101.38    37.87
632.12  17.869140   104.76   314.27    92.52    92.52    32.27    32.27    32.27   101.38    37.86
644.54  17.870125   104.74   314.23    92.52    92.52    32.26    32.26    32.26   101.37    37.86
657.08  17.871132   104.73   314.19    92.52    92.52    32.26    32.26    32.26   101.37    37.86
669.75  17.872161   104.72   314.15    92.52    92.52    32.26    32.26    32.26   101.36    37.86
682.53  17.873211   104.70   314.10    92.52    92.52    32.26    32.26    32.26   101.36    37.86
695.44  17.874284   104.68   314.05    92.52    92.52    32.25    32.25    32.25   101.35    37.86
708.46  17.875376   104.67   314.00    92.52    92.52    32.25    32.25    32.25   101.35    37.86
721.61  17.876490   104.65   313.95    92.52    92.52    32.25    32.25    32.25   101.34    37.85
734.88  17.877625   104.63   313.89    92.52    92.52    32.25    32.25    32.25   101.33    37.85
748.27  17.878781   104.61   313.83    92.52    92.52    32.24    32.24    32.24   101.33    37.85
761.78  17.879957   104.59   313.77    92.51    92.51    32.24    32.24    32.24   101.32    37.85
775.41  17.881153   104.57   313.71    92.51    92.51    32.24    32.24    32.24   101.31    37.84
789.16  17.882369   104.55   313.64    92.51    92.51    32.24    32.24    32.24   101.30    37.84
803.03  17.883605   104.52   313.57    92.50    92.50    32.23    32.23    32.23   101.29    37.84
817.03  17.884862   104.50   313.49    92.49    92.49    32.23    32.23    32.23   101.29    37.84
831.14  17.886137   104.47   313.41    92.49    92.49    32.23    32.23    32.23   101.28    37.83
845.38  17.887433   104.44   313.33    92.48    92.48    32.22    32.22    32.22   101.27    37.83
859.73  17.888747   104.42   313.25    92.47    92.47    32.22    32.22    32.22   101.25    37.83
874.21  17.890081   104.39   313.16    92.47    92.47    32.22    32.22    32.22   101.24    37.82
888.81  17.891435   104.36   313.07    92.46    92.46    32.21    32.21    32.21   101.23    37.82
903.53  17.892807   104.32   312.97    92.45    92.45    32.21    32.21    32.21   101.22    37.82
918.36  17.894197   104.29   312.88    92.44    92.44    32.21    32.21    32.21   101.21    37.81
933.32  17.895606   104.26   312.77    92.42    92.42    32.21    32.21    32.21   101.19    37.81
948.41  17.897035   104.22   312.67    92.41    92.41    32.20    32.20    32.20   101.18    37.80
963.61  17.898482   104.19   312.56    92.40    92.40    32.20    32.20    32.20   101.16    37.80
978.93  17.899947   104.15   312.44    92.38    92.38    32.20    32.20    32.20   101.15    37.79
994.37  17.901430   104.11   312.32    92.37    92.37    32.19    32.19    32.19   101.13    37.79
1009.94  17.902932   104.07   312.20    92.35    92.35    32.19    32.19    32.19   101.12    37.78
1025.62  17.904451   104.02   312.07    92.33    92.33    32.19    32.19    32.19   101.10    37.78
1041.43  17.905990   103.98   311.94    92.31    92.31    32.19    32.19    32.19   101.08    37.77
1057.36  17.907546   103.93   311.80    92.29    92.29    32.18    32.18    32.18   101.06    37.77
1073.41  17.909120   103.89   311.66    92.27    92.27    32.18    32.18    32.18   101.04    37.76
1089.57  17.910710   103.84   311.51    92.25    92.25    32.18    32.18    32.18   101.02    37.76
1105.86  17.912320   103.79   311.36    92.22    92.22    32.17    32.17    32.17   101.00    37.75
1122.28  17.913948   103.74   311.21    92.20    92.20    32.17    32.17    32.17   100.98    37.74
1138.81  17.915593   103.68   311.05    92.17    92.17    32.17    32.17    32.17   100.96    37.74
1155.46  17.917255   103.63   310.88    92.15    92.15    32.16    32.16    32.16   100.93    37.73
1172.23  17.918934   103.57   310.71    92.12    92.12    32.16    32.16    32.16   100.91    37.72
1189.13  17.920633   103.51   310.53    92.09    92.09    32.16    32.16    32.16   100.89    37.71
1206.14  17.922347   103.45   310.35    92.06    92.06    32.16    32.16    32.16   100.86    37.70
1223.28  17.924080   103.39   310.17    92.02    92.02    32.15    32.15    32.15   100.83    37.70
1240.53  17.925829   103.32   309.97    91.99    91.99    32.15    32.15    32.15   100.81    37.69
1257.91  17.927597   103.26   309.77    91.95    91.95    32.15    32.15    32.15   100.78    37.68
1275.41  17.929382   103.19   309.57    91.91    91.91    32.15    32.15    32.15   100.75    37.67
1293.03  17.931184   103.12   309.36    91.87    91.87    32.14    32.14    32.14   100.72    37.66
1310.77  17.933003   103.05   309.14    91.83    91.83    32.14    32.14    32.14   100.69    37.65
1328.63  17.934840   102.97   308.92    91.79    91.79    32.14    32.14    32.14   100.66    37.64
1346.61  17.936694   102.90   308.69    91.75    91.75    32.14    32.14    32.14   100.63    37.63
1364.71  17.938565   102.82   308.46    91.70    91.70    32.13    32.13    32.13   100.59    37.62
1382.94  17.940454   102.74   308.22    91.65    91.65    32.13    32.13    32.13   100.56    37.61
1401.28  17.942360   102.66   307.97    91.61    91.61    32.13    32.13    32.13   100.52    37.60
1419.75  17.944284   102.57   307.71    91.55    91.55    32.13    32.13    32.13   100.48    37.59
1438.33  17.946224   102.48   307.45    91.50    91.50    32.12    32.12    32.12   100.45    37.57
1457.04  17.948183   102.40   307.19    91.45    91.45    32.12    32.12    32.12   100.41    37.56
1475.87  17.950159   102.30   306.91    91.39    91.39    32.12    32.12    32.12   100.37    37.55
1494.82  17.952153   102.21   306.63    91.33    91.33    32.12    32.12    32.12   100.33    37.54
1513.88  17.954162   102.11   306.34    91.27    91.27    32.12    32.12    32.12   100.29    37.52
1533.07  17.956191   102.01   306.04    91.21    91.21    32.11    32.11    32.11   100.24    37.51
1552.39  17.958238   101.91   305.74    91.14    91.14    32.11    32.11    32.11   100.20    37.50
1571.82  17.960301   101.81   305.43    91.08    91.08    32.11    32.11    32.11   100.15    37.48
1591.37  17.962382   101.70   305.11    91.01    91.01    32.11    32.11    32.11   100.11    37.47
1611.04  17.964481   101.59   304.78    90.94    90.94    32.11    32.11    32.11   100.06    37.45
1630.84  17.966599   101.48   304.44    90.86    90.86    32.11    32.11    32.11   100.01    37.44
1650.75  17.968733   101.37   304.10    90.79    90.79    32.10    32.10    32.10    99.96    37.42
1670.79  17.970887   101.25   303.75    90.71    90.71    32.10    32.10    32.10    99.91    37.40
1690.95  17.973058   101.13   303.39    90.63    90.63    32.10    32.10    32.10    99.85    37.39
1711.23  17.975247   101.01   303.02    90.55    90.55    32.10    32.10    32.10    99.80    37.37
1731.62  17.977454   100.88   302.64    90.46    90.46    32.10    32.10    32.10    99.74    37.35
1752.14  17.979680   100.75   302.26    90.37    90.37    32.10    32.10    32.10    99.69    37.33
1772.79  17.981925   100.62   301.86    90.28    90.28    32.10    32.10    32.10    99.63    37.32
1793.55  17.984187   100.49   301.46    90.19    90.19    32.10    32.10    32.10    99.57    37.30
1814.43  17.986469   100.35   301.05    90.10    90.10    32.10    32.10    32.10    99.51    37.28
1835.43  17.988769   100.21   300.62    90.00    90.00    32.10    32.10    32.10    99.45    37.26
1856.56  17.991088   100.06   300.19    89.90    89.90    32.10    32.10    32.10    99.38    37.24
1877.8  17.993426    99.92   299.75    89.79    89.79    32.10    32.10    32.10    99.32    37.22
1899.17  17.995784    99.77   299.30    89.69    89.69    32.09    32.09    32.09    99.25    37.19
1920.65  17.998160    99.61   298.84    89.58    89.58    32.10    32.10    32.10    99.18    37.17
1942.26  18.000557    99.46   298.37    89.47    89.47    32.10    32.10    32.10    99.11    37.15
1963.99  18.002973    99.30   297.89    89.35    89.35    32.10    32.10    32.10    99.04    37.13
1985.84  18.005409    99.13   297.40    89.23    89.23    32.10    32.10    32.10    98.97    37.10
2007.81  18.007865    98.96   296.89    89.11    89.11    32.10    32.10    32.10    98.89    37.08
2029.9  18.010340    98.79   296.38    88.99    88.99    32.10    32.10    32.10    98.81    37.06
2052.11  18.012837    98.62   295.86    88.86    88.86    32.10    32.10    32.10    98.74    37.03
2074.44  18.015353    98.44   295.32    88.73    88.73    32.10    32.10    32.10    98.66    37.01
2096.9  18.017892    98.26   294.78    88.60    88.60    32.10    32.10    32.10    98.57    36.98
2119.47  18.020450    98.07   294.22    88.46    88.46    32.10    32.10    32.10    98.49    36.95
2142.17  18.023031    97.88   293.65    88.32    88.32    32.10    32.10    32.10    98.40    36.93
2164.98  18.025631    97.69   293.07    88.18    88.18    32.11    32.11    32.11    98.32    36.90
2187.92  18.028255    97.49   292.47    88.03    88.03    32.11    32.11    32.11    98.23    36.87
2210.98  18.030901    97.29   291.87    87.88    87.88    32.11    32.11    32.11    98.14    36.84
2234.16  18.033568    97.08   291.25    87.72    87.72    32.11    32.11    32.11    98.04    36.81
2257.45  18.036257    96.87   290.62    87.57    87.57    32.11    32.11    32.11    97.95    36.78
2280.87  18.038970    96.66   289.98    87.40    87.40    32.12    32.12    32.12    97.85    36.75
2304.42  18.041707    96.44   289.32    87.24    87.24    32.12    32.12    32.12    97.75    36.72
2328.08  18.044466    96.22   288.65    87.07    87.07    32.12    32.12    32.12    97.65    36.69
2351.86  18.047249    95.99   287.97    86.89    86.89    32.13    32.13    32.13    97.55    36.65
2375.76  18.050056    95.76   287.27    86.72    86.72    32.13    32.13    32.13    97.44    36.62
2399.79  18.052889    95.52   286.56    86.53    86.53    32.13    32.13    32.13    97.33    36.59
2423.93  18.055745    95.28   285.83    86.35    86.35    32.14    32.14    32.14    97.22    36.55
2448.2  18.058627    95.03   285.09    86.16    86.16    32.14    32.14    32.14    97.11    36.51
2472.59  18.061535    94.78   284.34    85.96    85.96    32.14    32.14    32.14    96.99    36.48
2497.1  18.064469    94.52   283.57    85.76    85.76    32.15    32.15    32.15    96.87    36.44
2521.72  18.067428    94.26   282.79    85.56    85.56    32.15    32.15    32.15    96.75    36.40
2546.47  18.070415    94.00   281.99    85.35    85.35    32.16    32.16    32.16    96.63    36.36
2571.34  18.073430    93.72   281.17    85.14    85.14    32.16    32.16    32.16    96.50    36.32
2596.34  18.076473    93.45   280.34    84.92    84.92    32.17    32.17    32.17    96.38    36.28
2621.45  18.079544    93.16   279.49    84.70    84.70    32.17    32.17    32.17    96.25    36.24
2646.68  18.082643    92.87   278.62    84.47    84.47    32.18    32.18    32.18    96.11    36.20
2672.04  18.085773    92.58   277.74    84.23    84.23    32.18    32.18    32.18    95.98    36.16
2697.51  18.088932    92.28   276.84    84.00    84.00    32.19    32.19    32.19    95.84    36.11
2723.11  18.092123    91.97   275.92    83.75    83.75    32.19    32.19    32.19    95.69    36.07
2748.82  18.095343    91.66   274.99    83.50    83.50    32.20    32.20    32.20    95.55    36.02
2774.66  18.098596    91.34   274.03    83.25    83.25    32.21    32.21    32.21    95.40    35.97
2800.62  18.101882    91.02   273.06    82.99    82.99    32.21    32.21    32.21    95.25    35.93
2826.7  18.105201    90.69   272.07    82.72    82.72    32.22    32.22    32.22    95.09    35.88
2852.9  18.108554    90.35   271.06    82.45    82.45    32.23    32.23    32.23    94.93    35.83
2879.22  18.111942    90.01   270.03    82.17    82.17    32.24    32.24    32.24    94.77    35.78
2905.66  18.115365    89.66   268.97    81.89    81.89    32.24    32.24    32.24    94.61    35.72
2932.22  18.118824    89.30   267.90    81.60    81.60    32.25    32.25    32.25    94.44    35.67
2958.91  18.122322    88.94   266.81    81.30    81.30    32.26    32.26    32.26    94.27    35.62
2985.71  18.125856    88.56   265.69    81.00    81.00    32.27    32.27    32.27    94.09    35.56
3012.64  18.129431    88.19   264.56    80.69    80.69    32.28    32.28    32.28    93.91    35.50
3039.68  18.133043    87.80   263.40    80.37    80.37    32.29    32.29    32.29    93.73    35.45
3066.85  18.136699    87.40   262.21    80.05    80.05    32.30    32.30    32.30    93.54    35.39
3094.14  18.140395    87.00   261.01    79.72    79.72    32.30    32.30    32.30    93.34    35.33
3121.54  18.144134    86.59   259.78    79.38    79.38    32.31    32.31    32.31    93.15    35.26
3149.07  18.147918    86.17   258.52    79.03    79.03    32.32    32.32    32.32    92.95    35.20
3176.72  18.151747    85.75   257.24    78.68    78.68    32.33    32.33    32.33    92.74    35.14
3204.5  18.155624    85.31   255.93    78.32    78.32    32.35    32.35    32.35    92.53    35.07
3232.39  18.159547    84.87   254.60    77.95    77.95    32.36    32.36    32.36    92.32    35.00
3260.4  18.163520    84.41   253.24    77.57    77.57    32.37    32.37    32.37    92.10    34.93
3288.53  18.167543    83.95   251.85    77.18    77.18    32.38    32.38    32.38    91.87    34.86
3316.79  18.171619    83.48   250.44    76.79    76.79    32.39    32.39    32.39    91.65    34.79
3345.16  18.175747    83.00   248.99    76.38    76.38    32.40    32.40    32.40    91.41    34.72
3373.66  18.179932    82.51   247.52    75.97    75.97    32.42    32.42    32.42    91.17    34.64
3402.28  18.184174    82.00   246.01    75.55    75.55    32.43    32.43    32.43    90.92    34.57
3431.02  18.188474    81.49   244.47    75.12    75.12    32.44    32.44    32.44    90.67    34.49
3459.87  18.192833    80.97   242.90    74.67    74.67    32.45    32.45    32.45    90.42    34.41
3488.85  18.197256    80.43   241.30    74.22    74.22    32.47    32.47    32.47    90.15    34.33
3517.95  18.201744    79.89   239.66    73.76    73.76    32.48    32.48    32.48    89.88    34.24
3547.18  18.206299    79.33   237.99    73.28    73.28    32.50    32.50    32.50    89.61    34.15
3576.52  18.210922    78.76   236.28    72.80    72.80    32.51    32.51    32.51    89.32    34.07
3605.98  18.215616    78.18   234.53    72.30    72.30    32.53    32.53    32.53    89.03    33.98
3635.57  18.220386    77.58   232.75    71.79    71.79    32.54    32.54    32.54    88.73    33.88
3665.27  18.225230    76.98   230.93    71.27    71.27    32.56    32.56    32.56    88.43    33.79
3695.1  18.230155    76.35   229.06    70.74    70.74    32.57    32.57    32.57    88.12    33.69
3725.04  18.235160    75.72   227.16    70.19    70.19    32.59    32.59    32.59    87.79    33.59
3755.11  18.240253    75.07   225.21    69.63    69.63    32.61    32.61    32.61    87.47    33.49
3785.3  18.245434    74.40   223.21    69.05    69.05    32.63    32.63    32.63    87.13    33.39
3815.61  18.250707    73.72   221.17    68.47    68.47    32.64    32.64    32.64    86.78    33.28
3846.04  18.256076    73.03   219.08    67.86    67.86    32.66    32.66    32.66    86.42    33.17
3876.59  18.261545    72.31   216.94    67.24    67.24    32.68    32.68    32.68    86.06    33.06
3907.26  18.267119    71.58   214.75    66.61    66.61    32.70    32.70    32.70    85.68    32.94
3938.05  18.272801    70.84   212.51    65.95    65.95    32.72    32.72    32.72    85.29    32.82
3968.97  18.278599    70.07   210.21    65.28    65.28    32.74    32.74    32.74    84.89    32.70
4000.0  18.284514    69.29   207.86    64.60    64.60    32.76    32.76    32.76    84.48    32.57
