#T volume alpha alpha_xx alpha_yy alpha_zz alpha_yz alpha_zx alpha_xz alpha_zx alpha_xy alpha_yx
0.0  18.384039   0.0000e+00  -3.7839e-13  -3.7839e-13  -3.7839e-13  -6.5920e-30  -6.5920e-30   6.5920e-30  -6.5920e-30   6.5920e-30   6.5920e-30
0.18  18.384039   8.6725e-11   8.6870e-11   8.6870e-11   8.6870e-11  -7.1826e-28  -7.1826e-28   7.1826e-28  -7.1826e-28   7.1826e-28   7.1826e-28
0.45  18.384039   2.1360e-10   2.1360e-10   2.1360e-10   2.1360e-10  -1.6309e-26  -1.0516e-26   3.0572e-26   2.4084e-27   3.6366e-26  -2.4084e-27
0.82  18.384039   3.7304e-10   3.7311e-10   3.7311e-10   3.7311e-10   7.6198e-27  -4.8377e-27   1.7295e-26  -3.0687e-26   4.8377e-27  -2.1012e-26
1.29  18.384039   5.3314e-10   5.3323e-10   5.3323e-10   5.3323e-10   7.7785e-27  -1.0025e-26   2.7828e-26   9.3373e-26   1.0025e-26   1.1342e-25
1.86  18.384039   6.2851e-10   6.2861e-10   6.2861e-10   6.2861e-10  -1.0178e-26  -1.0178e-26   1.0178e-26  -1.0178e-26   1.0178e-26   1.0178e-26
2.53  18.384039   5.4444e-10   5.4437e-10   5.4437e-10   5.4437e-10   1.9091e-26   1.9091e-26  -1.9091e-26   1.9091e-26  -1.9091e-26  -1.9091e-26
3.3  18.384039   1.1151e-10   1.1103e-10   1.1103e-10   1.1103e-10   2.4114e-27   5.1667e-27   5.0028e-27  -7.7580e-27   7.7580e-27  -5.1667e-27
4.16  18.384039  -8.4513e-10  -8.4683e-10  -8.4683e-10  -8.4683e-10  -4.6774e-28  -4.6774e-28   4.6774e-28  -4.6774e-28   4.6774e-28   4.6774e-28
5.13  18.384039  -2.4287e-09  -2.4324e-09  -2.4324e-09  -2.4324e-09   6.7381e-26   6.7381e-26  -6.7381e-26   6.7381e-26  -6.7381e-26  -6.7381e-26
6.19  18.384039  -4.2798e-09  -4.2866e-09  -4.2866e-09  -4.2866e-09   1.7100e-25   1.7100e-25  -1.7100e-25   1.7100e-25  -1.7100e-25  -1.7100e-25
7.35  18.384038  -5.1155e-09  -5.1249e-09  -5.1249e-09  -5.1249e-09  -1.2943e-25  -1.2943e-25   1.2943e-25  -1.2943e-25   1.2943e-25   1.2943e-25
8.61  18.384038  -1.8786e-09  -1.8850e-09  -1.8850e-09  -1.8850e-09  -1.6149e-25  -9.8555e-26   3.5620e-26   1.0824e-25   9.8555e-26   9.8555e-26
9.96  18.384038   1.0808e-08   1.0804e-08   1.0804e-08   1.0804e-08  -9.6295e-27  -9.6295e-27   9.6295e-27  -9.6295e-27   9.6295e-27   9.6295e-27
11.42  18.384040   4.1215e-08   4.1222e-08   4.1222e-08   4.1222e-08   2.9146e-24   1.5383e-24  -1.6194e-25  -1.7705e-24  -1.5383e-24  -1.5383e-24
12.97  18.384046   9.8895e-08   9.8907e-08   9.8907e-08   9.8907e-08   3.2737e-24   3.2737e-24  -3.2737e-24   3.2737e-24  -3.2737e-24  -3.2737e-24
14.62  18.384059   1.9456e-07   1.9457e-07   1.9457e-07   1.9457e-07  -6.4230e-24  -6.4230e-24   6.4230e-24  -6.4230e-24   6.4230e-24   6.4230e-24
16.37  18.384085   3.3786e-07   3.3788e-07   3.3788e-07   3.3788e-07  -5.5050e-24  -5.5050e-24   5.5050e-24  -5.5050e-24   5.5050e-24   5.5050e-24
18.22  18.384129   5.3619e-07   5.3621e-07   5.3621e-07   5.3621e-07  -1.8224e-23  -1.8224e-23   1.8224e-23  -1.8224e-23   1.8224e-23   1.8224e-23
20.17  18.384200   7.9368e-07   7.9369e-07   7.9369e-07   7.9369e-07   1.6541e-23   1.6541e-23  -1.6541e-23   1.6541e-23  -1.6541e-23  -1.6541e-23
22.22  18.384307   1.1108e-06   1.1109e-06   1.1109e-06   1.1109e-06  -4.1595e-23  -4.1595e-23   4.1595e-23  -4.1595e-23   4.1595e-23   4.1595e-23
24.36  18.384460   1.4829e-06   1.4829e-06   1.4829e-06   1.4829e-06  -1.5461e-23  -1.5461e-23   1.5461e-23  -1.5461e-23   1.5461e-23   1.5461e-23
26.6  18.384669   1.9053e-06   1.9053e-06   1.9053e-06   1.9053e-06  -2.5833e-24  -2.5833e-24   2.5833e-24  -2.5833e-24   2.5833e-24   2.5833e-24
28.95  18.384946   2.3721e-06   2.3721e-06   2.3721e-06   2.3721e-06  -8.7503e-23  -8.7503e-23   8.7503e-23  -8.7503e-23   8.7503e-23   8.7503e-23
31.39  18.385298   2.8697e-06   2.8697e-06   2.8697e-06   2.8697e-06   4.7028e-23   4.7028e-23  -4.7028e-23   4.7028e-23  -4.7028e-23  -4.7028e-23
33.92  18.385735   3.3880e-06   3.3880e-06   3.3880e-06   3.3880e-06  -5.6295e-23  -5.6295e-23   5.6295e-23  -5.6295e-23   5.6295e-23   5.6295e-23
36.56  18.386267   3.9213e-06   3.9213e-06   3.9213e-06   3.9213e-06  -8.3156e-23  -8.3156e-23   8.3156e-23  -8.3156e-23   8.3156e-23   8.3156e-23
39.3  18.386901   4.4584e-06   4.4584e-06   4.4584e-06   4.4584e-06   1.5928e-22   1.5928e-22  -1.5928e-22   1.5928e-22  -1.5928e-22  -1.5928e-22
42.13  18.387639   4.9894e-06   4.9893e-06   4.9893e-06   4.9893e-06  -1.0306e-22  -1.0306e-22   1.0306e-22  -1.0306e-22   1.0306e-22   1.0306e-22
45.06  18.388488   5.5094e-06   5.5094e-06   5.5094e-06   5.5094e-06   3.6503e-23   3.6503e-23  -3.6503e-23   3.6503e-23  -3.6503e-23  -3.6503e-23
48.09  18.389451   6.0133e-06   6.0133e-06   6.0133e-06   6.0133e-06   3.2286e-22   1.2211e-22   7.8643e-23   1.3927e-21  -1.2211e-22   1.1484e-21
51.22  18.390532   6.4969e-06   6.4969e-06   6.4969e-06   6.4969e-06  -4.6970e-24  -4.6970e-24   4.6970e-24  -4.6970e-24   4.6970e-24   4.6970e-24
54.45  18.391731   6.9573e-06   6.9573e-06   6.9573e-06   6.9573e-06  -5.5385e-23  -5.5385e-23   5.5385e-23  -5.5385e-23   5.5385e-23   5.5385e-23
57.77  18.393046   7.3915e-06   7.3915e-06   7.3915e-06   7.3915e-06  -2.1108e-22  -2.1108e-22   2.1108e-22  -2.1108e-22   2.1108e-22   2.1108e-22
61.2  18.394484   7.8012e-06   7.8012e-06   7.8012e-06   7.8012e-06   3.3636e-22   7.5943e-23   1.8447e-22  -7.7109e-22  -7.5943e-23  -7.5943e-23
64.72  18.396038   8.1837e-06   8.1837e-06   8.1837e-06   8.1837e-06   3.3452e-22   3.3452e-22  -3.3452e-22   3.3452e-22  -3.3452e-22  -3.3452e-22
68.34  18.397709   8.5407e-06   8.5407e-06   8.5407e-06   8.5407e-06  -7.9800e-24  -7.9800e-24   7.9800e-24  -7.9800e-24   7.9800e-24   7.9800e-24
72.06  18.399497   8.8729e-06   8.8729e-06   8.8729e-06   8.8729e-06   2.6952e-22   2.6952e-22  -2.6952e-22   2.6952e-22  -2.6952e-22  -2.6952e-22
75.88  18.401401   9.1812e-06   9.1813e-06   9.1813e-06   9.1813e-06  -5.3398e-23  -3.5984e-22   6.6629e-22  -3.5984e-22   3.5984e-22  -4.8719e-22
79.8  18.403420   9.4671e-06   9.4671e-06   9.4671e-06   9.4671e-06  -2.5552e-22  -2.5552e-22   2.5552e-22  -2.5552e-22   2.5552e-22   2.5552e-22
83.81  18.405545   9.7311e-06   9.7311e-06   9.7311e-06   9.7311e-06   1.4046e-23   1.4046e-23  -1.4046e-23   1.4046e-23  -1.4046e-23  -1.4046e-23
87.92  18.407782   9.9754e-06   9.9754e-06   9.9754e-06   9.9754e-06   6.4161e-22   3.0870e-22   2.4212e-23   2.0028e-21  -3.0870e-22   2.2324e-21
92.14  18.410134   1.0202e-05   1.0202e-05   1.0202e-05   1.0202e-05  -3.1417e-22  -3.1417e-22   3.1417e-22  -3.1417e-22   3.1417e-22   3.1417e-22
96.45  18.412588   1.0411e-05   1.0411e-05   1.0411e-05   1.0411e-05   3.5737e-23   3.5737e-23  -3.5737e-23   3.5737e-23  -3.5737e-23  -3.5737e-23
100.85  18.415142   1.0604e-05   1.0604e-05   1.0604e-05   1.0604e-05   1.4155e-22   1.4155e-22  -1.4155e-22   1.4155e-22  -1.4155e-22  -1.4155e-22
105.36  18.417807   1.0784e-05   1.0784e-05   1.0784e-05   1.0784e-05  -2.0349e-22  -2.0349e-22   2.0349e-22  -2.0349e-22   2.0349e-22   2.0349e-22
109.97  18.420576   1.0950e-05   1.0950e-05   1.0950e-05   1.0950e-05  -3.9064e-22  -3.9064e-22   3.9064e-22  -3.9064e-22   3.9064e-22   3.9064e-22
114.67  18.423440   1.1104e-05   1.1104e-05   1.1104e-05   1.1104e-05  -3.0059e-22  -3.0059e-22   3.0059e-22  -3.0059e-22   3.0059e-22   3.0059e-22
119.47  18.426406   1.1247e-05   1.1247e-05   1.1247e-05   1.1247e-05   2.4275e-22   2.4275e-22  -2.4275e-22   2.4275e-22  -2.4275e-22  -2.4275e-22
124.37  18.429471   1.1381e-05   1.1381e-05   1.1381e-05   1.1381e-05  -1.9913e-23  -1.9913e-23   1.9913e-23  -1.9913e-23   1.9913e-23   1.9913e-23
129.37  18.432635   1.1505e-05   1.1505e-05   1.1505e-05   1.1505e-05   2.8324e-22   2.8324e-22  -2.8324e-22   2.8324e-22  -2.8324e-22  -2.8324e-22
134.47  18.435896   1.1621e-05   1.1621e-05   1.1621e-05   1.1621e-05   1.7695e-22   1.7695e-22  -1.7695e-22   1.7695e-22  -1.7695e-22  -1.7695e-22
139.67  18.439255   1.1730e-05   1.1730e-05   1.1730e-05   1.1730e-05  -2.7697e-22  -2.7697e-22   2.7697e-22  -2.7697e-22   2.7697e-22   2.7697e-22
144.96  18.442703   1.1832e-05   1.1832e-05   1.1832e-05   1.1832e-05   3.9903e-22   3.9903e-22  -3.9903e-22   3.9903e-22  -3.9903e-22  -3.9903e-22
150.35  18.446246   1.1927e-05   1.1927e-05   1.1927e-05   1.1927e-05   4.4471e-22   4.6934e-23   3.5085e-22   2.5880e-21  -4.6934e-23   2.4942e-21
155.84  18.449884   1.2018e-05   1.2018e-05   1.2018e-05   1.2018e-05   4.1786e-22   4.1786e-22  -4.1786e-22   4.1786e-22  -4.1786e-22  -4.1786e-22
161.43  18.453616   1.2103e-05   1.2103e-05   1.2103e-05   1.2103e-05   1.4638e-22   1.4638e-22  -1.4638e-22   1.4638e-22  -1.4638e-22  -1.4638e-22
167.12  18.457441   1.2183e-05   1.2183e-05   1.2183e-05   1.2183e-05  -4.6625e-23  -4.6625e-23   4.6625e-23  -4.6625e-23   4.6625e-23   4.6625e-23
172.91  18.461360   1.2260e-05   1.2260e-05   1.2260e-05   1.2260e-05  -2.7132e-22  -2.7132e-22   2.7132e-22  -2.7132e-22   2.7132e-22   2.7132e-22
178.79  18.465365   1.2332e-05   1.2332e-05   1.2332e-05   1.2332e-05  -3.1296e-22  -3.1296e-22   3.1296e-22  -3.1296e-22   3.1296e-22   3.1296e-22
184.78  18.469469   1.2402e-05   1.2402e-05   1.2402e-05   1.2402e-05  -3.9108e-22  -3.9108e-22   3.9108e-22  -3.9108e-22   3.9108e-22   3.9108e-22
190.86  18.473659   1.2468e-05   1.2468e-05   1.2468e-05   1.2468e-05   2.2096e-22   2.2096e-22  -2.2096e-22   2.2096e-22  -2.2096e-22  -2.2096e-22
197.04  18.477940   1.2531e-05   1.2531e-05   1.2531e-05   1.2531e-05  -2.9696e-22  -2.9696e-22   2.9696e-22  -2.9696e-22   2.9696e-22   2.9696e-22
203.32  18.482314   1.2592e-05   1.2592e-05   1.2592e-05   1.2592e-05   7.5471e-23   7.5471e-23  -7.5471e-23   7.5471e-23  -7.5471e-23  -7.5471e-23
209.7  18.486779   1.2650e-05   1.2650e-05   1.2650e-05   1.2650e-05  -3.0716e-22  -3.0716e-22   3.0716e-22  -3.0716e-22   3.0716e-22   3.0716e-22
216.17  18.491329   1.2707e-05   1.2707e-05   1.2707e-05   1.2707e-05   1.6098e-22   1.6098e-22  -1.6098e-22   1.6098e-22  -1.6098e-22  -1.6098e-22
222.75  18.495978   1.2761e-05   1.2761e-05   1.2761e-05   1.2761e-05  -2.4456e-22  -2.4456e-22   2.4456e-22  -2.4456e-22   2.4456e-22   2.4456e-22
229.42  18.500711   1.2814e-05   1.2814e-05   1.2814e-05   1.2814e-05  -3.3409e-22  -3.3409e-22   3.3409e-22  -3.3409e-22   3.3409e-22   3.3409e-22
236.19  18.505537   1.2865e-05   1.2865e-05   1.2865e-05   1.2865e-05   4.0693e-22   8.2536e-22   4.5027e-22  -8.6870e-22   8.6870e-22  -8.2536e-22
243.06  18.510454   1.2915e-05   1.2915e-05   1.2915e-05   1.2915e-05   7.3728e-22   1.1541e-21   1.2318e-22  -5.3999e-22   5.3999e-22  -3.0705e-22
250.03  18.515463   1.2964e-05   1.2964e-05   1.2964e-05   1.2964e-05   2.2914e-22   2.2914e-22  -2.2914e-22   2.2914e-22  -2.2914e-22  -2.2914e-22
257.09  18.520557   1.3012e-05   1.3012e-05   1.3012e-05   1.3012e-05  -3.1516e-23  -3.1516e-23   3.1516e-23  -3.1516e-23   3.1516e-23   3.1516e-23
264.26  18.525750   1.3058e-05   1.3058e-05   1.3058e-05   1.3058e-05  -1.4709e-22  -1.4709e-22   1.4709e-22  -1.4709e-22   1.4709e-22   1.4709e-22
271.52  18.531029   1.3104e-05   1.3104e-05   1.3104e-05   1.3104e-05   8.5279e-22   1.2635e-21   1.9913e-23   2.9575e-21   4.3060e-22   2.9717e-21
278.88  18.536401   1.3149e-05   1.3149e-05   1.3149e-05   1.3149e-05  -7.5874e-23  -7.5874e-23   7.5874e-23  -7.5874e-23   7.5874e-23   7.5874e-23
286.34  18.541866   1.3193e-05   1.3193e-05   1.3193e-05   1.3193e-05  -1.2817e-22  -1.2817e-22   1.2817e-22  -1.2817e-22   1.2817e-22   1.2817e-22
293.9  18.547424   1.3237e-05   1.3237e-05   1.3237e-05   1.3237e-05   5.7327e-22   9.7967e-22   3.0801e-22  -7.1440e-22   7.1440e-22  -9.7967e-22
301.56  18.553076   1.3280e-05   1.3280e-05   1.3280e-05   1.3280e-05   1.2204e-22   1.2204e-22  -1.2204e-22   1.2204e-22  -1.2204e-22  -1.2204e-22
309.31  18.558814   1.3322e-05   1.3322e-05   1.3322e-05   1.3322e-05   4.9328e-23   4.9328e-23  -4.9328e-23   4.9328e-23  -4.9328e-23  -4.9328e-23
317.17  18.564654   1.3364e-05   1.3364e-05   1.3364e-05   1.3364e-05  -1.6030e-22  -1.6030e-22   1.6030e-22  -1.6030e-22   1.6030e-22   1.6030e-22
325.12  18.570582   1.3406e-05   1.3406e-05   1.3406e-05   1.3406e-05  -2.0054e-22  -2.0054e-22   2.0054e-22  -2.0054e-22   2.0054e-22   2.0054e-22
333.17  18.576604   1.3448e-05   1.3448e-05   1.3448e-05   1.3448e-05  -4.8036e-23  -4.8036e-23   4.8036e-23  -4.8036e-23   4.8036e-23   4.8036e-23
341.32  18.582722   1.3489e-05   1.3489e-05   1.3489e-05   1.3489e-05   1.1629e-22   1.1629e-22  -1.1629e-22   1.1629e-22  -1.1629e-22  -1.1629e-22
349.57  18.588937   1.3530e-05   1.3530e-05   1.3530e-05   1.3530e-05  -2.9635e-22  -2.9635e-22   2.9635e-22  -2.9635e-22   2.9635e-22   2.9635e-22
357.91  18.595240   1.3571e-05   1.3571e-05   1.3571e-05   1.3571e-05  -3.6607e-22  -3.6607e-22   3.6607e-22  -3.6607e-22   3.6607e-22   3.6607e-22
366.36  18.601648   1.3611e-05   1.3611e-05   1.3611e-05   1.3611e-05   6.8524e-22   1.0796e-21   2.2010e-22  -6.1446e-22   6.1446e-22  -1.0796e-21
374.9  18.608145   1.3652e-05   1.3652e-05   1.3652e-05   1.3652e-05   1.6794e-22   1.6794e-22  -1.6794e-22   1.6794e-22  -1.6794e-22  -1.6794e-22
383.54  18.614741   1.3692e-05   1.3692e-05   1.3692e-05   1.3692e-05   6.4731e-24   6.4731e-24  -6.4731e-24   6.4731e-24  -6.4731e-24  -6.4731e-24
392.28  18.621435   1.3733e-05   1.3733e-05   1.3733e-05   1.3733e-05  -2.9260e-22  -2.9260e-22   2.9260e-22  -2.9260e-22   2.9260e-22   2.9260e-22
401.12  18.628228   1.3773e-05   1.3773e-05   1.3773e-05   1.3773e-05   4.2042e-22   8.0962e-22   4.9525e-22  -8.8445e-22   8.8445e-22  -8.0962e-22
410.06  18.635120   1.3814e-05   1.3814e-05   1.3814e-05   1.3814e-05  -3.7094e-22  -3.7094e-22   3.7094e-22  -3.7094e-22   3.7094e-22   3.7094e-22
419.09  18.642105   1.3854e-05   1.3854e-05   1.3854e-05   1.3854e-05   5.4642e-23   4.4126e-22   8.6618e-22   2.9824e-21   1.2528e-21   2.9469e-21
428.23  18.649199   1.3895e-05   1.3895e-05   1.3895e-05   1.3895e-05   3.2865e-22   3.2865e-22  -3.2865e-22   3.2865e-22  -3.2865e-22  -3.2865e-22
437.46  18.656386   1.3935e-05   1.3935e-05   1.3935e-05   1.3935e-05  -1.4882e-22  -1.4882e-22   1.4882e-22  -1.4882e-22   1.4882e-22   1.4882e-22
446.79  18.663675   1.3976e-05   1.3976e-05   1.3976e-05   1.3976e-05  -2.2882e-22  -2.2882e-22   2.2882e-22  -2.2882e-22   2.2882e-22   2.2882e-22
456.22  18.671066   1.4017e-05   1.4017e-05   1.4017e-05   1.4017e-05   8.6985e-23   8.6985e-23  -8.6985e-23   8.6985e-23  -8.6985e-23  -8.6985e-23
465.75  18.678561   1.4058e-05   1.4058e-05   1.4058e-05   1.4058e-05  -2.5550e-22  -2.5550e-22   2.5550e-22  -2.5550e-22   2.5550e-22   2.5550e-22
475.37  18.686152   1.4099e-05   1.4099e-05   1.4099e-05   1.4099e-05   5.7909e-22   9.5795e-22   3.5725e-22   3.4991e-21   7.3611e-22   3.2772e-21
485.1  18.693855   1.4140e-05   1.4140e-05   1.4140e-05   1.4140e-05   2.3204e-22   2.3204e-22  -2.3204e-22   2.3204e-22  -2.3204e-22  -2.3204e-22
494.92  18.701655   1.4181e-05   1.4181e-05   1.4181e-05   1.4181e-05   2.9865e-22   2.9865e-22  -2.9865e-22   2.9865e-22  -2.9865e-22  -2.9865e-22
504.84  18.709561   1.4223e-05   1.4223e-05   1.4223e-05   1.4223e-05   7.0539e-22   1.0803e-21   2.3879e-22  -6.1373e-22   6.1373e-22  -1.0803e-21
514.86  18.717573   1.4264e-05   1.4264e-05   1.4264e-05   1.4264e-05   3.1535e-22   3.1535e-22  -3.1535e-22   3.1535e-22  -3.1535e-22  -3.1535e-22
524.98  18.725693   1.4306e-05   1.4306e-05   1.4306e-05   1.4306e-05  -3.9083e-22  -3.9083e-22   3.9083e-22  -3.9083e-22   3.9083e-22   3.9083e-22
535.19  18.733912   1.4348e-05   1.4348e-05   1.4348e-05   1.4348e-05   1.4208e-22   1.4208e-22  -1.4208e-22   1.4208e-22  -1.4208e-22  -1.4208e-22
545.51  18.742248   1.4391e-05   1.4391e-05   1.4391e-05   1.4391e-05  -3.1538e-22  -3.1538e-22   3.1538e-22  -3.1538e-22   3.1538e-22   3.1538e-22
555.92  18.750686   1.4433e-05   1.4433e-05   1.4433e-05   1.4433e-05   4.9324e-23   4.9324e-23  -4.9324e-23   4.9324e-23  -4.9324e-23  -4.9324e-23
566.43  18.759233   1.4476e-05   1.4476e-05   1.4476e-05   1.4476e-05  -1.2423e-22  -1.2423e-22   1.2423e-22  -1.2423e-22   1.2423e-22   1.2423e-22
577.04  18.767891   1.4518e-05   1.4518e-05   1.4518e-05   1.4518e-05   7.7387e-22   1.1395e-21   1.8895e-22  -5.5457e-22   5.5457e-22  -1.1395e-21
587.75  18.776661   1.4562e-05   1.4562e-05   1.4562e-05   1.4562e-05   1.4283e-22   1.4283e-22  -1.4283e-22   1.4283e-22  -1.4283e-22  -1.4283e-22
598.56  18.785543   1.4605e-05   1.4605e-05   1.4605e-05   1.4605e-05  -9.4174e-22  -5.7883e-22   1.9100e-21   2.6820e-22   2.2729e-21  -2.6820e-22
609.46  18.794530   1.4648e-05   1.4648e-05   1.4648e-05   1.4648e-05   2.3437e-24   2.3437e-24  -2.3437e-24   2.3437e-24  -2.3437e-24  -2.3437e-24
620.47  18.803640   1.4692e-05   1.4692e-05   1.4692e-05   1.4692e-05   3.6028e-22   3.6028e-22  -3.6028e-22   3.6028e-22  -3.6028e-22  -3.6028e-22
631.57  18.812855   1.4736e-05   1.4736e-05   1.4736e-05   1.4736e-05   4.8683e-22   8.4562e-22   4.8965e-22   3.3867e-21   8.4844e-22   3.3895e-21
642.77  18.822187   1.4780e-05   1.4780e-05   1.4780e-05   1.4780e-05   5.7404e-22   9.3145e-22   4.0520e-22  -7.6261e-22   7.6261e-22  -9.3145e-22
654.07  18.831634   1.4825e-05   1.4825e-05   1.4825e-05   1.4825e-05  -2.7915e-22  -2.7915e-22   2.7915e-22  -2.7915e-22   2.7915e-22   2.7915e-22
665.47  18.841199   1.4870e-05   1.4870e-05   1.4870e-05   1.4870e-05   1.0635e-23   1.0635e-23  -1.0635e-23   1.0635e-23  -1.0635e-23  -1.0635e-23
676.96  18.850873   1.4914e-05   1.4914e-05   1.4914e-05   1.4914e-05  -3.6105e-22  -3.6105e-22   3.6105e-22  -3.6105e-22   3.6105e-22   3.6105e-22
688.56  18.860674   1.4960e-05   1.4960e-05   1.4960e-05   1.4960e-05   7.4138e-22   1.0932e-21   2.4907e-22   3.6343e-21   6.0088e-22   3.1420e-21
700.25  18.870587   1.5005e-05   1.5005e-05   1.5005e-05   1.5005e-05   4.1338e-23   4.1338e-23  -4.1338e-23   4.1338e-23  -4.1338e-23  -4.1338e-23
712.04  18.880620   1.5051e-05   1.5051e-05   1.5051e-05   1.5051e-05   5.6078e-22   9.0975e-22   4.3534e-22  -7.8432e-22   7.8432e-22  -9.0975e-22
723.93  18.890774   1.5097e-05   1.5097e-05   1.5097e-05   1.5097e-05   2.4658e-22   2.4658e-22  -2.4658e-22   2.4658e-22  -2.4658e-22  -2.4658e-22
735.92  18.901051   1.5143e-05   1.5143e-05   1.5143e-05   1.5143e-05  -2.3757e-22  -2.3757e-22   2.3757e-22  -2.3757e-22   2.3757e-22   2.3757e-22
748.01  18.911451   1.5189e-05   1.5189e-05   1.5189e-05   1.5189e-05   2.1219e-22   5.5686e-22   7.9255e-22  -1.1372e-21   1.1372e-21  -5.5686e-22
760.19  18.921966   1.5236e-05   1.5236e-05   1.5236e-05   1.5236e-05   3.4562e-22   3.4562e-22  -3.4562e-22   3.4562e-22  -3.4562e-22  -3.4562e-22
772.48  18.932615   1.5283e-05   1.5283e-05   1.5283e-05   1.5283e-05  -4.1031e-22  -4.1031e-22   4.1031e-22  -4.1031e-22   4.1031e-22   4.1031e-22
784.86  18.943380   1.5330e-05   1.5330e-05   1.5330e-05   1.5330e-05  -2.0350e-22  -2.0350e-22   2.0350e-22  -2.0350e-22   2.0350e-22   2.0350e-22
797.34  18.954273   1.5377e-05   1.5377e-05   1.5377e-05   1.5377e-05  -7.8544e-22  -1.2936e-21   1.8019e-21   4.0042e-22   1.2936e-21  -4.0042e-22
809.92  18.965293   1.5425e-05   1.5425e-05   1.5425e-05   1.5425e-05  -3.2363e-22  -8.3331e-22   1.3430e-21  -8.3331e-22   8.3331e-22  -8.6075e-22
822.6  18.976441   1.5473e-05   1.5473e-05   1.5473e-05   1.5473e-05  -2.1067e-22  -2.1067e-22   2.1067e-22  -2.1067e-22   2.1067e-22   2.1067e-22
835.37  18.987710   1.5521e-05   1.5521e-05   1.5521e-05   1.5521e-05   3.0516e-22   3.0516e-22  -3.0516e-22   3.0516e-22  -3.0516e-22  -3.0516e-22
848.25  18.999119   1.5569e-05   1.5569e-05   1.5569e-05   1.5569e-05  -4.0388e-22  -4.0388e-22   4.0388e-22  -4.0388e-22   4.0388e-22   4.0388e-22
861.22  19.010650   1.5617e-05   1.5617e-05   1.5617e-05   1.5617e-05   7.7883e-22   7.7883e-22  -7.7883e-22   7.7883e-22  -7.7883e-22  -7.7883e-22
874.29  19.022313   1.5666e-05   1.5666e-05   1.5666e-05   1.5666e-05  -6.2902e-22  -6.2902e-22   6.2902e-22  -6.2902e-22   6.2902e-22   6.2902e-22
887.46  19.034109   1.5715e-05   1.5715e-05   1.5715e-05   1.5715e-05  -7.1940e-22  -7.1940e-22   7.1940e-22  -7.1940e-22   7.1940e-22   7.1940e-22
900.73  19.046040   1.5764e-05   1.5764e-05   1.5764e-05   1.5764e-05   6.7502e-22   6.7502e-22  -6.7502e-22   6.7502e-22  -6.7502e-22  -6.7502e-22
914.09  19.058096   1.5814e-05   1.5814e-05   1.5814e-05   1.5814e-05   6.3713e-22   6.3713e-22  -6.3713e-22   6.3713e-22  -6.3713e-22  -6.3713e-22
927.56  19.070298   1.5863e-05   1.5863e-05   1.5863e-05   1.5863e-05  -1.8635e-23  -1.8635e-23   1.8635e-23  -1.8635e-23   1.8635e-23   1.8635e-23
941.12  19.082628   1.5913e-05   1.5913e-05   1.5913e-05   1.5913e-05  -3.3966e-22  -3.3966e-22   3.3966e-22  -3.3966e-22   3.3966e-22   3.3966e-22
954.78  19.095096   1.5963e-05   1.5963e-05   1.5963e-05   1.5963e-05  -7.7927e-22  -7.7927e-22   7.7927e-22  -7.7927e-22   7.7927e-22   7.7927e-22
968.54  19.107703   1.6014e-05   1.6014e-05   1.6014e-05   1.6014e-05  -2.7188e-22  -2.7188e-22   2.7188e-22  -2.7188e-22   2.7188e-22   2.7188e-22
982.4  19.120450   1.6064e-05   1.6064e-05   1.6064e-05   1.6064e-05   4.0891e-22   4.0891e-22  -4.0891e-22   4.0891e-22  -4.0891e-22  -4.0891e-22
996.36  19.133339   1.6115e-05   1.6115e-05   1.6115e-05   1.6115e-05   7.9791e-22   7.9791e-22  -7.9791e-22   7.9791e-22  -7.9791e-22  -7.9791e-22
1010.41  19.146360   1.6166e-05   1.6166e-05   1.6166e-05   1.6166e-05  -1.5745e-22  -1.5745e-22   1.5745e-22  -1.5745e-22   1.5745e-22   1.5745e-22
1024.57  19.159533   1.6217e-05   1.6217e-05   1.6217e-05   1.6217e-05  -5.4860e-22  -5.4860e-22   5.4860e-22  -5.4860e-22   5.4860e-22   5.4860e-22
1038.82  19.172842   1.6268e-05   1.6268e-05   1.6268e-05   1.6268e-05  -2.8599e-22  -2.8599e-22   2.8599e-22  -2.8599e-22   2.8599e-22   2.8599e-22
1053.17  19.186295   1.6320e-05   1.6320e-05   1.6320e-05   1.6320e-05   3.1704e-22  -2.2013e-22   7.5730e-22  -2.2013e-22   2.2013e-22  -1.4739e-21
1067.62  19.199895   1.6371e-05   1.6371e-05   1.6371e-05   1.6371e-05  -6.8755e-22  -6.8755e-22   6.8755e-22  -6.8755e-22   6.8755e-22   6.8755e-22
1082.17  19.213642   1.6423e-05   1.6423e-05   1.6423e-05   1.6423e-05   7.5498e-22   2.1466e-22   3.2566e-22  -1.4794e-21  -2.1466e-22  -2.1466e-22
1096.81  19.227528   1.6475e-05   1.6475e-05   1.6475e-05   1.6475e-05   4.3408e-22   4.3408e-22  -4.3408e-22   4.3408e-22  -4.3408e-22  -4.3408e-22
1111.56  19.241572   1.6527e-05   1.6527e-05   1.6527e-05   1.6527e-05  -1.3288e-22  -1.3288e-22   1.3288e-22  -1.3288e-22   1.3288e-22   1.3288e-22
1126.4  19.255757   1.6579e-05   1.6579e-05   1.6579e-05   1.6579e-05   7.2717e-23   7.2717e-23  -7.2717e-23   7.2717e-23  -7.2717e-23  -7.2717e-23
1141.34  19.270094   1.6632e-05   1.6632e-05   1.6632e-05   1.6632e-05  -5.1201e-22  -5.1201e-22   5.1201e-22  -5.1201e-22   5.1201e-22   5.1201e-22
1156.38  19.284583   1.6684e-05   1.6684e-05   1.6684e-05   1.6684e-05  -4.9852e-23  -4.9852e-23   4.9852e-23  -4.9852e-23   4.9852e-23   4.9852e-23
1171.52  19.299226   1.6737e-05   1.6737e-05   1.6737e-05   1.6737e-05   3.4386e-22   3.4386e-22  -3.4386e-22   3.4386e-22  -3.4386e-22  -3.4386e-22
1186.76  19.314023   1.6790e-05   1.6790e-05   1.6790e-05   1.6790e-05   4.7080e-22  -8.0634e-23   6.3206e-22  -1.7747e-21   8.0634e-23  -1.6134e-21
1202.09  19.328965   1.6843e-05   1.6843e-05   1.6843e-05   1.6843e-05  -5.9382e-22  -5.9382e-22   5.9382e-22  -5.9382e-22   5.9382e-22   5.9382e-22
1217.53  19.344075   1.6896e-05   1.6896e-05   1.6896e-05   1.6896e-05  -1.9595e-22  -7.5058e-22   1.3052e-21  -7.5058e-22   7.5058e-22  -9.4349e-22
1233.06  19.359332   1.6949e-05   1.6949e-05   1.6949e-05   1.6949e-05   6.4546e-22   6.4546e-22  -6.4546e-22   6.4546e-22  -6.4546e-22  -6.4546e-22
1248.69  19.374748   1.7002e-05   1.7002e-05   1.7002e-05   1.7002e-05  -2.8376e-22  -8.4158e-22   1.3994e-21  -8.4158e-22   8.4158e-22   8.4158e-22
1264.42  19.390323   1.7055e-05   1.7056e-05   1.7056e-05   1.7056e-05  -1.2538e-21  -1.8132e-21   2.3727e-21  -1.1918e-22   1.8132e-21   1.1918e-22
1280.25  19.406060   1.7109e-05   1.7109e-05   1.7109e-05   1.7109e-05  -1.8405e-22  -1.8405e-22   1.8405e-22  -1.8405e-22   1.8405e-22   1.8405e-22
1296.17  19.421948   1.7162e-05   1.7162e-05   1.7162e-05   1.7162e-05   1.0314e-21   4.6874e-22   9.3872e-23  -1.2253e-21  -4.6874e-22  -4.6874e-22
1312.2  19.438009   1.7216e-05   1.7216e-05   1.7216e-05   1.7216e-05   4.9906e-22   4.9906e-22  -4.9906e-22   4.9906e-22  -4.9906e-22  -4.9906e-22
1328.32  19.454224   1.7269e-05   1.7269e-05   1.7269e-05   1.7269e-05  -1.7465e-22  -1.7465e-22   1.7465e-22  -1.7465e-22   1.7465e-22   1.7465e-22
1344.54  19.470604   1.7323e-05   1.7323e-05   1.7323e-05   1.7323e-05   4.4402e-22   4.4402e-22  -4.4402e-22   4.4402e-22  -4.4402e-22  -4.4402e-22
1360.86  19.487150   1.7376e-05   1.7376e-05   1.7376e-05   1.7376e-05  -7.2831e-22  -7.2831e-22   7.2831e-22  -7.2831e-22   7.2831e-22   7.2831e-22
1377.28  19.503863   1.7430e-05   1.7430e-05   1.7430e-05   1.7430e-05   3.2873e-22   3.2873e-22  -3.2873e-22   3.2873e-22  -3.2873e-22  -3.2873e-22
1393.79  19.520734   1.7483e-05   1.7483e-05   1.7483e-05   1.7483e-05  -1.4193e-22  -1.4193e-22   1.4193e-22  -1.4193e-22   1.4193e-22   1.4193e-22
1410.41  19.537784   1.7537e-05   1.7537e-05   1.7537e-05   1.7537e-05  -1.2724e-22  -1.2724e-22   1.2724e-22  -1.2724e-22   1.2724e-22   1.2724e-22
1427.12  19.554994   1.7590e-05   1.7590e-05   1.7590e-05   1.7590e-05  -7.4096e-22  -7.4096e-22   7.4096e-22  -7.4096e-22   7.4096e-22   7.4096e-22
1443.93  19.572375   1.7644e-05   1.7644e-05   1.7644e-05   1.7644e-05   5.2900e-22   5.2900e-22  -5.2900e-22   5.2900e-22  -5.2900e-22  -5.2900e-22
1460.84  19.589928   1.7697e-05   1.7697e-05   1.7697e-05   1.7697e-05   1.1084e-21   5.2996e-22   4.8529e-23  -1.1641e-21  -5.2996e-22  -5.2996e-22
1477.85  19.607654   1.7750e-05   1.7751e-05   1.7751e-05   1.7751e-05  -2.6277e-22  -8.4282e-22   1.4229e-21  -8.4282e-22   8.4282e-22   8.4282e-22
1494.96  19.625554   1.7804e-05   1.7804e-05   1.7804e-05   1.7804e-05   8.2813e-22   8.2813e-22  -8.2813e-22   8.2813e-22  -8.2813e-22  -8.2813e-22
1512.16  19.643619   1.7857e-05   1.7857e-05   1.7857e-05   1.7857e-05   4.8176e-23   4.8176e-23  -4.8176e-23   4.8176e-23  -4.8176e-23  -4.8176e-23
1529.47  19.661870   1.7910e-05   1.7910e-05   1.7910e-05   1.7910e-05  -6.7622e-22  -6.7622e-22   6.7622e-22  -6.7622e-22   6.7622e-22   6.7622e-22
1546.87  19.680287   1.7962e-05   1.7963e-05   1.7963e-05   1.7963e-05  -6.5518e-22  -6.5518e-22   6.5518e-22  -6.5518e-22   6.5518e-22   6.5518e-22
1564.37  19.698882   1.8015e-05   1.8015e-05   1.8015e-05   1.8015e-05  -7.3061e-22  -7.3061e-22   7.3061e-22  -7.3061e-22   7.3061e-22   7.3061e-22
1581.97  19.717656   1.8068e-05   1.8068e-05   1.8068e-05   1.8068e-05  -1.9848e-22  -1.9848e-22   1.9848e-22  -1.9848e-22   1.9848e-22   1.9848e-22
1599.67  19.736609   1.8120e-05   1.8120e-05   1.8120e-05   1.8120e-05  -4.5511e-22  -4.5511e-22   4.5511e-22  -4.5511e-22   4.5511e-22   4.5511e-22
1617.47  19.755743   1.8172e-05   1.8172e-05   1.8172e-05   1.8172e-05   9.1623e-22   3.2390e-22   2.6844e-22  -1.3702e-21  -3.2390e-22  -3.2390e-22
1635.36  19.775048   1.8224e-05   1.8224e-05   1.8224e-05   1.8224e-05   8.1134e-22   8.1134e-22  -8.1134e-22   8.1134e-22  -8.1134e-22  -8.1134e-22
1653.35  19.794534   1.8275e-05   1.8275e-05   1.8275e-05   1.8275e-05   3.3616e-22   3.3616e-22  -3.3616e-22   3.3616e-22  -3.3616e-22  -3.3616e-22
1671.44  19.814204   1.8327e-05   1.8327e-05   1.8327e-05   1.8327e-05   2.1645e-22   2.1645e-22  -2.1645e-22   2.1645e-22  -2.1645e-22  -2.1645e-22
1689.63  19.834057   1.8378e-05   1.8378e-05   1.8378e-05   1.8378e-05   4.2718e-22   4.2718e-22  -4.2718e-22   4.2718e-22  -4.2718e-22  -4.2718e-22
1707.92  19.854095   1.8428e-05   1.8428e-05   1.8428e-05   1.8428e-05   2.7523e-22   2.7523e-22  -2.7523e-22   2.7523e-22  -2.7523e-22  -2.7523e-22
1726.31  19.874319   1.8479e-05   1.8479e-05   1.8479e-05   1.8479e-05   1.9019e-22   1.9019e-22  -1.9019e-22   1.9019e-22  -1.9019e-22  -1.9019e-22
1744.79  19.894717   1.8529e-05   1.8529e-05   1.8529e-05   1.8529e-05   1.5303e-22   1.5303e-22  -1.5303e-22   1.5303e-22  -1.5303e-22  -1.5303e-22
1763.38  19.915313   1.8578e-05   1.8578e-05   1.8578e-05   1.8578e-05   3.9408e-22   3.9408e-22  -3.9408e-22   3.9408e-22  -3.9408e-22  -3.9408e-22
1782.06  19.936086   1.8627e-05   1.8627e-05   1.8627e-05   1.8627e-05   8.5618e-23   8.5618e-23  -8.5618e-23   8.5618e-23  -8.5618e-23  -8.5618e-23
1800.84  19.957047   1.8676e-05   1.8676e-05   1.8676e-05   1.8676e-05  -2.7788e-22  -2.7788e-22   2.7788e-22  -2.7788e-22   2.7788e-22   2.7788e-22
1819.72  19.978196   1.8725e-05   1.8724e-05   1.8724e-05   1.8724e-05   1.8892e-22   1.8892e-22  -1.8892e-22   1.8892e-22  -1.8892e-22  -1.8892e-22
1838.7  19.999535   1.8772e-05   1.8772e-05   1.8772e-05   1.8772e-05  -2.9153e-22  -2.9153e-22   2.9153e-22  -2.9153e-22   2.9153e-22   2.9153e-22
1857.77  20.021053   1.8820e-05   1.8820e-05   1.8820e-05   1.8820e-05  -5.1521e-22  -5.1521e-22   5.1521e-22  -5.1521e-22   5.1521e-22   5.1521e-22
1876.95  20.042772   1.8867e-05   1.8866e-05   1.8866e-05   1.8866e-05  -5.6024e-22  -5.6024e-22   5.6024e-22  -5.6024e-22   5.6024e-22   5.6024e-22
1896.22  20.064671   1.8913e-05   1.8913e-05   1.8913e-05   1.8913e-05   1.8642e-22   1.8642e-22  -1.8642e-22   1.8642e-22  -1.8642e-22  -1.8642e-22
1915.59  20.086762   1.8959e-05   1.8958e-05   1.8958e-05   1.8958e-05  -1.6214e-22  -1.6214e-22   1.6214e-22  -1.6214e-22   1.6214e-22   1.6214e-22
1935.06  20.109045   1.9004e-05   1.9004e-05   1.9004e-05   1.9004e-05  -5.0598e-22  -5.0598e-22   5.0598e-22  -5.0598e-22   5.0598e-22   5.0598e-22
1954.63  20.131519   1.9048e-05   1.9048e-05   1.9048e-05   1.9048e-05   7.9265e-22   1.7564e-22   4.4137e-22   3.5638e-21  -1.7564e-22   4.9066e-21
1974.29  20.154175   1.9092e-05   1.9092e-05   1.9092e-05   1.9092e-05   1.4154e-22   1.4154e-22  -1.4154e-22   1.4154e-22  -1.4154e-22  -1.4154e-22
1994.06  20.177036   1.9135e-05   1.9135e-05   1.9135e-05   1.9135e-05  -6.1261e-22  -6.1261e-22   6.1261e-22  -6.1261e-22   6.1261e-22   6.1261e-22
2013.92  20.200078   1.9178e-05   1.9178e-05   1.9178e-05   1.9178e-05  -7.7122e-22  -7.7122e-22   7.7122e-22  -7.7122e-22   7.7122e-22   7.7122e-22
2033.88  20.223314   1.9220e-05   1.9219e-05   1.9219e-05   1.9219e-05  -4.9967e-22  -4.9967e-22   4.9967e-22  -4.9967e-22   4.9967e-22   4.9967e-22
2053.94  20.246744   1.9261e-05   1.9260e-05   1.9260e-05   1.9260e-05   7.5866e-24   7.5866e-24  -7.5866e-24   7.5866e-24  -7.5866e-24  -7.5866e-24
2074.1  20.270368   1.9301e-05   1.9301e-05   1.9301e-05   1.9301e-05  -7.0418e-22  -7.0418e-22   7.0418e-22  -7.0418e-22   7.0418e-22   7.0418e-22
2094.36  20.294185   1.9340e-05   1.9340e-05   1.9340e-05   1.9340e-05  -6.0589e-23  -6.0589e-23   6.0589e-23  -6.0589e-23   6.0589e-23   6.0589e-23
2114.72  20.318197   1.9379e-05   1.9379e-05   1.9379e-05   1.9379e-05  -7.9448e-22  -7.9448e-22   7.9448e-22  -7.9448e-22   7.9448e-22   7.9448e-22
2135.17  20.342392   1.9417e-05   1.9416e-05   1.9416e-05   1.9416e-05  -4.9654e-22  -4.9654e-22   4.9654e-22  -4.9654e-22   4.9654e-22   4.9654e-22
2155.72  20.366780   1.9454e-05   1.9453e-05   1.9453e-05   1.9453e-05  -7.2517e-22  -7.2517e-22   7.2517e-22  -7.2517e-22   7.2517e-22   7.2517e-22
2176.37  20.391363   1.9489e-05   1.9489e-05   1.9489e-05   1.9489e-05  -6.8486e-22  -1.3135e-21   1.9421e-21   3.8060e-22   1.3135e-21  -3.8060e-22
2197.12  20.416139   1.9524e-05   1.9524e-05   1.9524e-05   1.9524e-05   4.2946e-22   4.2946e-22  -4.2946e-22   4.2946e-22  -4.2946e-22  -4.2946e-22
2217.97  20.441109   1.9558e-05   1.9558e-05   1.9558e-05   1.9558e-05  -3.4004e-22  -3.4004e-22   3.4004e-22  -3.4004e-22   3.4004e-22   3.4004e-22
2238.92  20.466273   1.9591e-05   1.9591e-05   1.9591e-05   1.9591e-05  -3.6644e-22  -3.6644e-22   3.6644e-22  -3.6644e-22   3.6644e-22   3.6644e-22
2259.96  20.491619   1.9623e-05   1.9623e-05   1.9623e-05   1.9623e-05   6.2502e-22   6.2502e-22  -6.2502e-22   6.2502e-22  -6.2502e-22  -6.2502e-22
2281.1  20.517157   1.9654e-05   1.9654e-05   1.9654e-05   1.9654e-05   5.4699e-22   5.4699e-22  -5.4699e-22   5.4699e-22  -5.4699e-22  -5.4699e-22
2302.35  20.542900   1.9684e-05   1.9684e-05   1.9684e-05   1.9684e-05  -2.6523e-22  -2.6523e-22   2.6523e-22  -2.6523e-22   2.6523e-22   2.6523e-22
2323.69  20.568824   1.9713e-05   1.9713e-05   1.9713e-05   1.9713e-05   1.4419e-21   8.0787e-22  -1.7388e-22  -8.8620e-22  -8.0787e-22  -8.0787e-22
2345.12  20.594927   1.9741e-05   1.9741e-05   1.9741e-05   1.9741e-05   4.0889e-22  -2.2572e-22   8.6033e-22  -1.9198e-21   2.2572e-22  -1.4683e-21
2366.66  20.621233   1.9767e-05   1.9767e-05   1.9767e-05   1.9767e-05   6.1391e-22   6.1391e-22  -6.1391e-22   6.1391e-22  -6.1391e-22  -6.1391e-22
2388.3  20.647730   1.9793e-05   1.9792e-05   1.9792e-05   1.9792e-05  -5.7081e-22  -5.7081e-22   5.7081e-22  -5.7081e-22   5.7081e-22   5.7081e-22
2410.03  20.674405   1.9817e-05   1.9817e-05   1.9817e-05   1.9817e-05  -6.6153e-22  -6.6153e-22   6.6153e-22  -6.6153e-22   6.6153e-22   6.6153e-22
2431.86  20.701269   1.9840e-05   1.9840e-05   1.9840e-05   1.9840e-05  -3.5518e-22  -3.5518e-22   3.5518e-22  -3.5518e-22   3.5518e-22   3.5518e-22
2453.79  20.728322   1.9861e-05   1.9861e-05   1.9861e-05   1.9861e-05  -6.2329e-23  -6.9944e-22   1.3366e-21  -6.9944e-22   6.9944e-22  -9.9462e-22
2475.82  20.755563   1.9882e-05   1.9882e-05   1.9882e-05   1.9882e-05  -4.7196e-24  -4.7196e-24   4.7196e-24  -4.7196e-24   4.7196e-24   4.7196e-24
2497.95  20.782990   1.9901e-05   1.9901e-05   1.9901e-05   1.9901e-05   4.5608e-22   4.5608e-22  -4.5608e-22   4.5608e-22  -4.5608e-22  -4.5608e-22
2520.17  20.810591   1.9919e-05   1.9919e-05   1.9919e-05   1.9919e-05   4.3755e-23   4.3755e-23  -4.3755e-23   4.3755e-23  -4.3755e-23  -4.3755e-23
2542.5  20.838390   1.9935e-05   1.9935e-05   1.9935e-05   1.9935e-05  -1.1582e-22  -7.5418e-22   1.3925e-21  -7.5418e-22   7.5418e-22  -9.3989e-22
2564.92  20.866360   1.9950e-05   1.9950e-05   1.9950e-05   1.9950e-05   1.4296e-21   7.9107e-22  -1.5251e-22  -9.0299e-22  -7.9107e-22  -7.9107e-22
2587.44  20.894513   1.9964e-05   1.9964e-05   1.9964e-05   1.9964e-05  -3.3943e-22  -3.3943e-22   3.3943e-22  -3.3943e-22   3.3943e-22   3.3943e-22
2610.06  20.922848   1.9976e-05   1.9977e-05   1.9977e-05   1.9977e-05  -2.5075e-22  -2.5075e-22   2.5075e-22  -2.5075e-22   2.5075e-22   2.5075e-22
2632.78  20.951364   1.9987e-05   1.9988e-05   1.9988e-05   1.9988e-05   4.9965e-22   4.9965e-22  -4.9965e-22   4.9965e-22  -4.9965e-22  -4.9965e-22
2655.6  20.980058   1.9997e-05   1.9997e-05   1.9997e-05   1.9997e-05   1.1579e-21   5.1896e-22   1.1994e-22  -1.1751e-21  -5.1896e-22  -5.1896e-22
2678.51  21.008919   2.0005e-05   2.0005e-05   2.0005e-05   2.0005e-05   5.2930e-23   5.2930e-23  -5.2930e-23   5.2930e-23  -5.2930e-23  -5.2930e-23
2701.52  21.037955   2.0011e-05   2.0012e-05   2.0012e-05   2.0012e-05   5.0798e-22   5.0798e-22  -5.0798e-22   5.0798e-22  -5.0798e-22  -5.0798e-22
