#Found quasiharmonic mode : None
#T(K), volume, F(eV), S(J/K), H(J/K), a(-6/K), Cp(J/mol), Cv, Cpion, Bt(GPa), T_ph-D(K), T-D(K), F_el_atom, S_el_atom, C_el_atom, M_el, Seebeck_coefficients(μV/K), Lorenz_number(WΩK^{−2}), Q_el, Q_p, Q_e, C_mu, W_p, W_e, Y_p, Y_e
0.0 14.301046556957834 -11.221312734040282 0.0 -1082692.0859662618 0.0 0.0 0.0 0.0 401.9918204422829 400.0 400.0 0.0 0.0 0.0 0.0 0.0 2.443004551768e-08 0.0 0.0 0.0 0.0 0.0 0.0 0.0 0.0 0.0
0.28 14.301046549297093 -11.221312734452283 0.0004116799512800742 -1082692.0858907434 3.9347514688518205e-11 0.00041189604626200527 0.00041189604624849784 3.241425281513612e-07 401.99181943738694 508.69914168487594 400.0 -5.972099283520104e-10 0.0004115719037751928 0.00041157190373385387 1.3215903952717221e-10 0.0009446288655716871 2.443004508735066e-08 1.5046415274886835e-05 7.500929342030586e-06 7.517266003590615e-06 0.0004115719037487101 -2.0838879023641766e-10 7.52324236137008e-06 7.5231729135167576e-06 1.0429397995624589e-05 1.042939794033346e-05
0.8 14.301046552401305 -11.221312738749987 0.0011784397739428153 -1082692.0854779275 1.9431565225587626e-10 0.0011834798507500874 0.0011834798498088829 7.5601762026081535e-06 401.99181905853874 508.6991418477247 400.0 -4.875043852852788e-09 0.0011759197155223474 0.0011759196745474792 1.0791183422373963e-09 0.0026968282103589708 2.443004413406504e-08 4.298975776297535e-05 2.1472701631037307e-05 2.148883607922386e-05 0.0011759196748937196 1.9431565225587626e-10 2.1495162307838017e-05 2.1494595455137358e-05 2.9798235645907225e-05 2.9798235545476185e-05
1.56 14.301046554761841 -11.221312752330789 0.0023117292191204724 -1082692.08412473 1.7520813715388582e-10 0.0023491006506444713 0.002349100649152324 5.605775599260797e-05 401.99181693685165 508.6991419715598 400.0 -1.8537287901034628e-08 0.0022930433009536524 0.002293042894651863 4.0982684395508494e-09 0.005246421621078946 2.4430040137310652e-08 8.383002414377102e-05 4.1893157080319475e-05 4.190864699803766e-05 0.0022930428972130503 1.7520813715388582e-10 4.191608822434245e-05 4.1913935919428576e-05 5.8106548764472376e-05 5.8106548692464615e-05
2.56 14.301046576894555 -11.221312784228019 0.003845459435654023 -1082692.080964266 7.66229951727381e-10 0.004010183266878628 0.004010183220047281 0.0002472423233672709 401.99181385528806 509.0346665396484 400.0 -4.992021820181467e-08 0.0037629423589392846 0.003762940943511358 1.1018064262957885e-08 0.008592441707059698 2.443003451000134e-08 0.00013756720536857803 6.876248622163777e-05 6.877649907865486e-05 0.003762940954805448 7.66229951727381e-10 6.87864957662929e-05 6.878070960228512e-05 9.535432574322453e-05 9.535432566649464e-05
3.8 14.301046620621914 -11.221312846431772 0.005855071236990173 -1082692.0745611214 7.349248496859662e-10 0.00639368628387892 0.006393686219927838 0.0008080725392726363 401.99180699237814 509.1531780367936 400.0 -1.0999262673556015e-07 0.005585616575030014 0.0055856137446062834 2.424419920659636e-08 0.012741085916739886 2.443003061993768e-08 0.00020420129016185856 0.00010208094049831485 0.00010209212959429398 0.005585613781507598 7.349248496859662e-10 0.0001021070114107456 0.00010209427875111289 0.00014154155876172018 0.00014154155868481257
5.29 14.301046670225489 -11.221312956186864 0.008504721167615345 -1082692.0624101737 1.1340961181487794e-09 0.009977882944495685 0.009977882732496682 0.0022021155711845534 401.9917891537127 507.446916288983 400.0 -2.1316095035973957e-07 0.007775765538311202 0.007775767373311131 4.695671153438764e-08 0.017754330974901134 2.443005013510277e-08 0.00028426964946891037 0.0001421175462412147 0.0001421238831580371 0.007775767473115595 1.1340961181487794e-09 0.0001421471572004463 0.00014212249226846395 0.0001970407234109796 0.00019704072333379263
7.01 14.301046789740553 -11.221313137533173 0.012017370135128826 -1082692.0406556427 1.8110993467532901e-09 0.015533636177821046 0.015533635461379184 0.005229599778354553 401.9917574977093 504.0150704536032 400.0 -3.743107740466179e-07 0.010303996701913799 0.010304036399466492 8.253261338196582e-08 0.02363190137279369 2.4430148048009234e-08 0.0003766976216247822 0.00018833533890028815 0.0001883340626545413 0.010304036633811296 1.8110993467532901e-09 0.00018837049493122183 0.0001883271266935604 0.000261106904104259 0.00026110690402551877
8.98 14.30104697086678 -11.221313428590918 0.01686557183644243 -1082692.0015273755 2.9136103954786675e-09 0.024540391411315046 0.02454038903601972 0.011340496464191975 401.9916908024195 498.82397082378316 400.0 -6.142556513581212e-07 0.013199724597072438 0.013199894947123068 1.3582502431786504e-07 0.03049077565083842 2.443039623820705e-08 0.0004825602632645822 0.00024127237793143528 0.00024125966526291723 0.013199895446799415 2.924228855792669e-09 0.00024131584035318372 0.00024124442291139852 0.0003344852127302107 0.000334485212651306
11.19 14.301047360433415 -11.221313887695771 0.02373997074353538 -1082691.9316268223 5.0971187509767935e-09 0.03954813279754049 0.03954812373900931 0.023099357780324334 401.99156190799675 490.3563596520017 400.0 -9.537998994215453e-07 0.01644828383323683 0.016448775017216165 2.1179651573952913e-07 0.038267545226220515 2.443086405236727e-08 0.0006013209379968842 0.0003006608886517606 0.0003006318292743767 0.01644877599778134 5.0971187509767935e-09 0.00030071619204323556 0.0003006047459536487 0.0004168035469145643 0.000416803546834278
13.64 14.301048059345073 -11.221314606055444 0.033890310915845996 -1082691.8043244255 8.87471377914172e-09 0.06611338471268118 0.0661133512391927 0.04606247353691729 401.9912651005927 474.87615420496934 400.0 -1.4171869315030727e-06 0.020049732889764936 0.020050911175763894 3.1611103084365045e-07 0.04687783918505556 2.4431661605930612e-08 0.0007329809733763231 0.00036650214116470373 0.0003664506121399516 0.020050912969222675 8.87471377914172e-09 0.0003665737027264375 0.00036640727064988566 0.0005080625944732235 0.0005080625943926969
16.34 14.301049551666045 -11.221315748537108 0.049869193188959174 -1082691.5619583728 1.760664238037516e-08 0.11742848151931132 0.11742832369195955 0.09340706091560015 401.9905166983269 449.44238777850546 400.0 -2.033784178174385e-06 0.02401887376694981 0.024021420603711163 4.553920668042439e-07 0.056272738070493857 2.4432965316541632e-08 0.0008780800334939262 0.0004390666579674348 0.00043898515545276565 0.024021423699899173 1.7704015804108854e-08 0.00043915992724426065 0.0004389201062496655 0.0006086360401287671 0.0006086360400466361
19.27 14.301052810673253 -11.221317602221404 0.0765667766729634 -1082691.0802325478 3.6254310626467375e-08 0.219075517330403 0.21907472815017967 0.19074410718886461 401.9886152925847 417.77874024770625 400.0 -2.8285775629904183e-06 0.028326463027582096 0.02833141014153839 6.35023312876305e-07 0.06631162590674484 2.443486731936851e-08 0.0010355469619790381 0.0005178194026266776 0.0005176993392739642 0.028331415213305663 3.6254310626467375e-08 0.0005179406685077278 0.0005176062934713103 0.0007177808379730396 0.0007177808378900912
22.45 14.301060098640574 -11.221320759233947 0.12311966981741466 -1082690.0962431508 7.429340611448916e-08 0.41207393009062154 0.4120700692000357 0.3790632492690603 401.98418363519613 387.1166170366287 400.0 -3.839223669413296e-06 0.03300210458898457 0.033010680821561215 8.629266630075102e-07 0.07697779551580458 2.4437255157983292e-08 0.0012064620092456465 0.0006033013049696818 0.0006031324841868581 0.03301068878736722 7.424924437391579e-08 0.0006034580914956156 0.0006030039177500309 0.0008362449110159407 0.0008362449109343915
25.87 14.301075622601893 -11.221326303776152 0.20287921170243936 -1082688.1467615275 1.4250693807083208e-07 0.7439300451916099 0.7439136759068172 0.705885472131742 401.9750919516374 362.40699883602286 400.0 -5.098147116104585e-06 0.038031300502212775 0.038044573059867894 1.1453625668890267e-06 0.08812337458061142 2.443978910240929e-08 0.0013902946567250758 0.0006952477207474802 0.0006950187158653536 0.03804458509597203 1.425554228179038e-07 0.0006954485283411842 0.0006948461283838917 0.000963659574907709 0.0009636595748273833
29.53 14.301106035222029 -11.221336104830414 0.3327096172399047 -1082684.5159897127 2.5091390376705026e-07 1.2570503170984528 1.2569923932768066 1.2136174783885225 401.95854682422413 344.48466651319757 400.0 -6.642909682935039e-06 0.04341422088550606 0.0434328387099303 1.4890999349068708e-06 0.09962247560988233 2.4442098858730637e-08 0.0015870525663223634 0.0007936631318039118 0.0007933612143605497 0.04343285627817846 2.510220387432283e-07 0.0007939175166941607 0.0007931350496282028 0.0011000292713768244 0.0011000292712984863
33.43 14.301160437652836 -11.221353061421553 0.5306091748587759 -1082678.238702322 4.056261888420093e-07 1.9763211114934147 1.9761497532598586 1.927145960754464 401.9313995801492 332.08572204572135 400.0 -8.513724679322748e-06 0.04915099811706681 0.04917515073895038 1.9007398046125838e-06 0.11136138810887852 2.4443941497887553e-08 0.0017967433950811143 0.0008985519731754416 0.0008981632016657635 0.049175175604641366 4.056261888420093e-07 0.000898870521484126 0.0008978728735969882 0.0012453587860924416 0.0012453587860162048
37.58 14.301250130124393 -11.221381351271475 0.8137285448866619 -1082668.126603886 6.075517972326124e-07 2.9050456604293826 2.9046135462973033 2.849759596970208 401.89042562463436 323.56591236423 400.0 -1.0759187111470408e-05 0.05525646445433702 0.05528606345917459 2.3879205703676952e-06 0.12328159691087483 2.4445265961319903e-08 0.002019912208251066 0.0010101874644858077 0.0010096965233898343 0.05528609773466955 6.075517972326124e-07 0.0010105819543349767 0.001009330253916089 0.0014000258556278815 0.0014000258555551116
41.96 14.301386819610748 -11.221426179199568 1.19315572724324 -1082652.966945818 8.515437058673912e-07 4.016285406511777 4.0153377157463 3.9545491531206243 401.8331089732808 317.6723999243141 400.0 -1.3414040855263099e-05 0.061701339493307146 0.0617362533911524 2.9545365736823814e-06 0.13526724940511783 2.4446171540505158e-08 0.0022554905284417957 0.0011280356412953789 0.0011274266665641844 0.061736299487919755 8.514967696918958e-07 0.0011285184597721368 0.0011269720686696589 0.0015632904513211542 0.0015632904512504317
46.59 14.301583384930293 -11.221494261610871 1.6778005683632307 -1082631.4319857191 1.129837052631377e-06 5.275330351610935 5.273478247281504 5.206774725725095 401.75711407840146 313.49465419604564 400.0 -1.653867762627577e-05 0.06851525372196952 0.06855562588584074 3.6092948857106927e-06 0.14733479198889837 2.444685514191639e-08 0.0025045614623316875 0.0012526388261764581 0.0012518944152753347 0.06855568663691931 1.129837052631377e-06 0.0012532237203555625 0.0012513377419761246 0.0017359040113470196 0.0017359040112780375
51.46 14.30185089375533 -11.221593011609684 2.2685341480720673 -1082602.3898733717 1.4311086125219102e-06 6.631166652282175 6.627885242147687 6.555436478128404 401.6612030910783 310.47515371514913 400.0 -2.0178351707717985e-05 0.07568377381725525 0.07573017415377234 4.356986057209709e-06 0.15942713206821205 2.4447521961317238e-08 0.00276659573732414 0.0013837327476651168 0.0013828347683738009 0.07573025275450103 1.4311086125219102e-06 0.0013844342150492737 0.001382161522274866 0.0019175005870935976 0.001917500587027696
56.57 14.302199158298734 -11.221730665540179 2.9620773547625956 -1082564.845509874 1.7443741633355574e-06 8.034399726138368 8.029041813541959 7.951138940931801 401.5447219682658 308.24421785448044 400.0 -2.4386727774488477e-05 0.08320726312040869 0.08326078520656618 5.203524236882001e-06 0.1715154229954182 2.444834495314764e-08 0.0030416037186913104 0.0015213230805002462 0.0015202524163779446 0.08326088524992342 1.7443741633355574e-06 0.0015221565452871028 0.0015194471734042074 0.002108088006503145 0.0021080880064393804
61.92 14.302636086778671 -11.22191594570802 3.7513314400582467 -1082518.0046015938 2.059607300107321e-06 9.440649092622365 9.432475840779817 9.349500677463558 401.40759725791185 306.5609316023215 400.0 -2.922016391821051e-05 0.09108616169512154 0.0911484151588083 6.1546692769988455e-06 0.18356589101804668 2.444943950306626e-08 0.003329598039213308 0.001665416624788822 0.0016641531919488924 0.09114854063398665 2.059587154791623e-06 0.001666398415039991 0.0016631996241733174 0.002307675264033484 0.0023076752639709336
67.52 14.303168630852339 -11.222158301855188 4.6282337498529085 -1082461.1725149231 2.3690549288965423e-06 10.816149835308574 10.804362292068253 10.716741068710576 401.2498968537968 305.26342909262576 400.0 -3.474801964027876e-05 0.09933570669809817 0.09940876659799645 7.217919249269308e-06 0.19555947427721368 2.445086405251542e-08 0.00363113225445884 0.0018162908158476975 0.001814813215327942 0.09940892193211841 2.3690549288965423e-06 0.0018174384359206926 0.001813693818538147 0.0025166457471765317 0.0025166457471160106
73.35 14.30379891752487 -11.22246589156822 5.578568103368475 -1082394.1607829498 2.665242076535774e-06 12.129159072180938 12.112958084586362 12.02114584347232 401.07282909665474 304.247985443409 400.0 -4.101236284394482e-05 0.1079269864451531 0.10801322870861842 8.394725274623758e-06 0.20740889767524007 2.4452619116102632e-08 0.003945146706565212 0.001973415863610949 0.0019717026187150957 0.10801341857777202 2.665242076535774e-06 0.0019747470523816457 0.001970399654183566 0.002734264401121509 0.0027342644010625965
79.43 14.304531445789454 -11.222848684580526 6.594034833590422 -1082316.5184774252 2.9452101285656622e-06 13.3662240469123 13.34481019089384 13.249231920580094 400.87659087642515 303.43613202430515 400.0 -4.809925219380452e-05 0.11689005670001724 0.11699212633220529 9.694015905090185e-06 0.2191092178972909 2.4454680248110664e-08 0.004272737757739595 0.002137340720825753 0.0021353688115635264 0.11699235585216614 2.9451208312947957e-06 0.002138874619380584 0.0021338631383590106 0.0029612899987155666 0.0029612899986592688
85.75 14.305366273482482 -11.22331488950249 7.661717987693803 -1082228.2722835443 3.2059497747824746e-06 14.5146401548702 14.487261097676678 14.388308734333112 400.66235366241403 302.77707531507707 400.0 -5.606572545053378e-05 0.12621078736151223 0.1263314205370858 1.1118328850098646e-05 0.2305967853291942 2.4456991778003933e-08 0.004613387503374872 0.00230780654453803 0.0023055527322201137 0.12633169505136682 3.2059497747824746e-06 0.002309562700700367 0.002303824802674505 0.003197362384420389 0.0031973623843634435
92.31 14.306303371124615 -11.223872876882695 8.771033448056166 -1082129.4481010968 3.4459413043124423e-06 15.570075627763513 15.536041625964472 15.434043893940485 400.4309828194126 302.2330864434005 400.0 -6.498185711118379e-05 0.1358897901208355 0.13603173382302658 1.267175111403305e-05 0.2418355779600002 2.4459489380094446e-08 0.004967117572316515 0.0024848243930442582 0.0024822649512339086 0.13603205892536868 3.4459413043124423e-06 0.0024868230043879934 0.002480294567928523 0.003442495240466291 0.003442495240411597
99.11 14.307341789592433 -11.224530651477778 9.912392175388172 -1082020.1506104507 3.6655791008371346e-06 16.532652361269 16.491327256058785 16.386558763191776 400.1832770788823 301.7767690712109 400.0 -7.492046703979041e-05 0.1459276753789741 0.14609359807722477 1.4357978481216263e-05 0.25279977271241805 2.4462104915309455e-08 0.005333950163129357 0.0026684055535237095 0.00266551637999192 0.14609397958841058 3.6654576567517096e-06 0.0026706674076706193 0.002663282755458738 0.0036967026829612054 0.003696702682908875
106.16 14.308481966324234 -11.225296986064961 11.078958703784542 -1081900.365590119 3.865540379532269e-06 17.406696176762033 17.357498905380876 17.250163899532264 399.9196148910524 301.387411175438 400.0 -8.59733494771064e-05 0.15633982557834952 0.15653227722977148 1.618300963822896e-05 0.2634911407640086 2.4464774950810708e-08 0.005714447816428653 0.002858831696441851 0.0028555878886432906 0.15653272128337115 3.865611047679546e-06 0.002861378532156908 0.002853069284271745 0.003960373379115709 0.003960373379063202
113.44 14.309718883502015 -11.226176939413904 12.260069860347924 -1081770.6281122777 4.04638958523241e-06 18.19485715992819 18.13728711292667 18.02753863132111 399.64139284055153 301.0510032958178 400.0 -9.818752309732743e-05 0.16709730086422897 0.16731852860708016 1.8144762534705715e-05 0.27388106066321666 2.4467428377520524e-08 0.006107553836929631 0.003055574088275812 0.003051951515433743 0.16731904139772147 4.04638958523241e-06 0.003058427334933949 0.003049126501995682 0.00423277409980229 0.004232774099751616
120.97 14.311053992774005 -11.227179780166352 13.452689829261704 -1081630.7979716535 4.209905056202789e-06 18.90554942926134 18.839138541840843 18.727067148574257 399.3484175315736 300.7551545675306 400.0 -0.00011167772581679189 0.1782302421774433 0.17848228068708577 2.025156561364505e-05 0.28401518857938085 2.447001390614342e-08 0.006514370925824084 0.0032591847102890537 0.0032551579802894306 0.1784828688812212 4.209905056202789e-06 0.003262367115085937 0.0032520038107381483 0.004514668174874708 0.004514668174824923
128.74 14.312483595333598 -11.228310845990563 14.649890017840454 -1081481.2742811008 4.357407880656577e-06 19.54436444801975 19.468699197493255 19.354355502210208 399.04155741571907 300.4915779449356 400.0 -0.0001265117370672899 0.1897244505574829 0.19000894580954375 2.2503690116673146e-05 0.2939108951071805 2.44724747281517e-08 0.006934381844542388 0.0034694048142669973 0.003464948792860931 0.19000961633892519 4.357392643994245e-06 0.0034729391851602786 0.0034614426593821087 0.004805696609923393 0.004805696609875154
136.75 14.314005694023246 -11.229576272132022 15.847273961865822 -1081322.2814692445 4.490350731081571e-06 20.11810629025281 20.032813599068607 19.91620761105727 398.72122690937914 300.25347135184654 400.0 -0.00014277633987896712 0.20158048550486912 0.2018986791955416 2.4904163874215054e-05 0.30361374901771443 2.4474763301345156e-08 0.007367609009412502 0.0036862457760769435 0.0036813349936119562 0.20189943945117997 4.490405395787694e-06 0.0036901554136659657 0.003677453595746535 0.005105874578020342 0.00510587457797487
145.01 14.315620288258925 -11.23098363803257 17.042649615201114 -1081153.831729158 4.6103882569085645e-06 20.63394949608666 20.53867380690656 20.419783072539005 398.38737154472875 300.0352704452589 400.0 -0.00016058330269059137 0.21381370404323471 0.21416642354765647 2.7459410766312856e-05 0.31319189907131767 2.4476839639874738e-08 0.00781461586173012 0.0039099898432339575 0.003904597776323162 0.21416728162960086 4.6103882569085645e-06 0.003914299073262351 0.0039003167884677694 0.005415592315635605 0.005415592315590037
153.5 14.317321545511799 -11.232535046451972 18.23018104120947 -1080976.5417166324 4.71849495184075e-06 21.09685568459325 20.991295908762414 20.870073191032002 398.0410832524353 299.8333089571493 400.0 -0.0001799819207678999 0.22639501050694394 0.226782493561252 3.0166914632174278e-05 0.3226873063062419 2.4478661141770066e-08 0.00827434183196233 0.004140106465957698 0.004134207121250848 0.22678345806928324 4.718391630431725e-06 0.0041448392425776255 0.004129502589384705 0.005734115038165135 0.005734115038121315
162.24 14.31911169837652 -11.234239384866555 19.41030062257592 -1080790.1909914275 4.816343639190883e-06 21.513677318208142 21.3975222789271 21.27390075687197 397.6817840115735 299.64376650002754 400.0 -0.00020111314851810095 0.23935455057830435 0.23977656133617456 3.303723044736308e-05 0.33219263758073736 2.4480198775656503e-08 0.008747891353417483 0.004377148880542102 0.004370714225406067 0.2397776420220345 4.816343639190883e-06 0.00438233083224876 0.0043655605211687255 0.0060622082070575 0.006062208207014189
171.22 14.320987220712425 -11.236099869044097 20.579708086621938 -1080595.1699796168 4.90492876408448e-06 21.889080145551553 21.762047347738083 21.635946486178863 397.31008850052297 299.46420002470984 400.0 -0.00022405290300519948 0.252678001952964 0.2531336593726906 3.6071999313263115e-05 0.3417685138910739 2.4481420685812485e-08 0.009234744271556971 0.004620857256035119 0.004613858765207638 0.25313486694069776 4.90486314527632e-06 0.004626514292955898 0.00460822997860107 0.006399511870977192 0.006399511870935758
180.43 14.322944334300763 -11.238118990385146 21.735702812613514 -1080391.8703329102 4.985242203675545e-06 22.22745328053994 22.08928220255294 21.96061455913329 396.92655508694213 299.2926283061391 400.0 -0.0002488744468212332 0.2663509818761551 0.26683872140665155 3.927315276717329e-05 0.35147482000896085 2.4482300042087893e-08 0.009734378475236496 0.004870970880457882 0.004863379341495902 0.2668400676545736 4.985240158793258e-06 0.004877129240577315 0.004857249234659181 0.006745664940051421 0.006745664940009835
189.9 14.32498832388608 -11.240308044226879 22.880855012926716 -1080179.7804113834 5.058703327744294e-06 22.534079178611137 22.384466905479627 22.253143016199218 396.53008865298295 299.1267326891933 400.0 -0.0002757645320637704 0.28041849967879623 0.28093616241191965 4.265743538282875e-05 0.3614089990870936 2.4482816212313754e-08 0.010248442435534228 0.005128315769884452 0.005120098409266976 0.28093766102416995 5.058703327744294e-06 0.005135004341279565 0.005113438094254667 0.007101810305263763 0.007101810305222909
199.6 14.327111363522775 -11.24266461049865 24.01062398838505 -1079959.7083096511 5.125295145424931e-06 22.811656776487762 22.650377218079825 22.516275751233792 396.1220160895223 298.96561568312774 400.0 -0.0003047467541356574 0.29483643278685256 0.29538102525397164 4.62211708599852e-05 0.37159871465056565 2.448294715268496e-08 0.01077532781022323 0.005392087707876984 0.005383211842743673 0.29538269103118087 5.125221201588969e-06 0.005399334831753554 0.00537599297846968 0.007466834691905606 0.0074668346918658835
209.54 14.329314523655048 -11.245195104814798 25.125631657944464 -1079731.5595846483 5.186458216275499e-06 23.063908136826768 22.89068903654134 22.75372029723828 395.70199956840713 298.8079025250807 400.0 -0.00033595820689555025 0.30962004640538815 0.3101878395884844 4.9975490382301276e-05 0.38210515872737294 2.448267696429619e-08 0.011315596652027396 0.005662569104093468 0.005652999284990314 0.31018968922051326 5.18659631744774e-06 0.00567040489647927 0.005645191755548125 0.007841128668845279 0.007841128668805581
219.73 14.33159926895138 -11.247906250675442 26.226520786962347 -1079495.2168385247 5.24286032210971e-06 23.293999599646853 23.108557847167916 22.968628484825597 395.26969984250223 298.6524445056 400.0 -0.00036954492405054894 0.3247846290493515 0.3253711148212561 5.393260893880334e-05 0.39298017001489605 2.4481991445119458e-08 0.011869812161096541 0.0059400430935375986 0.005929740801150843 0.32537316707416286 5.24286032210971e-06 0.005948499618628121 0.005921312542468421 0.008225083762503986 0.00822508376246472
230.16 14.3339622756057 -11.250799399969537 27.31189119450008 -1079251.0118442315 5.294377970994577e-06 23.504233151304287 23.30634279492431 23.163317635889758 394.82553015183936 298.49858678503307 400.0 -0.0004055915126303174 0.34031568217306063 0.34091551541453063 5.809769922433557e-05 0.40424430801582284 2.4480880964212412e-08 0.012437449131179147 0.006224247998889124 0.006213172862299067 0.3409177908698251 5.294377970994577e-06 0.006233358166815477 0.006204090964363669 0.008618337631182362 0.008618337631144148
240.83 14.336402916221028 -11.25387826963572 28.381615264505218 -1078999.0380797028 5.342644226540106e-06 23.69699758993538 23.48634826544197 23.34017699429878 394.36954135370223 298.3456272104137 400.0 -0.0004442160824663786 0.3562135725649478 0.3568205956365999 6.248019679828303e-05 0.41591849368072836 2.4479339790181554e-08 0.013018525737007697 0.006515194257483749 0.006503303205832759 0.356823116972148 5.342535102806595e-06 0.006524992495729707 0.006493533241277992 0.009020904544684943 0.009020904544646777
251.74 14.33892071090831 -11.257146451143626 29.43566927436693 -1078739.378678943 5.387296303105328e-06 23.874264279092486 23.65060250716981 23.50117836553422 393.9017707807753 298.19297039786846 400.0 -0.0004855396140903887 0.37247865583845047 0.37308591355827003 6.70899883596272e-05 0.42801387076328623 2.447736655783103e-08 0.013613059824562415 0.006812892202192941 0.006800139344861448 0.3730887056323432 5.387383835678443e-06 0.006823414529488314 0.006789645295074097 0.009432798697289297 0.009432798697251827
262.89 14.341515078931858 -11.260607416337052 30.474112257702984 -1078472.107066788 5.429040686567249e-06 24.03784631956338 23.800890388130924 23.64813527682175 393.4222152887372 298.04011900610254 400.0 -0.000529685953305188 0.3891112695947489 0.38971104274162627 7.193731921700988e-05 0.4405324824557611 2.4474964678539857e-08 0.014221068591384986 0.007117351880554201 0.007103688429390246 0.3897141326578262 5.429040686567249e-06 0.007128635966242649 0.007092432625142335 0.009854033976359868 0.009854033976321853
274.29 14.344187855887041 -11.264267794018792 31.497951998622472 -1078197.0459408208 5.46802489360224e-06 24.189425721439367 23.938897892837446 23.782715207021322 392.9304246633087 297.88651641086017 400.0 -0.0005768240614210297 0.406126672693523 0.40671051441804273 7.703723685118122e-05 0.4534795206011885 2.4472140100959833e-08 0.014843114671156815 0.007428856505766956 0.007414229879898387 0.406713931867919 5.46802489360224e-06 0.007440942428391897 0.007402172242764916 0.010285002294987312 0.010285002294949238
285.93 14.346936340584008 -11.268127799006777 32.506423402198415 -1077914.4914143828 5.504827996614387e-06 24.330269828923896 24.065871633971554 23.906200716782358 392.4268111689168 297.73193468942014 400.0 -0.0006270449467229216 0.4235102796801439 0.42406911214154025 8.239614647648891e-05 0.4668301794687239 2.446890899077613e-08 0.015478669530389134 0.007747142875639917 0.007731498365092542 0.4240728888763284 5.504608234777099e-06 0.007760071768287118 0.007718597762102014 0.01072533970719528 0.010725339707158374
297.81 14.349760321276612 -11.27219060837507 33.49975163257554 -1077624.493535316 5.5395730413508125e-06 24.46159491385575 24.183035537375197 24.01980827790267 391.9113668923597 297.5760532671116 400.0 -0.0006804812464558343 0.4412624240001854 0.4417866359530787 8.802481242850432e-05 0.48056429770059533 2.4465291373652575e-08 0.01612774970310402 0.008072220700843406 0.008055500708324836 0.44179080604075377 5.539894587545611e-06 0.008086035440071587 0.008041714263032436 0.01117505999359238 0.011175059993555652
309.93 14.352659880695727 -11.276459322867538 34.47819467366073 -1077327.096029337 5.572645032573718e-06 24.584501420225457 24.291469194562033 24.124638389442268 391.38412116174186 297.4185827408492 400.0 -0.0007372685246731866 0.45938345811963055 0.4598630307831898 9.393397925767133e-05 0.4946559769679733 2.4461313363624912e-08 0.01679037202251089 0.008404099800995761 0.008386243923186244 0.459867630581498 5.572645032573718e-06 0.008418845008222743 0.008371527014288145 0.011634177224017276 0.011634177223979124
322.29 14.355634130161773 -11.280936933643545 35.44203054751144 -1077022.3346422145 5.603960748241448e-06 24.699917409175285 24.392125469815426 24.221619052269546 390.84489976446645 297.25931847985044 400.0 -0.0007975451825639808 0.4778736977376938 0.47829835690573785 0.00010013428064893383 0.5090742859412927 2.4457007359919004e-08 0.017466551451817636 0.008742789002790274 0.008723734146192794 0.47830342500512874 5.603580576424385e-06 0.008758511029588538 0.008708040422229096 0.012102704232479647 0.012102704232442958
334.89 14.358683606916644 -11.28562640193104 36.39156057857275 -1076710.241850399 5.634009446758043e-06 24.808724199896087 24.485847286755906 24.311631259515426 390.2937831336427 297.09801965504636 400.0 -0.0008614526575275083 0.49673354617265403 0.49709294038066265 0.00010663614682037765 0.5237836017647413 2.445241211577595e-08 0.01815630549749636 0.009088298331792382 0.009067978858250378 0.4970985175100181 5.6341111336044804e-06 0.009105045234430101 0.00905126026306626 0.012580655651647501 0.012580655651610212
347.74 14.361810658098252 -11.290534468421072 37.327812540440995 -1076390.5944651018 5.663025498408209e-06 24.911758747646086 24.573445939392048 24.395496520801647 389.7302782410528 296.9343759574507 400.0 -0.000929188997859297 0.5159783833423595 0.516262226844439 0.0001134550926488072 0.5387556211360385 2.4447568976249067e-08 0.018860198663979904 0.009440911752145363 0.00941925859964504 0.5162683561775366 5.663025498408209e-06 0.009458734097455082 0.009401464566524824 0.013068425178345472 0.013068425178307856
360.82 14.365010345866812 -11.295656301978397 38.24964962090424 -1076063.911233542 5.690726340907472e-06 25.009483587339204 24.655446962803175 24.473706412895357 389.1551940511873 296.7684809414848 400.0 -0.0010007960988796093 0.5355786903623471 0.5357771744438504 0.00012059025041358215 0.5539228428847431 2.4442537011051306e-08 0.01957715227691456 0.009800089971820157 0.009777033988059684 0.5357839001102026 5.690726340907472e-06 0.009819038258010188 0.009758114018904376 0.013565267823245342 0.013565267823207362
374.15 14.368287558235743 -11.301002482025183 39.15880832759098 -1075729.709631376 5.717676336866872e-06 25.10269049871991 24.732564259245816 24.54702177881059 388.567584370869 296.59993631663275 400.0 -0.001076533787451796 0.5555649176756507 0.5556687199093205 0.00012806178398886532 0.569259922045049 2.4437366297068814e-08 0.020308280069371437 0.010166391897719156 0.010141859849655648 0.5556760885181161 5.717613496314548e-06 0.010186519877316287 0.010121760192055155 0.014071957826856994 0.014071957826819526
387.72 14.371640114187677 -11.306571839281048 40.05490281199579 -1075388.2521334041 5.7438565840065436e-06 25.191819861027735 24.80525633598956 24.61589647006255 387.96785920639326 296.42872883828227 400.0 -0.0011565017376981685 0.5759226334300297 0.5759233909651851 0.00013587296568263942 0.5847021837748764 2.443212437636906e-08 0.021053052811505466 0.010539553226291446 0.010513471258142146 0.5759314499332407 5.7438565840065436e-06 0.010560915246433246 0.010492137565072219 0.01458813078728192 0.014588130787244257
401.54 14.37507061647753 -11.312371256899553 40.93889236220152 -1075039.2949475767 5.76925062327435e-06 25.27738648082913 24.874037693727576 24.68082855737775 387.35550350563403 296.254613870636 400.0 -0.0012409185072871632 0.5966674561641174 0.5965579234513786 0.00014403771340607916 0.6002030093241688 2.442687677941768e-08 0.021812039202072635 0.0109198595992711 0.010892151270537208 0.5965667215968073 5.76925062327435e-06 0.010942512288054488 0.01086952691401815 0.015114183084484253 0.01511418308444693
415.59 14.378574289792441 -11.318394935700667 41.80982609764866 -1074683.348808483 5.794323703254426e-06 25.359747752070227 24.939225289111278 24.742203097360512 386.73133798906116 296.0777336673126 400.0 -0.001329821399922061 0.6177700450950425 0.6175446547097152 0.00015255130059078033 0.6156772134897444 2.442170548166451e-08 0.02258416147349011 0.011306771492463404 0.011277361643459983 0.6175542401486659 5.794303912024439e-06 0.011330770816819331 0.011253390656670774 0.015649369748977276 0.015649369748939487
429.89 14.382156562397098 -11.324654002711497 42.66927081218032 -1074319.909766258 5.818816557623545e-06 25.4393487872606 25.001284694065784 24.80043269451424 386.0944494437482 295.89772542189843 400.0 -0.0014234995754382124 0.6392612202125044 0.6389160927463607 0.0001614319493375783 0.6310787755733234 2.441668202490686e-08 0.023370541351909885 0.011700851340339498 0.01166966166858317 0.6389265145000073 5.818895762133587e-06 0.011726256240825001 0.011644285111084878 0.016194470098727556 0.016194470098692154
444.42 14.385812548274505 -11.331142204007449 43.51634410564608 -1073949.4852051763 5.8428946408940675e-06 25.516436886818497 25.060462308097545 24.855791494114317 385.4456214238737 295.714754658089 400.0 -0.0015219876274263132 0.6611117766770479 0.6606453927041814 0.00017067221904284733 0.6463128014046566 2.4411896006791094e-08 0.024170102502752176 0.012101559898400565 0.012068514255833242 0.660656697727956 5.842917264170825e-06 0.012128428233170147 0.012041674269582027 0.01674873958094738 0.01674873958091115
459.2 14.389547664587331 -11.337870935964872 44.35252813057497 -1073571.561872706 5.866668938104041e-06 25.591427295743465 25.117138908591425 24.908661318777792 384.7839028750302 295.52847884191345 400.0 -0.001625589933695661 0.6833527643517533 0.6827659769656707 0.00018028851957868042 0.6613213851674851 2.4407426377012434e-08 0.024983971535981014 0.012509461702621667 0.012474481479191037 0.6827782117462998 5.86667138906635e-06 0.012537854029585807 0.01244611750639521 0.017312960400291233 0.017312960400255154
474.22 14.39335973047011 -11.344838200457048 45.1775411746631 -1073186.3880429128 5.890254825005153e-06 25.66455519518047 25.171541652583752 24.9592883335505 384.10965514690014 295.33894289820864 400.0 -0.0017344118604338942 0.7059702322597495 0.7052668616299743 0.0001902768099301418 0.676009642450002 2.440336409777901e-08 0.025811626451643428 0.012924294841825498 0.012887303249884217 0.7052800694848333 5.890254825005153e-06 0.01295427118510923 0.012857355266534193 0.01788677156097929 0.017886771560943423
489.48 14.397249177656272 -11.352046387900259 45.991686937824845 -1072793.9550558764 5.913509135074404e-06 25.73603836739585 25.223912898053417 25.007885892625147 383.42281075032423 295.1460671403678 400.0 -0.0018486286235309412 0.7289653917713624 0.7281524747707016 0.00020063771981658374 0.6902882486146402 2.4399797676266114e-08 0.026653098086014196 0.01334607419769954 0.013306995522499502 0.7281666954636201 5.9132164973765066e-06 0.013377694792238121 0.013275403293776071 0.018470194875046652 0.018470194875011132
504.99 14.401218794811259 -11.359502694372281 46.79577215927948 -1072393.99320183 5.936698157782825e-06 25.80618227567652 25.274503048473818 25.054739573113633 382.72278409467447 294.9496605221597 400.0 -0.0019684971478149712 0.7523546533379237 0.7514427025628856 0.00021137709184480702 0.7040719544228033 2.4396813802031764e-08 0.027508971441779405 0.013775092160530529 0.01373385090943206 0.7514579719248492 5.93687569354834e-06 0.013808418284890434 0.013700553156888973 0.019063635943741927 0.01906363594370708
520.73 14.405264704244297 -11.367199854790556 47.58905284457844 -1071987.0057761252 5.960021073638423e-06 25.875138743102898 25.32344476460829 25.100025852847246 382.01058743499436 294.74986764484566 400.0 -0.002094044814585555 0.7761094006662497 0.7751128902556492 0.0002224779591623872 0.7172449928433238 2.43945035478807e-08 0.028378181887306557 0.014210813903063255 0.014167339606310518 0.775129237019632 5.960021073638423e-06 0.014245904265188772 0.014132277622117773 0.019666356028926545 0.019666356028893217
536.72 14.409391443741221 -11.375149898605457 48.372815469982896 -1071572.4583626827 5.982864933246544e-06 25.943056793229562 25.370979268923872 25.143858034127817 381.28494578445446 294.5464189802661 400.0 -0.0022256160804925043 0.800261356433394 0.7991987591017474 0.00023394923024548184 0.7297232577894239 2.4392948906816207e-08 0.029261870744387453 0.014653810064561084 0.014608032295656517 0.7992162064639404 5.98257735473879e-06 0.014690724910479454 0.014571145833907995 0.020279145423296854 0.020279145423263076
552.95 14.413597720987426 -11.383350266429886 49.146827925952365 -1071150.5925931227 6.006112545167031e-06 26.01022611642345 25.41723764919984 25.18653464666548 380.5464230016739 294.33933872185617 400.0 -0.0023633211965140856 0.8247972761427946 0.8236914697579688 0.0002457764145521979 0.7413949232709323 2.4392233156563488e-08 0.030159532034737795 0.015103825164779929 0.015055678479431829 0.8237100321418102 6.006112545167031e-06 0.015142622571152321 0.015016909463585472 0.020901651569317125 0.020901651569284065
569.42 14.417883895300422 -11.391803183257082 49.911357709688865 -1070721.3882751819 6.028722541355087e-06 26.07659259216432 25.462367802320244 25.227995104161995 379.7948696675144 294.12857362345596 400.0 -0.002507352165615046 0.8497190790543553 0.8485974880023262 0.0002579496368740225 0.7521560926280175 2.4392433417986867e-08 0.03107121287899596 0.015560880613463158 0.015510303868530986 0.8486171705958802 6.028722541355087e-06 0.015601617220546104 0.015469595658449856 0.021533904781705828 0.021533904781674464
586.14 14.422252866838393 -11.400516092384692 50.667110414885045 -1070284.5614145608 6.0522232043953104e-06 26.142638425149155 25.506530340424806 25.26869966421753 379.0296331222505 293.9139417064158 400.0 -0.002657995886059693 0.8750439848493418 0.8739387609316218 0.0002704640435101802 0.761908811464548 2.4393622434969168e-08 0.03199751835900464 0.01602527716712943 0.015972212788273682 0.8739595592616625 6.052137398547942e-06 0.016068008983005956 0.015929509375998678 0.02217632166290439 0.022176321662873363
603.09 14.426700876627244 -11.409480793294733 51.41343928141482 -1069840.612561575 6.075524820415837e-06 26.208197632243238 25.549795580418884 25.308505492944665 378.2518060655045 293.6955982738887 400.0 -0.0028152715627630105 0.9007440344857663 0.8996921392985691 0.00028328962520479017 0.7705395269556147 2.439586436315582e-08 0.032937399601753216 0.01649648597226792 0.01644088521916585 0.8997140362363572 6.0759366172726335e-06 0.01654126436990321 0.016396135231850007 0.022828171037086793 0.02282817103705656
620.29 14.431233206879996 -11.418709992110337 52.15146941554286 -1069388.9910069613 6.098998928277056e-06 26.273535173325133 25.59232695583505 25.347639895242697 377.46016701755894 293.47325321004183 400.0 -0.0029795674422694743 0.9268519131644766 0.9258952780824363 0.00029642382543757894 0.7779599815549921 2.4399220474034584e-08 0.03389202442600312 0.016975089101049886 0.01691690690778974 0.9259182456335202 6.098998928277056e-06 0.017021965192579588 0.016870059233423527 0.02349025834375402 0.023490258343724417
637.72 14.435845158449736 -11.428195090359225 52.88058136580897 -1068930.1944768596 6.1225885647795524e-06 26.33867646047288 25.634177862649274 25.386151249797127 376.65550279699886 293.2471084584701 400.0 -0.003150898935519373 0.9533398270842556 0.9525252106757506 0.0003098309568249106 0.7840676453759213 2.440373801190172e-08 0.034860347977680985 0.01746055888358823 0.01739976066996623 0.952549206777894 6.122511079214028e-06 0.01750957823457817 0.017350769743102817 0.024161853669291 0.024161853669263683
655.4 14.440542968621244 -11.437949096286502 53.60184550869334 -1068463.6677804594 6.1464803752913285e-06 26.403833428741297 25.67549078835098 25.424213242351076 375.83685524651634 293.0168313442851 400.0 -0.003329673015830743 0.9802409283712717 0.9796201863902181 0.0003235032064565487 0.7887814184408514 2.4409465468904757e-08 0.03584355273768876 0.01795348390315351 0.01789004040331735 0.9796451568728429 6.1464803752913285e-06 0.018004690988879742 0.017838861748809016 0.024843771118661807 0.02484377111863534
673.32 14.445324741174803 -11.447968701936702 54.31506444300001 -1067989.6431149673 6.1703707670871484e-06 26.468992470207017 25.71632813678125 25.4618197366284 375.0045859775753 292.7824892573038 400.0 -0.0035160069796435723 1.0075429227485273 1.007172733578619 0.00033740696959641504 0.7920164564703618 2.4416435783170827e-08 0.03684115906646023 0.018453619020986016 0.018387511607039494 1.007198610162111 6.1703707670871484e-06 0.018507053102232152 0.01833410596422809 0.02553567122833309 0.025535671228306748
691.49 14.450193718284886 -11.458261671602088 55.02084056923852 -1067507.8218571711 6.194787981856485e-06 26.534400094294195 25.756791687603805 25.49919395309856 374.15802788835447 292.54389877568497 400.0 -0.003710227207923287 1.0352640997128149 1.0352061411956408 0.000351521388358019 0.7937006433614094 2.4424680846987296e-08 0.037853804511531454 0.01896127877452058 0.018892497291229056 1.0352328425850374 6.19471140820471e-06 0.019016975935756283 0.018836828575775164 0.026237988579528467 0.026237988579503126
709.89 14.45514573122083 -11.468818754428128 55.718611961719915 -1067018.7010995774 6.219378151437869e-06 26.59998662600429 25.79691050724942 25.536289129431793 373.29815153104323 292.3012409006457 400.0 -0.003912342212151186 1.0633771838227961 1.0636974965724972 0.0003657996166411561 0.7937685450703356 2.443421061339777e-08 0.03888046201131742 0.019475942801191148 0.019404490756873453 1.0637249274454246 6.219547472712254e-06 0.019533931784410853 0.019346530226906574 0.02695000249141306 0.026950002491389395
728.54 14.460186790521945 -11.479653453528215 56.40934369127124 -1066521.712833336 6.244315390407698e-06 26.665935993106448 25.836796056479113 25.573250329852044 372.4238255209253 292.0541984058634 400.0 -0.004122797866441495 1.0919160518701831 1.092685663254399 0.0003802233327480038 0.7921668040674336 2.444504662310951e-08 0.03992233805068044 0.019998210064243162 0.019924099525580507 1.092713716589245 6.244315390407698e-06 0.020058516838056324 0.01986382121262411 0.027672540556604463 0.027672540556582345
747.43 14.465314932328232 -11.49076208312357 57.09285298422649 -1066017.0847960804 6.269420625385877e-06 26.732238776689613 25.876489030979382 25.610075697749192 371.5353416596525 291.80284559210645 400.0 -0.0043417162043117435 1.1208689012746396 1.1221630789404244 0.0003947484848331769 0.7888520448267509 2.4457187813305034e-08 0.040978971085480674 0.020527842980248585 0.020451099636641466 1.1221916357017592 6.269420625385877e-06 0.02059048660597086 0.02038848447950982 0.028405272782310094 0.028405272782289916
766.56 14.470531154935694 -11.502146656612581 57.76933592926265 -1065504.7781062769 6.295085993677674e-06 26.7990684568179 25.91604750363016 25.646930813499672 370.6326176062987 291.5471123040567 400.0 -0.004569331954758847 1.1502393603807066 1.1521376433182269 0.00040933647754872577 0.7837921962569516 2.4470631167845484e-08 0.04205046358282333 0.021064886380294003 0.02098554872607349 1.1521665740575375 6.295083908422688e-06 0.02112987988222194 0.02092058370060138 0.029148259605291865 0.029148259605272987
785.93 14.475836521935753 -11.513809174944697 58.43898301559658 -1064984.7522893946 6.3211498005987165e-06 26.86644662035114 25.955525295905446 25.68382938909268 369.7155827051007 291.2869256676641 400.0 -0.004805884190318485 1.1800311935540413 1.1826172312584609 0.0004239465704168531 0.7769661966582913 2.4485367497939444e-08 0.04313692354792526 0.021609387573090673 0.021527507490380675 1.182646397540552 6.3211498005987165e-06 0.02167673758651151 0.02146018596141376 0.029901564594994465 0.029901564594976938
805.54 14.481231868400272 -11.525751611507133 59.10197809153072 -1064456.9647370393 6.347319761374878e-06 26.934347163221606 25.99497232184261 25.720737509958497 368.7840587727695 291.0222243196413 400.0 -0.005051616259668609 1.2102482592891988 1.2136096532631067 0.00043853607479433734 0.7683640329986366 2.450138215058177e-08 0.04423846313665157 0.02216139568709913 0.022077038956966364 1.213638909319865 6.347319761374878e-06 0.022231102134195067 0.02200736100245651 0.030665253522341642 0.030665253522325842
825.39 14.48671802351625 -11.537975924232626 59.75849950037031 -1063921.3711395382 6.374013202454412e-06 27.002946863686606 26.034434994066086 25.75782417517407 367.8378441888816 290.75294749110475 400.0 -0.005306775966115132 1.2408945315542557 1.2451226885125362 0.0004530605155292931 0.7579863719908123 2.4518655846406046e-08 0.04535519953869656 0.02272096214642596 0.022634208891417144 1.2451518830746704 6.374013202454412e-06 0.02279301793803249 0.022562181600664075 0.03143939500505644 0.031439395005043044
845.49 14.492299032263743 -11.550490341785803 60.40904233626525 -1063377.6555711667 6.401280144417821e-06 27.072348805326655 26.073976220008547 25.795168657552345 366.8764248319313 290.47887677536414 400.0 -0.0055717493916826065 1.271989641897219 1.27718014777431 0.00046748085442039337 0.7458374067919792 2.4537175073837635e-08 0.046487821036254484 0.023288424288428127 0.02319936823856428 1.277209125882892 6.40125569366993e-06 0.02336281619879475 0.02312500483745973 0.032224452870326575 0.032224452870314176
865.83 14.497973108319824 -11.563290676602833 61.05344153098577 -1062826.0400513506 6.428907588325485e-06 27.142509524519426 26.113616499242255 25.832735535219935 365.9000980243717 290.2000800712894 400.0 -0.005846666862821052 1.3035223900529045 1.3097739892994904 0.00048174211802186063 0.7319422919850688 2.4556905450588585e-08 0.04763589357149926 0.023863556953258504 0.023772308100431638 1.309802594524366 6.428957164453121e-06 0.023940263026192697 0.023695630545306563 0.033020112386708565 0.03302011238669865
886.41 14.503741470727059 -11.576378868839697 61.69186249678521 -1062266.4760711729 6.45711061935251e-06 27.21354761652841 26.153393795986865 25.870635535752548 364.90878686925686 289.91647788349803 400.0 -0.0061317905148100555 1.3354971436412149 1.3429120807758634 0.0004957954315742542 0.7163299041271662 2.457781911731856e-08 0.04879955142450859 0.024446419656414246 0.024353103241597982 1.3429401573363022 6.45711061935251e-06 0.02452541017900197 0.02427414124550662 0.03382645229721601 0.03382645229721014
907.23 14.5096050406451 -11.589756827733595 62.324464611087414 -1061698.9126847966 6.485554450024227e-06 27.285400858690863 26.193343705983917 25.908798546839588 363.90225137159615 289.6280052787464 400.0 -0.0064273871317111955 1.3679183368934655 1.376602311851278 0.0005095908854236921 0.6990369597758583 2.4599887105563128e-08 0.04997893222061384 0.025037073519865827 0.024941830165422958 1.3766297067563722 6.485554450024227e-06 0.025118310837130148 0.024860621383483692 0.03464355318047982 0.0346435531804767
928.29 14.51556496384279 -11.60342646427165 62.95140361444388 -1061123.2976739954 6.514572263710419e-06 27.35822459703441 26.233499807731874 25.94737188713896 362.8803299723187 289.33458625086337 400.0 -0.006733728566075877 1.4007905436187242 1.4108527098954544 0.0005230776213640869 0.6801066356399055 2.4623080293534325e-08 0.05117417950961172 0.02563558259062811 0.02553856837468681 1.4108792750286685 6.514572263710419e-06 0.025719020937213833 0.02545515857239789 0.03547149927703733 0.03547149927703714
949.6 14.521625343268795 -11.617396271611312 63.57312013437108 -1060539.3027564685 6.544285066792953e-06 27.432138541606232 26.273912791928286 25.98645068487476 361.84239791157256 289.0359989124817 400.0 -0.007051242559947697 1.4341341297854369 1.445687856731468 0.000536210022542075 0.6595774803596188 2.4647381811313278e-08 0.05238601140769266 0.026242298548961998 0.026143684305312994 1.4457134503808151 6.544190252666482e-06 0.026327884892012626 0.026058126515680017 0.03631077231332974 0.036310772313332684
971.15 14.527784763643076 -11.631661698926166 64.18946222188235 -1059947.1458915935 6.574448504816249e-06 27.507073297072345 26.314593777728934 26.025973346032345 360.7888849317348 288.7322929275109 400.0 -0.007380067790955197 1.4679383459617432 1.481099951040001 0.0005489291755423221 0.6375107622072801 2.4672753773895837e-08 0.05361401552547103 0.026857007048014185 0.026756979914771505 1.4811244406694555 6.574769737547237e-06 0.026944678898294383 0.026669336627176635 0.037161070617869496 0.03716107061787721
992.93 14.53404176590931 -11.64621792681396 64.80029686069045 -1059347.0458486576 6.605163497517301e-06 27.583078029125318 26.35555283013165 26.065996930456215 359.7201979182735 288.4235202623578 400.0 -0.007720333859583702 1.502192404332197 1.517081098669103 0.0005611766482151859 0.6139729643296764 2.469915895502667e-08 0.054857779590465984 0.027479494047779728 0.027378256970588783 1.5171043629333032 6.605163497517301e-06 0.02756917950982859 0.027288600080637406 0.03802209260527127 0.0380220926052835
1014.97 14.540405348435204 -11.661086914582086 65.40659352162784 -1058738.113606992 6.636477451809254e-06 27.66030037019186 26.39687366965407 26.106610599418538 358.6341759592573 288.10921617548377 400.0 -0.008072807085524034 1.5369484534938338 1.553689770773321 0.0005729157078004126 0.5889885663643568 2.4726611828605255e-08 0.056119176324357686 0.028110689126274183 0.02800845861641601 1.553711698884075 6.63614780244638e-06 0.028202310439583864 0.027916865884773816 0.03889511807887327 0.038895118078891754
1037.24 14.54686918824329 -11.676250457067567 66.00765976470659 -1058121.1182521218 6.668516826028072e-06 27.738745468988892 26.43852674896102 26.147859723044178 357.5326518418508 287.78967221065045 400.0 -0.008437312489336187 1.572164596765516 1.5908857459447114 0.0005840758915603563 0.5626472675754292 2.4755056891821112e-08 0.05739666447441751 0.02874981341561629 0.028646822467415553 1.5909062425824674 6.668516826028072e-06 0.028843281400457506 0.028553383073960013 0.03977906344782248 0.0397790634478452
1059.75 14.553437286864055 -11.69171711807536 66.60390537938264 -1057495.7204647898 6.700906796409608e-06 27.818338393185744 26.480556501643402 26.1896431370214 356.41481051109986 287.46466960522434 400.0 -0.008814311961653635 1.6078618665381605 1.6286952561643462 0.0005946085357176892 0.5349942525361296 2.478449136847035e-08 0.0586909870715634 0.029397231347210326 0.029293727123095227 1.6287142405584154 6.700504140114357e-06 0.029492448958600252 0.029198538112963145 0.04067442608340415 0.04067442608343303
1082.51 14.560113569855076 -11.707495687249605 67.1957159597787 -1056861.5751941258 6.734082464791547e-06 27.899319848302273 26.523006490292683 26.232174510574715 355.2796831969219 287.1339924006862 400.0 -0.009204288150582737 1.6440615839986834 1.6671453377275562 0.0006044633296931369 0.5060707368068085 2.4814917881801358e-08 0.06000289612128625 0.03005331175010492 0.029949555759891604 1.667162744777864 6.734120953389224e-06 0.03015017379202407 0.029852722329262175 0.04158170897485077 0.04158170897488661
1105.5 14.566895087292602 -11.723574268376808 67.78270446321403 -1056219.1771337395 6.768389603642679e-06 27.981825336799147 26.565864223031642 26.27561214309675 354.1289861316944 286.7977648610169 400.0 -0.0096072155319433 1.6807378258049697 1.7062131937023974 0.0006135761265458352 0.4759511229090775 2.484630385309332e-08 0.06133143083611863 0.030717566981392556 0.03061383523324942 1.7062289770765666 6.768389603642679e-06 0.030815957796344502 0.03051547303977414 0.042500230445326234 0.04250023044537009
1128.74 14.573787798443982 -11.739968589023704 68.36549924751355 -1055567.8947696816 6.802439054714825e-06 28.06537166883224 26.609190742818285 26.319427860104955 352.9606169575298 286.45566888853165 400.0 -0.01002376502033656 1.7179280282406066 1.7459438087272805 0.0006218997636278203 0.4446562328308667 2.4878674789114954e-08 0.06267792523847687 0.031390657138183085 0.03128723946846641 1.7459579392800946 6.802280956085362e-06 0.03149045338803644 0.031187471850440445 0.04343089551992214 0.04343089551996628
1152.22 14.580790678881515 -11.75667355886577 68.94396535424158 -1054907.937193122 6.837666893027742e-06 28.150574091774114 26.652991307697842 26.364241867307936 351.7750739705835 286.1077321800998 400.0 -0.010454091705997613 1.7556222901103165 1.7863322244661834 0.0006293738701576961 0.4122388998284402 2.491202082553657e-08 0.06404199720214594 0.032072384285557344 0.031969584274248494 1.7863446932459872 6.837745133110255e-06 0.032173452735719504 0.03186854446642646 0.044373422496270215 0.044373422496325365
1175.94 14.5879057319714 -11.773691054841322 69.5182228719581 -1054239.2327005877 6.873637710154343e-06 28.23729614389871 26.697289684571754 26.409905020783018 350.5724172343223 285.75383162477755 400.0 -0.01089853039885645 1.7938268366292491 1.8273911231156965 0.0006359415003577755 0.3787325544766153 2.4946350713107456e-08 0.06542384737837813 0.032762842007352355 0.03266097671800814 1.8274019416561629 6.873637710154343e-06 0.03286504007458582 0.0325588073037923 0.045327932522080644 0.045327932522147875
1199.91 14.595137149057992 -11.791030141278497 70.08862136233314 -1053561.4215593094 6.910343344972148e-06 28.325606792515007 26.742128114560714 26.456455586542095 349.35157269493146 285.3937342179471 400.0 -0.011357615004637415 1.8325641049202563 1.8691512059729118 0.0006415473630257672 0.34414980877289886 2.498169293900405e-08 0.06682426061653703 0.03346241582382076 0.03336181612885034 1.8691604067313758 6.9102192170198384e-06 0.03356559183247167 0.03325866878406535 0.04629494997959117 0.046294949979662665
1224.11 14.60248104804172 -11.808678228312658 70.65480013223012 -1052874.993367096 6.947849137216059e-06 28.41552274068149 26.78749301003172 26.503930902308873 348.1136582483897 285.0276083900114 400.0 -0.011831310553834077 1.8718084153352237 1.9115918383726134 0.0006461280122407142 0.3085379988086121 2.501803697676159e-08 0.06824228031865281 0.03417062137915187 0.03407163026462202 1.9115994778502718 6.947849137216059e-06 0.03427461312918097 0.033967667189471834 0.04727379666702221 0.04727379666711105
1248.56 14.609945147609652 -11.826651726719717 71.21733771722789 -1052179.3005399015 6.986116309630138e-06 28.507131392885398 26.83344573496679 26.55236838086527 346.8573138189479 284.65504363787034 400.0 -0.012320362858561834 1.9115989564356113 1.954763012020124 0.0006496275293274336 0.27187852571657756 2.5055436660668052e-08 0.06967929206334446 0.034888144280292376 0.03479111909698418 1.9547691694909037 6.985995051459142e-06 0.0349927803433103 0.034686511720034154 0.048265411314052965 0.04826541131416351
1273.25 14.617528258309806 -11.84494521103278 71.77610717624873 -1051474.5441675426 7.025412620548627e-06 28.600579622648564 26.879991741959632 26.60191655703958 345.5828227618664 284.27607260231895 400.0 -0.012824939854308848 1.9519265568539572 1.9986630656089848 0.0006519826878672684 0.23418807342922943 2.5093905808770728e-08 0.07113493127923111 0.035614796021578576 0.03552010656022174 1.9986678466283212 7.025412620548627e-06 0.03571989442902252 0.035415036850208595 0.049269524319732985 0.049269524319867794
1298.18 14.625232677006828 -11.86356055278651 72.3312171008868 -1050760.640645308 7.065197115094126e-06 28.695652983221454 26.92715566864879 26.65234415634007 344.2902538271746 283.8905531867283 400.0 -0.013345410883451295 1.9927985709926521 2.0433088268813786 0.0006531306106850207 0.19545944693893025 2.5133477926976152e-08 0.07260942779549633 0.036350684940866934 0.036258714145658705 2.0433123644626665 7.065197115094126e-06 0.036456053233307216 0.03615337456218908 0.05028627628430965 0.050286276284472776
1323.35 14.633059417587026 -11.882499510232094 72.8827682097889 -1050037.500350057 7.106052318136659e-06 28.7926829240107 26.974962221501386 26.70396518738533 342.9786469064738 283.4984064402536 400.0 -0.01388215078588601 2.034222319839575 2.088717736625371 0.0006530074076528658 0.15567819855868617 2.5174190523193503e-08 0.07410300722786825 0.03709591729238233 0.037007061214797146 2.0887201935217505 7.105787596786017e-06 0.037201352294031376 0.03690165493383688 0.05131580475530175 0.05131580475553212
1348.77 14.641014694622832 -11.90177162073013 73.43108199926972 -1049304.7471743824 7.148239222002569e-06 28.891898095416625 27.02345627710338 26.756971127201457 341.6480424494329 283.09929161666986 400.0 -0.014435764991071152 2.0762224003263285 2.134926968215171 0.0006515452260128388 0.11480234680747939 2.5216102604834532e-08 0.07561651417975776 0.03785090783223886 0.03776557761492491 2.1349285391919333 7.148239222002569e-06 0.037956195018421054 0.03766031916133672 0.052358673446235446 0.05235867344650157
1374.42 14.649094267894856 -11.921363562326235 73.97582793552309 -1048562.8652031715 7.19049060724244e-06 28.992627620172666 27.07262571726851 26.8107077856499 340.29922557418354 282.6933912199985 400.0 -0.015006209636424435 2.1187738588581535 2.181919834522765 0.0006486765781872395 0.07283094851145244 2.5259227091156453e-08 0.0771490043511358 0.038615178893370045 0.038533796713086106 2.181920750594947 7.19049060724244e-06 0.03872009227659686 0.03842891207453895 0.05341421329140656 0.05341421329159771
1400.32 14.657305456127608 -11.941292330837882 74.51752541054985 -1047811.1753000008 7.234193459692752e-06 29.09570670927011 27.122535246072676 26.865953308972326 338.9297931332974 282.28030635767396 400.0 -0.015594327577246919 2.1619180149586636 2.2297534002977875 0.0006443288920157444 0.029691247504645357 2.5303646699795886e-08 0.07870191729896518 0.039389441694093294 0.03931244684791553 2.22975393131145 7.2339344882469025e-06 0.0394937430691145 0.03920817422985069 0.05448339722759461 0.054483397227237315
1426.46 14.66564866732133 -11.96155229809034 75.05606422077419 -1047049.8727836302 7.2789786835599845e-06 29.200979037816303 27.17319351734421 26.92254745516476 337.541235756073 281.8599839288407 400.0 -0.016200309215087312 2.205647362006487 2.2784315826515416 0.0006384283292673524 -0.01465189614711783 2.534939799096319e-08 0.08027492987682525 0.04017352788944194 0.040101373217959126 2.2784320424733617 7.2789786835599845e-06 0.040276966485226544 0.039997963391598716 0.05556598358009874 0.055565983579861894
1452.84 14.674125722536225 -11.98214525664929 75.5915388322026 -1046278.8533209121 7.324582379023724e-06 29.30835180661122 27.22462852710132 26.98037465209109 336.1327836958838 281.43229858755154 400.0 -0.016824570702273053 2.2499708598405395 2.3279771545201324 0.0006308985351898197 -0.06025492757204924 2.5396536392280344e-08 0.08186830819521208 0.04096756286973185 0.04090071654339468 2.327977905923479 7.3245303233713705e-06 0.04106987488404679 0.0407984333111653 0.05666213629174892 0.05666213629158962
1479.46 14.682739068285644 -12.003073063475199 76.12404469882267 -1045498.0118199104 7.3713634975449356e-06 29.41808552175046 27.27686921764659 27.03967136871375 334.7042028907408 280.99709211633643 400.0 -0.01746753797267668 2.294897952826193 2.3784141530367067 0.000621659687157803 -0.10718194991732978 2.5445120003842154e-08 0.08348233156968918 0.04177167820743479 0.04171062456731079 2.3784156136489862 7.3713840741897e-06 0.04187258617229582 0.04160974539739337 0.057772027934962854 0.05777202793489102
1506.33 14.691494575516295 -12.024345532799032 76.65387208082402 -1044706.9451262455 7.419267525977264e-06 29.53024536067318 27.32996521345317 27.10045838337828 333.25479058723704 280.55403136652575 400.0 -0.018129895295152017 2.340455469420628 2.429786977294898 0.0006106241751964927 -0.15552159652149639 2.549522788266417e-08 0.08511789891127862 0.042586313625188804 0.04253155647808313 2.4297896269797015 7.419297946259042e-06 0.04268552509234926 0.04243237381892934 0.05889625638178217 0.05889625638180225
1533.43 14.700388191040963 -12.045948677305034 77.18071898075698 -1043906.1289235889 7.468300400329282e-06 29.644835539425884 27.383907585364895 27.1627518748995 331.7851897461573 280.10328389183127 400.0 -0.01881159404078303 2.3866196639917874 2.4820836645263826 0.0005977137459607798 -0.2053135084371253 2.5546884524504347e-08 0.0867740892644821 0.04341100201674383 0.043363058426470064 2.4820880517707344 7.468300400329282e-06 0.043508210873456514 0.04326587839102559 0.06003416813287228 0.06003416813288991
1560.78 14.709429206959399 -12.0679003131537 77.70506636125623 -1043094.8562303653 7.518518049756392e-06 29.76201899550889 27.43876769110917 27.226648695644915 330.29406707510225 279.64433970988586 400.0 -0.019513591902945118 2.4334352196371407 2.5353702998639727 0.0005828286225328947 -0.25667500000869775 2.560019116400714e-08 0.08845243296217266 0.04424649651555134 0.04420590761187977 2.5353770528071466 7.518518049756392e-06 0.044341379527166117 0.044111053435006535 0.06118679361486941 0.061186793614885604
1588.37 14.718617084437724 -12.09019436290123 78.22680923350562 -1042273.3015176537 7.569991135430141e-06 29.88187642732828 27.494558137858057 27.292220125371188 328.7815880085205 279.17718515422155 400.0 -0.020236104479502116 2.480896150150189 2.589656301957093 0.0005658793207224351 -0.3096721132382708 2.5655192830249418e-08 0.09015263774245884 0.04509264212262346 0.04505996677141008 2.589666136511884 7.569948039735102e-06 0.04518486038369081 0.04496777735876805 0.062353910230998025 0.062353910231015615
1616.2 14.727954796608064 -12.112832722571682 78.74603810565432 -1041441.341364974 7.6227974985484125e-06 30.004530451543047 27.551312343121438 27.359558948633563 327.2475768256521 278.70162676110544 400.0 -0.02097960716751615 2.5290139364021926 2.644971502909485 0.0005467679554064507 -0.3643921410275342 2.5711953806934332e-08 0.09187503360149195 0.045949593118670834 0.04592541162049773 2.6449852343982316 7.6227974985484125e-06 0.04603879059942071 0.04583624300207124 0.06353572223996017 0.06353572223997739
1644.27 14.73744535396963 -12.135817282786604 79.2632080233206 -1040598.2460207961 7.676763272135958e-06 30.129939563367888 27.609061876881228 27.428592692647516 325.6917250692559 278.2282762063571 400.0 -0.02174458607929482 2.5778004902085128 2.7013468707203683 0.0005253928086320624 -0.4209241541305773 2.5770538239102897e-08 0.09361996137690767 0.04681750855554769 0.04680242394492028 2.7013654261764155 7.67665848074389e-06 0.046903311340720476 0.04671665003618719 0.06473244051765734 0.06473244051767747
1672.59 14.74709509146281 -12.159158185324486 79.77986254571215 -1039741.4155153169 7.732581766320195e-06 30.258658903924832 27.6678538159094 27.499823986158965 324.1128956049281 277.7945926432557 400.0 -0.022531818869175158 2.627285668780559 2.7588349177658626 0.0005016386956292957 -0.47938079021803087 2.5831031619034973e-08 0.09538839817657783 0.04769686307303389 0.0476915062127609 2.758859351019289 7.732581766320195e-06 0.04777887708160985 0.04760952109496798 0.06594471103754487 0.06594471103756609
1701.14 14.756901189804362 -12.182840980022661 80.2941209041002 -1038873.9172878319 7.788885122997276e-06 30.389809700793275 27.727695940602384 27.572380908549196 322.51311171228537 277.3532108891418 400.0 -0.02334126087625843 2.67744769483794 2.81742879224408 0.0004754080166860786 -0.5398196899905879 2.589345548729188e-08 0.09717947093020263 0.04858721020333689 0.04859223182151691 2.817460290646114 7.788885122997276e-06 0.0486650239196552 0.04851444701054744 0.0671719103004604 0.06717191030047982
1729.94 14.766871739338857 -12.206883810570275 80.80642190248824 -1037994.9771071338 7.847327395242764e-06 30.52462202446737 27.788666802078012 27.64741860476916 320.88726825834226 276.9037282214592 400.0 -0.024173995360075484 2.728334520103572 2.877203419698208 0.0004465659725835128 -0.6023781411764505 2.5957915212363342e-08 0.09899479282614404 0.049489339045921475 0.04950542486007388 2.877243328109623 7.84692012278487e-06 0.04956251742282111 0.0494322754033229 0.06841511770600757 0.06841511770602995
1758.98 14.777009312313742 -12.231280782618285 81.3166840248789 -1037104.7676978174 7.907410536153127e-06 30.662858994611835 27.850784910910587 27.724683877284203 319.24001575300343 276.445988173669 400.0 -0.025030282505048806 2.779943402989308 2.938175117327634 0.0004149938276386648 -0.667137649823341 2.602445098785265e-08 0.10083416189644748 0.050403134809731936 0.050430998151529564 2.9382249488433727 7.907410536153127e-06 0.05047122170168315 0.050362940194764345 0.06967416735347008 0.06967416735349033
1788.26 14.787316232191017 -12.256033602053549 81.82498905356893 -1036203.1176430815 7.968553970160177e-06 30.804170496799554 27.914089156826144 27.80379017406029 317.5686292586538 275.97984373501697 400.0 -0.025910666528130868 2.832288502527029 3.000380322739262 0.0003805632928922529 -0.734192356516882 2.609312040345596e-08 0.10269797568288887 0.051328780308170764 0.05136916642425434 3.000441778446194 7.968472375067519e-06 0.05139129676148643 0.051306678921402435 0.07094930308366726 0.07094930308368903
1817.79 14.79779996693549 -12.281152781535695 82.33159578390107 -1035289.553442916 8.031623795290897e-06 30.94930008543106 27.97864189785883 27.885421367288075 315.8724099946891 275.5049129634497 400.0 -0.02681601861490362 2.885403035969842 3.06387871814298 0.000343125613145976 -0.8036601130530086 2.6164003006884564e-08 0.10458730504841142 0.052266791433018316 0.052320484649400416 3.0639537119575304 8.031643829217563e-06 0.0523232322057472 0.05226407284266421 0.07224122757979469 0.07224122757981649
1847.55 14.808457442374541 -12.306623305485857 82.83624914917571 -1034364.5247899756 8.096382628352678e-06 31.098109305532144 28.044440703712485 27.969442915379723 314.1524282937477 275.02128933776174 400.0 -0.02774630148806589 2.939266792002861 3.1286663901524205 0.00030256494095790937 -0.875584227840019 2.6237102568072732e-08 0.10650131656263691 0.05321673768032458 0.053284549900544605 3.1287570557309903 8.096382628352678e-06 0.05326657640820056 0.053234740154436334 0.07354933998252665 0.07354933998254704
1877.56 14.819299729895821 -12.332464241908326 83.33937511590389 -1033427.2310959324 8.162912715946381e-06 31.250820354989692 28.111571859680478 28.055993483891005 312.40679479028773 274.5284225681005 400.0 -0.02870273031677563 2.9939322498141157 3.1948268710986905 0.00025870759488930275 -0.9500982857608367 2.6312515866565017e-08 0.10844175720087067 0.05417946845885919 0.05426225974420665 3.1949356037132217 8.16289696937617e-06 0.054222148066407974 0.054219609134462686 0.0748748018786169 0.07487480187863899
1907.81 14.830327569956651 -12.35866907002088 83.84089113117356 -1032477.799273172 8.231293039177913e-06 31.4075615255445 28.180056390663072 28.1451819529145 310.63582402520433 274.0262284800827 400.0 -0.029685601676487924 3.0493983512220084 3.262379572630001 0.00021141439014086782 -1.0272585400018122 2.639026190208011e-08 0.11040846747009335 0.055154885849423484 0.05525355260656527 3.262509037236536 8.231302072219185e-06 0.05518982396436395 0.05521864350572941 0.07621747010309608 0.07621747010311794
1938.3 14.841545337667226 -12.38523979361662 84.34088486253218 -1031516.0377438937 8.301588058779036e-06 31.568485206909486 28.249938052071755 28.237118809631966 308.8389764197465 273.5144553807552 400.0 -0.030695537404528937 3.105682684559683 3.3313663972775216 0.00016052767503390368 -1.1071383486486732 2.6470378920507506e-08 0.11240194735241678 0.056143218269303005 0.05625870005244068 3.331519557834649 8.301596624178353e-06 0.05616980400920908 0.0562321433432077 0.07757765058344716 0.07757765058346798
1969.03 14.852957602819592 -12.412178461260396 84.8394442795161 -1030541.7501977243 8.373880736833856e-06 31.73376587664663 28.321261344398437 28.33193578317731 307.01599926256495 272.99283983169636 400.0 -0.03173317603706465 3.162803498010793 3.401830093469318 0.00010588441379545564 -1.189803630524388 2.6552899715592668e-08 0.1144227170801004 0.057144703148532754 0.0572779848840511 3.4020102383328377 8.373880736833856e-06 0.057162296021107305 0.05726042105899313 0.07895566126491388 0.07895566126493408
2000.0 14.864569101763015 -12.439487077723072 85.33665757135425 -1029554.7269538505 8.448230895699317e-06 31.903555878860466 28.3940714397606 28.429741702735086 305.16592579281667 272.4611077329954 400.0 -0.0327991733685625 3.2207797021598457 3.4738141761253822 4.731639359667719e-05 -1.2753119068021497 2.6637851147991977e-08 0.11647131751307879 0.05815958713399709 0.05831170131444022 3.47402494420559 8.448190907257274e-06 0.05816751595751105 0.05830380155556776 0.08035183229482588 0.08035183229484447
