#Found quasiharmonic mode : None
#T(K), volume, F(eV), S(J/K), H(J/K), a(-6/K), Cp(J/mol), Cv, Cpion, Bt(GPa), T_ph-D(K), T-D(K), F_el_atom, S_el_atom, C_el_atom, M_el, Seebeck_coefficients(μV/K), Lorenz_number(WΩK^{−2}), Q_el, Q_p, Q_e, C_mu, W_p, W_e, Y_p, Y_e
0.0 12.589827185736377 -7.531511158860582 0.0 -726680.3555281493 0.0 0.0 0.0 0.0 182.9216073340831 400.0 400.0 0.0 0.0 0.0 0.0 0.0 2.443004551768e-08 0.0 0.0 0.0 0.0 0.0 0.0 0.0 0.0
0.28 12.589827168448979 -7.53151123470605 7.286932992018187e-06 -726680.3628440842 3.906571690452806e-09 2.1860846823819818e-05 2.186079348666414e-05 2.186084654848259e-05 182.92246442452125 124.97343256584509 400.0 -5.778221136171418e-14 1.9215758837955225e-12 2.753372306152301e-13 1.6775969330309264 -1126.5939480604827 1.4851774142449659e-08 1.6557630880618973e-14 1.1272437832911398e-15 1.5430387135277812e-14 2.3447171744709263e-11 1.127243745341162e-15 1.5430387135277815e-14 1.1272974913886264e-15 1.5430431372295957e-14
0.8 12.589827294034885 -7.531510776432469 0.00016995766718706605 -726680.3184934797 3.810116439162763e-09 0.0005098732585066992 0.0005098731135513355 0.0005098732582218957 182.9172326666859 124.97340108548352 400.0 -5.635780537190648e-14 2.2824475181167204e-12 2.8480359889952204e-13 1.6769585813578813 -1303.6906761667244 1.4851697285193094e-08 1.7126987356676262e-14 1.135732735093584e-15 1.5991254626214723e-14 3.250123491645641e-11 1.1357327304615366e-15 1.5991254626214723e-14 1.1357394025798192e-15 1.599125028135892e-14
1.56 12.589827275763078 -7.531511245185913 0.001260244639778914 -726680.361891296 1.660047759664717e-09 0.0037809083021157846 0.003780908248456349 0.0037809083018348695 182.92250911154147 124.97050420215604 400.0 -5.6357804270669704e-14 2.440745354654261e-12 2.809152127278907e-13 1.675917613340493 -1419.4463264193346 1.4851689241430838e-08 1.6893163994662753e-14 1.1241091505838107e-15 1.5769054845317057e-14 3.800792059318991e-11 1.1241091493456904e-15 1.5769054845317057e-14 1.1241108693447775e-15 1.5769045017336585e-14
2.56 12.589827751880838 -7.531511273816358 0.005578504695324749 -726680.3523387235 2.260303779389505e-08 0.016808112858946574 0.01680809653393007 0.016808112858669844 182.92237910272414 124.72363440643488 400.0 -5.778224652295843e-14 2.5434705577161053e-12 2.767289617416156e-13 1.6744486481089078 -1505.7114518822627 1.4851687309917915e-08 1.664142107276885e-14 1.1097033792817803e-15 1.5531717693947863e-14 4.213760400935187e-11 1.109703378820982e-15 1.5531717693947863e-14 1.109704002172692e-15 1.5531706660187922e-14
3.8 12.589829770811559 -7.531511608365173 0.018548679760911718 -726680.328413766 7.289805416320868e-08 0.05713244787339778 0.05713219581577387 0.05713244787312163 182.92417266982577 123.132187812634 400.0 -5.77879715596348e-14 2.6473027768012595e-12 2.7615289103691054e-13 1.6725347087129616 -1573.7362149102357 1.4851686637294343e-08 1.6606779136581276e-14 1.1193685567710769e-15 1.548741058002011e-14 4.593092512280425e-11 1.1193685565611717e-15 1.548741058002011e-14 1.1193688443751418e-15 1.5487399172268835e-14
5.29 12.589836902896243 -7.531512034508324 0.051790301557876055 -726680.1660446174 1.8744932619984045e-07 0.1609307040565954 0.16092838397530623 0.16093070405632037 182.92212859480784 121.3741569347996 400.0 -5.779401014879854e-14 2.7277058594082524e-12 2.75017235125402e-13 1.6701388872517662 -1630.9429093726044 1.4851688593662593e-08 1.6538482953102087e-14 1.1275572593799275e-15 1.5410925693831368e-14 4.9121705923040004e-11 1.1275572592707188e-15 1.5410925693831368e-14 1.1275574097738206e-15 1.5410914130722018e-14
7.01 12.589854910315598 -7.531513483541159 0.1225678281074117 -726679.7206252518 3.7864561972879637e-07 0.36586037138665045 0.3658478267127074 0.36586037138636957 182.92006561257955 122.31567281734894 400.0 -5.639406622237474e-14 2.8625716116098855e-12 2.808881486257842e-13 1.667293990403778 -1677.2630637728541 1.4851768863802282e-08 1.6891445905467768e-14 1.126457309267944e-15 1.576498859626129e-14 5.309735150884157e-11 1.1264573092064685e-15 1.576498859626129e-14 1.1264573945877368e-15 1.5764976955722895e-14
8.98 12.589892973077202 -7.531517018448534 0.24987393456172097 -726678.6770245066 6.47759128390214e-07 0.6871060422335775 0.6870590122603327 0.6871060422332967 182.9177544582939 126.94280982377516 400.0 -5.640074580523678e-14 2.930250617554372e-12 2.8072768230160175e-13 1.6639238995203816 -1719.8589914184631 1.4852465459336019e-08 1.6881004354440644e-14 1.134160759056851e-15 1.5746843595421037e-14 5.579161517361549e-11 1.1341607590196068e-15 1.574684359542103e-14 1.1341608115473806e-15 1.574683188798396e-14
11.19 12.58995982460861 -7.531524872048459 0.444309245564459 -726676.7068291781 9.506643089208821e-07 1.0995491178051244 1.0994228855335508 1.099549117804838 182.92294138294963 135.00461272036253 400.0 -5.6404962510883754e-14 3.048874920307656e-12 2.863241232831471e-13 1.6600631474047585 -1755.7258516819957 1.4854644395298612e-08 1.7215009738428653e-14 1.1363249841206765e-15 1.6078684754332485e-14 5.933027171051627e-11 1.13632498409617e-15 1.6078684754332485e-14 1.1363250178930665e-15 1.6078672975018194e-14
13.64 12.590061564308574 -7.531538587540439 0.7062803838408862 -726673.3683289994 1.234725636709082e-06 1.557984560146881 1.5577249855431148 1.5579845601466022 182.9302941761699 146.00959880697013 400.0 -5.640879247737832e-14 3.027425421419884e-12 2.7889707880380644e-13 1.6556281327578588 -1792.0983866832087 1.485692365575932e-08 1.6765892090126527e-14 1.1490631710499025e-15 1.561682891909354e-14 6.016861702006919e-11 1.1490631710329893e-15 1.561682891909354e-14 1.1490631941092863e-15 1.5616817044816456e-14
16.34 12.59019951082897 -7.531562443733395 1.0291119016636743 -726668.4880776623 1.454414985581765e-06 2.021486996379874 2.0210554641222727 2.021486996379599 182.96099262712374 159.58337539946598 400.0 -5.642004414199729e-14 3.0396951516672997e-12 2.7524906308151194e-13 1.65065027953978 -1824.1302771400815 1.4853693839200594e-08 1.6550189624491127e-14 1.1536338193094833e-15 1.5396555805193183e-14 6.153697862665499e-11 1.153633819297947e-15 1.5396555805193183e-14 1.153633835333048e-15 1.5396543813334697e-14
19.27 12.590368742862367 -7.531597959410812 1.3986591746414558 -726661.7783457711 1.5859095075999907e-06 2.4605581255527107 2.459952876663431 2.460558125552437 183.00527974482637 175.25934941054516 400.0 -5.784268551916632e-14 3.0712470541218953e-12 2.7368224189008523e-13 1.6451598583180547 -1852.6736218792123 1.483701462549025e-08 1.6474478913798777e-14 1.1701923288782494e-15 1.530428658492912e-14 6.318904092219703e-11 1.170192328869659e-15 1.530428658492912e-14 1.1701923405875655e-15 1.5304274453840014e-14
22.45 12.590562362416795 -7.531649354967624 1.8057638447310453 -726653.1500271207 1.6221137236080136e-06 2.8701296656211315 2.8693916665583914 2.8701296656208517 183.07891395529313 192.78327904997573 400.0 -5.642901226255754e-14 3.190097446848095e-12 2.800770578410608e-13 1.6391656629907652 -1876.4325321204005 1.480081609593295e-08 1.6900652259625782e-14 1.2002873068831667e-15 1.570036495274887e-14 6.652139076668822e-11 1.2002873068769138e-15 1.5700364952748872e-14 1.2002873158166617e-15 1.570035266540274e-14
25.87 12.590769554837454 -7.531720030148454 2.2398331890511014 -726642.5640591293 1.5737120495631294e-06 3.2535442570223223 3.252743321112497 3.253544257022043 183.19141178102322 211.71509060827842 400.0 -5.786748641803402e-14 3.2332675019729003e-12 2.793701324311195e-13 1.6325843078422035 -1900.5703373856677 1.4743100231526231e-08 1.6923989545665416e-14 1.2436556791564852e-15 1.5680333866513756e-14 6.830842483569376e-11 1.2436556791516562e-15 1.5680333866513756e-14 1.2436556862598432e-15 1.5680321412782817e-14
29.53 12.590979790111742 -7.531811740182263 2.6945599324569476 -726629.7868619954 1.4598427404480936e-06 3.6226134112464674 3.6218260624846854 3.6226134112461894 183.33214264193808 231.63901091336268 400.0 -5.790903368900379e-14 3.2685593247202695e-12 2.776312649218848e-13 1.6254738114673388 -1922.5780220830568 1.4662580900506053e-08 1.6911009880429855e-14 1.210348554426724e-15 1.570066132600681e-14 6.99216345250601e-11 1.2103485544230535e-15 1.570066132600681e-14 1.2103485595427584e-15 1.5700648704446972e-14
33.43 12.591183343235596 -7.531927587893802 3.1664524316650655 -726614.6803169334 1.2988087809879069e-06 3.9911250220139545 3.9904188096678537 3.9911250220136796 183.50526835048598 252.13235664836398 400.0 -5.937013311991111e-14 3.288032219076743e-12 2.746244677135179e-13 1.617799025894533 -1943.8852152589707 1.4570172517541423e-08 1.6833953645279673e-14 1.2334375369790688e-15 1.5600516108303562e-14 7.114083137762008e-11 1.2334375369761153e-15 1.5600516108303562e-14 1.2334375410741026e-15 1.560050332484227e-14
37.58 12.591371999053917 -7.532072036480753 3.6553680673537468 -726597.1032596391 1.1061684491036024e-06 4.372646859875821 4.372070311581613 4.372646859875544 183.7257017885414 272.8461596377527 400.0 -5.796281672797678e-14 3.3703480775877822e-12 2.7719787480962553e-13 1.609624925868211 -1962.2180438514833 1.4475747135629154e-08 1.710253551680013e-14 1.2822243700389961e-15 1.5820311146763482e-14 7.362537875762147e-11 1.2822243700366536e-15 1.5820311146763482e-14 1.2822243734950904e-15 1.5820298213855205e-14
41.96 12.591537869082277 -7.532246276923774 4.159123392681345 -726576.7668210671 8.999766402568597e-07 4.775292335593543 4.77486561826724 4.775292335593275 183.97979718460587 293.3374746298192 400.0 -5.943056592614124e-14 3.308330111041389e-12 2.675992291567235e-13 1.6007815738785254 -1983.1598332761437 1.4378719718958696e-08 1.662173035485097e-14 1.289559283672468e-15 1.5332171071180393e-14 7.305132995581024e-11 1.2895592836705823e-15 1.5332171071180393e-14 1.2895592864612567e-15 1.5332158006917432e-14
46.59 12.591676908037964 -7.5324555179173895 4.6810473975117795 -726553.3823271359 6.922239713310847e-07 5.207676193268866 5.20739542505646 5.207676193268595 184.282872836332 313.4275707434324 400.0 -5.79723210031731e-14 3.398275655226162e-12 2.710835948397097e-13 1.5915618730683225 -1998.6486766293376 1.4290656916997252e-08 1.6941920363916697e-14 1.297616946634598e-15 1.564430341728362e-14 7.566301007599478e-11 1.2976169466330732e-15 1.564430341728362e-14 1.297616948926899e-15 1.5644290243348097e-14
51.46 12.591785426351933 -7.532702163812752 5.221377823396211 -726526.5779337242 4.909148286331264e-07 5.6726895755313205 5.672533311616606 5.672689575531053 184.62728813419926 332.86776195877155 400.0 -5.801602009983393e-14 3.4007391188289804e-12 2.6774540785944116e-13 1.581684155085807 -2015.8164211828687 1.4218598286641452e-08 1.681809647148175e-14 1.3123886275188075e-15 1.5505707843964207e-14 7.637852118937616e-11 1.3123886275175477e-15 1.5505707843964207e-14 1.3123886294360978e-15 1.5505694584410386e-14
56.57 12.591861627240927 -7.532990100255364 5.7815560143813585 -726495.9890560773 3.027526002038254e-07 6.171703383921038 6.171637912100252 6.171703383920772 185.01592964548215 351.5199813926246 400.0 -5.944543489361584e-14 3.430316546008173e-12 2.6702290291308663e-13 1.5713021671272698 -2031.3236973842525 1.4161015645897672e-08 1.6840915749115272e-14 1.324300417456456e-15 1.551661533165982e-14 7.76507290133989e-11 1.3243004174554512e-15 1.5516615331659825e-14 1.3243004190781748e-15 1.5516602012030564e-14
61.92 12.591905133766584 -7.5333231930866535 6.362861931601439 -726461.20184146 1.322878670516322e-07 6.704226518609432 6.704212804119055 6.704226518609161 185.44872133985723 369.2942081271884 400.0 -5.806108967144437e-14 3.5170463800821946e-12 2.711612876657859e-13 1.560484289407462 -2044.3105480802196 1.4116936982425227e-08 1.7155319247952396e-14 1.3115302423283121e-15 1.584378900562493e-14 8.016649422413049e-11 1.3115302423274564e-15 1.584378900562493e-14 1.3115302436702288e-15 1.584377565169921e-14
67.52 12.591916734490159 -7.533706588758929 6.967378770644935 -726421.7448964436 -1.7903681454399626e-08 7.269384770219476 7.269384495586748 7.269384770219211 185.93019193158148 386.16433421573856 400.0 -6.094404701084445e-14 3.4778651024746562e-12 2.6580649775644854e-13 1.5488664735575617 -2060.3502778237025 1.4095108764397205e-08 1.6842585265666586e-14 1.3234326015392331e-15 1.551915266412804e-14 7.989163766591445e-11 1.3234326015385464e-15 1.551915266412804e-14 1.3234326026889328e-15 1.5519139300873143e-14
73.35 12.591898198223458 -7.534142266674985 7.593625612749833 -726377.2264007704 -1.4586435524797033e-07 7.862192973371925 7.862173115208483 7.86219297337165 186.44725491691767 402.04155855736997 400.0 -5.946547212462243e-14 3.60425665879577e-12 2.737896771332993e-13 1.5370277142963984 -2071.1998581148086 1.4083131707504882e-08 1.73631861596742e-14 1.333634647922309e-15 1.6029551511752457e-14 8.326133368725538e-11 1.3336346479217435e-15 1.6029551511752457e-14 1.333634648921638e-15 1.602953816294271e-14
79.43 12.59185208995921 -7.534637396455179 8.244076310056963 -726327.1646194422 -2.5095050118289715e-07 8.48085699108304 8.480793147237137 8.48085699108278 187.01451615899478 416.9723652298651 400.0 -6.097778268529092e-14 3.4688167250177354e-12 2.614532576631912e-13 1.5240862676014382 -2088.5119598291917 1.4080072013856542e-08 1.6584438577712003e-14 1.31559125965613e-15 1.5268847318056357e-14 8.079220524636405e-11 1.3155912596556529e-15 1.5268847318056357e-14 1.3155912604930192e-15 1.526883400520778e-14
85.75 12.59178182068853 -7.535194989303141 8.917621124531507 -726271.1051204449 -3.337969697265824e-07 9.119855139516114 9.119732802691606 9.119855139515845 187.61937862974386 430.9368135884442 400.0 -5.958785070263801e-14 3.5784863564969665e-12 2.685874997319772e-13 1.5110900485877432 -2098.746147843726 1.4089644107805576e-08 1.7025401636183427e-14 1.3234791448001264e-15 1.5701922491383704e-14 8.378260348999821e-11 1.323479144799725e-15 1.5701922491383704e-14 1.3234791455321414e-15 1.5701909233614306e-14
92.31 12.591691116871333 -7.535821185573022 9.613877593527324 -726208.7528462866 -3.935956127105002e-07 9.77418200434223 9.77399825675093 9.774182004341972 188.27598687315066 443.95731309608885 400.0 -6.102349588420388e-14 3.461623079781077e-12 2.582920652643524e-13 1.4969890740279326 -2114.6287145367637 1.410294665459709e-08 1.6357344278422257e-14 1.3108468209240298e-15 1.5046497457498565e-14 8.164672561195551e-11 1.3108468209236916e-15 1.5046497457498565e-14 1.3108468215499235e-15 1.5046484270821056e-14
99.11 12.591584653725105 -7.536519581217382 10.332134629845807 -726139.5769594784 -4.3246028797101737e-07 10.43853278829686 10.438293747836406 10.4385327882966 188.967741626767 456.06730628431677 400.0 -5.958278467304215e-14 3.490316054285014e-12 2.5942424319962833e-13 1.4826554293125254 -2126.0967001373865 1.4122027659875511e-08 1.640684569150983e-14 1.3029017098888134e-15 1.5103943981621308e-14 8.278651999268133e-11 1.3029017098885332e-15 1.5103943981621305e-14 1.3029017104300302e-15 1.5103930878548937e-14
106.16 12.591466256637023 -7.537296856951627 11.072432538093937 -726063.1410917658 -4.5314676394207054e-07 11.108449012850006 11.108166800326691 11.108449012849743 189.70024352560782 467.32358804273474 400.0 -6.245966579705318e-14 3.5570406357178785e-12 2.635460665056983e-13 1.467827911259012 -2136.175651421873 1.4143606547247894e-08 1.6642093781596775e-14 1.2920206775313915e-15 1.5350073104065623e-14 8.479357271378566e-11 1.2920206775311568e-15 1.5350073104065623e-14 1.292020677999576e-15 1.5350060094083588e-14
113.44 12.591340947563364 -7.538156376972421 11.831407368082003 -725979.3667528448 -4.5556333522428274e-07 11.776744484894161 11.776438452086019 11.776744484893893 190.47537892796586 477.74159033531265 400.0 -6.248664812913606e-14 3.6223140552713014e-12 2.675387667916447e-13 1.4524629886114415 -2145.7657942559185 1.4164547692007924e-08 1.686924332802744e-14 1.2622416366975412e-15 1.56070016913301e-14 8.677600156347971e-11 1.2622416366973367e-15 1.56070016913301e-14 1.262241637095806e-15 1.56069887799813e-14
120.97 12.591212859778347 -7.539105528476549 12.609669509158214 -725887.709082265 -4.42682616189771e-07 12.440268879731462 12.439959407481965 12.440268879731192 191.29257689171828 487.40053585559133 400.0 -6.250661155822013e-14 3.653289525267231e-12 2.691087217374614e-13 1.4363572785463983 -2156.234034665458 1.4191260593566043e-08 1.6936294275268267e-14 1.2697622665494241e-15 1.5666532008719015e-14 8.794678629276155e-11 1.2697622665492498e-15 1.5666532008719015e-14 1.269762266906229e-15 1.566651919829389e-14
128.74 12.591086494328424 -7.540148363881094 13.404536897358177 -725788.0190429762 -4.1662881512153476e-07 13.093546681237124 13.093253653504183 13.093546681236852 192.14982533806617 496.3368992000696 400.0 -6.099186699578526e-14 3.715550970745972e-12 2.7302332759806074e-13 1.4197859274610907 -2165.3649597190442 1.4216476640666584e-08 1.715218185299448e-14 1.2530899926966765e-15 1.589909186029795e-14 8.985085699254863e-11 1.2530899926965301e-15 1.589909186029795e-14 1.253089993009477e-15 1.589907914955641e-14
136.75 12.590965805620769 -7.541289808128004 14.214264659748247 -725680.0510581811 -3.7959458119992616e-07 13.732590871602627 13.732331289599951 13.732590871602357 193.04332046631566 504.60148044714765 400.0 -6.101224532897732e-14 3.6914547405268355e-12 2.704517840882938e-13 1.402341942528735 -2176.299505912907 1.4245047225899705e-08 1.6956552159977622e-14 1.2140646708093725e-15 1.5742487489168382e-14 8.974365562386722e-11 1.2140646708092413e-15 1.5742487489168382e-14 1.2140646710747504e-15 1.5742474873718538e-14
145.01 12.59085436872463 -7.542537067344517 15.03803566058264 -725563.5284190055 -3.338088439388486e-07 14.354755329390175 14.354541436087864 14.354755329389903 193.9791013951666 512.2519368547279 400.0 -6.248657921233044e-14 3.717357923515911e-12 2.7191235020672936e-13 1.3844015264488287 -2185.938141507018 1.4282267898727167e-08 1.7003696764516526e-14 1.213896209153024e-15 1.5789800555363618e-14 9.078268926668882e-11 1.2138962091529154e-15 1.5789800555363618e-14 1.213896209388097e-15 1.5789788027994312e-14
153.5 12.590755636870195 -7.543891880160061 15.872027426770142 -725438.5573246054 -2.809713876779173e-07 14.955781904140784 14.955620690533763 14.955781904140512 194.95030343187574 519.3160915717324 400.0 -6.24701343227667e-14 3.736568501223497e-12 2.729335596689908e-13 1.3658693808798565 -2195.3168527900516 1.4322020787174175e-08 1.7020183283549857e-14 1.1980259782923496e-15 1.5822157305257596e-14 9.16617037018204e-11 1.1980259782922538e-15 1.5822157305257596e-14 1.1980259784993467e-15 1.5822144855994617e-14
162.24 12.59067244622646 -7.545362983092343 16.716391943754942 -725304.7859606638 -2.227364705166316e-07 15.53494724537864 15.534839608699846 15.53494724537837 195.96447422499838 525.8540940865631 400.0 -6.249236667092008e-14 3.696218760126847e-12 2.697443620351233e-13 1.3464094149620804 -2206.248467960471 1.4372044658018487e-08 1.6762755520808695e-14 1.2244634986415221e-15 1.553829202216727e-14 9.11027685460505e-11 1.2244634986414312e-15 1.553829202216727e-14 1.224463498833007e-15 1.5538279638756954e-14
171.22 12.59060726149959 -7.546953086616722 17.568373365878564 -725162.2181685677 -1.6140778331699913e-07 16.08995535397778 16.08989538364727 16.089955353977505 197.01210630979122 531.8976497270147 400.0 -6.248461755581593e-14 3.754489370443799e-12 2.7401201727532106e-13 1.3268134113207926 -2213.935868978137 1.4425947020816779e-08 1.6964336167053735e-14 1.1937180045798337e-15 1.577061816247397e-14 9.290315242644394e-11 1.1937180045797655e-15 1.5770618162473963e-14 1.1937180047471732e-15 1.5770605830704142e-14
180.43 12.59056216158054 -7.548666202083086 18.42535601979773 -725011.0785843534 -9.788446521325959e-08 16.619205527538337 16.619182157057836 16.619205527538067 198.10380370747836 537.4784503766701 400.0 -6.535843262669775e-14 3.700822952939736e-12 2.7018002623023187e-13 1.3060645097229122 -2224.5762933012456 1.4493599084868405e-08 1.6649016681258196e-14 1.2017078713060552e-15 1.5447308809952204e-14 9.20073744745274e-11 1.2017078713059872e-15 1.5447308809952198e-14 1.2017078714573954e-15 1.5447296513913667e-14
189.9 12.590538715007977 -7.550511253698067 19.288497700873393 -724850.7002754598 -3.3525440820172744e-08 17.123768668515517 17.12376576679185 17.123768668515243 199.2252446612778 542.6483138402782 400.0 -6.396689294434873e-14 3.722841861351475e-12 2.7219231794325687e-13 1.285025252639764 -2232.827363470272 1.4569525339262862e-08 1.6685608666533928e-14 1.1885382474198804e-15 1.5497070419114104e-14 9.292557864186865e-11 1.1885382474198199e-15 1.5497070419114104e-14 1.1885382475544108e-15 1.549705814165552e-14
199.6 12.590538243872988 -7.55248882700152 20.153530810715672 -724681.748056012 3.071256461980084e-08 17.60178591720561 17.601783342604612 17.60178591720533 200.3916038475857 547.4219020382016 400.0 -6.397861127496558e-14 3.825253934621088e-12 2.804564388343589e-13 1.2637777884302805 -2238.8924315746067 1.4652588337530134e-08 1.7094746290960853e-14 1.1845087979621157e-15 1.591023749299879e-14 9.577846717481142e-11 1.1845087979620652e-15 1.591023749299879e-14 1.1845087980836532e-15 1.5910225215908058e-14
209.54 12.590561725269897 -7.554604352214159 21.01998088438302 -724503.983164067 9.365764991532752e-08 18.053940599254 18.053915314038477 18.053940599253718 201.59264803764515 551.8344396405053 400.0 -6.401587549235258e-14 3.7976866814801126e-12 2.7918419056178513e-13 1.2412565070308983 -2248.036673407674 1.4749510744573025e-08 1.6905374654448054e-14 1.1874819792864583e-15 1.5717892675161647e-14 9.548879924739728e-11 1.1874819792864029e-15 1.5717892675161644e-14 1.1874819793965405e-15 1.5717880379434994e-14
219.73 12.590609680560464 -7.556864524608011 21.887406214516304 -724317.2636751342 1.5529842373177862e-07 18.481033160984175 18.480959811741375 18.48103316098389 202.8299162567033 555.9169905087416 400.0 -6.543097761602669e-14 3.881029953784617e-12 2.8635441904032996e-13 1.2186765053824995 -2254.182985508894 1.4847003579310554e-08 1.722569166345331e-14 1.1866896021429206e-15 1.6039002061310434e-14 9.789033155886594e-11 1.1866896021428726e-15 1.603900206131043e-14 1.1866896022422439e-15 1.6038989727560048e-14
230.16 12.590682709395814 -7.559271719096347 22.75375441973646 -724121.8382850878 2.1432293625168738e-07 18.88320824736325 18.883060995100774 18.883208247362965 204.10429083126917 559.6902420978028 400.0 -6.547335586807926e-14 3.85830494043422e-12 2.8580478316300737e-13 1.1948994145149272 -2262.7402375497113 1.4960816564115583e-08 1.7061836958228382e-14 1.1944012349021505e-15 1.5867435723326274e-14 9.77039977879388e-11 1.1944012349021103e-15 1.5867435723326274e-14 1.194401234993391e-15 1.5867423331697396e-14
240.83 12.590780458476939 -7.561830490737719 23.61796780246108 -723917.8111481047 2.704888226707596e-07 19.261249784940254 19.261002783846028 19.261249784939967 205.42040503551613 563.1776937614165 400.0 -6.551860208339744e-14 3.818573421172284e-12 2.840270522753262e-13 1.1703357147696642 -2271.661188083816 1.507847274965385e-08 1.6823406699068863e-14 1.2157769321340419e-15 1.5607629766934857e-14 9.708650845883021e-11 1.2157769321340091e-15 1.560762976693485e-14 1.2157769322180197e-15 1.560761729789485e-14
251.74 12.59090320916534 -7.564544394965958 24.479095896115776 -723705.2106838868 3.243091935644835e-07 19.616066813574903 19.615693206758653 19.616066813574616 206.77296031435688 566.4011190400378 400.0 -6.696945579958645e-14 3.8524355861779545e-12 2.877420567121944e-13 1.1456003537199857 -2278.4238929708176 1.5188618813976526e-08 1.6919855647327176e-14 1.2225748520301197e-15 1.569728079529709e-14 9.827384730360998e-11 1.222574852030087e-15 1.5697280795297088e-14 1.222574852106585e-15 1.5697268229143073e-14
262.89 12.59105047778528 -7.567416851753899 25.33629234146976 -723484.0703383108 3.743169888695522e-07 19.948651014041374 19.94812777704515 19.94865101404108 208.15647433481433 569.3807145965516 400.0 -6.70509465554668e-14 3.880160561066445e-12 2.910306130534462e-13 1.120202992579121 -2285.1375133448655 1.5299248942453022e-08 1.6989482703138133e-14 1.2387123664989453e-15 1.5750770336639215e-14 9.930640020583398e-11 1.2387123664989124e-15 1.5750770336639215e-14 1.2387123665695237e-15 1.5750757654105835e-14
274.29 12.591221921310519 -7.570455032382961 26.18954660601667 -723254.337360431 4.2129126837963564e-07 20.26031684832386 20.259620564828392 20.260316848323573 209.5800404897397 572.1375082337878 400.0 -6.706388633081238e-14 3.8318437944682476e-12 2.884976551581414e-13 1.0936465340399997 -2293.517459915933 1.5413472755172435e-08 1.6716809038065158e-14 1.2515722999042259e-15 1.5465236738160965e-14 9.845484610783407e-11 1.2515722999041957e-15 1.5465236738160968e-14 1.2515722999686248e-15 1.5465223920321664e-14
285.93 12.591416910785698 -7.5736601269711175 27.037422560185423 -723016.3024821759 4.6486297292125794e-07 20.551840267126128 20.550950351390146 20.551840267125833 211.04313791809997 574.6861249835846 400.0 -6.715292149376959e-14 3.851299914728233e-12 2.90926639403706e-13 1.0668899855292926 -2300.0554534676553 1.5511127018616543e-08 1.675142390625275e-14 1.2746288427133429e-15 1.5476795063539436e-14 9.927221320310739e-11 1.27462884271331e-15 1.5476795063539436e-14 1.2746288427729808e-15 1.5476782092050213e-14
297.81 12.591634723259702 -7.577035283581336 27.879348059342345 -722770.0171757509 5.053355615064801e-07 20.824320872925373 20.8232177656672 20.824320872925075 212.5412420444661 577.042715873413 400.0 -6.861787421504851e-14 3.9158221046475076e-12 2.9637468362154853e-13 1.0398698947847218 -2305.156177580017 1.5582343197528418e-08 1.698712688904723e-14 1.2841688697181608e-15 1.57029580193291e-14 1.012183074886592e-10 1.2841688697181332e-15 1.570295801932909e-14 1.2841688697726112e-15 1.5702944876502903e-14
309.93 12.59187475254714 -7.580583377271182 28.714828754212622 -722515.5179435681 5.422977832486001e-07 21.078849011576487 21.077517408983717 21.078849011576185 214.0679008724202 579.2222293587732 400.0 -6.871507925964282e-14 3.9529705605302214e-12 2.9953103821486917e-13 1.0119717036293072 -2310.9449651717573 1.5642457360189755e-08 1.7102060751751073e-14 1.3217838925452529e-15 1.5780276859205835e-14 1.0247278954833896e-10 1.3217838925452377e-15 1.578027685920584e-14 1.3217838925961085e-15 1.578026352792567e-14
322.29 12.592135868195365 -7.58430941352957 29.54344222007803 -722253.0566721341 5.756611245465468e-07 21.316496481717042 21.31492464424439 21.316496481716747 215.64241722344207 581.2384946048285 400.0 -6.869696421002849e-14 3.890227796224931e-12 2.973511420309465e-13 0.9827293337013746 -2318.722767537886 1.5835052470008976e-08 1.6771105730977842e-14 1.3334096173959457e-15 1.543769611358193e-14 1.0122840130007253e-10 1.3334096173959204e-15 1.543769611358193e-14 1.3334096174419974e-15 1.5437682577718367e-14
334.89 12.592417322611837 -7.5882152690432125 30.364830442298256 -721982.5923648683 6.063860603401876e-07 21.538311645552533 21.536485811758983 21.538311645552177 217.2491687093297 583.1042936482938 400.0 -7.02343397236085e-14 3.875397281498171e-12 3.549122757807307e-13 0.9531105704855573 -2324.7004079368517 1.9029688981050618e-08 1.6657158705623874e-14 1.387416718431155e-15 1.5269741987192755e-14 1.0116677439408476e-10 1.3874167184311298e-15 1.5269741987192752e-14 1.387416718474281e-15 1.5269728231312015e-14
347.74 12.592718542909097 -7.592307621061423 31.179319215623792 -721704.0259112775 6.339396280981642e-07 21.745452543553682 21.743364711605054 21.74545254355279 218.8931541541254 584.8327047951702 400.0 -7.031661784301422e-14 3.995230109806283e-12 8.892586353466149e-13 0.9239967664146794 -2322.0532673936145 4.635104494175419e-08 1.713484399236235e-14 1.431541911780644e-15 1.5703302080581745e-14 1.045361716644865e-10 1.4315419117806062e-15 1.5703302080581745e-14 1.4315419118200493e-15 1.570328808981013e-14
360.82 12.593037992481815 -7.596583159978513 31.985395203931837 -721417.8788702432 6.585530481227726e-07 21.938564028353476 21.93620818451229 21.938564028348566 220.57203168878064 586.4319376634326 400.0 -7.041279227746852e-14 4.149763889153565e-12 4.914006661459025e-12 0.8942743197482257 -2281.2481521436534 2.4729544254243157e-07 1.774725628723027e-14 1.6233659627296573e-15 1.6123890324500687e-14 1.0891399215266778e-10 1.6233659627295766e-15 1.6123890324500693e-14 1.6233659627658289e-15 1.612387608527025e-14
374.15 12.593375345763729 -7.601051442287508 32.78409324384055 -721123.8043831323 6.806763703570783e-07 22.118866284589917 22.116236131955787 22.118866284559264 222.28916505788376 587.914495331918 400.0 -7.188538071654385e-14 4.641779264735967e-12 3.0650626027169657e-11 0.8649990800877422 -1997.9734001299457 1.3840900399939097e-06 1.9778192458492126e-14 2.7128921125137315e-15 1.706530034597855e-14 1.2230094442265864e-10 2.712892112513575e-15 1.7065300345978553e-14 2.712892112545316e-15 1.706528584508942e-14
387.72 12.593729374224102 -7.605711849041905 33.57463364472125 -720822.0768070961 6.998174632736248e-07 22.287076414612535 22.28417264834187 22.287076414485938 224.04029328022816 589.2883718678306 400.0 -7.337602439507656e-14 7.152128538264847e-12 1.265967382529219e-10 0.8427501785609631 -1209.786353065241 3.6826078684016214e-06 3.0702845865681976e-14 8.229947117085464e-15 2.2472898748596842e-14 1.8686655953050151e-10 8.229947117085127e-15 2.247289874859684e-14 8.22994711712546e-15 2.2472883973937748e-14
401.54 12.594099343560725 -7.6105711537958545 34.3574581005802 -720512.5916711777 7.171889806982798e-07 22.444139464421113 22.440955695979863 22.444139464072805 225.83170631687423 590.5629856519531 400.0 -7.346696690275282e-14 1.5008349615299422e-11 3.483069763421016e-10 0.8315053031745465 -542.7181172856284 4.709105091772395e-06 6.605951539130852e-14 2.5678585839923676e-14 4.0380929551385516e-14 3.81767409357689e-10 2.5678585839922994e-14 4.0380929551385516e-14 2.5678585840131446e-14 4.038091449161425e-14
415.59 12.594484139436906 -7.615624111513602 35.131350238787526 -720195.7838547322 7.315650400947163e-07 22.59059602553171 22.58713971457681 22.590596024709036 227.6502002490353 591.7443416746612 400.0 -7.773352709605674e-14 3.410047950104861e-11 8.226763962507046e-10 0.8263308724217424 -234.06979422122114 4.747856609266667e-06 1.5475441058765455e-13 7.015873504030663e-14 8.459567554734927e-14 8.396242963601436e-10 7.015873504030528e-14 8.459567554734926e-14 7.015873504181232e-14 8.459566019248989e-14
429.89 12.594882682718104 -7.620882072089671 35.89735971823407 -719871.421803654 7.439050480151426e-07 22.72739417827515 22.723666893802964 22.727394176456745 229.51583139462352 592.8413756020092 400.0 -8.629387903929817e-14 7.667276772341748e-11 1.8184080647433719e-09 0.8238613513512 -115.49431337429074 4.5271777300486366e-06 3.5873635995830396e-13 1.7255823243445255e-13 1.8617812752385399e-13 1.8273259069235926e-09 1.7255823243444992e-13 1.8617812752385399e-13 1.7255823244329463e-13 1.8617811186677294e-13
444.42 12.595294287314715 -7.626338521368029 36.65438686615158 -719539.862482689 7.546849013564331e-07 22.855031113477846 22.851032572034875 22.855031109632847 231.4061798687623 593.8591723190282 400.0 -1.0460081865816116e-13 1.6681172889280988e-10 3.8449976711806345e-09 0.8225943793951949 -74.02677194261648 4.272017916839985e-06 8.038492455092511e-13 3.947784830466944e-13 4.090707624625618e-13 3.851914324405102e-09 3.947784830466895e-13 4.090707624625618e-13 3.9477848309091155e-13 4.0907074650528537e-13
459.2 12.59571802488905 -7.6320056843658675 37.40347045587674 -719200.92956443 7.625894453777727e-07 22.974307822142972 22.97005373666013 22.974307814299983 233.34925105918097 594.805257732926 400.0 -1.4123761536018033e-13 3.5059241781781974e-10 7.842987921822995e-09 0.8216815456698411 -54.14495066873975 4.028785709148037e-06 1.738677248230355e-12 8.623099663576768e-13 8.763672818726874e-13 7.849970240236536e-09 8.623099663576676e-13 8.763672818726874e-13 8.623099665576899e-13 8.76367265653081e-13
474.22 12.596152928545973 -7.637880566335298 38.14409834034839 -718854.748820795 7.698342386755441e-07 23.0857529102404 23.081237763168655 23.085752894768603 235.3240169976007 595.6845096037537 400.0 -2.2142500257116e-13 7.12525341090975e-10 1.547179679543616e-08 0.8209639721558212 -44.78812257296606 3.8026577042204076e-06 3.633834228878155e-12 1.8100746882727614e-12 1.82375954060541e-12 1.548097750955114e-08 1.8100746882727457e-12 1.8237595406054093e-12 1.8100746891045992e-12 1.8237595242976175e-12
489.48 12.596598717755475 -7.643965331700315 38.87630354243194 -718501.3606849213 7.759257467675408e-07 23.189917044249928 23.185142068924552 23.18991701466497 237.32809230172145 596.5020693913403 400.0 -3.8198995831303595e-13 1.403016875411067e-09 2.9584956225288906e-08 0.8203532687899773 -40.305147008355895 3.5933370365956802e-06 7.353338696515754e-12 3.669091935282612e-12 3.68424676123317e-12 2.9599377183087343e-08 3.669091935282584e-12 3.68424676123317e-12 3.669091938499487e-12 3.684246745502464e-12
504.99 12.597054688202991 -7.650266370407598 39.60059560245881 -718140.5867819585 7.79374911692384e-07 23.28735776647546 23.282344810708405 23.28735771150746 239.36234149430072 597.2631467304548 400.0 -7.021017765098952e-13 2.682844847104356e-09 5.496799467055154e-08 0.8197786384720421 -36.933504002076795 3.399437886948852e-06 1.4441568877662157e-11 7.213528079053956e-12 7.228040798608248e-12 5.4991333044017314e-08 7.213528079053909e-12 7.2280407986082505e-12 7.2135280907319885e-12 7.228040785792231e-12
520.73 12.597518915518037 -7.656779360833388 40.31610295824987 -717773.0953061214 7.816184128262499e-07 23.378446342327656 23.373201974478057 23.378446242993075 241.44185178704558 597.9711275540334 400.0 -1.3086151814260865e-12 4.986851000871966e-09 9.933458314572264e-08 0.8192424536889309 -34.446422920337234 3.219847688721497e-06 2.755349777105725e-11 1.3769835243941965e-11 1.3783662527115367e-11 9.937298666980025e-08 1.3769835243941887e-11 1.378366252711537e-11 1.3769835283841056e-11 1.3783662524921003e-11
536.72 12.597991867873791 -7.663513557450733 41.02380750929625 -717398.3528303672 7.832654060865887e-07 23.463752228305893 23.458276302612525 23.46375205328236 243.55505079601994 598.6308946016542 400.0 -2.44398115733159e-12 9.032928504430648e-09 1.750235341155075e-07 0.8187359356863465 -32.29777850492351 3.0530809826153198e-06 5.119997132402662e-11 2.5593344812409477e-11 2.560662651161727e-11 1.7508613008678494e-07 2.5593344812409342e-11 2.5606626511617264e-11 2.559334494144764e-11 2.5606626544155334e-11
552.95 12.59847233532049 -7.670467296662764 41.72333181048391 -717016.6683094983 7.830219057015455e-07 23.54361047769159 23.537922514873205 23.543610176667674 245.70373817728625 599.245661331767 400.0 -4.493250733685408e-12 1.5962613690461006e-08 3.0102391978522983e-07 0.8182575907423143 -30.271418269954548 2.8981148330129378e-06 9.276774711095704e-11 4.6376687181941774e-11 4.639105992901545e-11 3.0112365024177173e-07 4.637668718194157e-11 4.6391059929015436e-11 4.637668757806131e-11 4.639106006794008e-11
569.42 12.598959534697165 -7.6776433527862995 42.41476688598969 -716628.1522322762 7.824205251409638e-07 23.61842575737493 23.612524970050277 23.618425251278172 247.89552262569126 599.8188086608851 400.0 -8.12594649509754e-12 2.756003173089226e-08 5.060967590267035e-07 0.8178057687950947 -28.204417051092193 2.753915268906183e-06 1.6413249639873742e-10 8.205913091498573e-11 8.207336548375205e-11 5.062504363390615e-07 8.205913091498542e-11 8.207336548375204e-11 8.205913207292758e-11 8.207336593221294e-11
586.14 12.599453593948951 -7.685046346490116 43.09861341579062 -716232.42783116 7.805426310406361e-07 23.68857906519297 23.68247990462377 23.68857823210267 250.10958055084373 600.3537325866116 400.0 -1.4418987633241427e-11 4.656601435228703e-08 8.330903007165016e-07 0.8173826518105841 -26.094075738108074 2.619470787294902e-06 2.8404693771175666e-10 1.420166594246534e-10 1.4203027828710376e-10 8.333191017070642e-07 1.4201665942465292e-10 1.4203027828710376e-10 1.4201666265889572e-10 1.420302795970051e-10
603.09 12.599952572640957 -7.692671707534055 43.77415733378324 -715830.2280451196 7.771657401087367e-07 23.754311141005367 23.748033328455918 23.754309797476576 252.36934450472194 600.8526695268687 400.0 -2.5076881089764356e-11 7.704381875345078e-08 1.3435287903434818e-06 0.8169907038212642 -23.937885669731635 2.494097019676883e-06 4.811109336786475e-10 2.40548658901169e-10 2.4056227477747916e-10 1.343857123220393e-06 2.405486589011683e-10 2.4056227477747916e-10 2.4054866754449345e-10 2.4056227838341675e-10
620.29 12.600456829136931 -7.700529507957663 44.44230340719718 -715421.030694705 7.739701955076925e-07 23.816030675697743 23.80956825302384 23.816028549353884 254.66684232255938 601.318824889564 400.0 -4.278035578956589e-11 1.2503834943983671e-07 2.1263438575240136e-06 0.8166312446627103 -21.73023155714923 2.3768815757591883e-06 7.989830121703194e-10 3.994846203741534e-10 3.994983917961672e-10 2.1267971202060296e-06 3.9948462037415236e-10 3.9949839179616705e-10 3.99484642554489e-10 3.9949840129378345e-10
637.72 12.600965558319938 -7.708611885012624 45.102385380814134 -715005.2847045696 7.699990914663481e-07 23.87393199573531 23.867295684666587 23.873928691483016 256.99166351086575 601.7540598099357 400.0 -7.160217282547463e-11 1.9916050741422085e-07 3.304252294421773e-06 0.8163065569484079 -19.481290171979946 2.2672701814601735e-06 1.3016119187154147e-09 6.50799029114393e-10 6.508128896010233e-10 3.3048524835493763e-06 6.507990291143915e-10 6.508128896010233e-10 6.507990838329582e-10 6.508129136505924e-10
655.4 12.601478480335482 -7.716930607503491 45.75527523074848 -714582.6052257351 7.646344892426874e-07 23.928331295666293 23.92154362661135 23.928326246652734 259.35315885945374 602.1611071630622 400.0 -1.1773310202957867e-10 3.1180243155085793e-07 5.049013559638682e-06 0.8160179730453253 -17.199727637148516 2.1645115536465263e-06 2.0833307377917645e-09 1.0416584058058267e-09 1.04167233198594e-09 5.049773561750919e-06 1.0416584058058246e-09 1.04167233198594e-09 1.0416585359855171e-09 1.0416723907883013e-09
673.32 12.601994457923482 -7.7254837816047255 46.40070624284707 -714153.3449283717 7.58649526929041e-07 23.97944864272166 23.972520140526825 23.97944105150478 261.7596886024592 602.5417655196418 400.0 -1.9028767034236632e-10 4.80123000915691e-07 7.591216882046281e-06 0.8157671878571682 -14.898728119800198 2.0681049902952137e-06 3.2783129534838334e-09 1.6391498875270439e-09 1.6391630659567922e-09 7.592132612112159e-06 1.6391498875270406e-09 1.6391630659567926e-09 1.6391501866279245e-09 1.6391632050328087e-09
691.49 12.602513902239501 -7.734276724068832 47.03914271487639 -713717.1616338571 7.541679911949789e-07 24.027572639676944 24.02047523488709 24.027561397710002 264.1963920993222 602.8980906976298 400.0 -3.0262053321370113e-10 7.279320595473142e-07 1.1241966941741558e-05 0.8155555161317435 -12.590488976877193 1.9774907382050012e-06 5.077377318178572e-09 2.538681313562364e-09 2.5386960046162116e-09 1.1243009762552155e-05 2.5386813135623596e-09 2.5386960046162124e-09 2.538681978750795e-09 2.5386963235509243e-09
709.89 12.603036414084729 -7.743300854023755 47.67000021370898 -713274.4981538518 7.464464390755543e-07 24.072768720196247 24.065564243008343 24.072752316205076 266.65240686563067 603.2314095658754 400.0 -4.736962826270478e-10 1.0870305464608172e-06 1.6403991170365498e-05 0.8153842842860983 -10.288095589938381 1.892305303649229e-06 7.742298532239899e-09 3.871141927848019e-09 3.8711566043918855e-09 1.6405101652582083e-05 3.871141927848012e-09 3.871156604391886e-09 3.871143361013678e-09 3.871157314090748e-09
728.54 12.603559512021057 -7.7525717079706284 48.294086989454016 -712825.2818923648 7.388555594062859e-07 24.115341918204155 24.108028919775872 24.11531830655523 269.1760151326778 603.5437714663549 400.0 -7.307034241468704e-10 1.6007272527875197e-06 2.361164892447495e-05 0.8152540171943521 -8.001245212205156 1.8120355624402257e-06 1.1637808142475569e-08 5.818896774238728e-09 5.818911368236847e-09 2.3612738178188243e-05 5.81889677423872e-09 5.818911368236847e-09 5.818899773033039e-09 5.818912904302047e-09
747.43 12.60408559276942 -7.762081411044801 48.91117272959707 -712369.3250538531 7.332320449562449e-07 24.155481845030245 24.148023105366025 24.155448304048377 271.71104586158043 603.8363717043139 400.0 -1.11127445902619e-09 2.325532993707176e-06 3.354098186907462e-05 0.8151657299544145 -5.741498729714007 1.7363502905139346e-06 1.725241993657537e-08 8.626201727147873e-09 8.62621820942751e-09 3.3541945418422324e-05 8.626201727147861e-09 8.626218209427509e-09 8.626207827795092e-09 8.626221446303495e-09
766.56 12.604612470322563 -7.77183453036273 49.52137898329484 -711906.9275702978 7.230088965703021e-07 24.193221397790456 24.185712658216804 24.19317434638883 274.2904558209361 604.1106337273712 400.0 -1.66737545718429e-09 3.3353310735696513e-06 4.705140162681331e-05 0.8151197296445782 -3.518272688994771 1.6649047310700713e-06 2.5240315003841153e-08 1.2620147919663086e-08 1.2620167084178077e-08 4.7052156327928456e-05 1.262014791966307e-08 1.2620167084178082e-08 1.2620160003805866e-08 1.2620173733697878e-08
785.93 12.605138879141618 -7.781833858301025 50.124825721136546 -711438.2200418225 7.159517440617114e-07 24.22887341334359 24.22125160743804 24.228808194397253 276.92710704169343 604.3678484009126 400.0 -2.4697074159111356e-09 4.725309408108023e-06 6.521894633591771e-05 0.8151161975364626 -1.3400236215845567 1.597386766253249e-06 3.646492199264578e-08 1.823244935893932e-08 1.823247263370648e-08 6.521950311974164e-05 1.82324493589393e-08 1.823247263370648e-08 1.823247269681581e-08 1.823248596678711e-08
805.54 12.605667727428473 -7.792076651702473 50.72162771848208 -710962.8036516648 7.086524720526292e-07 24.26251021803615 24.25478335165687 24.26242084201662 279.5699001174427 604.6090775194683 400.0 -3.613387586693006e-09 6.616737020967536e-06 8.937601953076126e-05 0.8151554788509993 0.7862754781338908 1.5335142230400617e-06 5.205288360937001e-08 2.6026426068771787e-08 2.6026457540598242e-08 8.937660890711933e-05 2.6026426068771767e-08 2.6026457540598242e-08 2.602647007056948e-08 2.602648366464492e-08
825.39 12.606195582288436 -7.802568170538962 51.31190529701333 -710481.0478102906 6.984349872120615e-07 24.29420574625059 24.286440785627207 24.294084591595094 282.26083949721465 604.8354981997036 400.0 -5.224919112625319e-09 9.162441738266562e-06 0.00012115465549272645 0.8152372134709632 2.854273215405485 1.4730295591491226e-06 7.34581924996245e-08 3.6729074164307955e-08 3.6729118335316596e-08 0.00012115592665931294 3.672907416430792e-08 3.672911833531658e-08 3.672915525562645e-08 3.672916840574238e-08
845.49 12.606723510640872 -7.813314745633988 51.89606046544673 -709992.6680276581 6.906184296486923e-07 24.324214966451706 24.316362325904173 24.324052409290154 284.9937105141889 605.0481735123923 400.0 -7.472093191350646e-09 1.255500134769808e-05 0.00016255716155321042 0.8153613154609034 4.860005199387874 1.415671909369861e-06 1.0255458595525836e-07 5.127726028844131e-08 5.127732566681706e-08 0.00016256048253536663 5.127726028844126e-08 5.127732566681707e-08 5.127740657215828e-08 5.127741966484113e-08
865.83 12.607251793531983 -7.824310839501459 52.473906617516725 -709497.7473927698 6.827753241540783e-07 24.35258348134765 24.34464731790291 24.35236753198773 287.7454739929193 605.2478822481819 400.0 -1.0571411775545374e-08 1.702915722887224e-05 0.00021594935991884107 0.8155274380689055 6.79850472861635 1.3612598981929255e-06 1.416845395959532e-07 7.084222051873193e-08 7.084231907722132e-08 0.00021595724560522406 7.084222051873188e-08 7.084231907722132e-08 7.084247902437874e-08 7.084249202469439e-08
886.41 12.607779689660072 -7.835559238488168 53.04555778073232 -708996.4225990461 6.730777691342479e-07 24.379376240609048 24.371403846764796 24.37909207801484 290.53039992200365 605.4354953834442 400.0 -1.480308721629004e-08 2.2873562524132624e-05 0.0002841625942077464 0.8157350301607927 8.666714574309724 1.3095992124832304e-06 1.9379389721326182e-07 9.689687405632808e-08 9.689702315693379e-08 0.00028417929900875674 9.6896874056328e-08 9.689702315693383e-08 9.689732201993104e-08 9.689733529737503e-08
907.23 12.608305695757734 -7.8470628794374075 53.61112714497053 -708488.8452093102 6.633907815472221e-07 24.404737090443803 24.39673295950859 24.40436655504535 293.3646461510619 605.6118465789166 400.0 -2.05252893623808e-08 3.0438341926828694e-05 0.0003705353984501886 0.8159833589940496 10.462423895795673 1.2605122871193828e-06 2.6253923369245943e-07 1.3126950586044708e-07 1.3126972783201246e-07 0.0003705677107041416 1.31269505860447e-07 1.3126972783201246e-07 1.3127026782681882e-07 1.3127028090904062e-07
928.29 12.608830761991662 -7.858821819354671 54.17072367073951 -707974.8922360273 6.546211025227358e-07 24.42878258460955 24.42072948856967 24.42830361312222 296.2313219040909 605.7776323327223 400.0 -2.8191796945371024e-08 4.014460773084558e-05 0.00047897148732663376 0.8162718287151266 12.184426608583653 1.2138369664672856e-06 3.524202820724011e-07 1.7620997949562989e-07 1.7621030257677128e-07 0.00047902976934222443 1.7620997949562975e-07 1.7621030257677125e-07 1.7621125283926936e-07 1.7621126543010496e-07
949.6 12.609354686602908 -7.8708431879592355 54.72471316997976 -707454.3314284737 6.454116719195511e-07 24.451579287206698 24.44349275210951 24.45096521933651 299.13130573949627 605.9336123659488 400.0 -3.837805689800689e-08 5.2501162782280274e-05 0.0006140678701919169 0.8165998026978972 13.832874890740749 1.169404132103476e-06 4.6898974144043885e-07 2.344946419689106e-07 2.3449509947152842e-07 0.0006141674102552845 2.3449464196891046e-07 2.3449509947152844e-07 2.3449673485800152e-07 2.344967480156326e-07
971.15 12.60987704643642 -7.88312319503284 55.2729340962209 -706927.4496680743 6.359309309755717e-07 24.47320289832971 24.46509490551457 24.472421904106845 302.0667192257198 606.0803379667731 400.0 -5.1792089003447394e-08 6.809925836832318e-05 0.0007809942228672252 0.8169663157302026 15.406997858469763 1.1270995815090446e-06 6.188667154728691e-07 3.0943304708003506e-07 3.094336683928342e-07 0.0007811568764487703 3.0943304708003485e-07 3.094336683928343e-07 3.0943643227507456e-07 3.0943644550121075e-07
992.93 12.610396942468153 -7.895658168747104 55.81524586508359 -706394.568640738 6.261645055933137e-07 24.493722693322432 24.485605986707093 24.49273708857814 305.0437668224563 606.2183522588564 400.0 -6.930407597585492e-08 8.762837158893239e-05 0.0009856047442947198 0.8173702413984034 16.90670761055642 1.0868150270451889e-06 8.099509954926148e-07 4.0497509823138105e-07 4.049758972612341e-07 0.0009858609455341441 4.049750982313808e-07 4.049758972612341e-07 4.0498048963518783e-07 4.0498050220347625e-07
1014.97 12.610915345774611 -7.908465900056581 56.35249050769667 -705854.871636057 6.175859042223237e-07 24.51327944153992 24.505128342332668 24.51204447672508 308.05495648126356 606.3483712796631 400.0 -9.202031539375452e-08 0.00011193418309143716 0.0012349648148369588 0.8178112802042533 18.335121150610796 1.0483801913978957e-06 1.052076622684426e-06 5.260378351234844e-07 5.260387875609418e-07 0.00123535627239721 5.260378351234843e-07 5.26038787560942e-07 5.2604630131671e-07 5.260463135233142e-07
1037.24 12.611431958930103 -7.921529920421017 56.884029911278326 -705309.0540851647 6.081596286724256e-07 24.53186323770317 24.523705716209392 24.53032686229494 311.08995144832045 606.4707010597317 400.0 -1.2122829387997428e-07 0.0001419321054948691 0.0015363754082270437 0.8182879683206244 19.691742736136316 1.011741289791634e-06 1.3562491085137366e-06 6.781240545746267e-07 6.781250539391102e-07 0.0015369577736834487 6.781240545746264e-07 6.781250539391102e-07 6.78137163499255e-07 6.781371757339882e-07
1059.75 12.611945147333753 -7.934859478635099 57.410211872107254 -704757.0800901719 5.970000684293441e-07 24.54952629303109 24.541414847947628 24.54762783954174 314.1742305817395 606.5859326615607 400.0 -1.5852795361130195e-07 0.00017871980630132265 0.001898453489345525 0.8187993610731473 20.978921048316685 9.767804582094087e-07 1.7358595862734363e-06 8.679293996350903e-07 8.679301866383469e-07 0.0018993000597052757 8.6792939963509e-07 8.679301866383469e-07 8.679494310028195e-07 8.679494432819157e-07
1082.51 12.612455611749482 -7.948461423893605 57.931360220392044 -704198.663575206 5.89897959603142e-07 24.56649821491946 24.55832763498602 24.56416734087184 317.30295419028124 606.6945320928342 400.0 -2.0585506107299174e-07 0.0002235630498069199 0.0023308740476201445 0.8193447991618519 22.199260516431178 9.433908315881088e-07 2.2066768962632456e-06 1.1033384232609321e-06 1.1033384730023139e-06 0.0023320799861873305 1.1033384232609317e-06 1.1033384730023139e-06 1.103368654742606e-06 1.1033686668561872e-06
1105.5 12.612965650140248 -7.962320965025538 58.44711017002483 -703633.9024635653 5.806703423726083e-07 24.58265625424996 24.574491298872537 24.579812522907535 320.42408565379526 606.7967185460868 400.0 -2.6545399082082485e-07 0.00027783779463136425 0.002843731342429306 0.8199231451669735 23.35408552905724 9.115156288743644e-07 2.7863523719746345e-06 1.39317701069944e-06 1.3931753612751946e-06 0.0028454179182907436 1.3931770106994395e-06 1.393175361275195e-06 1.393222082393408e-06 1.3932220949540633e-06
1128.74 12.61347064803753 -7.976458564376026 58.95800993870697 -703062.989587023 5.692333952188089e-07 24.598071046847696 24.589979302766253 24.59462206845701 323.6230663488053 606.8931276624256 400.0 -3.400915701706951e-07 0.0003431909539483388 0.003448978390690426 0.8205334135186877 24.446495343884777 8.810464268320669e-07 3.496256380609263e-06 1.7481306959899821e-06 1.7481256846192823e-06 0.003451299036957537 1.7481306959899817e-06 1.7481256846192823e-06 1.7481971364168148e-06 1.7481971486508102e-06
1152.22 12.61397298197863 -7.990865600047982 59.463922929728895 -702485.8000688205 5.613035505555777e-07 24.61295405374362 24.604842060613453 24.608795052478758 326.85209865748817 606.9839802262135 400.0 -4.329518186062657e-07 0.00042140084683180455 0.004159001264864836 0.8211746987241094 25.478594262662618 8.519224446436643e-07 4.360141513289468e-06 2.1800763133045965e-06 2.180065199984872e-06 0.004162147111545026 2.1800763133045956e-06 2.1800651999848716e-06 2.180173182996678e-06 2.1801731958912842e-06
1175.94 12.614472678505837 -8.00554326080337 59.96494007072295 -701902.328692875 5.517513089050204e-07 24.62721489992324 24.61913524432015 24.622227411567117 330.10980915944697 607.0696092374561 400.0 -5.477999679350117e-07 0.0005144799135078482 0.004987488356119982 0.8218460829948064 26.452906656133425 8.24073380036011e-07 5.405397074093175e-06 2.7027093283732344e-06 2.7026877457199406e-06 0.004991695185983674 2.7027093283732336e-06 2.70268774571994e-06 2.702849087089763e-06 2.7028490995373307e-06
1199.91 12.614968946577905 -8.020500070328307 60.46135670603421 -701312.4265289726 5.4303752800089e-07 24.640984612789943 24.632918488887547 24.635034937704184 333.40870232961913 607.150378981389 400.0 -6.890976596268092e-07 0.0006247165922851251 0.005949675085759571 0.8225468492903886 27.37229512673272 7.974225409730567e-07 6.663713770864534e-06 3.331876295489571e-06 3.3318374753749642e-06 0.005955231478335873 3.33187629548957e-06 3.3318374753749634e-06 3.3320759438324516e-06 3.3320759562193284e-06
1224.11 12.61546268606722 -8.03572361617871 60.95284496876361 -700716.4748768172 5.346555754147869e-07 24.654289562161594 24.646233009318582 24.647228850824757 336.73171244978505 607.226470301887 400.0 -8.618379319088756e-07 0.0007544992650142473 0.007060711336837348 0.8232756779319251 28.238583059980815 7.719303980197366e-07 8.169244717794576e-06 4.084655493743981e-06 4.0845892240505955e-06 0.007067965273283515 4.084655493743981e-06 4.084589224050597e-06 4.084937919102289e-06 4.0849379319067235e-06
1248.56 12.615952983275225 -8.051228909602196 61.4398986009034 -700114.0955199694 5.252116085587374e-07 24.66715049454854 24.659141242086108 24.65881188316946 340.0951661826015 607.2982591601129 400.0 -1.0720746647601107e-06 0.000906669270824549 0.008338611379078867 0.8240321623625877 29.054920768275775 7.475177722837414e-07 9.962854879184822e-06 4.981481871940478e-06 4.981373007244345e-06 0.008347981818877017 4.981481871940478e-06 4.981373007244346e-06 4.981877778449336e-06 4.981877790421403e-06
1273.25 12.616439457623462 -8.067010972069601 61.922397400599635 -699505.5403655062 5.158185172411395e-07 24.679645240479115 24.671688011716785 24.669844045663808 343.49789635008096 607.3659704350575 400.0 -1.3265474970718762e-06 0.0010841780345069761 0.009801194815307293 0.8248151482067598 29.82337282874175 7.241408414851868e-07 1.2088365204477211e-05 6.044269328553347e-06 6.044095875923868e-06 0.00981317954430871 6.044269328553345e-06 6.044095875923867e-06 6.044819418823966e-06 6.044819430149003e-06
1298.18 12.616922651627998 -8.083070463635522 62.400423968417165 -698890.755845916 5.095304850062313e-07 24.691918796225682 24.68392288771087 24.68045094242202 346.93307421972804 607.4298212214784 400.0 -1.6330517632854845e-06 0.0012903048366975237 0.01146785380366187 0.8256238865414831 30.546330257642307 7.017481707611079e-07 1.4595280683142285e-05 7.29777507740904e-06 7.297505605733248e-06 0.01148304069051123 7.297775077409039e-06 7.297505605733247e-06 7.298532926569927e-06 7.298532938718257e-06
1323.35 12.617404188994538 -8.09940717011359 62.87405830548604 -698269.6057249542 4.985948691435233e-07 24.703777454329597 24.695894706226927 24.69041833742086 350.3836960675291 607.4899770723835 400.0 -2.0004799758271434e-06 0.0015286189527786787 0.01335911690873879 0.8264577835503581 31.22613410377061 6.802912851487932e-07 1.753858031314965e-05 8.769495028367167e-06 8.769085284782485e-06 0.013378195319005174 8.769495028367165e-06 8.769085284782485e-06 8.770530611692699e-06 8.770530624552716e-06
1348.77 12.617877799488934 -8.11603510086743 63.34357015667759 -697642.4350845496 4.891007770129528e-07 24.715465452695035 24.70765592993895 24.699967998532827 353.92412147859494 607.5468833158333 400.0 -2.4391108490012743e-06 0.001803097500308842 0.015497454162210888 0.82731566064584 31.864989794186148 6.597165808097256e-07 2.0980438161103238e-05 1.0490524847772684e-05 1.0489913313330555e-05 0.015521228592924121 1.0490524847772681e-05 1.0489913313330557e-05 1.0491929059105949e-05 1.0491929071260268e-05
1374.42 12.618350945351397 -8.132934419629146 63.80866101844677 -697008.978711124 4.835017339461885e-07 24.727099985795597 24.71924516177181 24.709196033351134 357.4579068413375 607.6004246584148 400.0 -2.960034793815683e-06 0.002117707772098097 0.01790395244446464 0.8281970314661595 32.464763031655465 6.399970649485719e-07 2.498518250858636e-05 1.2493039996388109e-05 1.2492142512198257e-05 0.01793335034571868 1.2493039996388106e-05 1.2492142512198255e-05 1.2494929505150969e-05 1.2494929516568561e-05
1400.32 12.618820447483673 -8.150123260978763 64.26977475340873 -696369.09867178 4.7540463001192744e-07 24.73853313824827 24.730718441194888 24.717928897613856 361.0321422303701 607.6509438127533 400.0 -3.576537587240213e-06 0.0024771881833301214 0.02060424063441411 0.8291014555889364 33.02778772263986 6.210765453027911e-07 2.9629415043348523e-05 1.4815356363170752e-05 1.4814058680177783e-05 0.020640333291483473 1.4815356363170746e-05 1.4814058680177776e-05 1.4817880771794678e-05 1.4817880783887957e-05
1426.46 12.619287077340232 -8.167594899980212 64.7268037494639 -695722.9100697489 4.6609304327905155e-07 24.749846282622894 24.742117967318894 24.72622404307897 364.6294653139452 607.6985571301565 400.0 -4.302902575715469e-06 0.0028862467761158997 0.023622239543921262 0.8300280215967925 33.55573684138239 6.029242983673634e-07 3.499208940975812e-05 1.749697011108501e-05 1.749511929867313e-05 0.023666249918644976 1.7496970111085007e-05 1.749511929867313e-05 1.750031922684335e-05 1.7500319239368754e-05
1452.84 12.619747452982349 -8.1853546879247 65.1798264967317 -695070.806456902 4.5782159715912756e-07 24.7611610453386 24.753489993544576 24.73417736376936 368.2989652429381 607.7435388067057 400.0 -5.155308587033614e-06 0.0033500312898333703 0.026983681569243946 0.8309756571913495 34.0502954745858 5.855038441969578e-07 4.116072778574561e-05 2.0581667218016194e-05 2.0579060567729415e-05 0.027037000306473002 2.0581667218016194e-05 2.057906056772942e-05 2.0586080603406574e-05 2.058608061563542e-05
1479.46 12.620206269877674 -8.203398023445152 65.62891206047397 -694412.2325676683 4.5129919855250384e-07 24.7725473618708 24.764880755070124 24.741832039034996 371.9726191965831 607.7858801281284 400.0 -6.151812916710706e-06 0.0038740379379135735 0.03071532283580113 0.8319442909189462 34.51327185459921 5.687805773461569e-07 4.823051723946969e-05 2.411707292715498e-05 2.411344431231472e-05 0.03077952389943811 2.4117072927154976e-05 2.4113444312314718e-05 2.41228510687115e-05 2.4122851079429232e-05
1506.33 12.620660899658574 -8.221736375183173 66.07430019612603 -693747.2641482028 4.4343822933370164e-07 24.7839521201758 24.776340194502286 24.74910580880325 375.6925998990688 607.8258310548116 400.0 -7.312925712962725e-06 0.0044643233425822665 0.03484631137255037 0.8329333341487668 34.946316030717476 5.527159710335051e-07 5.63075189772542e-05 2.8156258099652022e-05 2.8151260877602176e-05 0.03492317146576598 2.8156258099652022e-05 2.815126087760217e-05 2.8163776421044493e-05 2.8163776433810127e-05
1533.43 12.62111266179274 -8.240355652200742 66.51572922161533 -693076.2372292061 4.3646213754607907e-07 24.795487463332975 24.787905383979734 24.756085460666934 379.4374247272048 607.8634382592712 400.0 -8.660008791581529e-06 0.005126626114937222 0.03940200266603774 0.8339416548573864 35.35061949267116 5.372909439500005e-07 6.549684317240791e-05 3.275182735949988e-05 3.274501581290806e-05 0.0394935027147455 3.275182735949988e-05 3.274501581290805e-05 3.2761549874905687e-05 3.27615498859465e-05
1560.78 12.621559484421915 -8.259272915094698 66.95359783030376 -692398.853861051 4.260078096838009e-07 24.807055971614798 24.799630075761208 24.762641079916968 383.23539319276733 607.898935845277 400.0 -1.0218594998887309e-05 0.005867951356316241 0.04441489169782989 0.8349691188701694 35.72780100244062 5.224647302127089e-07 7.592472406571163e-05 3.796696059112109e-05 3.7957763474590565e-05 0.04452325202596289 3.796696059112107e-05 3.795776347459056e-05 3.797946127347035e-05 3.797946128528655e-05
1588.37 12.622001609988676 -8.278482457524479 67.38781073938148 -691715.3524197318 4.2358915434285337e-07 24.819102020891183 24.811555102007794 24.769188765790982 387.0853185096173 607.9324130637514 400.0 -1.2015257503632174e-05 0.00669493714273087 0.049913255100200914 0.83601484071413 36.07900353872006 5.082152531303009e-07 8.771619629180102e-05 4.386425134150257e-05 4.385194495029846e-05 0.05004093547261965 4.386425134150257e-05 4.385194495029848e-05 4.3880233267657415e-05 4.38802332790194e-05
1616.2 12.622446304849506 -8.297976918321364 67.81842900657757 -691024.9139279004 4.151632268461498e-07 24.8311750196649 24.823725624038662 24.77524722712652 390.887007881734 607.9637335432453 400.0 -1.4079730267869715e-05 0.007614824521021826 0.05592779253838039 0.8370791823390277 36.4055678371863 4.945159112802601e-07 0.00010100875104622751 5.0512538890541444e-05 5.049621215568608e-05 0.05607751412640408 5.0512538890541444e-05 5.049621215568609e-05 5.053285987116435e-05 5.053285988213641e-05
1644.27 12.62287983663436 -8.317772874209094 68.24553382409242 -690328.994365851 4.0536738575003124e-07 24.843483970487707 24.836185617970152 24.780994711714868 394.8228100915249 607.9934680742056 400.0 -1.644442930289377e-05 0.008635125193937969 0.06248925877283999 0.8381598911080476 36.70833215793852 4.813418335749e-07 0.00011594802569229114 5.798475526777327e-05 5.7963270424517876e-05 0.06266401453370953 5.7984755267773276e-05 5.7963270424517876e-05 5.8010456812840554e-05 5.8010456823950746e-05
1672.59 12.623314274070049 -8.337865898325072 68.66932795170433 -689626.1291331756 4.021699501905057e-07 24.856364749788206 24.848984507937512 24.786732572505123 398.7448223056135 608.0213191626066 400.0 -1.914595385065455e-05 0.009764202271520818 0.0696321772830811 0.8392583322562505 36.988655051531 4.6866458663369576e-07 0.00013269648818708726 6.636227295372619e-05 6.633421523336103e-05 0.06983526298102706 6.636227295372619e-05 6.633421523336109e-05 6.639461588084407e-05 6.639461589195293e-05
1701.14 12.623743957282247 -8.358247906127508 69.08958292612841 -688917.2720650531 3.934885529965799e-07 24.86941439019477 24.862157051787893 24.792030991322605 402.7091740306804 608.0475416751024 400.0 -2.2221039250471914e-05 0.011009479091922706 0.07738339887216733 0.8403725501167789 37.24719630922238 4.564705743114014e-07 0.00015140722763139447 7.572179822142628e-05 7.56854294099682e-05 0.0776183924951287 7.572179822142628e-05 7.56854294099682e-05 7.57622935662554e-05 7.576229357665711e-05
1729.94 12.624169972156206 -8.378934375268363 69.5066569401312 -688201.9199024421 3.8789172393454195e-07 24.882999686585244 24.87575626402661 24.797218896761525 406.719980880394 608.0722146005373 400.0 -2.5713899424781658e-05 0.012380409083682486 0.08578078982371941 0.8415029279509145 37.4850425477751 4.4472971212435645e-07 0.00017226834766089402 8.615758135446047e-05 8.611076630643358e-05 0.08605160886483212 8.615758135446046e-05 8.61107663064336e-05 8.620804420226069e-05 8.620804421364164e-05
1758.98 12.624593509848143 -8.399917284090225 69.92046394708814 -687480.1112623247 3.819950278518243e-07 24.897034927223647 24.889821080057786 24.802180422429657 410.7521072664214 608.0953650600704 400.0 -2.9669143565098865e-05 0.013885491610259978 0.09485450479399239 0.8426487623520958 37.70294578484613 4.334258824046585e-07 0.00019545856764596623 9.775921230254663e-05 9.769935534341957e-05 0.09516538614844605 9.77592123025466e-05 9.769935534341958e-05 9.782180280815559e-05 9.782180281959238e-05
1788.26 12.625013746567495 -8.421198921168251 70.33106759720233 -686751.9398161315 3.762683224939041e-07 24.911580902627765 24.904394514658833 24.806943439581126 414.8197366000465 608.117098874954 400.0 -3.4136095282959616e-05 0.01553395261649359 0.1046374630466382 0.843809472634808 37.9016589660262 4.22539654877336e-07 0.00022117259888532336 0.00011062431910805208 0.00011054827977727132 0.10499298426801756 0.00011062431910805205 0.00011054827977727134 0.00011070160077759886 0.00011070160078774064
1817.79 12.625431523239918 -8.4427874259909 70.73866608837476 -686017.1089865052 3.703656129965644e-07 24.926672344923624 24.919524469387913 24.81150586270715 418.92117641577914 608.1374722260949 400.0 -3.9169813579182353e-05 0.01733597659600306 0.11516648221647584 0.8449850799868392 38.08196079853484 4.1204905486432867e-07 0.00024962539893542767 0.0001248607031146068 0.0001247646958208209 0.11557158992497085 0.00012486070311460676 0.0001247646958208209 0.00012495571203785156 0.0001249557120482739
1847.55 12.625845201743562 -8.464670205668517 71.1430458697275 -685276.1816835806 3.638470740446406e-07 24.942323841674416 24.935242840501914 24.81585627838307 423.06472940135615 608.156586960587 400.0 -4.482422992955307e-05 0.019300185137910212 0.12646756329134576 0.8461741536130705 38.24437322574762 4.0194362982030185e-07 0.00028101247083769205 0.00014056648011749644 0.00014044599072019563 0.12692753005250093 0.00014056648011749644 0.00014044599072019563 0.00014068277689248293 0.00014068277690349956
1877.56 12.626255855555003 -8.486862456031849 71.54453830405888 -684528.5793888231 3.590266055690526e-07 24.958678103144944 24.951602010295577 24.820096542960137 427.2464227030422 608.1744944254547 400.0 -5.116484051453014e-05 0.021438056631123904 0.13858156018481047 0.8473771406510278 38.389632973240964 3.9219983323745135e-07 0.00031558011825684473 0.0001578652401206931 0.0001577148781361516 0.13910206346961873 0.00015786524012069314 0.00015771487813615162 0.00015800701499538698 0.00015800701500764218
1907.81 12.6266647508043 -8.509356718333038 71.94306467143332 -683774.4108851092 3.5438994087357497e-07 24.975712901466864 24.96863815291965 24.824174842394182 431.4505766854956 608.191201984159 400.0 -5.8256071397617317e-05 0.02375941334819685 0.15153805907268328 0.8485933763903873 38.51827286118747 3.8280517646772847e-07 0.0003535538016078931 0.0001768702051660153 0.00017668359644187784 0.15212513321262855 0.00017687020516601529 0.00017668359644187778 0.00017704234490066307 0.00017704234491169974
1938.3 12.627070769570128 -8.53215489617196 72.33868492735154 -683013.7258617502 3.4859353073666436e-07 24.993415036087374 24.98639191045058 24.828044971831353 435.6871680948373 608.2068065274432 400.0 -6.616877101251255e-05 0.026274965119133607 0.16537006425601825 0.8498222738453055 38.630816897308655 3.737445226430046e-07 0.0003951788120310623 0.0001977045886278235 0.00019747422340323883 0.16603012078713456 0.0001977045886278235 0.0001974742234032389 0.00019791278017150695 0.0001979127801824195
1969.03 12.627473224260566 -8.555259584463965 72.73145781638223 -682246.6399956278 3.4303059577108407e-07 25.011880135148598 25.004903350032468 24.8317697302385 439.97442320684115 608.2213871430138 400.0 -7.497866158218258e-05 0.028995688398240307 0.18011040491010347 0.8510633053103386 38.727762635690354 3.6500345522577365e-07 0.00044071052232768905 0.00022049672474355712 0.00022021379758413196 0.18085023493247404 0.00022049672474355712 0.000220213797584132 0.000220747562574129 0.00022074756258407677
2000.0 12.627872941692386 -8.57867020484573 73.12143981262973 -681472.9642372292 3.385501997216078e-07 25.03118261375054 25.024212030935477 24.835390848973574 444.2928576016793 608.234968172558 400.0 -8.476657835153324e-05 0.03193283147047006 0.19579176477696938 0.8523161441908335 38.80959263993272 3.565682159849136e-07 0.0004904145939757095 0.0002453801802856588 0.00024503441369005073 0.19661854028422907 0.00024538018028565886 0.0002450344136900508 0.0002456812846941259 0.0002456812847046171
