100 2.621E-06 1.00005 12.20 256.0 1.403 12.20 255.9 0.67
200 1.099E-05 1.00074 51.22 255.4 1.400 51.06 254.6 2.80
300 1.702E-05 1.00217 79.30 254.1 1.395 78.74 252.3 4.29
400 2.062E-05 1.00407 96.04 252.5 1.389 94.96 249.6 5.15
500 2.283E-05 1.00626 106.15 250.6 1.384 104.50 246.7 5.63
600 2.428E-05 1.00864 112.64 248.6 1.379 110.42 243.7 5.92
700 2.531E-05 1.01115 117.10 246.5 1.375 114.32 240.6 6.09
800 2.609E-05 1.01375 120.36 244.3 1.370 117.02 237.5 6.20
900 2.673E-05 1.01643 122.88 242.1 1.366 118.97 234.4 6.27
1000 2.728E-05 1.01918 124.91 239.9 1.362 120.44 231.3 6.31
1200 2.821E-05 1.02486 128.12 235.3 1.355 122.51 225.0 6.35
1400 2.904E-05 1.03074 130.68 230.8 1.349 123.90 218.8 6.35
1600 2.984E-05 1.03683 132.91 226.2 1.344 124.92 212.6 6.34
1800 3.066E-05 1.04312 134.99 221.5 1.339 125.73 206.3 6.33
2000 3.150E-05 1.04962 136.99 216.9 1.336 126.40 200.1 6.30
2200 3.240E-05 1.05635 138.98 212.2 1.333 126.98 193.8 6.28
