100 6.8638E-06 1.00017 31.17 131.4 1.258 31.14 131.3 0.90
200 1.9149E-05 1.00153 87.16 130.6 1.250 86.75 130.0 2.49
300 2.6112E-05 1.00383 119.12 129.4 1.238 117.98 128.1 3.35
400 3.0114E-05 1.00667 137.61 127.9 1.225 135.61 126.0 3.79
500 3.2660E-05 1.00985 149.42 126.2 1.211 146.53 123.8 4.04
600 3.4431E-05 1.01324 157.65 124.4 1.197 153.85 121.4 4.18
700 3.5753E-05 1.01681 163.76 122.6 1.183 159.06 119.1 4.26
800 3.6797E-05 1.02050 168.56 120.8 1.170 162.96 116.8 4.30
900 3.7661E-05 1.02431 172.47 118.9 1.156 165.99 114.4 4.31
1000 3.8404E-05 1.02822 175.78 117.0 1.143 168.42 112.1 4.31
1200 3.9668E-05 1.03628 181.21 113.3 1.117 172.12 107.6 4.27
1400 4.0766E-05 1.04465 185.67 109.5 1.092 174.87 103.2 4.21
1600 4.1789E-05 1.05331 189.54 105.8 1.068 177.05 98.9 4.13
1800 4.2786E-05 1.06226 193.05 102.2 1.046 178.88 94.7 4.05
2000 4.3790E-05 1.07149 196.34 98.5 1.024 180.48 90.6 3.97
2200 4.4824E-05 1.08103 199.47 94.9 1.003 181.92 86.6 3.88
