100 8.533E-06 1.00036 15.55 315.3 1.647 15.53 314.9 26.87
200 1.223E-05 1.00144 22.24 314.7 1.649 22.15 313.4 38.33
300 1.335E-05 1.00273 24.19 313.8 1.652 24.03 311.8 41.61
400 1.390E-05 1.00410 25.09 312.8 1.656 24.86 310.0 43.09
500 1.428E-05 1.00552 25.67 311.8 1.659 25.37 308.1 44.00
600 1.459E-05 1.00697 26.11 310.7 1.663 25.73 306.3 44.67
700 1.486E-05 1.00845 26.49 309.7 1.667 26.03 304.4 45.24
800 1.512E-05 1.00997 26.83 308.6 1.672 26.30 302.5 45.75
900 1.538E-05 1.01151 27.16 307.5 1.676 26.54 300.5 46.23
1000 1.564E-05 1.01308 27.48 306.4 1.681 26.78 298.6 46.70
1200 1.618E-05 1.01631 28.14 304.3 1.692 27.24 294.6 47.66
1400 1.678E-05 1.01966 28.87 302.2 1.703 27.76 290.5 48.75
1600 1.748E-05 1.02316 29.74 300.1 1.717 28.38 286.4 50.05
1800 1.831E-05 1.02682 30.80 298.2 1.732 29.13 282.1 51.65
2000 1.929E-05 1.03069 32.05 296.4 1.749 30.03 277.7 53.56
2200 2.043E-05 1.03479 33.52 294.8 1.769 31.05 273.1 55.80
2400 2.174E-05 1.03916 35.18 293.4 1.792 32.17 268.3 58.33
2600 2.322E-05 1.04384 37.03 292.2 1.820 33.37 263.3 61.14
2800 2.489E-05 1.04887 39.06 291.3 1.852 34.59 258.0 64.21
3000 2.676E-05 1.05429 41.26 290.8 1.892 35.82 252.4 67.55
3200 2.888E-05 1.06017 43.68 290.8 1.939 37.04 246.6 71.21
3400 3.131E-05 1.06657 46.35 291.6 1.998 38.22 240.4 75.27
3600 3.415E-05 1.07356 49.39 293.5 2.073 39.36 233.9 79.89
3695 3.570E-05 1.07713 51.01 295.1 2.116 39.88 230.7 82.35
