# T(K)     a(1,1) da/dT(-4/K)     a(1,2) da/dT(-4/K)     a(1,3) da/dT(-4/K)     a(2,1) da/dT(-4/K)     a(2,2) da/dT(-4/K)     a(2,3) da/dT(-4/K)     a(3,1) da/dT(-4/K)     a(3,2) da/dT(-4/K)     a(3,3) da/dT(-4/K)
   0.0   0.000000    0.000000   1.764300    0.000870   1.764300    0.000870   1.764300    0.000870   0.000000    0.000000   1.764300    0.000870   1.764300    0.000870   1.764300    0.000870   0.000000    0.000000
  10.0   0.000000    0.000000   1.764300    0.000635   1.764300    0.000635   1.764300    0.000635   0.000000    0.000000   1.764300    0.000635   1.764300    0.000635   1.764300    0.000635   0.000000    0.000000
  20.0   0.000000    0.000000   1.764303    0.004833   1.764303    0.004833   1.764303    0.004833   0.000000    0.000000   1.764303    0.004833   1.764303    0.004833   1.764303    0.004833   0.000000    0.000000
  30.0   0.000000    0.000000   1.764312    0.015431   1.764312    0.015431   1.764312    0.015431   0.000000    0.000000   1.764312    0.015431   1.764312    0.015431   1.764312    0.015431   0.000000    0.000000
  40.0   0.000000    0.000000   1.764336    0.033243   1.764336    0.033243   1.764336    0.033243   0.000000    0.000000   1.764336    0.033243   1.764336    0.033243   1.764336    0.033243   0.000000    0.000000
  50.0   0.000000    0.000000   1.764380    0.054961   1.764380    0.054961   1.764380    0.054961   0.000000    0.000000   1.764380    0.054961   1.764380    0.054961   1.764380    0.054961   0.000000    0.000000
  60.0   0.000000    0.000000   1.764446    0.077352   1.764446    0.077352   1.764446    0.077352   0.000000    0.000000   1.764446    0.077352   1.764446    0.077352   1.764446    0.077352   0.000000    0.000000
  70.0   0.000000    0.000000   1.764534    0.098475   1.764534    0.098475   1.764534    0.098475   0.000000    0.000000   1.764534    0.098475   1.764534    0.098475   1.764534    0.098475   0.000000    0.000000
  80.0   0.000000    0.000000   1.764642    0.117471   1.764642    0.117471   1.764642    0.117471   0.000000    0.000000   1.764642    0.117471   1.764642    0.117471   1.764642    0.117471   0.000000    0.000000
  90.0   0.000000    0.000000   1.764768    0.134127   1.764768    0.134127   1.764768    0.134127   0.000000    0.000000   1.764768    0.134127   1.764768    0.134127   1.764768    0.134127   0.000000    0.000000
 100.0   0.000000    0.000000   1.764910    0.148551   1.764910    0.148551   1.764910    0.148551   0.000000    0.000000   1.764910    0.148551   1.764910    0.148551   1.764910    0.148551   0.000000    0.000000
 110.0   0.000000    0.000000   1.765065    0.160981   1.765065    0.160981   1.765065    0.160981   0.000000    0.000000   1.765065    0.160981   1.765065    0.160981   1.765065    0.160981   0.000000    0.000000
 120.0   0.000000    0.000000   1.765231    0.171690   1.765231    0.171690   1.765231    0.171690   0.000000    0.000000   1.765231    0.171690   1.765231    0.171690   1.765231    0.171690   0.000000    0.000000
 130.0   0.000000    0.000000   1.765408    0.180939   1.765408    0.180939   1.765408    0.180939   0.000000    0.000000   1.765408    0.180939   1.765408    0.180939   1.765408    0.180939   0.000000    0.000000
 140.0   0.000000    0.000000   1.765593    0.188964   1.765593    0.188964   1.765593    0.188964   0.000000    0.000000   1.765593    0.188964   1.765593    0.188964   1.765593    0.188964   0.000000    0.000000
 150.0   0.000000    0.000000   1.765785    0.195964   1.765785    0.195964   1.765785    0.195964   0.000000    0.000000   1.765785    0.195964   1.765785    0.195964   1.765785    0.195964   0.000000    0.000000
 160.0   0.000000    0.000000   1.765984    0.202109   1.765984    0.202109   1.765984    0.202109   0.000000    0.000000   1.765984    0.202109   1.765984    0.202109   1.765984    0.202109   0.000000    0.000000
 170.0   0.000000    0.000000   1.766189    0.207538   1.766189    0.207538   1.766189    0.207538   0.000000    0.000000   1.766189    0.207538   1.766189    0.207538   1.766189    0.207538   0.000000    0.000000
 180.0   0.000000    0.000000   1.766399    0.212366   1.766399    0.212366   1.766399    0.212366   0.000000    0.000000   1.766399    0.212366   1.766399    0.212366   1.766399    0.212366   0.000000    0.000000
 190.0   0.000000    0.000000   1.766614    0.216689   1.766614    0.216689   1.766614    0.216689   0.000000    0.000000   1.766614    0.216689   1.766614    0.216689   1.766614    0.216689   0.000000    0.000000
 200.0   0.000000    0.000000   1.766833    0.220586   1.766833    0.220586   1.766833    0.220586   0.000000    0.000000   1.766833    0.220586   1.766833    0.220586   1.766833    0.220586   0.000000    0.000000
 210.0   0.000000    0.000000   1.767055    0.224120   1.767055    0.224120   1.767055    0.224120   0.000000    0.000000   1.767055    0.224120   1.767055    0.224120   1.767055    0.224120   0.000000    0.000000
 220.0   0.000000    0.000000   1.767281    0.227345   1.767281    0.227345   1.767281    0.227345   0.000000    0.000000   1.767281    0.227345   1.767281    0.227345   1.767281    0.227345   0.000000    0.000000
 230.0   0.000000    0.000000   1.767510    0.230307   1.767510    0.230307   1.767510    0.230307   0.000000    0.000000   1.767510    0.230307   1.767510    0.230307   1.767510    0.230307   0.000000    0.000000
 240.0   0.000000    0.000000   1.767741    0.233042   1.767741    0.233042   1.767741    0.233042   0.000000    0.000000   1.767741    0.233042   1.767741    0.233042   1.767741    0.233042   0.000000    0.000000
 250.0   0.000000    0.000000   1.767976    0.235581   1.767976    0.235581   1.767976    0.235581   0.000000    0.000000   1.767976    0.235581   1.767976    0.235581   1.767976    0.235581   0.000000    0.000000
 260.0   0.000000    0.000000   1.768212    0.237950   1.768212    0.237950   1.768212    0.237950   0.000000    0.000000   1.768212    0.237950   1.768212    0.237950   1.768212    0.237950   0.000000    0.000000
 270.0   0.000000    0.000000   1.768451    0.240172   1.768451    0.240172   1.768451    0.240172   0.000000    0.000000   1.768451    0.240172   1.768451    0.240172   1.768451    0.240172   0.000000    0.000000
 280.0   0.000000    0.000000   1.768693    0.242266   1.768693    0.242266   1.768693    0.242266   0.000000    0.000000   1.768693    0.242266   1.768693    0.242266   1.768693    0.242266   0.000000    0.000000
 290.0   0.000000    0.000000   1.768936    0.244247   1.768936    0.244247   1.768936    0.244247   0.000000    0.000000   1.768936    0.244247   1.768936    0.244247   1.768936    0.244247   0.000000    0.000000
 300.0   0.000000    0.000000   1.769181    0.246128   1.769181    0.246128   1.769181    0.246128   0.000000    0.000000   1.769181    0.246128   1.769181    0.246128   1.769181    0.246128   0.000000    0.000000
 310.0   0.000000    0.000000   1.769428    0.247923   1.769428    0.247923   1.769428    0.247923   0.000000    0.000000   1.769428    0.247923   1.769428    0.247923   1.769428    0.247923   0.000000    0.000000
 320.0   0.000000    0.000000   1.769677    0.249640   1.769677    0.249640   1.769677    0.249640   0.000000    0.000000   1.769677    0.249640   1.769677    0.249640   1.769677    0.249640   0.000000    0.000000
 330.0   0.000000    0.000000   1.769927    0.251289   1.769927    0.251289   1.769927    0.251289   0.000000    0.000000   1.769927    0.251289   1.769927    0.251289   1.769927    0.251289   0.000000    0.000000
 340.0   0.000000    0.000000   1.770179    0.252877   1.770179    0.252877   1.770179    0.252877   0.000000    0.000000   1.770179    0.252877   1.770179    0.252877   1.770179    0.252877   0.000000    0.000000
 350.0   0.000000    0.000000   1.770433    0.254412   1.770433    0.254412   1.770433    0.254412   0.000000    0.000000   1.770433    0.254412   1.770433    0.254412   1.770433    0.254412   0.000000    0.000000
 360.0   0.000000    0.000000   1.770688    0.255898   1.770688    0.255898   1.770688    0.255898   0.000000    0.000000   1.770688    0.255898   1.770688    0.255898   1.770688    0.255898   0.000000    0.000000
 370.0   0.000000    0.000000   1.770945    0.257340   1.770945    0.257340   1.770945    0.257340   0.000000    0.000000   1.770945    0.257340   1.770945    0.257340   1.770945    0.257340   0.000000    0.000000
 380.0   0.000000    0.000000   1.771203    0.258744   1.771203    0.258744   1.771203    0.258744   0.000000    0.000000   1.771203    0.258744   1.771203    0.258744   1.771203    0.258744   0.000000    0.000000
 390.0   0.000000    0.000000   1.771462    0.260114   1.771462    0.260114   1.771462    0.260114   0.000000    0.000000   1.771462    0.260114   1.771462    0.260114   1.771462    0.260114   0.000000    0.000000
 400.0   0.000000    0.000000   1.771723    0.261452   1.771723    0.261452   1.771723    0.261452   0.000000    0.000000   1.771723    0.261452   1.771723    0.261452   1.771723    0.261452   0.000000    0.000000
 410.0   0.000000    0.000000   1.771985    0.262762   1.771985    0.262762   1.771985    0.262762   0.000000    0.000000   1.771985    0.262762   1.771985    0.262762   1.771985    0.262762   0.000000    0.000000
 420.0   0.000000    0.000000   1.772249    0.264046   1.772249    0.264046   1.772249    0.264046   0.000000    0.000000   1.772249    0.264046   1.772249    0.264046   1.772249    0.264046   0.000000    0.000000
 430.0   0.000000    0.000000   1.772513    0.265308   1.772513    0.265308   1.772513    0.265308   0.000000    0.000000   1.772513    0.265308   1.772513    0.265308   1.772513    0.265308   0.000000    0.000000
 440.0   0.000000    0.000000   1.772779    0.266550   1.772779    0.266550   1.772779    0.266550   0.000000    0.000000   1.772779    0.266550   1.772779    0.266550   1.772779    0.266550   0.000000    0.000000
 450.0   0.000000    0.000000   1.773046    0.267772   1.773046    0.267772   1.773046    0.267772   0.000000    0.000000   1.773046    0.267772   1.773046    0.267772   1.773046    0.267772   0.000000    0.000000
 460.0   0.000000    0.000000   1.773315    0.268978   1.773315    0.268978   1.773315    0.268978   0.000000    0.000000   1.773315    0.268978   1.773315    0.268978   1.773315    0.268978   0.000000    0.000000
 470.0   0.000000    0.000000   1.773584    0.270169   1.773584    0.270169   1.773584    0.270169   0.000000    0.000000   1.773584    0.270169   1.773584    0.270169   1.773584    0.270169   0.000000    0.000000
 480.0   0.000000    0.000000   1.773855    0.271346   1.773855    0.271346   1.773855    0.271346   0.000000    0.000000   1.773855    0.271346   1.773855    0.271346   1.773855    0.271346   0.000000    0.000000
 490.0   0.000000    0.000000   1.774127    0.272511   1.774127    0.272511   1.774127    0.272511   0.000000    0.000000   1.774127    0.272511   1.774127    0.272511   1.774127    0.272511   0.000000    0.000000
 500.0   0.000000    0.000000   1.774400    0.273665   1.774400    0.273665   1.774400    0.273665   0.000000    0.000000   1.774400    0.273665   1.774400    0.273665   1.774400    0.273665   0.000000    0.000000
 510.0   0.000000    0.000000   1.774674    0.274808   1.774674    0.274808   1.774674    0.274808   0.000000    0.000000   1.774674    0.274808   1.774674    0.274808   1.774674    0.274808   0.000000    0.000000
 520.0   0.000000    0.000000   1.774950    0.275943   1.774950    0.275943   1.774950    0.275943   0.000000    0.000000   1.774950    0.275943   1.774950    0.275943   1.774950    0.275943   0.000000    0.000000
 530.0   0.000000    0.000000   1.775226    0.277069   1.775226    0.277069   1.775226    0.277069   0.000000    0.000000   1.775226    0.277069   1.775226    0.277069   1.775226    0.277069   0.000000    0.000000
 540.0   0.000000    0.000000   1.775504    0.278188   1.775504    0.278188   1.775504    0.278188   0.000000    0.000000   1.775504    0.278188   1.775504    0.278188   1.775504    0.278188   0.000000    0.000000
 550.0   0.000000    0.000000   1.775783    0.279300   1.775783    0.279300   1.775783    0.279300   0.000000    0.000000   1.775783    0.279300   1.775783    0.279300   1.775783    0.279300   0.000000    0.000000
 560.0   0.000000    0.000000   1.776063    0.280407   1.776063    0.280407   1.776063    0.280407   0.000000    0.000000   1.776063    0.280407   1.776063    0.280407   1.776063    0.280407   0.000000    0.000000
 570.0   0.000000    0.000000   1.776343    0.281509   1.776343    0.281509   1.776343    0.281509   0.000000    0.000000   1.776343    0.281509   1.776343    0.281509   1.776343    0.281509   0.000000    0.000000
 580.0   0.000000    0.000000   1.776626    0.282605   1.776626    0.282605   1.776626    0.282605   0.000000    0.000000   1.776626    0.282605   1.776626    0.282605   1.776626    0.282605   0.000000    0.000000
 590.0   0.000000    0.000000   1.776909    0.283698   1.776909    0.283698   1.776909    0.283698   0.000000    0.000000   1.776909    0.283698   1.776909    0.283698   1.776909    0.283698   0.000000    0.000000
 600.0   0.000000    0.000000   1.777193    0.284787   1.777193    0.284787   1.777193    0.284787   0.000000    0.000000   1.777193    0.284787   1.777193    0.284787   1.777193    0.284787   0.000000    0.000000
 610.0   0.000000    0.000000   1.777478    0.285874   1.777478    0.285874   1.777478    0.285874   0.000000    0.000000   1.777478    0.285874   1.777478    0.285874   1.777478    0.285874   0.000000    0.000000
 620.0   0.000000    0.000000   1.777765    0.286957   1.777765    0.286957   1.777765    0.286957   0.000000    0.000000   1.777765    0.286957   1.777765    0.286957   1.777765    0.286957   0.000000    0.000000
 630.0   0.000000    0.000000   1.778052    0.288038   1.778052    0.288038   1.778052    0.288038   0.000000    0.000000   1.778052    0.288038   1.778052    0.288038   1.778052    0.288038   0.000000    0.000000
 640.0   0.000000    0.000000   1.778341    0.289118   1.778341    0.289118   1.778341    0.289118   0.000000    0.000000   1.778341    0.289118   1.778341    0.289118   1.778341    0.289118   0.000000    0.000000
 650.0   0.000000    0.000000   1.778630    0.290196   1.778630    0.290196   1.778630    0.290196   0.000000    0.000000   1.778630    0.290196   1.778630    0.290196   1.778630    0.290196   0.000000    0.000000
 660.0   0.000000    0.000000   1.778921    0.291273   1.778921    0.291273   1.778921    0.291273   0.000000    0.000000   1.778921    0.291273   1.778921    0.291273   1.778921    0.291273   0.000000    0.000000
 670.0   0.000000    0.000000   1.779213    0.292349   1.779213    0.292349   1.779213    0.292349   0.000000    0.000000   1.779213    0.292349   1.779213    0.292349   1.779213    0.292349   0.000000    0.000000
 680.0   0.000000    0.000000   1.779506    0.293425   1.779506    0.293425   1.779506    0.293425   0.000000    0.000000   1.779506    0.293425   1.779506    0.293425   1.779506    0.293425   0.000000    0.000000
 690.0   0.000000    0.000000   1.779800    0.294500   1.779800    0.294500   1.779800    0.294500   0.000000    0.000000   1.779800    0.294500   1.779800    0.294500   1.779800    0.294500   0.000000    0.000000
 700.0   0.000000    0.000000   1.780095    0.295575   1.780095    0.295575   1.780095    0.295575   0.000000    0.000000   1.780095    0.295575   1.780095    0.295575   1.780095    0.295575   0.000000    0.000000
 710.0   0.000000    0.000000   1.780391    0.296651   1.780391    0.296651   1.780391    0.296651   0.000000    0.000000   1.780391    0.296651   1.780391    0.296651   1.780391    0.296651   0.000000    0.000000
 720.0   0.000000    0.000000   1.780688    0.297727   1.780688    0.297727   1.780688    0.297727   0.000000    0.000000   1.780688    0.297727   1.780688    0.297727   1.780688    0.297727   0.000000    0.000000
 730.0   0.000000    0.000000   1.780986    0.298804   1.780986    0.298804   1.780986    0.298804   0.000000    0.000000   1.780986    0.298804   1.780986    0.298804   1.780986    0.298804   0.000000    0.000000
 740.0   0.000000    0.000000   1.781286    0.299882   1.781286    0.299882   1.781286    0.299882   0.000000    0.000000   1.781286    0.299882   1.781286    0.299882   1.781286    0.299882   0.000000    0.000000
 750.0   0.000000    0.000000   1.781586    0.300961   1.781586    0.300961   1.781586    0.300961   0.000000    0.000000   1.781586    0.300961   1.781586    0.300961   1.781586    0.300961   0.000000    0.000000
 760.0   0.000000    0.000000   1.781888    0.302042   1.781888    0.302042   1.781888    0.302042   0.000000    0.000000   1.781888    0.302042   1.781888    0.302042   1.781888    0.302042   0.000000    0.000000
 770.0   0.000000    0.000000   1.782190    0.303124   1.782190    0.303124   1.782190    0.303124   0.000000    0.000000   1.782190    0.303124   1.782190    0.303124   1.782190    0.303124   0.000000    0.000000
 780.0   0.000000    0.000000   1.782494    0.304208   1.782494    0.304208   1.782494    0.304208   0.000000    0.000000   1.782494    0.304208   1.782494    0.304208   1.782494    0.304208   0.000000    0.000000
 790.0   0.000000    0.000000   1.782799    0.305294   1.782799    0.305294   1.782799    0.305294   0.000000    0.000000   1.782799    0.305294   1.782799    0.305294   1.782799    0.305294   0.000000    0.000000
 800.0   0.000000    0.000000   1.783105    0.306382   1.783105    0.306382   1.783105    0.306382   0.000000    0.000000   1.783105    0.306382   1.783105    0.306382   1.783105    0.306382   0.000000    0.000000
 810.0   0.000000    0.000000   1.783411    0.307473   1.783411    0.307473   1.783411    0.307473   0.000000    0.000000   1.783411    0.307473   1.783411    0.307473   1.783411    0.307473   0.000000    0.000000
 820.0   0.000000    0.000000   1.783719    0.308566   1.783719    0.308566   1.783719    0.308566   0.000000    0.000000   1.783719    0.308566   1.783719    0.308566   1.783719    0.308566   0.000000    0.000000
 830.0   0.000000    0.000000   1.784029    0.309661   1.784029    0.309661   1.784029    0.309661   0.000000    0.000000   1.784029    0.309661   1.784029    0.309661   1.784029    0.309661   0.000000    0.000000
 840.0   0.000000    0.000000   1.784339    0.310760   1.784339    0.310760   1.784339    0.310760   0.000000    0.000000   1.784339    0.310760   1.784339    0.310760   1.784339    0.310760   0.000000    0.000000
 850.0   0.000000    0.000000   1.784650    0.311862   1.784650    0.311862   1.784650    0.311862   0.000000    0.000000   1.784650    0.311862   1.784650    0.311862   1.784650    0.311862   0.000000    0.000000
 860.0   0.000000    0.000000   1.784963    0.312966   1.784963    0.312966   1.784963    0.312966   0.000000    0.000000   1.784963    0.312966   1.784963    0.312966   1.784963    0.312966   0.000000    0.000000
 870.0   0.000000    0.000000   1.785276    0.314075   1.785276    0.314075   1.785276    0.314075   0.000000    0.000000   1.785276    0.314075   1.785276    0.314075   1.785276    0.314075   0.000000    0.000000
 880.0   0.000000    0.000000   1.785591    0.315186   1.785591    0.315186   1.785591    0.315186   0.000000    0.000000   1.785591    0.315186   1.785591    0.315186   1.785591    0.315186   0.000000    0.000000
 890.0   0.000000    0.000000   1.785906    0.316302   1.785906    0.316302   1.785906    0.316302   0.000000    0.000000   1.785906    0.316302   1.785906    0.316302   1.785906    0.316302   0.000000    0.000000
 900.0   0.000000    0.000000   1.786223    0.317421   1.786223    0.317421   1.786223    0.317421   0.000000    0.000000   1.786223    0.317421   1.786223    0.317421   1.786223    0.317421   0.000000    0.000000
 910.0   0.000000    0.000000   1.786541    0.318544   1.786541    0.318544   1.786541    0.318544   0.000000    0.000000   1.786541    0.318544   1.786541    0.318544   1.786541    0.318544   0.000000    0.000000
 920.0   0.000000    0.000000   1.786860    0.319672   1.786860    0.319672   1.786860    0.319672   0.000000    0.000000   1.786860    0.319672   1.786860    0.319672   1.786860    0.319672   0.000000    0.000000
 930.0   0.000000    0.000000   1.787181    0.320803   1.787181    0.320803   1.787181    0.320803   0.000000    0.000000   1.787181    0.320803   1.787181    0.320803   1.787181    0.320803   0.000000    0.000000
 940.0   0.000000    0.000000   1.787502    0.321939   1.787502    0.321939   1.787502    0.321939   0.000000    0.000000   1.787502    0.321939   1.787502    0.321939   1.787502    0.321939   0.000000    0.000000
 950.0   0.000000    0.000000   1.787824    0.323080   1.787824    0.323080   1.787824    0.323080   0.000000    0.000000   1.787824    0.323080   1.787824    0.323080   1.787824    0.323080   0.000000    0.000000
 960.0   0.000000    0.000000   1.788148    0.324226   1.788148    0.324226   1.788148    0.324226   0.000000    0.000000   1.788148    0.324226   1.788148    0.324226   1.788148    0.324226   0.000000    0.000000
 970.0   0.000000    0.000000   1.788473    0.325376   1.788473    0.325376   1.788473    0.325376   0.000000    0.000000   1.788473    0.325376   1.788473    0.325376   1.788473    0.325376   0.000000    0.000000
 980.0   0.000000    0.000000   1.788799    0.326534   1.788799    0.326534   1.788799    0.326534   0.000000    0.000000   1.788799    0.326534   1.788799    0.326534   1.788799    0.326534   0.000000    0.000000
 990.0   0.000000    0.000000   1.789126    0.327604   1.789126    0.327604   1.789126    0.327604   0.000000    0.000000   1.789126    0.327604   1.789126    0.327604   1.789126    0.327604   0.000000    0.000000
1000.0   0.000000    0.000000   1.789454    0.328599   1.789454    0.328599   1.789454    0.328599   0.000000    0.000000   1.789454    0.328599   1.789454    0.328599   1.789454    0.328599   0.000000    0.000000
1010.0   0.000000    0.000000   1.789783    0.329614   1.789783    0.329614   1.789783    0.329614   0.000000    0.000000   1.789783    0.329614   1.789783    0.329614   1.789783    0.329614   0.000000    0.000000
1020.0   0.000000    0.000000   1.790113    0.330638   1.790113    0.330638   1.790113    0.330638   0.000000    0.000000   1.790113    0.330638   1.790113    0.330638   1.790113    0.330638   0.000000    0.000000
1030.0   0.000000    0.000000   1.790444    0.331672   1.790444    0.331672   1.790444    0.331672   0.000000    0.000000   1.790444    0.331672   1.790444    0.331672   1.790444    0.331672   0.000000    0.000000
1040.0   0.000000    0.000000   1.790777    0.332718   1.790777    0.332718   1.790777    0.332718   0.000000    0.000000   1.790777    0.332718   1.790777    0.332718   1.790777    0.332718   0.000000    0.000000
1050.0   0.000000    0.000000   1.791110    0.333775   1.791110    0.333775   1.791110    0.333775   0.000000    0.000000   1.791110    0.333775   1.791110    0.333775   1.791110    0.333775   0.000000    0.000000
1060.0   0.000000    0.000000   1.791444    0.334843   1.791444    0.334843   1.791444    0.334843   0.000000    0.000000   1.791444    0.334843   1.791444    0.334843   1.791444    0.334843   0.000000    0.000000
1070.0   0.000000    0.000000   1.791780    0.335924   1.791780    0.335924   1.791780    0.335924   0.000000    0.000000   1.791780    0.335924   1.791780    0.335924   1.791780    0.335924   0.000000    0.000000
1080.0   0.000000    0.000000   1.792116    0.337018   1.792116    0.337018   1.792116    0.337018   0.000000    0.000000   1.792116    0.337018   1.792116    0.337018   1.792116    0.337018   0.000000    0.000000
1090.0   0.000000    0.000000   1.792454    0.338124   1.792454    0.338124   1.792454    0.338124   0.000000    0.000000   1.792454    0.338124   1.792454    0.338124   1.792454    0.338124   0.000000    0.000000
1100.0   0.000000    0.000000   1.792792    0.339244   1.792792    0.339244   1.792792    0.339244   0.000000    0.000000   1.792792    0.339244   1.792792    0.339244   1.792792    0.339244   0.000000    0.000000
1110.0   0.000000    0.000000   1.793132    0.340377   1.793132    0.340377   1.793132    0.340377   0.000000    0.000000   1.793132    0.340377   1.793132    0.340377   1.793132    0.340377   0.000000    0.000000
1120.0   0.000000    0.000000   1.793473    0.341525   1.793473    0.341525   1.793473    0.341525   0.000000    0.000000   1.793473    0.341525   1.793473    0.341525   1.793473    0.341525   0.000000    0.000000
1130.0   0.000000    0.000000   1.793815    0.342687   1.793815    0.342687   1.793815    0.342687   0.000000    0.000000   1.793815    0.342687   1.793815    0.342687   1.793815    0.342687   0.000000    0.000000
1140.0   0.000000    0.000000   1.794158    0.343864   1.794158    0.343864   1.794158    0.343864   0.000000    0.000000   1.794158    0.343864   1.794158    0.343864   1.794158    0.343864   0.000000    0.000000
1150.0   0.000000    0.000000   1.794503    0.345057   1.794503    0.345057   1.794503    0.345057   0.000000    0.000000   1.794503    0.345057   1.794503    0.345057   1.794503    0.345057   0.000000    0.000000
1160.0   0.000000    0.000000   1.794849    0.346265   1.794849    0.346265   1.794849    0.346265   0.000000    0.000000   1.794849    0.346265   1.794849    0.346265   1.794849    0.346265   0.000000    0.000000
1170.0   0.000000    0.000000   1.795195    0.347490   1.795195    0.347490   1.795195    0.347490   0.000000    0.000000   1.795195    0.347490   1.795195    0.347490   1.795195    0.347490   0.000000    0.000000
1180.0   0.000000    0.000000   1.795544    0.348731   1.795544    0.348731   1.795544    0.348731   0.000000    0.000000   1.795544    0.348731   1.795544    0.348731   1.795544    0.348731   0.000000    0.000000
1190.0   0.000000    0.000000   1.795893    0.349990   1.795893    0.349990   1.795893    0.349990   0.000000    0.000000   1.795893    0.349990   1.795893    0.349990   1.795893    0.349990   0.000000    0.000000
1200.0   0.000000    0.000000   1.796244    0.351266   1.796244    0.351266   1.796244    0.351266   0.000000    0.000000   1.796244    0.351266   1.796244    0.351266   1.796244    0.351266   0.000000    0.000000
1210.0   0.000000    0.000000   1.796595    0.352561   1.796595    0.352561   1.796595    0.352561   0.000000    0.000000   1.796595    0.352561   1.796595    0.352561   1.796595    0.352561   0.000000    0.000000
1220.0   0.000000    0.000000   1.796949    0.353874   1.796949    0.353874   1.796949    0.353874   0.000000    0.000000   1.796949    0.353874   1.796949    0.353874   1.796949    0.353874   0.000000    0.000000
1230.0   0.000000    0.000000   1.797303    0.355207   1.797303    0.355207   1.797303    0.355207   0.000000    0.000000   1.797303    0.355207   1.797303    0.355207   1.797303    0.355207   0.000000    0.000000
1240.0   0.000000    0.000000   1.797659    0.356559   1.797659    0.356559   1.797659    0.356559   0.000000    0.000000   1.797659    0.356559   1.797659    0.356559   1.797659    0.356559   0.000000    0.000000
1250.0   0.000000    0.000000   1.798016    0.357932   1.798016    0.357932   1.798016    0.357932   0.000000    0.000000   1.798016    0.357932   1.798016    0.357932   1.798016    0.357932   0.000000    0.000000
1260.0   0.000000    0.000000   1.798375    0.359325   1.798375    0.359325   1.798375    0.359325   0.000000    0.000000   1.798375    0.359325   1.798375    0.359325   1.798375    0.359325   0.000000    0.000000
1270.0   0.000000    0.000000   1.798735    0.360740   1.798735    0.360740   1.798735    0.360740   0.000000    0.000000   1.798735    0.360740   1.798735    0.360740   1.798735    0.360740   0.000000    0.000000
1280.0   0.000000    0.000000   1.799096    0.362177   1.799096    0.362177   1.799096    0.362177   0.000000    0.000000   1.799096    0.362177   1.799096    0.362177   1.799096    0.362177   0.000000    0.000000
1290.0   0.000000    0.000000   1.799459    0.363636   1.799459    0.363636   1.799459    0.363636   0.000000    0.000000   1.799459    0.363636   1.799459    0.363636   1.799459    0.363636   0.000000    0.000000
1300.0   0.000000    0.000000   1.799824    0.365119   1.799824    0.365119   1.799824    0.365119   0.000000    0.000000   1.799824    0.365119   1.799824    0.365119   1.799824    0.365119   0.000000    0.000000
1310.0   0.000000    0.000000   1.800190    0.366625   1.800190    0.366625   1.800190    0.366625   0.000000    0.000000   1.800190    0.366625   1.800190    0.366625   1.800190    0.366625   0.000000    0.000000
1320.0   0.000000    0.000000   1.800557    0.368157   1.800557    0.368157   1.800557    0.368157   0.000000    0.000000   1.800557    0.368157   1.800557    0.368157   1.800557    0.368157   0.000000    0.000000
1330.0   0.000000    0.000000   1.800926    0.369713   1.800926    0.369713   1.800926    0.369713   0.000000    0.000000   1.800926    0.369713   1.800926    0.369713   1.800926    0.369713   0.000000    0.000000
1340.0   0.000000    0.000000   1.801296    0.371296   1.801296    0.371296   1.801296    0.371296   0.000000    0.000000   1.801296    0.371296   1.801296    0.371296   1.801296    0.371296   0.000000    0.000000
1350.0   0.000000    0.000000   1.801669    0.372905   1.801669    0.372905   1.801669    0.372905   0.000000    0.000000   1.801669    0.372905   1.801669    0.372905   1.801669    0.372905   0.000000    0.000000
1360.0   0.000000    0.000000   1.802042    0.374542   1.802042    0.374542   1.802042    0.374542   0.000000    0.000000   1.802042    0.374542   1.802042    0.374542   1.802042    0.374542   0.000000    0.000000
1370.0   0.000000    0.000000   1.802418    0.376207   1.802418    0.376207   1.802418    0.376207   0.000000    0.000000   1.802418    0.376207   1.802418    0.376207   1.802418    0.376207   0.000000    0.000000
1380.0   0.000000    0.000000   1.802795    0.377901   1.802795    0.377901   1.802795    0.377901   0.000000    0.000000   1.802795    0.377901   1.802795    0.377901   1.802795    0.377901   0.000000    0.000000
1390.0   0.000000    0.000000   1.803173    0.379626   1.803173    0.379626   1.803173    0.379626   0.000000    0.000000   1.803173    0.379626   1.803173    0.379626   1.803173    0.379626   0.000000    0.000000
1400.0   0.000000    0.000000   1.803554    0.381381   1.803554    0.381381   1.803554    0.381381   0.000000    0.000000   1.803554    0.381381   1.803554    0.381381   1.803554    0.381381   0.000000    0.000000
1410.0   0.000000    0.000000   1.803936    0.383168   1.803936    0.383168   1.803936    0.383168   0.000000    0.000000   1.803936    0.383168   1.803936    0.383168   1.803936    0.383168   0.000000    0.000000
1420.0   0.000000    0.000000   1.804320    0.384987   1.804320    0.384987   1.804320    0.384987   0.000000    0.000000   1.804320    0.384987   1.804320    0.384987   1.804320    0.384987   0.000000    0.000000
1430.0   0.000000    0.000000   1.804706    0.386841   1.804706    0.386841   1.804706    0.386841   0.000000    0.000000   1.804706    0.386841   1.804706    0.386841   1.804706    0.386841   0.000000    0.000000
1440.0   0.000000    0.000000   1.805094    0.388729   1.805094    0.388729   1.805094    0.388729   0.000000    0.000000   1.805094    0.388729   1.805094    0.388729   1.805094    0.388729   0.000000    0.000000
1450.0   0.000000    0.000000   1.805484    0.390653   1.805484    0.390653   1.805484    0.390653   0.000000    0.000000   1.805484    0.390653   1.805484    0.390653   1.805484    0.390653   0.000000    0.000000
1460.0   0.000000    0.000000   1.805875    0.392614   1.805875    0.392614   1.805875    0.392614   0.000000    0.000000   1.805875    0.392614   1.805875    0.392614   1.805875    0.392614   0.000000    0.000000
1470.0   0.000000    0.000000   1.806269    0.394613   1.806269    0.394613   1.806269    0.394613   0.000000    0.000000   1.806269    0.394613   1.806269    0.394613   1.806269    0.394613   0.000000    0.000000
1480.0   0.000000    0.000000   1.806665    0.396651   1.806665    0.396651   1.806665    0.396651   0.000000    0.000000   1.806665    0.396651   1.806665    0.396651   1.806665    0.396651   0.000000    0.000000
1490.0   0.000000    0.000000   1.807062    0.398730   1.807062    0.398730   1.807062    0.398730   0.000000    0.000000   1.807062    0.398730   1.807062    0.398730   1.807062    0.398730   0.000000    0.000000
1500.0   0.000000    0.000000   1.807462    0.400851   1.807462    0.400851   1.807462    0.400851   0.000000    0.000000   1.807462    0.400851   1.807462    0.400851   1.807462    0.400851   0.000000    0.000000
1510.0   0.000000    0.000000   1.807864    0.403015   1.807864    0.403015   1.807864    0.403015   0.000000    0.000000   1.807864    0.403015   1.807864    0.403015   1.807864    0.403015   0.000000    0.000000
1520.0   0.000000    0.000000   1.808268    0.405223   1.808268    0.405223   1.808268    0.405223   0.000000    0.000000   1.808268    0.405223   1.808268    0.405223   1.808268    0.405223   0.000000    0.000000
1530.0   0.000000    0.000000   1.808674    0.407478   1.808674    0.407478   1.808674    0.407478   0.000000    0.000000   1.808674    0.407478   1.808674    0.407478   1.808674    0.407478   0.000000    0.000000
1540.0   0.000000    0.000000   1.809083    0.409781   1.809083    0.409781   1.809083    0.409781   0.000000    0.000000   1.809083    0.409781   1.809083    0.409781   1.809083    0.409781   0.000000    0.000000
1550.0   0.000000    0.000000   1.809494    0.412133   1.809494    0.412133   1.809494    0.412133   0.000000    0.000000   1.809494    0.412133   1.809494    0.412133   1.809494    0.412133   0.000000    0.000000
1560.0   0.000000    0.000000   1.809907    0.414536   1.809907    0.414536   1.809907    0.414536   0.000000    0.000000   1.809907    0.414536   1.809907    0.414536   1.809907    0.414536   0.000000    0.000000
1570.0   0.000000    0.000000   1.810323    0.416992   1.810323    0.416992   1.810323    0.416992   0.000000    0.000000   1.810323    0.416992   1.810323    0.416992   1.810323    0.416992   0.000000    0.000000
1580.0   0.000000    0.000000   1.810741    0.419502   1.810741    0.419502   1.810741    0.419502   0.000000    0.000000   1.810741    0.419502   1.810741    0.419502   1.810741    0.419502   0.000000    0.000000
1590.0   0.000000    0.000000   1.811162    0.422070   1.811162    0.422070   1.811162    0.422070   0.000000    0.000000   1.811162    0.422070   1.811162    0.422070   1.811162    0.422070   0.000000    0.000000
1600.0   0.000000    0.000000   1.811585    0.424696   1.811585    0.424696   1.811585    0.424696   0.000000    0.000000   1.811585    0.424696   1.811585    0.424696   1.811585    0.424696   0.000000    0.000000
