# T(K)  e1(-6/K)  e2(-6/K)  e3(-6/K)  e4(-6/K)  e5(-6/K)  e6(-6/K)
   0.0    0.0493    0.0493    0.0493    0.0000    0.0000    0.0000
  10.0    0.0360    0.0360    0.0360    0.0000    0.0000    0.0000
  20.0    0.2739    0.2739    0.2739    0.0000    0.0000    0.0000
  30.0    0.8746    0.8746    0.8746    0.0000    0.0000    0.0000
  40.0    1.8841    1.8841    1.8841    0.0000    0.0000    0.0000
  50.0    3.1151    3.1151    3.1151    0.0000    0.0000    0.0000
  60.0    4.3839    4.3839    4.3839    0.0000    0.0000    0.0000
  70.0    5.5808    5.5808    5.5808    0.0000    0.0000    0.0000
  80.0    6.6569    6.6569    6.6569    0.0000    0.0000    0.0000
  90.0    7.6003    7.6003    7.6003    0.0000    0.0000    0.0000
 100.0    8.4169    8.4169    8.4169    0.0000    0.0000    0.0000
 110.0    9.1204    9.1204    9.1204    0.0000    0.0000    0.0000
 120.0    9.7262    9.7262    9.7262    0.0000    0.0000    0.0000
 130.0   10.2491   10.2491   10.2491    0.0000    0.0000    0.0000
 140.0   10.7026   10.7026   10.7026    0.0000    0.0000    0.0000
 150.0   11.0978   11.0978   11.0978    0.0000    0.0000    0.0000
 160.0   11.4445   11.4445   11.4445    0.0000    0.0000    0.0000
 170.0   11.7506   11.7506   11.7506    0.0000    0.0000    0.0000
 180.0   12.0225   12.0225   12.0225    0.0000    0.0000    0.0000
 190.0   12.2658   12.2658   12.2658    0.0000    0.0000    0.0000
 200.0   12.4848   12.4848   12.4848    0.0000    0.0000    0.0000
 210.0   12.6832   12.6832   12.6832    0.0000    0.0000    0.0000
 220.0   12.8641   12.8641   12.8641    0.0000    0.0000    0.0000
 230.0   13.0300   13.0300   13.0300    0.0000    0.0000    0.0000
 240.0   13.1830   13.1830   13.1830    0.0000    0.0000    0.0000
 250.0   13.3249   13.3249   13.3249    0.0000    0.0000    0.0000
 260.0   13.4571   13.4571   13.4571    0.0000    0.0000    0.0000
 270.0   13.5809   13.5809   13.5809    0.0000    0.0000    0.0000
 280.0   13.6974   13.6974   13.6974    0.0000    0.0000    0.0000
 290.0   13.8075   13.8075   13.8075    0.0000    0.0000    0.0000
 300.0   13.9120   13.9120   13.9120    0.0000    0.0000    0.0000
 310.0   14.0115   14.0115   14.0115    0.0000    0.0000    0.0000
 320.0   14.1065   14.1065   14.1065    0.0000    0.0000    0.0000
 330.0   14.1977   14.1977   14.1977    0.0000    0.0000    0.0000
 340.0   14.2854   14.2854   14.2854    0.0000    0.0000    0.0000
 350.0   14.3700   14.3700   14.3700    0.0000    0.0000    0.0000
 360.0   14.4519   14.4519   14.4519    0.0000    0.0000    0.0000
 370.0   14.5312   14.5312   14.5312    0.0000    0.0000    0.0000
 380.0   14.6084   14.6084   14.6084    0.0000    0.0000    0.0000
 390.0   14.6836   14.6836   14.6836    0.0000    0.0000    0.0000
 400.0   14.7569   14.7569   14.7569    0.0000    0.0000    0.0000
 410.0   14.8287   14.8287   14.8287    0.0000    0.0000    0.0000
 420.0   14.8989   14.8989   14.8989    0.0000    0.0000    0.0000
 430.0   14.9679   14.9679   14.9679    0.0000    0.0000    0.0000
 440.0   15.0357   15.0357   15.0357    0.0000    0.0000    0.0000
 450.0   15.1024   15.1024   15.1024    0.0000    0.0000    0.0000
 460.0   15.1681   15.1681   15.1681    0.0000    0.0000    0.0000
 470.0   15.2329   15.2329   15.2329    0.0000    0.0000    0.0000
 480.0   15.2970   15.2970   15.2970    0.0000    0.0000    0.0000
 490.0   15.3603   15.3603   15.3603    0.0000    0.0000    0.0000
 500.0   15.4229   15.4229   15.4229    0.0000    0.0000    0.0000
 510.0   15.4850   15.4850   15.4850    0.0000    0.0000    0.0000
 520.0   15.5465   15.5465   15.5465    0.0000    0.0000    0.0000
 530.0   15.6075   15.6075   15.6075    0.0000    0.0000    0.0000
 540.0   15.6681   15.6681   15.6681    0.0000    0.0000    0.0000
 550.0   15.7283   15.7283   15.7283    0.0000    0.0000    0.0000
 560.0   15.7881   15.7881   15.7881    0.0000    0.0000    0.0000
 570.0   15.8476   15.8476   15.8476    0.0000    0.0000    0.0000
 580.0   15.9069   15.9069   15.9069    0.0000    0.0000    0.0000
 590.0   15.9658   15.9658   15.9658    0.0000    0.0000    0.0000
 600.0   16.0246   16.0246   16.0246    0.0000    0.0000    0.0000
 610.0   16.0831   16.0831   16.0831    0.0000    0.0000    0.0000
 620.0   16.1415   16.1415   16.1415    0.0000    0.0000    0.0000
 630.0   16.1997   16.1997   16.1997    0.0000    0.0000    0.0000
 640.0   16.2577   16.2577   16.2577    0.0000    0.0000    0.0000
 650.0   16.3157   16.3157   16.3157    0.0000    0.0000    0.0000
 660.0   16.3736   16.3736   16.3736    0.0000    0.0000    0.0000
 670.0   16.4314   16.4314   16.4314    0.0000    0.0000    0.0000
 680.0   16.4891   16.4891   16.4891    0.0000    0.0000    0.0000
 690.0   16.5468   16.5468   16.5468    0.0000    0.0000    0.0000
 700.0   16.6045   16.6045   16.6045    0.0000    0.0000    0.0000
 710.0   16.6621   16.6621   16.6621    0.0000    0.0000    0.0000
 720.0   16.7198   16.7198   16.7198    0.0000    0.0000    0.0000
 730.0   16.7775   16.7775   16.7775    0.0000    0.0000    0.0000
 740.0   16.8352   16.8352   16.8352    0.0000    0.0000    0.0000
 750.0   16.8929   16.8929   16.8929    0.0000    0.0000    0.0000
 760.0   16.9507   16.9507   16.9507    0.0000    0.0000    0.0000
 770.0   17.0085   17.0085   17.0085    0.0000    0.0000    0.0000
 780.0   17.0664   17.0664   17.0664    0.0000    0.0000    0.0000
 790.0   17.1244   17.1244   17.1244    0.0000    0.0000    0.0000
 800.0   17.1825   17.1825   17.1825    0.0000    0.0000    0.0000
 810.0   17.2407   17.2407   17.2407    0.0000    0.0000    0.0000
 820.0   17.2990   17.2990   17.2990    0.0000    0.0000    0.0000
 830.0   17.3574   17.3574   17.3574    0.0000    0.0000    0.0000
 840.0   17.4160   17.4160   17.4160    0.0000    0.0000    0.0000
 850.0   17.4747   17.4747   17.4747    0.0000    0.0000    0.0000
 860.0   17.5335   17.5335   17.5335    0.0000    0.0000    0.0000
 870.0   17.5925   17.5925   17.5925    0.0000    0.0000    0.0000
 880.0   17.6517   17.6517   17.6517    0.0000    0.0000    0.0000
 890.0   17.7110   17.7110   17.7110    0.0000    0.0000    0.0000
 900.0   17.7705   17.7705   17.7705    0.0000    0.0000    0.0000
 910.0   17.8302   17.8302   17.8302    0.0000    0.0000    0.0000
 920.0   17.8901   17.8901   17.8901    0.0000    0.0000    0.0000
 930.0   17.9502   17.9502   17.9502    0.0000    0.0000    0.0000
 940.0   18.0106   18.0106   18.0106    0.0000    0.0000    0.0000
 950.0   18.0712   18.0712   18.0712    0.0000    0.0000    0.0000
 960.0   18.1319   18.1319   18.1319    0.0000    0.0000    0.0000
 970.0   18.1930   18.1930   18.1930    0.0000    0.0000    0.0000
 980.0   18.2544   18.2544   18.2544    0.0000    0.0000    0.0000
 990.0   18.3108   18.3108   18.3108    0.0000    0.0000    0.0000
1000.0   18.3631   18.3631   18.3631    0.0000    0.0000    0.0000
1010.0   18.4164   18.4164   18.4164    0.0000    0.0000    0.0000
1020.0   18.4702   18.4702   18.4702    0.0000    0.0000    0.0000
1030.0   18.5246   18.5246   18.5246    0.0000    0.0000    0.0000
1040.0   18.5795   18.5795   18.5795    0.0000    0.0000    0.0000
1050.0   18.6351   18.6351   18.6351    0.0000    0.0000    0.0000
1060.0   18.6913   18.6913   18.6913    0.0000    0.0000    0.0000
1070.0   18.7481   18.7481   18.7481    0.0000    0.0000    0.0000
1080.0   18.8056   18.8056   18.8056    0.0000    0.0000    0.0000
1090.0   18.8638   18.8638   18.8638    0.0000    0.0000    0.0000
1100.0   18.9227   18.9227   18.9227    0.0000    0.0000    0.0000
1110.0   18.9823   18.9823   18.9823    0.0000    0.0000    0.0000
1120.0   19.0427   19.0427   19.0427    0.0000    0.0000    0.0000
1130.0   19.1038   19.1038   19.1038    0.0000    0.0000    0.0000
1140.0   19.1658   19.1658   19.1658    0.0000    0.0000    0.0000
1150.0   19.2286   19.2286   19.2286    0.0000    0.0000    0.0000
1160.0   19.2922   19.2922   19.2922    0.0000    0.0000    0.0000
1170.0   19.3567   19.3567   19.3567    0.0000    0.0000    0.0000
1180.0   19.4221   19.4221   19.4221    0.0000    0.0000    0.0000
1190.0   19.4884   19.4884   19.4884    0.0000    0.0000    0.0000
1200.0   19.5556   19.5556   19.5556    0.0000    0.0000    0.0000
1210.0   19.6238   19.6238   19.6238    0.0000    0.0000    0.0000
1220.0   19.6931   19.6931   19.6931    0.0000    0.0000    0.0000
1230.0   19.7633   19.7633   19.7633    0.0000    0.0000    0.0000
1240.0   19.8346   19.8346   19.8346    0.0000    0.0000    0.0000
1250.0   19.9070   19.9070   19.9070    0.0000    0.0000    0.0000
1260.0   19.9805   19.9805   19.9805    0.0000    0.0000    0.0000
1270.0   20.0552   20.0552   20.0552    0.0000    0.0000    0.0000
1280.0   20.1310   20.1310   20.1310    0.0000    0.0000    0.0000
1290.0   20.2081   20.2081   20.2081    0.0000    0.0000    0.0000
1300.0   20.2864   20.2864   20.2864    0.0000    0.0000    0.0000
1310.0   20.3659   20.3659   20.3659    0.0000    0.0000    0.0000
1320.0   20.4468   20.4468   20.4468    0.0000    0.0000    0.0000
1330.0   20.5291   20.5291   20.5291    0.0000    0.0000    0.0000
1340.0   20.6127   20.6127   20.6127    0.0000    0.0000    0.0000
1350.0   20.6978   20.6978   20.6978    0.0000    0.0000    0.0000
1360.0   20.7843   20.7843   20.7843    0.0000    0.0000    0.0000
1370.0   20.8724   20.8724   20.8724    0.0000    0.0000    0.0000
1380.0   20.9620   20.9620   20.9620    0.0000    0.0000    0.0000
1390.0   21.0532   21.0532   21.0532    0.0000    0.0000    0.0000
1400.0   21.1461   21.1461   21.1461    0.0000    0.0000    0.0000
1410.0   21.2407   21.2407   21.2407    0.0000    0.0000    0.0000
1420.0   21.3370   21.3370   21.3370    0.0000    0.0000    0.0000
1430.0   21.4351   21.4351   21.4351    0.0000    0.0000    0.0000
1440.0   21.5351   21.5351   21.5351    0.0000    0.0000    0.0000
1450.0   21.6370   21.6370   21.6370    0.0000    0.0000    0.0000
1460.0   21.7409   21.7409   21.7409    0.0000    0.0000    0.0000
1470.0   21.8469   21.8469   21.8469    0.0000    0.0000    0.0000
1480.0   21.9549   21.9549   21.9549    0.0000    0.0000    0.0000
1490.0   22.0651   22.0651   22.0651    0.0000    0.0000    0.0000
1500.0   22.1775   22.1775   22.1775    0.0000    0.0000    0.0000
1510.0   22.2923   22.2923   22.2923    0.0000    0.0000    0.0000
1520.0   22.4095   22.4095   22.4095    0.0000    0.0000    0.0000
1530.0   22.5291   22.5291   22.5291    0.0000    0.0000    0.0000
1540.0   22.6513   22.6513   22.6513    0.0000    0.0000    0.0000
1550.0   22.7761   22.7761   22.7761    0.0000    0.0000    0.0000
1560.0   22.9037   22.9037   22.9037    0.0000    0.0000    0.0000
1570.0   23.0341   23.0341   23.0341    0.0000    0.0000    0.0000
1580.0   23.1674   23.1674   23.1674    0.0000    0.0000    0.0000
1590.0   23.3038   23.3038   23.3038    0.0000    0.0000    0.0000
1600.0   23.4433   23.4433   23.4433    0.0000    0.0000    0.0000
