   0.0     0.0000     0.0000     0.0000     0.0000     0.0000     0.0000     0.0000     0.0000     0.0000
  10.0     0.0379     0.0430     0.0478     0.0493     0.0478     0.0519     0.0580     0.0799     0.1261
  20.0     0.0978     0.1250     0.1488     0.1531     0.1294     0.1523     0.1914     0.3466     0.6055
  30.0     0.2092     0.2904     0.3624     0.3864     0.3194     0.4063     0.5609     1.0620     1.7882
  40.0     0.4145     0.5945     0.7576     0.8374     0.7355     0.9517     1.3289     2.3463     3.6747
  50.0     0.7532     1.0760     1.3710     1.5448     1.4409     1.8323     2.4958     4.0686     5.9714
  60.0     1.2425     1.7393     2.1929     2.4865     2.4146     2.9960     3.9560     6.0367     8.4193
  70.0     1.8767     2.5628     3.1859     3.6104     3.5932     4.3572     5.5920     8.1028    10.8657
  80.0     2.6362     3.5138     4.3050     4.8598     4.9085     5.8369     7.3119    10.1748    13.2342
  90.0     3.4960     4.5583     5.5086     6.1862     6.3032     7.3747     9.0537    12.2013    15.4921
 100.0     4.4312     5.6661     6.7623     7.5519     7.7348     8.9287    10.7788    14.1564    17.6290
 110.0     5.4194     6.8123     8.0400     8.9297     9.1735    10.4712    12.4643    16.0285    19.6458
 120.0     6.4420     7.9776     9.3224    10.3004    10.5994    11.9851    14.0978    17.8146    21.5482
 130.0     7.4842     9.1475    10.5958    11.6515    11.9997    13.4602    15.6734    19.5160    23.3445
 140.0     8.5341    10.3115    11.8510    12.9748    13.3667    14.8910    17.1891    21.1363    25.0430
 150.0     9.5831    11.4618    13.0818    14.2652    14.6959    16.2748    18.6451    22.6801    26.6521
 160.0    10.6245    12.5933    14.2842    15.5201    15.9850    17.6110    20.0433    24.1526    28.1797
 170.0    11.6535    13.7024    15.4561    16.7380    17.2335    18.9003    21.3859    25.5587    29.6328
 180.0    12.6666    14.7869    16.5962    17.9190    18.4415    20.1440    22.6759    26.9034    31.0178
 190.0    13.6615    15.8456    17.7043    19.0632    19.6100    21.3438    23.9162    28.1910    32.3406
 200.0    14.6367    16.8779    18.7807    20.1718    20.7403    22.5017    25.1098    29.4259    33.6062
 210.0    15.5912    17.8836    19.8258    21.2457    21.8338    23.6197    26.2593    30.6119    34.8192
 220.0    16.5244    18.8629    20.8406    22.2864    22.8922    24.7000    27.3677    31.7523    35.9837
 230.0    17.4363    19.8164    21.8260    23.2951    23.9170    25.7446    28.4373    32.8506    37.1035
 240.0    18.3269    20.7447    22.7832    24.2734    24.9100    26.7553    29.4707    33.9095    38.1818
 250.0    19.1965    21.6485    23.7133    25.2227    25.8727    27.7341    30.4699    34.9316    39.2215
 260.0    20.0455    22.5286    24.6174    26.1442    26.8066    28.6827    31.4370    35.9195    40.2253
 270.0    20.8743    23.3859    25.4966    27.0394    27.7132    29.6027    32.3739    36.8752    41.1956
 280.0    21.6836    24.2213    26.3520    27.9095    28.5938    30.4957    33.2823    37.8008    42.1346
 290.0    22.4739    25.0355    27.1846    28.7558    29.4498    31.3631    34.1639    38.6981    43.0442
 300.0    23.2458    25.8295    27.9956    29.5793    30.2825    32.2063    35.0202    39.5688    43.9263
 310.0    23.9999    26.6040    28.7858    30.3811    31.0929    33.0265    35.8525    40.4143    44.7825
 320.0    24.7368    27.3598    29.5563    31.1623    31.8821    33.8248    36.6621    41.2361    45.6142
 330.0    25.4573    28.0977    30.3078    31.9239    32.6512    34.6024    37.4502    42.0356    46.4230
 340.0    26.1617    28.8184    31.0411    32.6667    33.4011    35.3603    38.2178    42.8138    47.2099
 350.0    26.8508    29.5227    31.7572    33.3916    34.1327    36.0994    38.9661    43.5719    47.9762
 360.0    27.5251    30.2111    32.4568    34.0995    34.8469    36.8207    39.6960    44.3109    48.7230
 370.0    28.1851    30.8843    33.1404    34.7909    35.5444    37.5249    40.4082    45.0318    49.4512
 380.0    28.8314    31.5430    33.8089    35.4668    36.2259    38.2128    41.1037    45.7354    50.1617
 390.0    29.4644    32.1877    34.4628    36.1277    36.8923    38.8851    41.7833    46.4225    50.8555
 400.0    30.0846    32.8189    35.1028    36.7742    37.5440    39.5426    42.4476    47.0940    51.5333
 410.0    30.6926    33.4373    35.7293    37.4071    38.1818    40.1858    43.0973    47.7505    52.1957
 420.0    31.2887    34.0431    36.3430    38.0267    38.8062    40.8154    43.7330    48.3927    52.8437
 430.0    31.8733    34.6370    36.9443    38.6337    39.4178    41.4319    44.3554    49.0212    53.4776
 440.0    32.4469    35.2194    37.5338    39.2285    40.0170    42.0359    44.9650    49.6365    54.0982
 450.0    33.0099    35.7907    38.1118    39.8117    40.6044    42.6278    45.5623    50.2393    54.7061
 460.0    33.5626    36.3513    38.6787    40.3837    41.1804    43.2082    46.1478    50.8300    55.3017
 470.0    34.1054    36.9015    39.2351    40.9448    41.7454    43.7774    46.7219    51.4092    55.8855
 480.0    34.6385    37.4419    39.7813    41.4955    42.2999    44.3359    47.2851    51.9772    56.4581
 490.0    35.1624    37.9726    40.3176    42.0362    42.8443    44.8841    47.8379    52.5346    57.0198
 500.0    35.6774    38.4940    40.8444    42.5672    43.3788    45.4224    48.3805    53.0816    57.5710
 510.0    36.1836    39.0065    41.3620    43.0888    43.9039    45.9511    48.9134    53.6188    58.1122
 520.0    36.6815    39.5104    41.8708    43.6015    44.4199    46.4706    49.4369    54.1464    58.6438
 530.0    37.1713    40.0058    42.3710    44.1055    44.9270    46.9812    49.9514    54.6647    59.1660
 540.0    37.6532    40.4932    42.8629    44.6010    45.4257    47.4831    50.4571    55.1742    59.6792
 550.0    38.1275    40.9727    43.3468    45.0884    45.9161    47.9767    50.9544    55.6751    60.1837
 560.0    38.5944    41.4447    43.8230    45.5680    46.3986    48.4623    51.4435    56.1678    60.6798
 570.0    39.0542    41.9093    44.2917    46.0399    46.8734    48.9401    51.9247    56.6524    61.1679
 580.0    39.5070    42.3667    44.7531    46.5045    47.3408    49.4103    52.3982    57.1292    61.6480
 590.0    39.9531    42.8173    45.2074    46.9619    47.8009    49.8733    52.8644    57.5986    62.1207
 600.0    40.3927    43.2612    45.6549    47.4124    48.2540    50.3292    53.3234    58.0607    62.5859
 610.0    40.8259    43.6985    46.0958    47.8562    48.7004    50.7782    53.7755    58.5158    63.0441
 620.0    41.2529    44.1296    46.5303    48.2935    49.1402    51.2206    54.2209    58.9641    63.4954
 630.0    41.6740    44.5545    46.9586    48.7245    49.5736    51.6566    54.6597    59.4057    63.9400
 640.0    42.0893    44.9735    47.3808    49.1493    50.0008    52.0863    55.0922    59.8410    64.3781
 650.0    42.4989    45.3867    47.7971    49.5682    50.4220    52.5099    55.5185    60.2700    64.8100
 660.0    42.9031    45.7943    48.2077    49.9813    50.8374    52.9276    55.9389    60.6930    65.2357
 670.0    43.3019    46.1965    48.6128    50.3888    51.2471    53.3396    56.3535    61.1102    65.6556
 680.0    43.6955    46.5933    49.0124    50.7908    51.6513    53.7460    56.7625    61.5216    66.0696
 690.0    44.0840    46.9850    49.4068    51.1875    52.0501    54.1470    57.1660    61.9275    66.4782
 700.0    44.4676    47.3716    49.7961    51.5790    52.4437    54.5428    57.5641    62.3281    66.8812
 710.0    44.8464    47.7534    50.1804    51.9655    52.8322    54.9334    57.9571    62.7233    67.2790
 720.0    45.2206    48.1303    50.5599    52.3471    53.2157    55.3190    58.3450    63.1135    67.6717
 730.0    45.5902    48.5027    50.9347    52.7239    53.5945    55.6997    58.7281    63.4988    68.0593
 740.0    45.9553    48.8705    51.3048    53.0961    53.9686    56.0758    59.1063    63.8792    68.4421
 750.0    46.3162    49.2339    51.6705    53.4637    54.3381    56.4472    59.4799    64.2549    68.8202
 760.0    46.6728    49.5930    52.0319    53.8270    54.7031    56.8141    59.8490    64.6261    69.1936
 770.0    47.0253    49.9479    52.3890    54.1859    55.0638    57.1767    60.2136    64.9927    69.5625
 780.0    47.3738    50.2988    52.7419    54.5407    55.4203    57.5350    60.5739    65.3551    69.9271
 790.0    47.7184    50.6456    53.0908    54.8913    55.7727    57.8891    60.9301    65.7131    70.2874
 800.0    48.0591    50.9886    53.4357    55.2380    56.1210    58.2391    61.2821    66.0671    70.6435
 810.0    48.3962    51.3278    53.7768    55.5808    56.4654    58.5852    61.6301    66.4170    70.9955
 820.0    48.7296    51.6632    54.1142    55.9197    56.8060    58.9275    61.9743    66.7630    71.3436
 830.0    49.0594    51.9951    54.4478    56.2550    57.1428    59.2659    62.3146    67.1051    71.6877
 840.0    49.3857    52.3234    54.7779    56.5866    57.4759    59.6007    62.6512    67.4435    72.0282
 850.0    49.7087    52.6482    55.1045    56.9147    57.8055    59.9319    62.9841    67.7782    72.3649
 860.0    50.0283    52.9697    55.4276    57.2394    58.1316    60.2595    63.3135    68.1093    72.6980
 870.0    50.3447    53.2879    55.7474    57.5607    58.4543    60.5837    63.6395    68.4370    73.0276
 880.0    50.6579    53.6028    56.0640    57.8786    58.7737    60.9046    63.9620    68.7612    73.3537
 890.0    50.9681    53.9146    56.3773    58.1933    59.0898    61.2221    64.2813    69.0821    73.6765
 900.0    51.2751    54.2233    56.6875    58.5049    59.4027    61.5365    64.5973    69.3997    73.9959
 910.0    51.5792    54.5290    56.9947    58.8134    59.7126    61.8477    64.9101    69.7141    74.3122
 920.0    51.8804    54.8318    57.2989    59.1189    60.0193    62.1559    65.2199    70.0254    74.6253
 930.0    52.1788    55.1316    57.6001    59.4214    60.3231    62.4610    65.5266    70.3336    74.9354
 940.0    52.4743    55.4287    57.8985    59.7210    60.6240    62.7632    65.8303    70.6389    75.2424
 950.0    52.7671    55.7229    58.1941    60.0178    60.9220    63.0625    66.1311    70.9412    75.5465
 960.0    53.0573    56.0145    58.4869    60.3118    61.2172    63.3590    66.4291    71.2407    75.8476
 970.0    53.3448    56.3033    58.7770    60.6031    61.5097    63.6528    66.7244    71.5373    76.1460
 980.0    53.6298    56.5896    59.0645    60.8918    61.7995    63.9438    67.0168    71.8312    76.4416
 990.0    53.9122    56.8734    59.3495    61.1778    62.0867    64.2322    67.3067    72.1224    76.7345
1000.0    54.1922    57.1546    59.6319    61.4613    62.3713    64.5180    67.5939    72.4110    77.0247
1010.0    54.4697    57.4334    59.9118    61.7423    62.6534    64.8013    67.8785    72.6970    77.3124
1020.0    54.7449    57.7098    60.1893    62.0208    62.9330    65.0821    68.1607    72.9805    77.5975
1030.0    55.0178    57.9838    60.4644    62.2970    63.2102    65.3604    68.4404    73.2615    77.8800
1040.0    55.2884    58.2555    60.7372    62.5708    63.4850    65.6364    68.7176    73.5401    78.1602
1050.0    55.5567    58.5250    61.0077    62.8423    63.7575    65.9100    68.9925    73.8163    78.4379
1060.0    55.8228    58.7922    61.2759    63.1115    64.0277    66.1813    69.2651    74.0901    78.7133
1070.0    56.0868    59.0573    61.5420    63.3785    64.2957    66.4503    69.5355    74.3617    78.9864
1080.0    56.3487    59.3202    61.8059    63.6433    64.5615    66.7172    69.8036    74.6310    79.2572
1090.0    56.6084    59.5810    62.0676    63.9060    64.8252    66.9819    70.0695    74.8981    79.5258
1100.0    56.8662    59.8398    62.3273    64.1666    65.0867    67.2444    70.3332    75.1631    79.7922
1110.0    57.1219    60.0965    62.5849    64.4251    65.3461    67.5049    70.5949    75.4259    80.0565
1120.0    57.3757    60.3512    62.8406    64.6816    65.6035    67.7633    70.8545    75.6867    80.3187
1130.0    57.6275    60.6040    63.0942    64.9361    65.8590    68.0197    71.1120    75.9454    80.5788
1140.0    57.8774    60.8549    63.3460    65.1887    66.1124    68.2741    71.3676    76.2021    80.8369
1150.0    58.1254    61.1039    63.5958    65.4393    66.3639    68.5266    71.6212    76.4568    81.0931
1160.0    58.3717    61.3510    63.8437    65.6881    66.6136    68.7772    71.8729    76.7096    81.3472
1170.0    58.6160    61.5963    64.0898    65.9350    66.8614    69.0259    72.1227    76.9605    81.5995
1180.0    58.8587    61.8398    64.3341    66.1802    67.1073    69.2727    72.3707    77.2095    81.8498
1190.0    59.0995    62.0815    64.5767    66.4235    67.3515    69.5178    72.6168    77.4567    82.0984
1200.0    59.3387    62.3215    64.8175    66.6651    67.5938    69.7611    72.8611    77.7021    82.3451
1210.0    59.5761    62.5598    65.0565    66.9049    67.8345    70.0026    73.1037    77.9457    82.5900
1220.0    59.8119    62.7965    65.2939    67.1431    68.0734    70.2424    73.3446    78.1876    82.8331
1230.0    60.0460    63.0314    65.5297    67.3795    68.3107    70.4806    73.5837    78.4277    83.0746
1240.0    60.2786    63.2648    65.7638    67.6144    68.5463    70.7170    73.8212    78.6662    83.3143
1250.0    60.5095    63.4966    65.9962    67.8476    68.7803    70.9519    74.0571    78.9030    83.5524
1260.0    60.7389    63.7267    66.2271    68.0792    69.0127    71.1851    74.2913    79.1382    83.7888
1270.0    60.9667    63.9554    66.4565    68.3093    69.2436    71.4168    74.5239    79.3718    84.0237
1280.0    61.1930    64.1825    66.6843    68.5379    69.4729    71.6469    74.7550    79.6039    84.2569
1290.0    61.4178    64.4081    66.9106    68.7649    69.7006    71.8754    74.9845    79.8343    84.4886
1300.0    61.6411    64.6322    67.1354    68.9904    69.9269    72.1025    75.2125    80.0633    84.7187
1310.0    61.8630    64.8549    67.3588    69.2145    70.1517    72.3281    75.4390    80.2907    84.9473
1320.0    62.0835    65.0761    67.5807    69.4371    70.3751    72.5522    75.6641    80.5167    85.1745
1330.0    62.3025    65.2959    67.8012    69.6583    70.5970    72.7749    75.8877    80.7412    85.4002
1340.0    62.5202    65.5144    68.0203    69.8781    70.8175    72.9962    76.1099    80.9643    85.6244
1350.0    62.7364    65.7314    68.2380    70.0965    71.0366    73.2161    76.3307    81.1860    85.8472
1360.0    62.9514    65.9471    68.4544    70.3136    71.2544    73.4346    76.5501    81.4062    86.0686
1370.0    63.1649    66.1615    68.6694    70.5293    71.4708    73.6517    76.7681    81.6252    86.2887
1380.0    63.3772    66.3745    68.8831    70.7436    71.6859    73.8676    76.9849    81.8427    86.5074
1390.0    63.5882    66.5863    69.0955    70.9567    71.8997    74.0821    77.2002    82.0590    86.7247
1400.0    63.7979    66.7967    69.3067    71.1685    72.1122    74.2953    77.4143    82.2739    86.9407
1410.0    64.0063    67.0059    69.5165    71.3791    72.3234    74.5073    77.6271    82.4876    87.1555
1420.0    64.2135    67.2139    69.7251    71.5883    72.5334    74.7180    77.8387    82.6999    87.3689
1430.0    64.4195    67.4206    69.9325    71.7964    72.7421    74.9274    78.0490    82.9111    87.5811
1440.0    64.6242    67.6261    70.1387    72.0032    72.9496    75.1356    78.2581    83.1210    87.7921
1450.0    64.8277    67.8304    70.3436    72.2089    73.1560    75.3427    78.4659    83.3296    88.0018
1460.0    65.0301    68.0335    70.5474    72.4133    73.3611    75.5485    78.6726    83.5371    88.2104
1470.0    65.2313    68.2355    70.7500    72.6166    73.5651    75.7532    78.8781    83.7434    88.4177
1480.0    65.4313    68.4363    70.9515    72.8187    73.7679    75.9567    79.0824    83.9485    88.6239
1490.0    65.6302    68.6360    71.1518    73.0197    73.9696    76.1591    79.2856    84.1525    88.8289
1500.0    65.8280    68.8345    71.3510    73.2196    74.1701    76.3603    79.4877    84.3554    89.0327
1510.0    66.0246    69.0320    71.5491    73.4184    74.3696    76.5605    79.6886    84.5571    89.2355
1520.0    66.2202    69.2283    71.7461    73.6160    74.5679    76.7595    79.8885    84.7577    89.4371
1530.0    66.4147    69.4236    71.9420    73.8126    74.7652    76.9575    80.0872    84.9572    89.6377
1540.0    66.6081    69.6178    72.1369    74.0081    74.9614    77.1544    80.2849    85.1557    89.8371
1550.0    66.8004    69.8109    72.3307    74.2026    75.1566    77.3502    80.4815    85.3531    90.0355
1560.0    66.9917    70.0030    72.5234    74.3960    75.3507    77.5450    80.6771    85.5494    90.2328
1570.0    67.1820    70.1940    72.7152    74.5884    75.5438    77.7387    80.8717    85.7447    90.4291
1580.0    67.3712    70.3841    72.9059    74.7798    75.7359    77.9315    81.0652    85.9390    90.6244
1590.0    67.5594    70.5731    73.0956    74.9702    75.9270    78.1232    81.2577    86.1323    90.8187
1600.0    67.7466    70.7611    73.2843    75.1596    76.1171    78.3140    81.4493    86.3246    91.0119
