#Found quasiharmonic mode : None
#T(K), volume, F(eV), S(J/K), H(J/K), a(-6/K), Cp(J/mol), Cv, Cpion, Bt(GPa), T_ph-D(K), T-D(K), F_el_atom, S_el_atom, C_el_atom, M_el, Seebeck_coefficients(μV/K), Lorenz_number(WΩK^{−2}), Q_el, Q_p, Q_e, C_mu, W_p, W_e, Y_p, Y_e
0.0 12.609777142015114 -7.528174402709048 0.0 -726358.4075026652 0.0 0.0 0.0 0.0 168.3439722572535 400.0 400.0 0.0 0.0 0.0 0.0 0.0 2.443004551768e-08 0.0 0.0 0.0 0.0 0.0 0.0 0.0 0.0 0.0
0.28 12.609777142071726 -7.528174402713404 4.4841163301254495e-06 -726358.4075018299 3.974967942598512e-12 1.345233985931796e-05 1.3452339859267059e-05 1.3452339359800622e-05 168.3439722306018 146.92884533548792 400.0 -8.447842365057102e-14 3.210208876534858e-12 4.995173395962868e-13 1.4735905602460972 -781.6086894679083 1.4851832121158837e-08 3.003876889918228e-14 5.996047591838328e-15 2.404272130734395e-14 3.572308236051945e-11 3.974967942598512e-12 5.996047591838326e-15 2.404272130734396e-14 5.996398241299229e-15 2.404293634884778e-14
0.8 12.609777145872563 -7.528174402995647 0.00010458573294014227 -726358.4074466492 5.071219536375576e-10 0.0003137571904211036 0.00031375718805402213 0.0003137571899184824 168.34397206981413 146.92884512972648 400.0 -8.304827051228143e-14 3.756341955014456e-12 5.026212213015764e-13 1.4731445892477624 -911.9923466571164 1.4851704392529859e-08 3.0225682597120085e-14 6.025496989894325e-15 2.420018560722576e-14 4.952115515811549e-11 5.071219536375576e-10 6.025496989894325e-15 2.4200185607225753e-14 6.0255403666832695e-15 2.4200212301076375e-14
1.56 12.609777197785318 -7.528174406852523 0.0007754965759945719 -726358.4066926751 3.761704630467176e-09 0.002326450514216203 0.0023264502602403842 0.0023264505137149906 168.3439690849839 146.92926610496914 400.0 -8.453162999658826e-14 4.080696306571299e-12 5.012120604794325e-13 1.472415568991012 -995.5611812836872 1.4851691001166662e-08 3.014096833105748e-14 6.0404006044372424e-15 2.410056772662024e-14 5.91728191117085e-11 3.761704630467176e-09 6.0404006044372424e-15 2.4100567726620233e-14 6.040412068345956e-15 2.4100574691899866e-14
2.56 12.609777546277465 -7.528174432747053 0.0034240057255547542 -726358.4016354374 1.6674300677973377e-08 0.010248745779630069 0.010248737590579156 0.01024874577912733 168.34394947546008 147.083789469656 400.0 -8.447852714230579e-14 4.340944718553975e-12 5.027380419704362e-13 1.4713852002226335 -1057.2225635045934 1.4851687722963858e-08 3.0232741670397915e-14 6.087291010589774e-15 2.414545065980814e-14 6.71738582035438e-11 1.6674300677973377e-08 6.087291010589774e-15 2.4145450659808135e-14 6.087295333892164e-15 2.4145453255512415e-14
3.8 12.60977909054204 -7.528174547773736 0.011108016523879079 -726358.379288817 5.36666909303376e-08 0.032886627778403 0.03288650185936143 0.03288662777789844 168.34386247999512 148.02191146172262 400.0 -8.29970278579993e-14 4.557629356053946e-12 5.045612222933356e-13 1.4700390505250298 -1105.3342080153973 1.4851686106669013e-08 3.0342384059130413e-14 5.9446885481421476e-15 2.4397695510988262e-14 7.410794405656587e-11 5.36666909303376e-08 5.9446885481421476e-15 2.4397695510988262e-14 5.944690419366134e-15 2.4397696714050945e-14
5.29 12.609784237215969 -7.528174936229517 0.029408542257340617 -726358.3034083763 1.3625753674361998e-07 0.0861228261335338 0.08612169614419565 0.08612282613303128 168.34357251639133 149.49722009644825 400.0 -8.445866208055373e-14 4.704500195005501e-12 5.025262567175809e-13 1.468332112431414 -1147.4404477584553 1.4851686492101863e-08 3.022000822041652e-14 6.0407881655188555e-15 2.4179220054897663e-14 7.956396916683418e-11 1.3625753674361998e-07 6.0407881655188555e-15 2.4179220054897663e-14 6.040789162457909e-15 2.4179220665478206e-14
7.01 12.609797575727317 -7.528175979029602 0.06693141907072817 -726358.0904052297 2.821567206355228e-07 0.19498258105056313 0.1949761601647926 0.19498258105006747 168.34282110364245 150.87079060954846 400.0 -8.458366266702528e-14 4.7836877999702204e-12 4.956398930131167e-13 1.4662635092168694 -1183.0962806807086 1.4851777561728411e-08 2.9805705862945015e-14 5.914848765238879e-15 2.3890857097706138e-14 8.364728241511497e-11 2.821567206355228e-07 5.914848765238879e-15 2.3890857097706138e-14 5.9148493094094504e-15 2.3890857436740304e-14
8.98 12.609826420745414 -7.528178384848698 0.1370189316847783 -726357.5612907254 4.988417496143053e-07 0.39185011004253717 0.39182440047016964 0.39185011004203757 168.3411960896558 153.14534386724094 400.0 -8.449103957162661e-14 4.942429140855606e-12 4.995614356904533e-13 1.463777974175596 -1213.3687210098399 1.4852540638970869e-08 3.003998756354968e-14 6.015271255768361e-15 2.4024716307781322e-14 8.88004499996669e-11 4.988417496143053e-07 6.015271255768361e-15 2.4024716307781325e-14 6.015271598539882e-15 2.4024716516366927e-14
11.19 12.609879458510536 -7.528183252502492 0.25377847483984456 -726356.4215967914 7.723828845103562e-07 0.6920410102032569 0.691964206454785 0.6920410102027611 168.3382081944874 157.80707857693906 400.0 -8.457871118484058e-14 5.015715211879064e-12 4.958140345343966e-13 1.4608294888961655 -1240.7123033227206 1.4855047999484514e-08 2.980961377400876e-14 5.953520137824149e-15 2.3856093636184606e-14 9.234669768162342e-11 7.723828845103562e-07 5.953520137824149e-15 2.385609363618461e-14 5.953520353843612e-15 2.3856093768779657e-14
13.64 12.609965172473284 -7.528192144303695 0.42750568526274374 -726354.2881287701 1.0739970959020413e-06 1.0817428832626903 1.0815618751145868 1.0817428832621978 168.33337924318147 165.48135809947394 400.0 -8.453753784699654e-14 5.079159677343945e-12 4.924283486309882e-13 1.457379173450163 -1265.1680553358906 1.4859201483458673e-08 2.959778207293481e-14 5.917489198859931e-15 2.3680292874074876e-14 9.554272841449409e-11 1.0739970959020413e-06 5.917489198859931e-15 2.3680292874074882e-14 5.917489342250731e-15 2.3680292962055024e-14
16.34 12.610090469608522 -7.5282071357616 0.6620125066568754 -726350.7484777531 1.371275856553416e-06 1.5276312734186088 1.527277793004528 1.5276312734180992 168.3263202104179 176.11521441335023 400.0 -8.468800370670654e-14 5.340937996017478e-12 5.095611581637157e-13 1.4534457377209047 -1283.1822511237074 1.4863934576343939e-08 3.061781000470994e-14 5.892466426602931e-15 2.4725343578107e-14 1.0226102574969572e-10 1.371275856553416e-06 5.892466426602931e-15 2.4725343578107e-14 5.892466525424963e-15 2.472534364515719e-14
19.27 12.610257673041255 -7.528230496289763 0.9514900911491192 -726345.4844963737 1.6347868199152512e-06 1.9891214414575804 1.9885289950552418 1.9891214414570841 168.31690001256618 189.29255205482474 400.0 -8.604241320889263e-14 5.2828811981929885e-12 4.961933235113393e-13 1.448878922871013 -1305.1787951631143 1.4871993712951543e-08 2.979842541427448e-14 6.002822155902737e-15 2.3795603258371737e-14 1.0295662323191375e-10 1.6347868199152512e-06 6.002822155902737e-15 2.3795603258371737e-14 6.00282222937217e-15 2.379560330281552e-14
22.45 12.610468024513414 -7.528265025768382 1.2897746980481106 -726338.1958566715 1.8506686355381469e-06 2.4431228288252784 2.4422383337177136 2.4431228288247784 168.30504840994638 204.72464500091164 400.0 -8.474345743582133e-14 5.394531998181382e-12 5.001516648942524e-13 1.4438118624262541 -1321.588846410071 1.4886235372265655e-08 3.000740432861198e-14 6.053051855206144e-15 2.3954352473405843e-14 1.0673270584505886e-10 1.8506686355381469e-06 6.053051855206144e-15 2.395435247340585e-14 6.053051909953476e-15 2.3954352506623845e-14
25.87 12.610718703451225 -7.528313452042619 1.6668367820532415 -726328.702656244 2.013660247468188e-06 2.876570448586628 2.875363850125796 2.8765704485861328 168.29092402269703 221.97675694854604 400.0 -8.761440127854724e-14 5.403847449540682e-12 4.951879155443143e-13 1.4381711254069216 -1337.6927905392708 1.4912210538182264e-08 2.965784587367346e-14 6.042922800577133e-15 2.3614923073096328e-14 1.0848769976525812e-10 2.013660247468188e-06 6.042922800577133e-15 2.3614923073096328e-14 6.042922841354463e-15 2.3614923097424404e-14
29.53 12.611006034537443 -7.528378652074042 2.0747456564632696 -726316.8473312466 2.127747212143301e-06 3.2902852061727574 3.288747527593617 3.290285206172241 168.27473364602795 240.63342855536413 400.0 -8.514107442938759e-14 5.682000778080224e-12 5.161961979295502e-13 1.4321370283332573 -1347.5558899240884 1.4942320427358147e-08 3.0853777898739735e-14 6.137355236065554e-15 2.471642266267419e-14 1.1538769402897309e-10 2.127747212143301e-06 6.137355236065554e-15 2.471642266267419e-14 6.137355267996416e-15 2.4716422683247496e-14
33.43 12.611325913011083 -7.528463561489659 2.507675643290866 -726302.4754868926 2.201490934417362e-06 3.6926060454503475 3.6907426856214376 3.6926060454498395 168.2567082091758 260.2576277189554 400.0 -8.64942241627061e-14 5.6432228276700294e-12 5.080835115972828e-13 1.4254687154808585 -1360.681420798773 1.4986785113802256e-08 3.027876894415599e-14 6.073392105578402e-15 2.4205376838577584e-14 1.1609265773428748e-10 2.201490934417362e-06 6.073392105578402e-15 2.4205376838577584e-14 6.073392129611276e-15 2.420537685398255e-14
37.58 12.611675364381117 -7.528571466793378 2.963111095109546 -726285.3646477604 2.245184804395772e-06 4.095916850934829 4.093738395332831 4.095916850934326 168.23701499557924 280.45931508600654 400.0 -8.654680244887973e-14 5.6444813118793045e-12 5.044294489017226e-13 1.4183122529832615 -1371.8634198434688 1.5038025662764056e-08 2.995857860226917e-14 6.0880619948808585e-15 2.3870516607388315e-14 1.174883708146461e-10 2.245184804395772e-06 6.0880619948808585e-15 2.387051660738832e-14 6.088062013610693e-15 2.387051661922555e-14
41.96 12.612049603675718 -7.528704954382266 3.4371303748556965 -726265.3759665334 2.26858547736211e-06 4.509619000082646 4.507135912942777 4.509619000082135 168.21592344165936 300.7329474011442 400.0 -8.773913226213745e-14 5.750792945425278e-12 5.104591393407322e-13 1.4107668105456856 -1380.1803828865284 1.5077862037248952e-08 3.02365900342453e-14 6.132949253136607e-15 2.41036407811087e-14 1.2092058238521085e-10 2.26858547736211e-06 6.132949253136607e-15 2.4103640781108697e-14 6.1329492680000275e-15 2.410364079085632e-14
46.59 12.612448187841215 -7.528867878150488 3.9315404299189587 -726242.1472423197 2.280524219272121e-06 4.944999533507261 4.942213643311125 4.944999533506747 168.19345813036415 320.8199590354867 400.0 -8.814416388645787e-14 5.828319497321264e-12 5.13714614830344e-13 1.4027429180943065 -1387.7024017981 1.510887567158122e-08 3.0366963443154975e-14 6.152613086529324e-15 2.4214350356625645e-14 1.2375281050188506e-10 2.280524219272121e-06 6.152613086529324e-15 2.4214350356625645e-14 6.152613098293532e-15 2.4214350364651545e-14
51.46 12.612869134517826 -7.529063372154189 4.445749665665214 -726215.401737029 2.28797210081637e-06 5.407756540914346 5.404659646773269 5.407756540913828 168.16973048786116 340.3946679109652 400.0 -8.701900454604742e-14 5.9087277431169044e-12 5.173346484299138e-13 1.3942750876754288 -1394.2685336656218 1.513537893797355e-08 3.0527403028667235e-14 6.2425141032219294e-15 2.428488892544531e-14 1.2660230043937768e-10 2.28797210081637e-06 6.2425141032219294e-15 2.428488892544531e-14 6.242514112797494e-15 2.4284888932088958e-14
56.57 12.613312294405265 -7.52929504662481 4.980681080679262 -726184.7760743317 2.2963118991554064e-06 5.90173229635434 5.898303404404944 5.901732296353822 168.14474859823605 359.25399338882346 400.0 -8.68276829411279e-14 5.956170427202457e-12 5.182857620210111e-13 1.3853272599410937 -1400.6833839292115 1.516284590053588e-08 3.052812631057419e-14 6.389402922908365e-15 2.4138723387665817e-14 1.2871973912093725e-10 2.2963118991554064e-06 6.389402922908365e-15 2.4138723387665817e-14 6.389402930879707e-15 2.4138723393132532e-14
61.92 12.613778409361668 -7.529566721437847 5.537364466614132 -726149.8722298575 2.309469481069139e-06 6.42829711327572 6.424501259783857 6.428297113275207 168.11847030795045 377.2611282365232 400.0 -8.856748474359388e-14 5.939012426125944e-12 5.130495148308046e-13 1.3759042404731865 -1406.7751448810184 1.5175234024177818e-08 3.019503079244214e-14 6.4388575518348095e-15 2.375617324060734e-14 1.2946949220755503e-10 2.309469481069139e-06 6.4388575518348095e-15 2.3756173240607334e-14 6.438857558299198e-15 2.3756173245054856e-14
67.52 12.61426988396764 -7.529883025233445 6.117758618134383 -726110.193452503 2.3302338806597944e-06 6.987813036632221 6.983599654694814 6.9878130366317 168.09075980050713 394.36151139339677 400.0 -8.851778386327939e-14 6.083189516870245e-12 5.213848777579384e-13 1.3661804488882752 -1409.6146262734705 1.5158414663179187e-08 3.071964838046572e-14 6.5528282612000925e-15 2.4166820119265634e-14 1.3357407938362713e-10 2.3302338806597944e-06 6.5528282612000925e-15 2.4166820119265625e-14 6.552828266571493e-15 2.4166820123168246e-14
73.35 12.614787158168161 -7.530247076532836 6.72047892333631 -726065.4429959031 2.3603451811813353e-06 7.576058975385199 7.571363355111593 7.576058975384681 168.06159172699404 410.45093175158775 400.0 -8.88873622022104e-14 6.106282772223465e-12 5.182386703857871e-13 1.3559788110548603 -1412.6582091427322 1.5121356736646027e-08 3.0609106331324646e-14 6.458060578469038e-15 2.4151045752855603e-14 1.3514250234938333e-10 2.3603451811813353e-06 6.458060578469038e-15 2.4151045752855603e-14 6.458060582678363e-15 2.4151045756182242e-14
79.43 12.615334768906319 -7.530664574431827 7.347972736405629 -726015.0230739206 2.4009873947219937e-06 8.191615168244885 8.186354448379175 8.191615168244375 168.03070984228623 425.57161511726207 400.0 -9.031574314950093e-14 6.021125075294235e-12 5.080707255007908e-13 1.3450842820552844 -1417.9451194945168 1.5141480664387862e-08 2.9968666484416704e-14 6.639002457830047e-15 2.332966402658666e-14 1.3428420996081846e-10 2.4009873947219937e-06 6.639002457830047e-15 2.332966402658666e-14 6.639002461437691e-15 2.3329664029248215e-14
85.75 12.615915058104544 -7.531139559342819 7.999241998488536 -725958.5666238919 2.452606685052308e-06 8.829135026217964 8.82320978308614 8.829135026217442 167.99798138469626 439.7037340191975 400.0 -9.037052818952352e-14 6.242479976394675e-12 5.215773945883657e-13 1.3341991322210112 -1416.7829879232613 1.5075451375990917e-08 3.090011026373441e-14 6.634261165532473e-15 2.426584909820194e-14 1.4003268119911987e-10 2.452606685052308e-06 6.634261165532473e-15 2.426584909820193e-14 6.634261168470708e-15 2.4265849100707886e-14
92.31 12.616531603436188 -7.531676824629757 8.673974753258651 -725895.6452354359 2.515209869196741e-06 9.483651107410154 9.476943853455738 9.483651107409637 167.96320405148035 452.8727453927393 400.0 -9.089334586931885e-14 6.230442748395637e-12 5.16931032677026e-13 1.3225377589859675 -1418.8258514280012 1.506471309302307e-08 3.064667287078346e-14 6.730189476529845e-15 2.391648339425361e-14 1.4071206631040207e-10 2.515209869196741e-06 6.730189476529845e-15 2.391648339425361e-14 6.730189479010444e-15 2.6612294429552093e-14
99.11 12.617188232363215 -7.5322812967477635 9.371524725712394 -725825.8507224069 2.58840576482541e-06 10.149824468824528 10.142199175631974 10.149824468824018 167.9261611562969 465.1158741299958 400.0 -9.093206085043938e-14 6.203585878387232e-12 5.111948206959851e-13 1.3104118752598153 -1420.0803703709678 1.5054775761431198e-08 3.032660164921738e-14 6.773651017891222e-15 2.3552950631326146e-14 1.410371677978889e-10 2.58840576482541e-06 6.773651017891222e-15 2.3552950631326146e-14 6.773651019964482e-15 2.6277595970567672e-14
106.16 12.617889930464921 -7.532959005404815 10.091959788183658 -725748.6890317149 2.671602368949898e-06 10.823126705041245 10.814427077617736 10.823126705040732 167.88657046181387 476.4937252767985 400.0 -9.139295908227426e-14 6.2505494213188766e-12 5.123860014074444e-13 1.297868587495207 -1419.8829793073166 1.5057652694615387e-08 3.0391460633928295e-14 6.922552791002593e-15 2.3468907842925697e-14 1.4293167750299764e-10 2.671602368949898e-06 6.922552791002593e-15 2.3468907842925706e-14 6.922552792798997e-15 2.6224394279090035e-14
113.44 12.618638732157601 -7.5337131386716525 10.832017406497306 -725664.0302269489 2.7635978810618863e-06 11.496265936620533 11.486320394130566 11.496265936620022 167.84431602683878 487.0244986635241 400.0 -9.288075064977478e-14 6.288004998710944e-12 5.122398595148909e-13 1.2850021799196678 -1417.7976607274684 1.5046798578322506e-08 3.040470927718957e-14 6.866376968989714e-15 2.353833230819987e-14 1.4464060027648573e-10 2.7635978810618863e-06 6.866376968989714e-15 2.3538332308199862e-14 6.866376970464373e-15 2.6326760532086488e-14
120.97 12.619440678943564 -7.534550929288846 11.592290444131395 -725571.3294124624 2.8634952940802854e-06 12.165989050928951 12.154605083109761 12.16598905092844 167.7990559125655 496.7902392984419 400.0 -9.31811652511556e-14 6.283187400610434e-12 5.10472504917413e-13 1.271492053424189 -1416.345077565668 1.5086259883054426e-08 3.022054993484688e-14 6.98331680184147e-15 2.3237233133005404e-14 1.4535728399781178e-10 2.8634952940802854e-06 6.98331680184147e-15 2.3237233133005404e-14 6.9833168031205095e-15 2.6060974514411172e-14
128.74 12.620298619911981 -7.5354765634020735 12.37014827394597 -725470.4260135376 2.9699094643296103e-06 12.826688760094076 12.8136592789328 12.826688760093566 167.7506276338681 505.82919128717595 400.0 -9.346171966869372e-14 6.290135903359248e-12 5.105590059819428e-13 1.2575664787043908 -1413.607569114398 1.514948266110495e-08 3.009953121658001e-14 7.073917227562694e-15 2.3025613989017306e-14 1.4632068301359728e-10 2.9699094643296103e-06 7.073917227562694e-15 2.302561398901732e-14 7.07391722866854e-15 2.588717067075399e-14
136.75 12.62121622011242 -7.536495221071833 13.163860744279681 -725361.0864691284 3.081527481593604e-06 13.47424621272029 13.45934971899311 13.474246212719773 167.6988227857485 514.1935696739955 400.0 -9.539011808074714e-14 6.352257864716363e-12 5.168237947861521e-13 1.2432231749516351 -1409.6662053266843 1.525420463529864e-08 3.025969353320131e-14 7.286954140079182e-15 2.297273939312213e-14 1.4848764873886162e-10 3.081527481593604e-06 7.286954140079182e-15 2.2972739393122125e-14 7.286954141072212e-15 2.5874780567789912e-14
145.01 12.622198106154348 -7.5376134507306585 13.97259944559203 -725242.9705403215 3.1971802210885922e-06 14.105894184411685 14.088894259793888 14.105894184411161 167.6433782411977 521.9421027958695 400.0 -9.692753983984798e-14 6.429626147651992e-12 5.252385002193565e-13 1.228565617363807 -1403.7318529097436 1.538494850002664e-08 3.049103023261958e-14 7.390127271349351e-15 2.3100902961270223e-14 1.5102337967232987e-10 3.1971802210885922e-06 7.390127271349351e-15 2.310090296127023e-14 7.390127272216727e-15 2.6046307646904283e-14
153.5 12.62324502948666 -7.5388336529990765 14.79257626997875 -725116.208349607 3.315326260257136e-06 14.717222583947654 14.697878037569522 14.717222583947118 167.5842495307739 529.1029271754347 400.0 -9.857524819520333e-14 6.50136885506212e-12 5.351765997048058e-13 1.2134806451135967 -1396.982203995079 1.5570355294801036e-08 3.069800736995016e-14 7.536379203796832e-15 2.3161628166153326e-14 1.5342396733012602e-10 3.315326260257136e-06 7.536379203796832e-15 2.3161628166153326e-14 7.536379204565412e-15 2.615331412295743e-14
162.24 12.624362272226687 -7.540163747308253 15.623901556308828 -724980.381609725 3.4350622169927566e-06 15.307409268602326 15.28546608573709 15.30740926860178 167.5211358864711 535.7366139283563 400.0 -9.75091747349302e-14 6.575683154811782e-12 5.464928875607873e-13 1.1980533396182063 -1388.6763487618252 1.5788267413750092e-08 3.091445775457396e-14 7.620580504986937e-15 2.329387724958702e-14 1.5590514894604318e-10 3.4350622169927566e-06 7.620580504986937e-15 2.329387724958701e-14 7.620580505658011e-15 2.6335001005616954e-14
171.22 12.625551113621377 -7.541607306203899 16.463821911346372 -724835.5500700411 3.5551720432731014e-06 15.874031576805455 15.849233675810419 15.874031576804898 167.45396240077588 541.874640030806 400.0 -9.78748980165348e-14 6.6247636720850566e-12 5.57856261968127e-13 1.1821794505627643 -1379.6719777585893 1.6067095772162707e-08 3.100962560665056e-14 7.75809317820313e-15 2.3251532428447435e-14 1.578119785549823e-10 3.5551720432731014e-06 7.75809317820313e-15 2.3251532428447432e-14 7.758093178798034e-15 2.6345311887437874e-14
180.43 12.626812323228908 -7.543167469465365 17.309713559656554 -724681.8269105769 3.6745725210326282e-06 16.41537207603365 16.387464632350994 16.415372076033076 167.38268288158523 547.5482313510576 400.0 -9.997484730812037e-14 6.675436073380627e-12 5.714556065457975e-13 1.1658931474168053 -1369.9098918740835 1.640299812734977e-08 3.1115075236456696e-14 7.980141832670582e-15 2.313493340378611e-14 1.5975006209986333e-10 3.6745725210326282e-06 7.980141832670582e-15 2.3134933403786113e-14 7.980141833209576e-15 2.6284624269559164e-14
189.9 12.628151917693021 -7.54485422626024 18.162676905692717 -724518.6734733139 3.792816849008131e-06 16.93244724201492 16.90116514129304 16.932447242014337 167.30695397577364 552.8089344948208 400.0 -1.0017479449651862e-13 6.687898940014135e-12 5.818486123312426e-13 1.1493299200588105 -1358.403820615491 1.6745970194046633e-08 3.1032108271017853e-14 8.053847637644467e-15 2.2978260633373386e-14 1.6083609326420673e-10 3.792816849008131e-06 8.053847637644467e-15 2.2978260633373386e-14 8.053847638114521e-15 2.6187387958842946e-14
199.6 12.629567255515756 -7.546667035249189 19.01845216732102 -724346.5922424765 3.908821980940803e-06 17.423275017492763 17.388365777178755 17.42327501749217 167.226921733584 557.6704064960124 400.0 -1.019108998243717e-13 6.71129118284497e-12 5.946480427129279e-13 1.1324352217527787 -1345.9175066383243 1.7129188950153466e-08 3.1005217805337264e-14 8.224414308520049e-15 2.278080349681722e-14 1.6216421792690345e-10 3.908821980940803e-06 8.224414308520049e-15 2.278080349681723e-14 8.224414308939644e-15 2.6052776098591406e-14
209.54 12.631060976241468 -7.54861219247681 19.876525121136606 -724165.4273623235 4.022137400590556e-06 17.888477596703257 17.849689300098976 17.88847759670264 167.14243306873206 562.1671732957113 400.0 -1.0248235065588256e-13 6.839654488283101e-12 6.162020270511442e-13 1.115562104626459 -1330.7653730173347 1.7482528041764935e-08 3.147969253745593e-14 8.433876119087119e-15 2.3045816418368818e-14 1.6594094070235619e-10 4.022137400590556e-06 8.433876119087119e-15 2.3045816418368812e-14 8.433876119464437e-15 2.6384159041670415e-14
219.73 12.632635629559477 -7.550696230811779 20.73641685821417 -723975.0206908513 4.132406454746392e-06 18.328802307946557 18.285884457402087 18.32880230794593 167.0533400685252 566.329535307206 400.0 -1.0408333450314609e-13 6.793987593267832e-12 6.227653086488774e-13 1.0980341759685186 -1316.2820427056179 1.787136163239149e-08 3.1122778500726774e-14 8.571897722002379e-15 2.2550880778724398e-14 1.6567600710624105e-10 4.132406454746392e-06 8.571897722002379e-15 2.2550880778724398e-14 8.571897722335204e-15 2.5959227754890154e-14
230.16 12.63429047522543 -7.552921564702001 21.596052900485695 -723775.5981110069 4.239156211065194e-06 18.744323023255188 18.697035718243093 18.744323023254548 166.9596802831692 570.1772599058614 400.0 -1.0491354587447393e-13 6.887996831951162e-12 6.405930500999484e-13 1.0806876333859308 -1298.8175968702328 1.820354935508659e-08 3.142951937903549e-14 8.819736122283616e-15 2.2609783256751864e-14 1.6868569363299782e-10 4.239156211065194e-06 8.819736122283616e-15 2.2609783256751877e-14 8.819736122583989e-15 2.6091729235359614e-14
240.83 12.636026040191265 -7.555292403396057 22.454342937468073 -723567.2173957512 4.342126131437603e-06 19.135773064222235 19.083884062778125 19.13577306422158 166.8614194983028 573.7330435963511 400.0 -1.064381567537253e-13 6.9189080919379384e-12 6.514140715699641e-13 1.06311003126175 -1280.4794490350291 1.8506987681028612e-08 3.143641350566726e-14 9.022596482779346e-15 2.2413817022887897e-14 1.7022493511228322e-10 4.342126131437603e-06 9.022596482779346e-15 2.2413817022887897e-14 9.022596483046844e-15 2.5972969688159176e-14
251.74 12.637842663470428 -7.5578128389089105 23.310304697670762 -723349.9457583346 4.441139716477856e-06 19.50401555834956 19.44730087337758 19.5040155583489 166.75853377121075 577.017930144758 400.0 -1.0703570366257635e-13 6.946523615955213e-12 6.605675120495884e-13 1.0454088510517099 -1260.9694410561174 1.877192402328359e-08 3.142823671052076e-14 9.263725806952986e-15 2.216451090356776e-14 1.7168947867648963e-10 4.441139716477856e-06 9.263725806952986e-15 2.216451090356776e-14 9.263725807192518e-15 2.580447851426073e-14
262.89 12.639740521198542 -7.560486847464614 24.163059332801716 -723123.8577985148 4.536093067082842e-06 19.850006767156202 19.788251003657027 19.850006767155534 166.65100837504613 580.0514616112384 400.0 -1.0917154536200592e-13 7.040332341355018e-12 6.715774004907058e-13 1.0280432915435052 -1238.718452088746 1.8903553032024507e-08 3.1729572875614743e-14 9.452705491235002e-15 2.2276867384379743e-14 1.7473293719116657e-10 4.536093067082842e-06 9.452705491235002e-15 2.2276867384379743e-14 9.452705491446532e-15 2.6001246875042034e-14
274.29 12.641721405235748 -7.56332082114087 25.012561339152505 -722888.8259081718 4.627021207133179e-06 20.175038433289835 20.10803024945937 20.175038433289156 166.53873654785036 582.8541394894237 400.0 -1.0992612128721321e-13 7.08525532826736e-12 6.772691810560029e-13 1.0104738460491334 -1215.9871493514192 1.9020035682940307e-08 3.180252327026854e-14 9.693613171191715e-15 2.2108910099076825e-14 1.7661732645750271e-10 4.627021207133179e-06 9.693613171191715e-15 2.210891009907683e-14 9.693613171380087e-15 2.5921353666923596e-14
285.93 12.643783547416437 -7.566316156254318 25.85734745320934 -722645.1359038235 4.713846226270034e-06 20.479847869591744 20.407389049161026 20.479847869591058 166.42181316193452 585.4400722498119 400.0 -1.1044589416760014e-13 7.182769661879752e-12 6.842302768968022e-13 0.9932908595744487 -1190.882915273917 1.9025105726942906e-08 3.212083315327297e-14 9.912389857752142e-15 2.220844329552082e-14 1.7976038311081475e-10 4.713846226270034e-06 9.912389857752142e-15 2.220844329552082e-14 9.912389857918779e-15 2.611249425260226e-14
297.81 12.64592676694666 -7.5694764950421884 26.696814636596972 -722392.8752317542 4.796620476651174e-06 20.76551127437337 20.68741200906309 20.76551127437269 166.30024281483696 587.8250407333127 400.0 -1.1256802898088464e-13 7.141133490512403e-12 6.785435898905601e-13 0.9756514078420001 -1166.5709615119902 1.9060691844851813e-08 3.179440374038179e-14 1.0162692917619599e-14 2.1631710822762206e-14 1.7956291716245597e-10 4.796620476651174e-06 1.0162692917619599e-14 2.16317108227622e-14 1.0162692917767706e-14 2.5630867839080783e-14
309.93 12.648150805172829 -7.5728053750520985 27.53043876375561 -722132.1328059721 4.875430228022108e-06 21.033103212133437 20.949181735139454 21.03310321213275 166.1740345395376 590.0237193010154 400.0 -1.1323630498901898e-13 7.287203047138423e-12 6.859667877128636e-13 0.9589919115382277 -1138.3740905348996 1.8945492943940415e-08 3.2337673529050456e-14 1.0482836081549017e-14 2.1854837447501445e-14 1.838821553250691e-10 4.875430228022108e-06 1.0482836081549017e-14 2.1854837447501445e-14 1.048283608168225e-14 2.595254414106468e-14
322.29 12.650455342205507 -7.57630623280083 28.35776808414631 -721862.9980387747 4.950388357363975e-06 21.283683275008652 21.19376539952172 21.283683275007974 166.04320048156342 592.0497381016409 400.0 -1.1652092559326636e-13 7.274758976804828e-12 6.771649237242165e-13 0.9420153192735277 -1110.8937786059919 1.8811203178379058e-08 3.215062890893623e-14 1.075432065447205e-14 2.1396308254464192e-14 1.8437062103570245e-10 4.950388357363975e-06 1.0754320654472054e-14 2.1396308254464185e-14 1.0754320654590669e-14 2.5595942938739912e-14
334.89 12.652840011621581 -7.579982407567895 29.17841686565918 -721585.560033805 5.021627832963242e-06 21.518285762656426 21.422204358547983 21.51828576265576 165.9077553707413 593.9157626463989 400.0 -1.1746345371228204e-13 7.305130406183456e-12 6.634181538999171e-13 0.925732524377261 -1081.9605807511418 1.842237368087486e-08 3.216276347729688e-14 1.1000168376515111e-14 2.116259510078176e-14 1.85887031130585e-10 5.021627832963242e-06 1.1000168376515116e-14 2.116259510078177e-14 1.1000168376620203e-14 2.546746059920812e-14
347.74 12.655306345541394 -7.583840189333905 29.992684330388222 -721299.6833638364 5.089347298991902e-06 21.73807585564533 21.635665337028506 21.73807585564464 165.76760570707768 595.6348172634614 400.0 -1.1826091744646407e-13 7.360441598276888e-12 6.869142021534221e-13 0.9098289628457823 -1052.8433591359644 1.899959331299331e-08 3.2290129257549696e-14 1.1315737395351132e-14 2.097439186219849e-14 1.8800990107230915e-10 5.089347298991902e-06 1.1315737395351205e-14 2.097439186219849e-14 1.1315737395445437e-14 2.538779019859801e-14
360.82 12.657850081806284 -7.587876729856691 30.79903180511409 -721005.8997099211 5.153599280869465e-06 21.943675003598674 21.834785537404183 21.943675003597605 165.62298721598873 597.2151310374956 400.0 -1.2060456324332333e-13 7.467172985606653e-12 1.0681914138435993e-12 0.8947355141517184 -1024.347393551514 2.921767111560759e-08 3.265239784447483e-14 1.1619524101641406e-14 2.103287374283289e-14 1.9139525340916732e-10 5.153599280869465e-06 1.161952410164195e-14 2.1032873742832878e-14 1.161952410172587e-14 2.555784192709408e-14
374.15 12.660474671833416 -7.592101270161422 31.59847036960186 -720703.8448514121 5.21464665397729e-06 22.13632009798521 22.020797248767582 22.136320097980825 165.47369696059567 598.6692397929828 400.0 -1.226079799427749e-13 7.5714298473761e-12 4.386891513581753e-12 0.8797444125642414 -999.3652522095007 1.1877247309844014e-07 3.298774949274203e-14 1.205631622888596e-14 2.093143326385361e-14 1.948347745588795e-10 5.21464665397729e-06 1.2056316228888421e-14 2.0931433263853614e-14 1.2056316228962536e-14 2.5571072167636254e-14
387.72 12.663177739946388 -7.59651375286415 32.39019717668927 -720393.8251498992 5.272606252756363e-06 22.316725344234346 22.19442433624041 22.31672534420363 165.31986320911918 600.0052466056164 400.0 -1.2505777567864757e-13 8.150977991628819e-12 3.071773861327825e-11 0.8659569211468469 -879.5787478112333 7.752737006556562e-07 3.5387165856369356e-14 1.3464898144482158e-14 2.1922267711879076e-14 2.1056879242065205e-10 5.272606252756363e-06 1.3464898144490285e-14 2.1922267711879073e-14 1.3464898144555667e-14 2.6679475738118074e-14
401.54 12.665960869598601 -7.601120460298814 33.174633329167435 -720075.6898290645 5.327684859273162e-06 22.485839670046033 22.35661484591248 22.485839669892286 165.16138871868404 601.232662299326 400.0 -1.2678617319049886e-13 1.0838892828481294e-11 1.5374494960951458e-10 0.8549859129657631 -481.16035672210086 2.9154305571444376e-06 4.709878999675165e-14 2.0018404949072853e-14 2.7080385047656655e-14 2.797121033594177e-10 5.327684859273162e-06 2.001840494909498e-14 2.7080385047656655e-14 2.0018404949170757e-14 3.195801930490545e-14
415.59 12.668819599677478 -7.605917559259514 33.95053992495423 -719749.9768950823 5.3799694604175465e-06 22.644203597456382 22.50792290770616 22.644203596996448 164.9985202979237 602.357725681606 400.0 -1.2898569699503815e-13 2.073033949145103e-11 4.599356643542059e-10 0.8505105675607543 -185.28752789509332 4.475157514010467e-06 9.17910533895116e-14 4.2523370667403984e-14 4.926768272205237e-14 5.242791531096546e-10 5.3799694604175465e-06 4.252337066745927e-14 4.926768272205235e-14 4.252337066776011e-14 5.426828584220776e-14
429.89 12.671757577814443 -7.610914639289812 34.71894929022063 -719416.2975984747 5.429698377214869e-06 22.792782356967255 22.649306764521008 22.792782355875858 164.8310428607688 603.3894492823916 400.0 -1.3349225255461866e-13 4.569628019832533e-11 1.0913958095935612e-09 0.848939041288634 -81.0100536459874 4.685543146185998e-06 2.0803381501842923e-13 1.0037963688508514e-13 1.0765417813321411e-13 1.1219393227591375e-09 5.429698377214869e-06 1.0037963688521506e-13 1.0765417813321415e-13 1.0037963688706046e-13 1.127803155275977e-13
444.42 12.674770291679947 -7.616107406201476 35.4787410777117 -719075.1904391847 5.476961066081841e-06 22.932061094247015 22.78126418908773 22.93206109186012 164.6592060641152 604.3332175353411 400.0 -1.4552421662575733e-13 1.0087321740441743e-10 2.38689395413257e-09 0.8481246443197594 -28.66272456440923 4.510754114248029e-06 4.726020088788749e-13 2.3345355550130745e-13 2.391484533772757e-13 2.4018348006676332e-09 5.476961066081841e-06 2.3345355550159896e-13 2.3914845337727576e-13 2.334535555116683e-13 2.44402350377167e-13
459.2 12.67786150375485 -7.621505636410875 36.23094012082319 -718726.2548800732 5.521976609748061e-06 23.062881168008612 22.904628559398585 23.06288116301248 164.48278767980116 605.196634694477 400.0 -1.6970138962277852e-13 2.1663115528112003e-10 4.996132578172266e-09 0.8479361585521052 -10.8479426205755 4.27446837078311e-06 1.0439109169672061e-12 5.193180739354841e-13 5.245928430310926e-13 5.004869754041323e-09 5.521976609748061e-06 5.193180739361134e-13 5.245928430310927e-13 5.193180739836209e-13 5.299767232048897e-13
474.22 12.681028787572968 -7.627108362710272 36.97501670654371 -718369.791068753 5.564859446066388e-06 23.185750279888865 23.019914285336036 23.185750269792777 164.30191824520455 605.9848325443909 400.0 -2.197520019856646e-13 4.5034641145205e-10 1.0096086343450753e-08 0.8479374767051988 -1.6486563758002795 4.042668237967984e-06 2.230470822845484e-12 1.1131788481735554e-12 1.1172919746706203e-12 1.010252369574496e-08 5.564859446066388e-06 1.1131788481748646e-12 1.11729197467062e-12 1.1131788483779784e-12 1.1228077824769418e-12
489.48 12.684271805415294 -7.632918093623933 37.710989558999955 -718005.862138723 5.605751210101464e-06 23.30123504336517 23.12768925574819 23.301235023602334 164.11660907031512 606.7031703224694 400.0 -3.2625379676855615e-13 9.070185713099618e-10 1.9762839500079346e-08 0.8480703468085147 2.785634298098413 3.825353224914555e-06 4.614125399411612e-12 2.3052025747721313e-12 2.3089228246368465e-12 1.9769069984829275e-08 5.605751210101464e-06 2.305202574774767e-12 2.3089228246368457e-12 2.3052025755757357e-12 2.3145722992954473e-12
504.99 12.68759239418544 -7.638941203169246 38.439356810390684 -717634.288237258 5.644811289706933e-06 23.4099307093173 23.228544575449593 23.409930671747137 163.92674706582986 607.3569821079832 400.0 -5.326180520382615e-13 1.7735187137173918e-09 3.757016284268667e-08 0.848272791640606 5.779952191903711 3.623000645780135e-06 9.261605087431677e-12 4.629030371619617e-12 4.6325747158069144e-12 3.75776932225991e-08 5.644811289706933e-06 4.629030371624763e-12 4.632574715806915e-12 4.6290303745772836e-12 4.638359464094138e-12
520.73 12.690985986938525 -7.645172324115002 39.15922809248496 -717255.6059622685 5.682117515463858e-06 23.512188564015275 23.322842223359775 23.512188494582297 163.73258495594814 607.9499733053378 400.0 -9.416909455121097e-13 3.369643122201029e-09 6.943297944970352e-08 0.8485266058272388 8.277972137788932 3.4348443498228514e-06 1.8053870909705957e-11 9.02593256233448e-12 9.027938347361724e-12 6.944421024928294e-08 5.682117515463858e-06 9.025932562344234e-12 9.027938347361721e-12 9.025932572572876e-12 9.033859568767962e-12
536.72 12.69445663757607 -7.651621721692299 39.87157948579059 -716869.3889324742 5.717838934537544e-06 23.60859597402827 23.41115972601544 23.60859584898164 163.53388229347976 608.4870905790223 400.0 -1.7149339773956622e-12 6.236290304661048e-09 1.2504663022795092e-07 0.8488339811444771 10.312362217470104 3.2594624567682877e-06 3.4263963798131315e-11 1.713101384202549e-11 1.7132949956087838e-11 1.2506562845210147e-07 5.717838934537544e-06 1.713101384204347e-11 1.713294995608783e-11 1.71310138755478e-11 1.713900878126189e-11
552.95 12.698001967220595 -7.658287774015507 40.57601943500905 -716475.9293998335 5.752066063040708e-06 23.69951067230861 23.49385987600459 23.699510452601885 163.33076666529783 608.971798476479 400.0 -3.1515637734287814e-12 1.125494409781961e-08 2.1970672498280592e-07 0.8491866881914569 12.254541533481428 3.095858129802255e-06 6.338316077264903e-11 3.169102216897275e-11 3.169213860364396e-11 2.1974093080689578e-07 5.752066063040708e-06 3.169102216900509e-11 3.169213860364396e-11 3.169102227313479e-11 3.169833583773215e-11
569.42 12.701621774063405 -7.665172734597628 41.27262848161091 -716075.2769448219 5.7849073003475276e-06 23.785327324505282 23.571337090180457 23.785326947380184 163.12324082919397 609.4076529892553 400.0 -5.748515162526163e-12 1.9835787409315825e-08 3.771250950124298e-07 0.8495857191665963 14.101582343092085 2.9430165686649653e-06 1.1444697505112102e-10 5.72233981464112e-11 5.722357690465313e-11 3.77188611248555e-07 5.7849073003475276e-06 5.72233981464679e-11 5.722357690465313e-11 5.7223398454543806e-11 5.722991315506696e-11
586.14 12.705318101815887 -7.672283101816402 41.961901509147246 -715667.2342468477 5.816483094608378e-06 23.86645894306888 23.643998836665702 23.866458309653193 162.91117856857227 609.7981465304816 400.0 -1.0338975244766536e-11 3.419405585486814e-08 6.334156891662953e-07 0.8500309968263193 15.88628322927811 2.7999435078738784e-06 2.020464108618874e-10 1.0102379560842189e-10 1.0102261525336831e-10 6.335336783508474e-07 5.816483094608378e-06 1.0102379560851908e-10 1.0102261525336827e-10 1.0102379647940216e-10 1.0102909115091715e-10
603.09 12.709086383757873 -7.679612538435732 42.64310828047488 -715252.3341510164 5.846851638802691e-06 23.94314833292755 23.71209737233093 23.943147291322497 162.69483272868888 610.14582766162 400.0 -1.827001688909837e-11 5.76888156677552e-08 1.041605056348321e-06 0.8505222869768773 17.608226256662387 2.6659923513880028e-06 3.4894403056061096e-10 1.7447280543719848e-10 1.7447122512324962e-10 1.0418218916090646e-06 5.846851638802691e-06 1.744728054373614e-10 1.7447122512324962e-10 1.7447280779316316e-10 1.7447784145350478e-10
620.29 12.712930948487742 -7.687171819816737 43.31715239438046 -714830.1296398124 5.876139063892298e-06 24.01580150667658 23.776027700480245 24.015799826846745 162.4739456442905 610.4538864835193 400.0 -3.170512282438774e-11 9.541814025641144e-08 1.6798298378142732e-06 0.8510600372137904 19.276825151889373 2.5402700911218454e-06 5.906048227948536e-10 2.9530351994255414e-10 2.9530130285203185e-10 1.6802228410823208e-06 5.876139063892298e-06 2.9530351994282173e-10 2.953013028520319e-10 2.953035260638973e-10 2.9530806185291645e-10
637.72 12.71684723622418 -7.694954246742422 43.983353502057305 -714401.1519498151 5.904395885758199e-06 24.084626178450442 23.83600664113201 24.084623520287035 162.24876977174884 610.7245215569219 400.0 -5.3997091160464834e-11 1.5479953734669365e-07 2.6581634091786816e-06 0.8516436424262993 20.88676051343673 2.422263144525381e-06 9.80103515549465e-10 4.900534136786619e-10 4.900501018703725e-10 2.658863299845854e-06 5.904395885758199e-06 4.900534136790927e-10 4.900501018703724e-10 4.900534289752022e-10 4.900570092018452e-10
655.4 12.72083967818966 -7.702970802430684 44.64258322857621 -713964.9471351786 5.931733981622457e-06 24.149972570140125 23.892373069552814 24.149968436827184 162.01904067987536 610.9604010550962 400.0 -9.034434346227392e-11 2.4670231503152676e-07 4.13331293964752e-06 0.8522737285003417 22.43407708637517 2.3112416118997216e-06 1.5972192379370508e-09 7.986115145760548e-10 7.986077233603151e-10 4.134536661943631e-06 5.931733981622457e-06 7.986115145767358e-10 7.986077233603153e-10 7.986115514596255e-10 7.986147937137025e-10
673.32 12.724905997497121 -7.711219075349213 45.29456455545721 -713521.7973286676 5.958211236319241e-06 24.21205155475829 23.945341596212483 24.21204523519204 161.78487965527762 611.1635314929971 400.0 -1.485402589624171e-10 3.864683281583921e-07 6.319566246525831e-06 0.8529496646190853 23.915600438007097 2.2067394537830094e-06 2.5576894018043323e-09 1.2788470710744983e-09 1.2788423307287769e-09 6.3216658096095765e-06 5.958211236319241e-06 1.2788470710755554e-09 1.2788423307287769e-09 1.2788471570229947e-09 1.278849599195572e-09
691.49 12.729048469931312 -7.719705755424471 45.9397602069126 -713071.4888953276 5.98391135581092e-06 24.27112809460476 23.995170622319556 24.271118584006487 161.54614526430686 611.3360017038509 400.0 -2.402231198862989e-10 5.957477149444328e-07 9.510598271118073e-06 0.8536714930278647 25.32838711529387 2.1082198809613495e-06 4.0290580598117786e-09 2.0145319024771858e-09 2.014526157332979e-09 9.514134140633213e-06 5.98391135581092e-06 2.0145319024787996e-09 2.014526157332979e-09 2.0145320964975646e-09 2.014533704428015e-09
709.89 12.733262552332977 -7.728423455000335 46.5775734753688 -712614.5501852756 6.008871534205747e-06 24.327353891407466 24.042020441130457 24.32733979834225 161.30308935186352 611.4794687124316 400.0 -3.821994314498878e-10 9.039780416829348e-07 1.4093065214896228e-05 0.8544379062910527 26.668544331814967 2.015352527047526e-06 6.245482994591736e-09 3.1227448936219145e-09 3.122738100967398e-09 1.4098908507049067e-05 6.008871534205747e-06 3.122744893624338e-09 3.122738100967398e-09 3.1227453183065123e-09 3.1227461032708874e-09
728.54 12.737552866913326 -7.737383572370182 47.208812371054265 -712150.5155551612 6.033180376279568e-06 24.380991444719445 24.08614165843668 24.380970858068707 161.05543493919632 611.5957929356703 400.0 -5.989649426658255e-10 1.3518292522258418e-06 2.0586650739670346e-05 0.8552491146666371 27.935985151312014 1.9276380208755376e-06 9.538318182271375e-09 4.769163218213378e-09 4.769154964054412e-09 2.059613588022532e-05 6.033180376279568e-06 4.769163218216963e-09 4.7691549640544125e-09 4.7691641218861615e-09 4.7691637975395294e-09
747.43 12.741917195192006 -7.746583296620922 47.83324143187586 -711679.6625262873 6.056881695919119e-06 24.43219638480534 24.127693190171 24.432166725989255 160.80329945905146 611.6864609078361 400.0 -9.249809500680773e-10 1.9932329470943912e-06 2.9658816084642537e-05 0.8561039941712213 29.129180511798143 1.8447662294841218e-06 1.4358995652193287e-08 7.179502265298353e-09 7.17949338688971e-09 2.967394267765044e-05 6.056881695919119e-06 7.1795022653035765e-09 7.17949338688971e-09 7.179504136799507e-09 7.179503825913605e-09
766.56 12.746355628400183 -7.756024493729747 48.4509760684163 -711202.0189933643 6.080029595347958e-06 24.481142622481094 24.166847040228465 24.481100453584304 160.5466668329587 611.7529233131667 400.0 -1.40856278813128e-09 2.899697545327639e-06 4.2168896789178894e-05 0.8570017336300068 30.24841760654515 1.7664069694481263e-06 2.1321269640357146e-08 1.066064056488569e-08 1.0660629075463951e-08 4.2192610543635416e-05 6.080029595347958e-06 1.0660640564893196e-08 1.066062907546395e-08 1.0660644342836477e-08 1.0660642671374783e-08
785.93 12.750868281944628 -7.765709003405107 49.06213142545199 -710717.6113896105 6.102674862628829e-06 24.527991909618915 24.20376295815056 24.527932703471606 160.28551955179668 611.7965186313742 400.0 -2.1164016602358244e-09 4.164615383610058e-06 5.920614730963444e-05 0.857941480108286 31.29425778608251 1.6922587349321832e-06 3.124723760021037e-08 1.5623626270602398e-08 1.5623611329597318e-08 5.9242713154655074e-05 6.102674862628829e-06 1.562362627061304e-08 1.5623611329597318e-08 1.5623633714826024e-08 1.5623631109996082e-08
805.54 12.755455294989526 -7.775638640198229 49.66682211403521 -710226.4647588914 6.124865229567159e-06 24.572894839813202 24.23858944188508 24.572812704863367 160.01983843613291 611.8184821794448 400.0 -3.139475022396501e-09 5.908511391003966e-06 8.213494983655359e-05 0.8589223226921222 32.26809446586373 1.6220455884309709e-06 4.5224787297154297e-08 2.2612403688801684e-08 2.261238360833772e-08 8.219044231778124e-05 6.124865229567159e-06 2.2612403688816577e-08 2.2612383608337723e-08 2.2612418025469435e-08 2.26124153381146e-08
825.39 12.76011683007335 -7.785815194559687 50.265161983150406 -709728.6028227614 6.146645581945894e-06 24.615991779122513 24.271464672741413 24.615879134059675 159.74960267291615 611.8199543880008 400.0 -4.600406157454462e-09 8.285164912954028e-06 0.0001126450628350834 0.8599433169550578 33.17185994093335 1.555514424886397e-06 6.467697682159709e-08 3.233850407665481e-08 3.233847274492168e-08 0.00011272799967159135 6.146645581945894e-06 3.2338504076675404e-08 3.233847274492169e-08 3.233853109586592e-08 3.2338527148225334e-08
845.49 12.76485543478661 -7.79624565413022 50.8575553748632 -709223.7967339678 6.168068713346594e-06 24.657433841667324 24.302532321242452 24.657281012268207 159.47465294164624 611.8019748390972 400.0 -6.6638386738824215e-09 1.1490494526013017e-05 0.0001528293991123793 0.8610040394659013 34.00823536291348 1.4924021829412262e-06 9.146030025522792e-08 4.573017598685431e-08 4.573012426834549e-08 0.00015295156977189895 6.168068713346594e-06 4.573017598688243e-08 4.573012426834548e-08 4.573022588855451e-08 4.573022088595876e-08
865.83 12.769668973326274 -7.806926667109629 51.443809836505324 -708712.3184418158 6.189163451742668e-06 24.697321464028107 24.33189559836348 24.69711627551912 159.19510117749277 611.7655125149531 400.0 -9.544970524880371e-09 1.5766259851544055e-05 0.00020518850898610012 0.8621030149582094 34.779428192112114 1.4325287060503404e-06 1.2792672889553935e-07 6.396340868819516e-08 6.396332020730619e-08 0.0002053659568569279 6.189163451742668e-06 6.396340868823314e-08 6.39633202073062e-08 6.396349907263225e-08 6.396349384699202e-08
886.41 12.774557676184447 -7.8178599556905395 52.02403649765142 -708194.188100567 6.209967549560407e-06 24.735769564417396 24.359666961335957 24.735496823205978 158.91092205900526 611.71146797236 400.0 -1.3525516749805496e-08 2.141277878389354e-05 0.00027274121141395645 0.8632392798105563 35.488413884673506 1.37569574602221e-06 1.7706795177349364e-07 8.853405457365451e-08 8.853389719978839e-08 0.0002729954979639664 6.209967549560407e-06 8.853405457370524e-08 8.853389719978839e-08 8.853421528032266e-08 8.853420865442486e-08
907.23 12.779521796179846 -7.829047221764675 52.59834509654932 -707669.4247531855 6.230516747178749e-06 24.772885967339956 24.385951678315777 24.772526888580238 158.62208868165712 611.6406733249819 400.0 -1.896957621716229e-08 2.8798042257472384e-05 0.00035907875971638136 0.8644118884330189 36.138328395483555 1.3217199691019733e-06 2.4263969852948905e-07 1.2131998927766634e-07 1.2131970925175575e-07 0.0003594384940740047 6.230516747178749e-06 1.2131998927773336e-07 1.2131970925175575e-07 1.2132027003518636e-07 1.2132026267728982e-07
928.29 12.784561608313155 -7.840490147761055 53.16684389395367 -707138.046371995 6.250844947306295e-06 24.808772069565745 24.410848491311828 24.808303634252734 158.32857258594666 611.5538975785859 400.0 -2.63433968072227e-08 3.836892322970549e-05 0.00046843531300634817 0.8656199177035477 36.732459630009615 1.270431523591613e-06 3.2931382117728306e-07 1.6465715899897425e-07 1.6465666217822114e-07 0.00046893799865437756 6.250844947306295e-06 1.6465715899906187e-07 1.6465666217822114e-07 1.6465764133827596e-07 1.6465763277716893e-07
949.6 12.789679815785508 -7.852195920088863 53.72990103319388 -706599.817199962 6.270993753214431e-06 24.84353943668165 24.434460964286547 24.842933604620697 158.0302034438364 611.4518004112774 400.0 -3.624397575154453e-08 5.0669914585905665e-05 0.0006058320609530207 0.8668630647966694 37.274389671866665 1.221650581495688e-06 4.4291138046248265e-07 2.2145612592213359e-07 2.2145525454023564e-07 0.0006065264023557243 6.270993753214431e-06 2.214561259222471e-07 2.2145525454023564e-07 2.2145694164421694e-07 2.21456932316028e-07
971.15 12.794874348910332 -7.864160779515234 54.287349292709756 -706055.0053909904 6.290984193470505e-06 24.877261186738597 24.4568645555121 24.87648421764911 157.72708884059426 611.3350778722232 400.0 -4.941379166177317e-08 6.634031194437196e-05 0.0007769690894847989 0.8681399052324231 37.76718782649303 1.175255438720064e-06 5.90449915237781e-07 2.9522571190117904e-07 2.952242033364564e-07 0.0007779174521012108 6.290984193470505e-06 2.952257119013246e-07 2.952242033364563e-07 2.952270705329168e-07 2.952270594799645e-07
992.93 12.800143125412655 -7.876380713510221 54.83904199084008 -705503.8790826314 6.310836656586666e-06 24.910008418975174 24.478132659318135 24.90902006793749 157.41933723940323 611.2044012941833 400.0 -6.677424431463413e-08 8.613223461235281e-05 0.0009883510376881032 0.869449020743095 38.21398136117212 1.1311290728020774e-06 7.803881218278209e-07 3.901953455715913e-07 3.901927762560445e-07 0.0009896323822702142 6.310836656586666e-06 3.9019534557177624e-07 3.9019277625604455e-07 3.9019757517254107e-07 3.9019756339313027e-07
1014.97 12.805493778784447 -7.888874251709666 55.38583346852163 -704945.6928335781 6.330606494583161e-06 24.941907035417014 24.49837222710643 24.94065918665151 157.10648917618525 611.0601448268682 400.0 -8.950470461821046e-08 0.00011097241845323781 0.0012478487655059431 0.8707914589783031 38.61860384956795 1.0890851082155246e-06 1.0233206236863084e-06 5.116624668474029e-07 5.116581568386729e-07 0.0012495628735122268 6.330606494583161e-06 5.116624668476355e-07 5.116581568386729e-07 5.116660766265559e-07 5.116660644496958e-07
1037.24 12.810919424523073 -7.901626070264801 55.927072335853595 -704381.219167909 6.350293722714964e-06 24.97299074304285 24.517629567067964 24.971427039831877 156.7889332464548 610.9030166913535 400.0 -1.1899423220426211e-07 0.0001418772068269422 0.0015637032109698744 0.8721646852012671 38.98361373637241 1.0490635888555565e-06 1.3312637520470265e-06 6.65635434873918e-07 6.656283171728182e-07 0.0015659737046561765 6.350293722714964e-06 6.656354348742083e-07 6.656283171728183e-07 6.656412002075831e-07 6.656411868119334e-07
1059.75 12.816422894242057 -7.914643388869202 56.463108218320855 -703810.2170520418 6.369933586300303e-06 25.003348967334038 24.53598544259553 25.00140330377332 156.46648998919994 610.7334345167782 400.0 -1.5698011625379224e-07 0.0001800705301247336 0.001945663560715896 0.87356863550031 39.3122099648228 1.0109337249394443e-06 1.7189239123826695e-06 8.59467744061065e-07 8.594561683212457e-07 0.0019486432186749047 6.369933586300303e-06 8.594677440614239e-07 8.594561683212456e-07 8.594768346242666e-07 8.594768196274104e-07
1082.51 12.822007076812003 -7.927933640522573 56.99426944276374 -703232.443716655 6.389560040619919e-06 25.033066382098408 24.553515628481108 25.03066164358119 156.13897569254667 610.5517601626525 400.0 -2.0558086657770602e-07 0.0002269735022616933 0.0024047385172140307 0.875003325328327 39.607365378865595 9.74576031558383e-07 2.2037571085609694e-06 1.1018878297404844e-06 1.1018692788200453e-06 0.0024086147664050704 6.389560040619919e-06 1.1018878297409243e-06 1.1018692788200453e-06 1.1019019903636897e-06 1.1019019745969502e-06
1105.5 12.82766751948889 -7.941486698336469 57.52018499032409 -702648.4171087532 6.409180507400794e-06 25.062186240837832 24.570270393709308 25.059233713374912 155.80663699246148 610.3585633652621 400.0 -2.6727670868043265e-07 0.000284146701124149 0.002952527462919692 0.8764669266826569 39.87150521953457 9.399250414241e-07 2.805513213643349e-06 1.4027712577163588e-06 1.4027419559264554e-06 0.002957527032493355 6.409180507400794e-06 1.4027712577168935e-06 1.4027419559264552e-06 1.4027930516549496e-06 1.4027930347422447e-06
1128.74 12.833409624414553 -7.955315890521433 58.041406669379185 -702057.6384524789 6.4288361573147786e-06 25.0908011654465 24.58632773190835 25.087198382636736 155.46914173629034 610.1540549429008 400.0 -3.451416352432468e-07 0.0003534639092212505 0.003602782809765837 0.8779601959115778 40.1073679950253 9.068592173028949e-07 3.548213984241569e-06 1.7741298222939506e-06 1.774084161946974e-06 0.0036091800588340527 6.4288361573147786e-06 1.7741298222945947e-06 1.7740841619469743e-06 1.774162989348691e-06 1.7741629711186212e-06
1152.22 12.839231435800608 -7.969416874896835 58.557796211941174 -701460.3700258308 6.448542014811471e-06 25.118963809240896 24.60174160426402 25.114593925272672 155.12658977754236 609.9386665742436 400.0 -4.4274508020686753e-07 0.0004369674339492564 0.004369883968227047 0.8794820323755322 40.31715882094828 8.75308289830705e-07 4.4588253001289915e-06 2.2294477593319627e-06 2.229377540796258e-06 0.00437800672873885 6.448542014811471e-06 2.2294477593327322e-06 2.229377540796258e-06 2.2294976816441406e-06 2.229497662114927e-06
1175.94 12.84513348030985 -7.9837911647684265 59.069444814366875 -700856.6191743966 6.46832127021553e-06 25.146738166582978 24.616571749436673 25.14146837382547 154.77893454988595 609.7127251266542 400.0 -5.643362231296702e-07 0.0005369814906358404 0.005269792757502748 0.8810320178243946 40.5030212972915 8.451917191485848e-07 5.568649656471088e-06 2.784378141283455e-06 2.78427151518672e-06 0.005280030738513202 6.46832127021553e-06 2.7843781412843665e-06 2.7842715151867194e-06 2.7844524894847876e-06 2.784452469723114e-06
1199.91 12.851118811283794 -7.998446403044125 59.57665172140368 -700246.1374747023 6.488205084018493e-06 25.174198334871008 24.630882293574583 25.167877993269347 154.42598015863555 609.4764179216788 400.0 -7.149813902272932e-07 0.0006561623644966791 0.00632034160165831 0.8826104422187366 40.66698150179883 8.164221619636938e-07 6.914127107865432e-06 3.457143547698236e-06 3.456983560166127e-06 0.006333156270029156 6.488205084018493e-06 3.457143547699306e-06 3.456983560166126e-06 3.457253161528045e-06 3.4572531392369637e-06
1224.11 12.85718301264373 -8.013371852978194 60.07908197134734 -699629.439603715 6.50819951751144e-06 25.20138319375177 24.644718389874775 25.193843740511983 154.06797095556 609.2302202284525 400.0 -9.004022132055452e-07 0.0007973110603625775 0.007539453239787415 0.8842156631185956 40.81068736959591 7.889524404970011e-07 8.53494291894244e-06 4.267590075570261e-06 4.267352843370933e-06 0.007555383972544305 6.50819951751144e-06 4.267590075571507e-06 4.267352843370932e-06 4.26775006538899e-06 4.267750042166813e-06
1248.56 12.863331700836266 -8.028581330127636 60.57723773855445 -699006.0201389468 6.528343616171829e-06 25.22837627949727 24.65814759831669 25.21942788206734 153.7045589842107 608.9741797872691 400.0 -1.127560743173738e-06 0.0009637619197728003 0.008948397429929497 0.8858487250906656 40.9358730658902 7.626928285190136e-07 1.0478694873532961e-05 5.239521396692483e-06 5.239173476839041e-06 0.008968076489314001 6.528343616171829e-06 5.2395213966939195e-06 5.239173476839041e-06 5.239752727419669e-06 5.239752702851898e-06
1273.25 12.869563006776417 -8.044070164507431 61.070995038394216 -698376.1369864471 6.548651547996909e-06 25.255226783739936 24.67121940813462 25.24465834205828 153.3358377080715 608.7086272888603 400.0 -1.404276024084375e-06 0.001159013887332476 0.010568441681657433 0.8875087268797806 41.04392691804791 7.375918727187325e-07 1.2796948593344354e-05 6.39872669920704e-06 6.398221894135675e-06 0.010592601447961982 6.548651547996909e-06 6.3987266992086825e-06 6.398221894135675e-06 6.399058103734398e-06 6.3990580787119e-06
1298.18 12.875877591228903 -8.059839818128959 61.560438103009744 -697739.7921496078 6.569145744712046e-06 25.281994859469485 24.68398849597421 25.269572060289658 152.96175070806405 608.4337737092492 400.0 -1.7396419376259788e-06 0.0013869715375333632 0.012422799179825203 0.889195468044731 41.13614634426388 7.135901191042008e-07 1.554827558594671e-05 7.774500255842956e-06 7.7737753301019e-06 0.012452285011547522 6.569145744712046e-06 7.774500255844812e-06 7.773775330101899e-06 7.774970800157575e-06 7.774970773750058e-06
1323.35 12.882276144350115 -8.075891744792246 62.0456498386965 -697096.9864474072 6.589848701540599e-06 25.308740450204084 24.69650903460291 25.294204292688516 152.58223979490387 608.1498116957865 400.0 -2.1440952234271164e-06 0.0016519082217413977 0.014536157515567666 0.8909087861249196 41.21368319568805 6.906315401013213e-07 1.8798136774369342e-05 9.399583772879074e-06 9.39855300148819e-06 0.014571940130772653 6.589848701540599e-06 9.399583772881156e-06 9.39855300148819e-06 9.400246121403678e-06 9.400246093773182e-06
1348.77 12.888761942860786 -8.092233845042035 62.52689950369336 -696447.4638879888 6.610791270168964e-06 25.335533936530076 24.708839618500203 25.31859826817793 152.19709238260322 607.8568002100324 400.0 -2.62977010484984e-06 0.0019586111745628467 0.016935668352149644 0.8926492413315331 41.277576427509175 6.686548928492673e-07 2.2621005552211833e-05 1.1311228754521407e-05 1.1309776797688124e-05 0.016978860005174505 6.610791270168964e-06 1.1311228754523711e-05 1.1309776797688124e-05 1.1312153440264093e-05 1.1312153410810307e-05
1374.42 12.895330636044594 -8.108854700088965 63.00388893870308 -695791.7338157746 6.631979756467453e-06 25.36241419498298 24.7210240983027 25.342767142444615 151.806548515144 607.5551290581222 400.0 -3.209861507318043e-06 0.00231189926855703 0.019647052538363848 0.8944153720740338 41.328667121233515 6.476276158214378e-07 2.7094655900246583e-05 1.3548341107697277e-05 1.3546314792546797e-05 0.01969891174225068 6.631979756467453e-06 1.3548341107699795e-05 1.3546314792546793e-05 1.354962144937813e-05 1.3549621419802787e-05
1400.32 12.901988130712345 -8.125768701420643 63.47706950068171 -695129.2819236774 6.653453713183699e-06 25.389462350388374 24.733125385566698 25.3667608810539 151.4102383208023 607.2447071035913 400.0 -3.900219068186276e-06 0.0027175254031491748 0.022701469334474957 0.8962084956338682 41.367771721275666 6.274862301902987e-07 3.2311815501347626e-05 1.6157309450642477e-05 1.6154506050702422e-05 0.022763427709852797 6.653453713183699e-06 1.6157309450645197e-05 1.615450605070242e-05 1.615906860509851e-05 1.6159068573953975e-05
1426.46 12.908732689785364 -8.142970820341809 63.94633193534194 -694460.3593916603 6.675228171818705e-06 25.416728344510563 24.745192018364353 25.39059997771699 151.00824575351615 606.9257804589088 400.0 -4.718027570784993e-06 0.0031812681783493545 0.02612836679357197 0.898027896558129 41.395538832292516 6.081946804328542e-07 3.836906707569065e-05 1.91864563708368e-05 1.9182610704850955e-05 0.026202033875940663 6.675228171818705e-06 1.9186456370839684e-05 1.9182610704850948e-05 1.9188855093825462e-05 1.9188855061496796e-05
1452.84 12.915565167562349 -8.160462477297433 64.4117535292706 -693784.9603773752 6.697326830391018e-06 25.444272996357306 24.75727730006797 25.414313448015914 150.60050041039486 606.5984650348031 400.0 -5.68285638773297e-06 0.0037094759536480462 0.029959548341391824 0.8998735756440275 41.41254337841116 5.897109608756183e-07 4.5374061424117816e-05 2.2689646912281447e-05 2.2684414511833374e-05 0.030046729742770915 6.697326830391018e-06 2.268964691228444e-05 2.2684414511833368e-05 2.2692893729564834e-05 2.2692893696067968e-05
1479.46 12.922486454941444 -8.178245088101862 64.87341053151948 -693103.0775393051 6.719773432945761e-06 25.47215747968563 24.769434552482142 25.43792934969348 150.18692907188128 606.2628636890896 400.0 -6.816647269667587e-06 0.004308949089532088 0.03422812999214924 0.9017455620586798 41.41927324765849 5.719953794803212e-07 5.3444404814844595e-05 2.672573400391486e-05 2.671867081092669e-05 0.0343308426826014 6.719773432945761e-06 2.6725734003917914e-05 2.671867081092669e-05 2.6730097523573693e-05 2.6730097487222352e-05
1506.33 12.929500096201332 -8.196326818308949 65.33154726966904 -692414.4456298812 6.74260184022899e-06 25.50045426015148 24.781721735509482 25.461483920517214 149.76729906991048 605.9189379218171 400.0 -8.144450415507192e-06 0.004987216678811788 0.03897033963426403 0.9036446207720493 41.416134974266406 5.55004250556781e-07 6.271183003305854e-05 3.1360646631491555e-05 3.1351183401564e-05 0.03909083439198381 6.74260184022899e-06 3.136064663149456e-05 3.1351183401564e-05 3.136647114050459e-05 3.1366471104131736e-05
1533.43 12.936601839550267 -8.214695617408498 65.78589711763908 -691719.566693266 6.7658164430781465e-06 25.529203778423025 24.794183178776752 25.484985534587935 149.3418439532905 605.5670223569647 400.0 -9.69259634591012e-06 0.005751508883150383 0.04421824383508758 0.9055694210541445 41.40347052524591 5.387147226573858e-07 7.330848398284989e-05 3.666053425738289e-05 3.664794972546416e-05 0.04435900046007269 6.7658164430781465e-06 3.666053425738573e-05 3.664794972546417e-05 3.666825615871451e-05 3.6668256122363134e-05
1560.78 12.943797936093443 -8.23336644649461 66.23686897465889 -691017.9156974285 6.789472723986182e-06 25.55849293321634 24.80688167578777 25.508480458828718 148.91016766718704 605.2069246509117 400.0 -1.1492575851872637e-05 0.0066106062387728615 0.05001247438762042 0.9075214918028724 41.381548035278485 5.230811661877445e-07 8.539272082835146e-05 4.270466973465167e-05 4.2688051093697275e-05 0.050176245265811444 6.789472723986182e-06 4.270466973465418e-05 4.2688051093697275e-05 4.271484185432979e-05 4.271484181569798e-05
1588.37 12.9510868234181 -8.25233395424359 66.68436655520384 -690309.7350350565 6.813539358794501e-06 25.588363750497006 24.81986635779462 25.531974714639194 148.47234158104283 604.8388302698731 400.0 -1.3577465819373697e-05 0.007572945219601519 0.05638903585781305 0.9095002579811678 41.350592890171356 5.080779251321647e-07 9.912334191213999e-05 4.9572568858372834e-05 4.955077305376521e-05 0.05657883901039187 6.813539358794501e-06 4.957256885837481e-05 4.955077305376519e-05 4.958588447491503e-05 4.9585884435648586e-05
1616.2 12.95846959898068 -8.271599541606006 67.1284618206022 -689595.0089410382 6.838225176278072e-06 25.618925994684425 24.833191035621773 25.55553919499417 148.02908430808867 604.4627852750734 400.0 -1.5984368084093155e-05 0.008647718731464839 0.06338679969025102 0.9115058777723802 41.31077926386822 4.93674873105624e-07 0.00011467517063605121 5.735178371119486e-05 5.732338692485517e-05 0.06360594029659926 6.838225176278072e-06 5.735178371119603e-05 5.732338692485517e-05 5.736910806012866e-05 5.736910801915531e-05
1644.27 12.965947229532759 -8.291164605890506 67.56922564249797 -688873.7200137443 6.862387694803053e-06 25.650077425376793 24.846909593986023 25.57903184757909 147.59954231565672 604.0788357305547 400.0 -1.8754126719299195e-05 0.009844611934004419 0.07104557779770158 0.91353851312693 41.262239229652025 4.798434860126176e-07 0.0001322357978575722 6.613627909578878e-05 6.609951876178333e-05 0.07129766199189434 6.862387694803053e-06 6.613627909578887e-05 6.609951876178335e-05 6.615868583415401e-05 6.615868579150708e-05
1672.59 12.97352124083443 -8.310827822457176 68.00364962580962 -688130.7583142841 6.884193702398679e-06 25.681619120952067 24.86103446034976 25.602210081529318 147.2232687554685 603.7740859720419 400.0 -2.1932755515500743e-05 0.01117428432770824 0.07940903942274789 0.9155987454804423 41.20504703348187 4.6655225445731e-07 0.00015201317959453585 7.603023818160598e-05 7.598294141293123e-05 0.0796980005962547 6.884193702398679e-06 7.603023818160461e-05 7.598294141293123e-05 7.605905467995868e-05 7.605905463605153e-05
1701.14 12.981184596331449 -8.330766761359339 68.43441613862788 -687380.2751139471 6.905000504727448e-06 25.713773796167825 24.875654730044495 25.625261136637278 146.8691214434773 603.4702201031726 400.0 -2.556709940916829e-05 0.012646459270454408 0.08851265953054782 0.9176845204097365 41.13931308254958 4.5378498136838913e-07 0.0001742075065741098 8.713399484954691e-05 8.707351172456623e-05 0.08884273056151996 6.905000504727448e-06 8.713399484954363e-05 8.70735117245662e-05 8.71708452346323e-05 8.717084518922784e-05
1729.94 12.988943368490188 -8.351013547383051 68.86215332139369 -686622.9221410613 6.926395318764005e-06 25.746859823073454 24.89083837831839 25.648454802865224 146.51153517001524 603.1601112736348 400.0 -2.9713389765908904e-05 0.014273345378359469 0.09840502020823258 0.9197968346104312 41.06504060342092 4.4150831137688705e-07 0.00019906273381486845 9.956981867578608e-05 9.949291513908802e-05 0.0987807995885867 6.926395318764005e-06 9.956981867578039e-05 9.949291513908799e-05 9.961669236012059e-05 9.961669231325547e-05
1758.98 12.99679593945935 -8.371562575447104 69.28677677495028 -685858.9408437742 6.9482085400724695e-06 25.780877749094817 24.906634270350434 25.671751821624895 146.14908430726376 602.8438956889559 400.0 -3.44289716459145e-05 0.016066130296915164 0.10912592746992339 0.9219345084193599 40.98228167155339 4.297036555065707e-07 0.000226814331481889 0.00011345578181614427 0.00011335854966575349 0.10955234633061177 6.9482085400724695e-06 0.00011345578181613556 0.00011335854966575351 0.0001135150928114996 0.00011351509276418223
1788.26 13.004743414904672 -8.392415201282578 69.7083535339146 -685088.307694128 6.9705144648576975e-06 25.81590522093529 24.923096278309668 25.695186394177597 145.78169788682453 602.5215967037591 400.0 -3.977751591971325e-05 0.018036989983979578 0.12071882675769265 0.9240970667122458 40.891052073205394 4.1834903942575586e-07 0.0002577198219653464 0.00012892104339552938 0.0001287987785698294 0.12120117036449736 6.9705144648576975e-06 0.000128921043395517 0.00012879877856982944 0.00012899571041317595 0.00012899571036423257
1817.79 13.012789676288786 -8.413579971232434 70.12709074273945 -684310.7335612972 6.9933320459476915e-06 25.852017051582273 24.940284113712906 25.718785017476943 145.4091762457947 602.1931190377572 400.0 -4.583029309268989e-05 0.020199356953597612 0.13323203410532858 0.9262847501187779 40.79132185401824 4.074199992672867e-07 0.00029206391849892076 0.00014610843025803684 0.0001459554882409008 0.1337759696652333 6.9933320459476915e-06 0.00014610843025801999 0.00014595548824090077 0.0001462019726838635 0.00014620197263414647
1847.55 13.020930473004018 -8.435043908703877 70.54277066484701 -683526.7170362385 7.0166745487624225e-06 25.889255973618614 24.95823980553321 25.74255454330726 145.03169551416764 601.8586950743991 400.0 -5.265806507493662e-05 0.022564929275767438 0.14670143031135147 0.9284955478174299 40.68315669068575 3.9690414343941397e-07 0.00033011123722615903 0.00016515077980927274 0.00016496045741690846 0.14731294768272646 7.0166745487624225e-06 0.00016515077980925062 0.00016496045741690846 0.0001652673996125062 0.00016526739956240964
1877.56 13.02917252429495 -8.456822797799756 70.95573803220208 -682735.7008259558 7.04058221174422e-06 25.92771345372297 24.97702893156982 25.766532688241377 144.64892295972206 601.5181035509348 400.0 -6.0346369394124326e-05 0.025148949463005724 0.16118076548158922 0.9307303868332346 40.566478388391104 3.8677560105106444e-07 0.00037219088854225605 0.0001862132839684626 0.00018597760457382184 0.16186626644869548 7.04058221174422e-06 0.00018621328396843426 0.00018597760457382184 0.0001863580097894181 0.00018635800973604587
1907.81 13.037514399368323 -8.478910810694702 71.3659169894125 -681937.9154941656 7.065073676623918e-06 25.96744432732157 24.99669886180314 25.790733712466274 144.26090305752157 601.171453465876 400.0 -6.898039048977477e-05 0.02796479074445314 0.1767106148552932 0.9329879355460953 40.44131582171689 3.7702012370388855e-07 0.0004186100967992103 0.00020945026751114284 0.0002091598292881031 0.17747684581514617 7.065073676623918e-06 0.00020945026751110723 0.00020915982928810303 0.00020962906315286634 0.00020962906310020867
1938.3 13.045957450086656 -8.501309312706198 71.77337189095627 -681133.3257550659 7.090174917432722e-06 26.008515894857428 25.01730260930369 25.81517979482408 143.86755073390083 600.8187358372066 400.0 -7.865419588568048e-05 0.031027063516937476 0.1933361000333452 0.9352675718382724 40.30766482750768 3.676207411115449e-07 0.0004697043046860327 0.00023503027447290854 0.00023467403021316808 0.19419017120230017 7.090174917432722e-06 0.00023503027447286463 0.0002346740302131681 0.00023525019352285906 0.00023525019346764398
1969.03 13.05450308272663 -8.524019673153187 72.17816659306632 -680321.8937948538 7.115914795770733e-06 26.05099644491737 25.03889285159768 25.839894017028296 143.46877764574737 600.4599356257453 400.0 -8.946890527254877e-05 0.03435084546541264 0.21110242788907582 0.9375686396545204 40.16552564423276 3.585613272872441e-07 0.0005258251739393792 0.00026313007375470366 0.0002626951001847292 0.21205180828872477 7.115914795770733e-06 0.0002631300737546501 0.00026269510018472924 0.00026339942544918173 0.00026339942539373076
2000.0 13.063152759861444 -8.54704326601217 72.58036447545253 -679503.5792142886 7.142314069877269e-06 26.094952095524775 25.061521874757037 25.864897286110942 143.06449211773193 600.0950318347287 400.0 -0.00010153303451477939 0.03795167392644622 0.2300548094138336 0.9398904473991725 40.01490508022063 3.4982655401507755e-07 0.0005873407556315707 0.0002939347558062716 0.0002934059998253635 0.2311073193253218 7.142314069877269e-06 0.0002939347558062071 0.00029340599982536345 0.0002942632907759031 0.00029426329071960617
