#Found quasiharmonic mode : None
#T(K), volume, F(eV), S(J/K), H(J/K), a(-6/K), Cp(J/mol), Cv, Cpion, Bt(GPa), T_ph-D(K), T-D(K), F_el_atom, S_el_atom, C_el_atom, M_el, Seebeck_coefficients(μV/K), Lorenz_number(WΩK^{−2}), Q_el, Q_p, Q_e, C_mu, W_p, W_e, Y_p, Y_e
0.0 10.586630614212266 -7.42207892411156 0.0 -716121.7500137562 0.0 0.0 0.0 0.0 207.52520103128126 400.0 400.0 0.0 0.0 0.0 0.0 0.0 2.443004551768e-08 0.0 0.0 0.0 0.0 0.0 0.0 0.0 0.0 0.0
0.28 10.586630566146585 -7.422078922998018 1.5618211488918825e-08 -716121.7499063114 -2.362731036236546e-09 4.6869427297943536e-08 4.6850814631606046e-08 4.686916589153649e-08 207.52518921269024 969.3220586807162 400.0 -3.027232441405173e-13 1.3604138524878867e-12 2.614064070389683e-13 0.03585343881950618 750.6257571448189 1.4853182342317654e-08 1.5718398973503828e-14 1.564902478177598e-14 6.911326934501044e-17 1.1907488336688362e-11 -2.362731036236546e-09 1.564928570415882e-14 6.911326934501044e-17 1.5652596671901082e-14 1.029178152965463e-16
0.8 10.586630616584372 -7.422078924007792 3.6424305673614205e-07 -716121.7500034528 -1.2502230677218555e-09 1.0927394250109264e-06 1.092724535274302e-06 1.09273916407366e-06 207.52520014094702 969.322058425534 400.0 -3.0272327454828887e-13 1.6319571302268434e-12 2.609372665176555e-13 0.036296511085014624 922.8475415234758 1.4851868741611831e-08 1.5691577244552163e-14 1.5623127968180102e-14 6.841716313919542e-17 1.761961388964481e-11 8.319203446083921e-09 1.562316008141297e-14 6.841716313919548e-17 1.5623564085466723e-14 1.0226834399291194e-16
1.56 10.5866307831765 -7.4220789270736205 2.70080643849041e-06 -716121.7502953383 -3.406721633060129e-09 8.102629770079889e-06 8.10241418436481e-06 8.102629510525585e-06 207.5252314271702 969.3220575826871 400.0 -3.027233749828054e-13 1.7968869084068693e-12 2.595543040146133e-13 0.03704479512247081 1032.5823633752495 1.4851734010031961e-08 1.560855378239816e-14 1.5540338867480634e-14 6.820645480233643e-17 2.1755352474040455e-11 -3.406721633060129e-09 1.5540347327595828e-14 6.820645480233643e-17 1.554045319110234e-14 1.0206252592634237e-16
2.56 10.586630367152372 -7.422078919029133 1.1935464899005718e-05 -716121.7494928217 -3.25706651211094e-09 3.580671252441889e-05 3.5806389142958175e-05 3.580671226308746e-05 207.52515013222526 969.3220596874963 400.0 -3.0272312417150893e-13 1.9384634686006167e-12 2.613314296113396e-13 0.03812160878688831 1113.7784472823196 1.4851702409209295e-08 1.571545641957553e-14 1.5645846512644972e-14 6.960678453620824e-17 2.534993524561638e-11 -7.221027285720037e-09 1.5645849635039315e-14 6.960678453620824e-17 1.5645888839706e-14 1.03463750491096e-16
3.8 10.586630627281242 -7.4220789245151195 3.903643847023237e-05 -716121.7499043553 2.291123595135112e-10 0.00011710931199178539 0.00011710930961657189 0.00011710931173354324 207.52520161252104 969.3220583714148 400.0 -3.0272328099718285e-13 2.017455785003539e-12 2.582421355804146e-13 0.03955173857989946 1180.0415515535904 1.4851689955088333e-08 1.5529691306851058e-14 1.545766319538717e-14 7.202668461324693e-17 2.7954236637475034e-11 7.66178931437224e-09 1.545766462223781e-14 7.202668461324697e-17 1.5457682412674952e-14 1.0588411589249003e-16
5.29 10.586630603781611 -7.422078925028956 0.00010531407070528156 -716121.74954516 -1.1966014547033544e-10 0.0003159422069255321 0.000315942206023594 0.00031594220666548154 207.52519632471083 969.3220584903075 400.0 -3.0272326682980115e-13 2.1174337248580294e-12 2.600505304010737e-13 0.04135318702161507 1234.2728306401525 1.4851743845709204e-08 1.5638384488382872e-14 1.5567411222644106e-14 7.097253332689408e-17 3.071482326369703e-11 -2.7386876876404897e-09 1.556741195505598e-14 7.097253332689408e-17 1.55674211226763e-14 1.0483009460804814e-16
7.01 10.58663059386642 -7.4220789277093004 0.00024464384390954674 -716121.7486459321 -1.802311358463774e-10 0.0007274850947406737 0.0007274850920292358 0.0007274850944794552 207.52519217270822 972.7284528322542 400.0 -3.0272326085216293e-13 2.1997309136558788e-12 2.6121857804242533e-13 0.043494690083390845 1277.0514953292604 1.4855629931185393e-08 1.5704516916701965e-14 1.5638211942115813e-14 6.630455265799754e-17 3.313133989266561e-11 6.915230986976426e-10 1.5638212364043963e-14 6.630455265799754e-17 1.5638217669497616e-14 1.0016217217738514e-16
8.98 10.586630604616634 -7.422078935227468 0.0005101851710455592 -716121.7465048154 -2.215872046691041e-11 0.0015117193533558937 0.0015117193533033904 0.0015117193530927286 207.52519068185399 976.4895040737274 400.0 -3.0272326733321694e-13 2.2712324151022835e-12 2.6316517779980667e-13 0.04608019314865568 1320.7367011180309 1.490556624582677e-08 1.5768541897654662e-14 1.5697491009518092e-14 7.105062780927913e-17 3.5278469737755895e-11 6.142726725044354e-11 1.5697491269845384e-14 7.105062780927908e-17 1.5697494572581904e-14 1.0490828537021004e-16
11.19 10.586630621207082 -7.422078951669306 0.0009788260106204309 -716121.7417196115 -3.835797878299371e-11 0.0028981231949913163 0.002898123194795268 0.002898123194726028 207.52518470560102 979.5037605848869 400.0 -3.02723277335213e-13 2.312930361142039e-12 2.652878363461916e-13 0.04902500343925046 1355.6591585715319 1.5155418061020508e-08 1.5633672490196198e-14 1.556955595646581e-14 6.411637069369076e-17 3.700202527750074e-11 2.509097676703531e-10 1.5569556119502508e-14 6.411637069369076e-17 1.556955815429986e-14 9.797405556208799e-17
13.64 10.586630644550006 -7.422078985355384 0.001759378356788046 -716121.7319249661 5.598508384543099e-10 0.005212982135703183 0.005212982084795774 0.0052129821354237795 207.525172736925 981.7492886545224 400.0 -3.027232914081196e-13 2.3829535586459415e-12 2.794038696784606e-13 0.052363460098495254 1387.3904284324194 1.584858260018119e-08 1.574539578825802e-14 1.5688636166147738e-14 5.675951243539515e-17 3.9094923687031036e-11 5.598508384543099e-10 1.5688636275822625e-14 5.675951243539515e-17 1.5688637649541074e-14 9.061721889339848e-17
16.34 10.586630709390786 -7.422079050685795 0.0030055579827710957 -716121.7131154959 6.300768867739836e-10 0.008918541056831899 0.008918540979588553 0.0089185410565274 207.5251545932056 983.3370859561719 400.0 -3.0272333049911776e-13 2.452614870733765e-12 3.044988220787945e-13 0.05616021768845749 1420.215900542367 1.7139909015517505e-08 1.586677625438938e-14 1.5802135433181058e-14 6.464074474268993e-17 4.1199874190360905e-11 6.300768867739836e-10 1.5802135509646693e-14 6.464074474268994e-17 1.5802136469168804e-14 9.849848804931947e-17
19.27 10.58663069734993 -7.422079165742929 0.004905531623368832 -716121.6787980447 3.3969969054744616e-10 0.014587754232725228 0.014587754206246703 0.014587754232388424 207.52509355646058 984.2389323101802 400.0 -3.0272332323996635e-13 2.5181846692024324e-12 3.3680408708146264e-13 0.060339196689016356 1450.9260144585915 1.8875172671790407e-08 1.5936685878493357e-14 1.5869959530710207e-14 6.672629502679818e-17 4.335084105561071e-11 -1.1617006557421148e-09 1.586995958346656e-14 6.672629502679818e-17 1.5869960233709248e-14 1.0058403762345457e-16
22.45 10.586630598958877 -7.4220793641466685 0.0077312258697246365 -716121.618904669 2.8100964515565607e-10 0.02306809116002233 0.023068091138912714 0.023068091159648203 207.5249736526553 984.2243300524945 400.0 -3.0272326392228664e-13 2.5810837636838323e-12 3.741282397261296e-13 0.06501603545362372 1484.3012671663444 2.087567084488469e-08 1.6006325446526248e-14 1.593320944616904e-14 7.311596173382589e-17 4.54606571612781e-11 8.172981569918874e-10 1.593320948479242e-14 7.311596173382589e-17 1.5933209953726928e-14 1.0697366176207939e-16
25.87 10.586630861156499 -7.422079703053036 0.011815630041201326 -716121.519499834 1.0053172315914827e-09 0.03545478191118662 0.035454781599854455 0.035454781910781524 207.52485853605998 982.7728023215072 400.0 -3.0281406209753667e-13 2.626221589444918e-12 4.0509771412619816e-13 0.07015982890860016 1518.142231892419 2.2691024672187085e-08 1.5944733959802276e-14 1.5884121178730483e-14 6.061275352448636e-17 4.735662883158685e-11 1.955407165706036e-09 1.5884121206277793e-14 6.061275352448636e-17 1.588412152791282e-14 9.447057695710524e-17
29.53 10.58663094335414 -7.42208024321134 0.01760469553010696 -716121.3574208776 9.006328088465487e-10 0.05331793845627557 0.05331793817105571 0.05331793845585354 207.52461031728927 979.1606888856892 400.0 -3.027234715501615e-13 2.6327003695107407e-12 4.2202847070563556e-13 0.07581234711281064 1552.895738409087 2.410367584191706e-08 1.563759873674964e-14 1.556794396607033e-14 6.965475131024765e-17 4.8632164523139916e-11 9.006328088465487e-10 1.5567943985439396e-14 6.96547513102477e-17 1.5567944196751402e-14 1.0351261444074711e-16
33.43 10.586631189464061 -7.422081093573134 0.025694510570775354 -716121.1003674882 2.531460573721086e-09 0.07889385429249991 0.07889385174156864 0.07889385429205262 207.52424807402275 972.7553484663441 400.0 -3.0272361992405213e-13 2.741051475147437e-12 4.4729234566633473e-13 0.08185372448044623 1583.7186058785267 2.5022673726844286e-08 1.596501555506624e-14 1.5889182393045205e-14 7.58331481264419e-17 5.172674688581143e-11 2.4170497589747814e-09 1.5889182406939797e-14 7.583314812644192e-17 1.5889182553343385e-14 1.0969112615323681e-16
37.58 10.586631567976493 -7.422082402700845 0.036915994860466574 -716120.6983435118 4.0200925174973485e-09 0.11536968067884523 0.11536967344702251 0.11536968067839251 207.52369388251626 963.4026556760756 400.0 -3.0272384812023493e-13 2.7535807406061396e-12 4.527153557118012e-13 0.08860448070744448 1619.160433575283 2.5701946701322227e-08 1.573152409574358e-14 1.566448675366203e-14 6.703733206579363e-17 5.306641860807814e-11 4.0218680754590316e-09 1.5664486763677786e-14 6.703733206579363e-17 1.5664486862297014e-14 1.0089548582951681e-16
41.96 10.586632336055818 -7.422084376266774 0.05227400723125614 -716120.0826494193 6.388853911443888e-09 0.1665582919465138 0.16655827155268943 0.1665582919460527 207.52290474212856 951.7615004902229 400.0 -3.036272656629745e-13 2.8102117783116327e-12 4.610990459031843e-13 0.09572847298432402 1649.6978328045525 2.6121994802649604e-08 1.57651997479207e-14 1.5696105994599495e-14 6.90937461081609e-17 5.5236780691147126e-11 6.572919288142854e-09 1.569610600181254e-14 6.90937461081609e-17 1.569610606908503e-14 1.0295225549420398e-16
46.59 10.58663353256986 -7.422087313697567 0.07319042801561275 -716119.1495437071 9.864326353377984e-09 0.23740992386757054 0.23740986988637633 0.23740992386710003 207.5217503549238 939.0154987672715 400.0 -3.036280018698626e-13 2.874818841225499e-12 4.705141839480256e-13 0.10345907700189771 1680.6033809574917 2.6497275842049506e-08 1.5859266095873328e-14 1.5786770630034717e-14 7.249546056400281e-17 5.754245098893494e-11 1.0626984448707306e-08 1.5786770635309325e-14 7.249546056400281e-17 1.5786770682333715e-14 1.0635452344399244e-16
51.46 10.586635582211082 -7.4220916196407245 0.10127405099329716 -716117.76338344 1.4907613824628905e-08 0.3328567519284018 0.3328566157533103 0.33285675192792735 207.52013921085458 926.6615918046774 400.0 -3.004788832019621e-13 2.901349562780471e-12 4.74473931121984e-13 0.11178382553646926 1711.3930703622973 2.6914631351909504e-08 1.5744740722206058e-14 1.5670626242192622e-14 7.411447615665337e-17 5.9116862216405e-11 1.4907613824628905e-08 1.5670626246049407e-14 7.411447615665332e-17 1.56706262785811e-14 1.0797448678771547e-16
56.57 10.58663838138798 -7.422097829264786 0.13840017541126337 -716115.744785821 2.120659507275574e-08 0.45769201959197076 0.4576917166670897 0.4576920195914942 207.51781646176028 916.0037732691949 400.0 -3.0048062962109095e-13 2.9101820254015295e-12 4.765804331275897e-13 0.12062945893549175 1740.4929212662441 2.7388966563786755e-08 1.554075645942736e-14 1.5477252955768156e-14 6.350350084145368e-17 6.033958734678122e-11 2.120659507275574e-08 1.5477252958585907e-14 6.350350084145368e-17 1.5477252981041183e-14 9.736480562115412e-17
61.92 10.586642941065596 -7.42210666541861 0.18659028592684498 -716112.8729724758 3.201878317952054e-08 0.6159196176083872 0.6159188617488264 0.6159196176078946 207.51468672853323 907.9399539138485 400.0 -3.0048347441625614e-13 2.9984470473265667e-12 4.926663864782763e-13 0.12982320695108118 1765.2631272685232 2.7880020483660814e-08 1.5782341507807045e-14 1.5715254258947354e-14 6.708724673889473e-17 6.315150456117336e-11 3.225188813708073e-08 1.571525426106815e-14 6.708724673889473e-17 1.571525427755418e-14 1.0095065943667247e-16
67.52 10.586649805482907 -7.4221190571069044 0.24801943370138602 -716108.8759869775 4.5833797990535387e-08 0.8107130021727808 0.8107113133031044 0.8107130021722816 207.51048844462235 902.9061483394847 400.0 -3.0048775712527223e-13 3.0305428793344633e-12 4.991761402576488e-13 0.13987474219267823 1793.822117197412 2.8350107933402882e-08 1.5725725653789976e-14 1.5665711743860474e-14 6.001390834478773e-17 6.481885394237992e-11 4.5833797990535387e-08 1.5665711745445188e-14 6.001390834478773e-17 1.566571175733107e-14 9.38804943582123e-17
73.35 10.586659802959538 -7.422136079278204 0.3244432830127255 -716103.4667341833 6.218675716101031e-08 1.0427755758753394 1.0427721985195 1.042775575874823 207.50497441960167 900.9821877092837 400.0 -3.0049399450773167e-13 3.1397926923733207e-12 5.164589975204589e-13 0.15020851544388666 1817.5151132042731 2.8677208510199727e-08 1.6084611168657025e-14 1.602181463795025e-14 6.279652948471086e-17 6.809367597489806e-11 6.184583061795993e-08 1.6021814639172317e-14 6.279652948471081e-17 1.6021814648255776e-14 9.666773718601018e-17
79.43 10.586673662194567 -7.422159130906138 0.4179203546120532 -716096.2933792025 8.363250789568357e-08 1.312935482001162 1.3129288674377706 1.312935482000649 207.49777405145161 901.9656571116145 400.0 -3.0365269287892743e-13 3.147075545783716e-12 5.131379909481809e-13 0.16140654450958122 1844.0372114266465 2.8810972558391267e-08 1.590698397380368e-14 1.5842774955494507e-14 6.420901737547347e-17 6.924455097022753e-11 8.375604132151547e-08 1.5842774956428203e-14 6.420901737547347e-17 1.5842774963052353e-14 9.808663211832572e-17
85.75 10.586693224001177 -7.422189775618378 0.5298784235924148 -716087.0084833844 1.1026121828305011e-07 1.6197165727827671 1.619704161179352 1.6197165727822511 207.48869910229925 905.5241537370193 400.0 -3.03664728559681e-13 3.2183410200519817e-12 5.16150214530588e-13 0.1729414193250041 1866.3982517950046 2.8688142066627454e-08 1.6068867960339286e-14 1.600296819601493e-14 6.589976360890293e-17 7.174648882119295e-11 1.1026121828305011e-07 1.6002968196730383e-14 6.589976360890293e-17 1.6002968201730777e-14 9.978642194368573e-17
92.31 10.586719215102477 -7.422229804303434 0.6615812278987078 -716075.2371760322 1.4202603730193104e-07 1.9612289284706268 1.9612067613129505 1.96122892847012 207.47726442086343 911.2596572296198 400.0 -3.0368071961732647e-13 3.2414231456518006e-12 5.066677594629692e-13 0.18533928353600912 1890.7468628585145 2.829316654222237e-08 1.599386061218579e-14 1.592386992538524e-14 6.999068624806095e-17 7.317508040569562e-11 1.413646866239947e-07 1.592386992593773e-14 6.999068624806095e-17 1.5923869929679015e-14 1.0388936105437553e-16
99.11 10.58675397730274 -7.422281258487821 0.8140064465057865 -716060.5961343359 1.807194597322568e-07 2.3351651393046615 2.3351266070252055 2.335165139304171 207.46323877102193 918.7639442064503 400.0 -3.0370210650081946e-13 3.250714307294287e-12 4.910445033497002e-13 0.1983966993575439 1914.2428891454142 2.764850427446821e-08 1.586210443696936e-14 1.5784505315554516e-14 7.7599120983014e-17 7.425431799435743e-11 1.807194597322568e-07 1.5784505315986345e-14 7.759912098301399e-17 1.5784505318803594e-14 1.115138684310222e-16
106.16 10.586799225146253 -7.422346474289498 0.9881257382052635 -716042.6652531654 2.241421521902383e-07 2.739697463033601 2.7396339779854872 2.739697463033119 207.4461499948403 927.6580099653692 400.0 -3.0463497075786454e-13 3.3256257175994075e-12 4.821532207016901e-13 0.21172741297784808 1932.8821674775384 2.679828748657282e-08 1.6069028577813223e-14 1.599687996876002e-14 7.214860871134835e-17 7.675270913982541e-11 2.241421521902383e-07 1.5996879969101875e-14 7.214860871134835e-17 1.599687997131614e-14 1.0608427871267152e-16
113.44 10.586856897048754 -7.42242771079691 1.1839302382552066 -716021.0977667036 2.7665854486922627e-07 3.1713799036753914 3.171276561584741 3.1713799036749393 207.42561867938753 937.5527963251038 400.0 -3.046711659394597e-13 3.2704210475512844e-12 4.516737011077434e-13 0.22631154888133007 1956.1975474444725 2.5788263220816953e-08 1.5642793158127997e-14 1.5573814532104747e-14 6.897862575482362e-17 7.628585938831175e-11 2.7649489778084557e-07 1.5573814532373174e-14 6.897862575482359e-17 1.5573814534022515e-14 1.0294096610633512e-16
120.97 10.586930200070798 -7.422527842895811 1.4022540021833763 -715995.4334251054 3.366866634011953e-07 3.6293084149497754 3.629145220874322 3.629308414949327 207.40127336704305 948.1462049821071 400.0 -3.047288698175152e-13 3.4192871884898166e-12 4.4852103163866455e-13 0.2406214527754802 1970.1742188525682 2.468037853237244e-08 1.6230899508338543e-14 1.61624015764756e-14 6.849793164780943e-17 8.038718082208475e-11 3.366866634011953e-07 1.6162401576690735e-14 6.849793164780942e-17 1.6162401578057677e-14 1.0249417568482088e-16
128.74 10.587021413359032 -7.422649588271483 1.64298400128424 -715965.29297443 4.043195547401303e-07 4.111023991613619 4.110773564337969 4.1110239916131945 207.3726264607596 959.1341375202428 400.0 -3.047861290202477e-13 3.4242344579113395e-12 4.247834571440332e-13 0.25630480128351874 1989.2024365024454 2.3529552663740704e-08 1.6123730012200493e-14 1.605042633622438e-14 7.330367580499997e-17 8.118037496226031e-11 4.0413551741037487e-07 1.6050426336395493e-14 7.330367580499998e-17 1.60504263374652e-14 1.0734211466717511e-16
136.75 10.58713390197651 -7.42279595425812 1.9061445025890296 -715930.267644858 4.80834813323413e-07 4.614798655083894 4.614422495096717 4.61479865508349 207.33930409606458 970.2661706995781 400.0 -3.048567376145165e-13 3.4457722855504935e-12 4.0375305192309947e-13 0.27227851368881795 2004.346387037836 2.238869816450364e-08 1.6106403302246724e-14 1.6038568893376575e-14 6.783440873131544e-17 8.231517899584505e-11 4.809636309471406e-07 1.6038568893515414e-14 6.783440873131544e-17 1.6038568894372584e-14 1.0192489553991768e-16
145.01 10.587271120792987 -7.422970332328639 2.192012891829221 -715889.8940421913 5.6635862161861e-07 5.139576119885959 5.139022821453141 5.139576119885572 207.30081465688872 981.3459840140689 400.0 -3.049428599484649e-13 3.5008146889782333e-12 3.8725310882419603e-13 0.2886757070478959 2016.9128326364662 2.1274468953974456e-08 1.6257275952963196e-14 1.6191072823134748e-14 6.620312971556562e-17 8.419462485948412e-11 5.6635862161861e-07 1.619107282324763e-14 6.620312971556562e-17 1.6191072823950484e-14 1.0035712381376335e-16
153.5 10.587436339380462 -7.423175628131631 2.4997280680628604 -715843.8576069224 6.603050351825033e-07 5.68231024654973 5.681514287522643 5.682310246549367 207.2568488625608 992.1773556518303 400.0 -3.050465421494804e-13 3.4730101916175327e-12 3.63031639165508e-13 0.3061621418268679 2031.8429050542954 2.0232543740890567e-08 1.6025278340818144e-14 1.5958837812898223e-14 6.64405278260819e-17 8.408316347288152e-11 6.59544521905706e-07 1.5958837812992063e-14 6.64405278260819e-17 1.5958837813560257e-14 1.0067101242322854e-16
162.24 10.587633534159632 -7.423415798112202 2.8297562105760043 -715791.639098107 7.630058726647615e-07 6.242330284632509 6.241207205933807 6.24233028463217 207.20688341836453 1002.6543864044044 400.0 -3.051702714467083e-13 3.4205186718672587e-12 3.383012000099015e-13 0.32456736874231595 2047.4099448214472 1.9261130015673264e-08 1.5686764198133678e-14 1.561614492708362e-14 7.061927097257402e-17 8.334069654193482e-11 7.631735952613625e-07 1.5616144927161103e-14 7.061927097257397e-17 1.561614492761781e-14 1.0494108474035472e-16
171.22 10.587867209744477 -7.423694249030291 3.1813941077826633 -715732.8868758872 8.741534642190687e-07 6.816819504116654 6.815264189275126 6.81681950411633 207.15077378608385 1012.6673181912656 400.0 -3.062351744713419e-13 3.4598044556889302e-12 3.248473629154442e-13 0.34253783127739645 2055.694266253162 1.8381314667831304e-08 1.578390173982927e-14 1.5713245051440105e-14 7.065668832411726e-17 8.47574550893261e-11 8.750075387918433e-07 1.571324505150515e-14 7.065668832411726e-17 1.571324505189109e-14 1.0508677585962768e-16
180.43 10.588140206275575 -7.42401433970231 3.553789529342211 -715667.2789850407 9.926464752716458e-07 7.402717035693474 7.400604197498511 7.40271703569316 207.08811985231563 1022.1405213606961 400.0 -3.064097966552912e-13 3.512674121034864e-12 3.141907369289317e-13 0.3613229621549587 2064.7608079327197 1.7588434469289368e-08 1.5954301122652598e-14 1.5886059512570358e-14 6.824161002691471e-17 8.644710597669431e-11 9.926197306155238e-07 1.5886059512625686e-14 6.824161002691468e-17 1.588605951296015e-14 1.0279825741723087e-16
189.9 10.588457573010267 -7.424381029151469 3.9476363404495673 -715594.2132420556 9.846035775134625e-07 7.9986400501697865 7.996452877768601 7.998640050169479 207.0184825799682 1031.0638499660176 400.0 -3.066127517883365e-13 3.589127505604873e-12 3.0693895857757644e-13 0.38074277678202073 2073.2684768826985 1.6880973043189924e-08 1.6239256131773055e-14 1.6171962966430225e-14 6.729316529526719e-17 8.867788468598846e-11 1.1174021092021173e-06 1.6171962966477784e-14 6.729316529526719e-17 1.617196296677417e-14 1.0199703212805699e-16
199.6 10.588822016714147 -7.424797164032178 4.361070653755675 -715513.5505927892 1.2496759480903946e-06 8.601766811114066 8.598064740806889 8.60176681111378 206.9418096615103 1039.3894305819015 400.0 -3.0684574810261047e-13 3.486042080899038e-12 2.854896273729913e-13 0.40172091466302834 2086.168196002444 1.6249635912543256e-08 1.5691277100586724e-14 1.562012457233999e-14 7.115252820666781e-17 8.660074982739798e-11 1.2496270375406685e-06 1.5620124572380055e-14 7.115252820666784e-17 1.5620124572621974e-14 1.0602557064970731e-16
209.54 10.589238430961576 -7.425267162199013 4.793776958094304 -715424.8802007027 1.386927013406829e-06 9.207908991649036 9.203123741059926 9.20790899164876 206.8580339780783 1047.1255520005375 400.0 -3.1023959248222153e-13 3.51907897352353e-12 2.774232892845839e-13 0.4222135614109636 2093.0175460186424 1.5700815399311134e-08 1.5780919412012533e-14 1.5711913064001408e-14 6.900634797628486e-17 8.776273349968392e-11 1.386927013406829e-06 1.571191306403625e-14 6.900634797628486e-17 1.5711913064250272e-14 1.040728442406606e-16
219.73 10.589709905510182 -7.425795646550476 5.245387778080694 -715327.7901561952 1.5264951641705413e-06 9.815319477849465 9.80924318906019 9.815319477849195 206.76675411626601 1054.2901686263826 400.0 -3.105366502362885e-13 3.5549401331265986e-12 2.7057736448945675e-13 0.4437153041955483 2101.325570119185 1.5210714849581366e-08 1.5887421960384272e-14 1.5816660696350206e-14 7.076126400389907e-17 8.897182146861019e-11 1.5264951641705413e-06 1.5816660696380376e-14 7.076126400389907e-17 1.5816660696570624e-14 1.060469890143712e-16
230.16 10.590239590232542 -7.426386325239498 5.714576201425208 -715222.0841836394 1.6702542791988026e-06 10.42050251927981 10.412885807606735 10.420502519279543 206.6680222677282 1060.8956198592512 400.0 -3.118181634817129e-13 3.6074074195721244e-12 2.661457707302756e-13 0.4652815244212667 2106.89646155659 1.4792592313628948e-08 1.606892685693312e-14 1.599850504983542e-14 7.04218070715342e-17 9.059487667670809e-11 1.6702542791988026e-06 1.5998505049861587e-14 7.04218070715342e-17 1.5998505050032357e-14 1.0595407264424517e-16
240.83 10.590830505156624 -7.427043383856301 6.2003788078101305 -715107.510332739 1.815791862526321e-06 11.020674343564659 11.011259433894978 11.020674343564398 206.56180097469726 1066.9686484637916 400.0 -3.121975051131397e-13 3.653043559552162e-12 2.618927199421256e-13 0.4871629015257577 2111.1019299046384 1.4419143643166883e-08 1.62216695685571e-14 1.6149701992000063e-14 7.196757653384986e-17 9.20406555602804e-11 1.8156800819144276e-06 1.614970199202325e-14 7.196757653384986e-17 1.614970199217828e-14 1.0777518412421724e-16
251.74 10.59148539064833 -7.427771022908068 6.7017778685512335 -714983.848495968 1.9621612628573514e-06 11.613250013278355 11.60176364423828 11.613250013278103 206.4480851523473 1072.539829355927 400.0 -3.126176791304238e-13 3.6177620932525954e-12 2.528488751076939e-13 0.5113649404572305 2122.1000727835785 1.4101544607023637e-08 1.6014225261631436e-14 1.5939062426701327e-14 7.51628349096253e-17 9.145618555748842e-11 1.9622611780412626e-06 1.5939062426721812e-14 7.51628349096253e-17 1.5939062426859336e-14 1.1127595894897877e-16
262.89 10.592206691855287 -7.428573443330812 7.217715285429828 -714850.9106861989 2.108844801572067e-06 12.195885222991773 12.182036841357595 12.195885222991524 206.32690302162703 1077.6417138352238 400.0 -3.1308017948034146e-13 3.65063290400616e-12 2.493748307384414e-13 0.535294434260003 2129.1579598032476 1.3819944445147105e-08 1.611602431167359e-14 1.6046660247695367e-14 6.936406396009553e-17 9.254863882738981e-11 2.108844801572067e-06 1.6046660247713495e-14 6.936406396009552e-17 1.6046660247839135e-14 1.0581412774683007e-16
274.29 10.5929971407786 -7.429455631218744 7.747572077414243 -714708.4125038309 2.2541848221954386e-06 12.766976008868468 12.750475927291577 12.766976008868225 206.1981704031528 1082.3113409995915 400.0 -3.1358667157701134e-13 3.6365108286766885e-12 2.42819474167398e-13 0.5586813948676349 2131.829980382094 1.3556290546023188e-08 1.5997578090955547e-14 1.593164933802444e-14 6.592875291499528e-17 9.253353587560425e-11 2.2541848221954386e-06 1.5931649338040553e-14 6.592875291499528e-17 1.593164933815255e-14 1.0274857639665689e-16
285.93 10.593857755463755 -7.430421052547182 8.289786774329981 -714556.3443140707 2.398285513622229e-06 13.324205042196681 13.304746646881593 13.324205042196445 206.06203309808572 1086.5767972017295 400.0 -3.1513113040996985e-13 3.651344689775625e-12 2.34831342786922e-13 0.5832717963977985 2138.2097642948133 1.3091371540764558e-08 1.60207375425571e-14 1.5951052721372565e-14 6.968482116986872e-17 9.317023737565976e-11 2.398186563861943e-06 1.595105272138723e-14 6.968482116986869e-17 1.5951052721490563e-14 1.0690783176581639e-16
297.81 10.594790292627971 -7.431473835440784 8.843260085283886 -714394.6098675958 2.540308923669827e-06 13.866067037250236 13.843342568919986 13.866067037250048 205.91861575107464 1090.4698598329837 400.0 -3.15833701199186e-13 3.756984383026352e-12 1.889376575838172e-13 0.6082641941189756 2156.430430844625 1.0255749732698907e-08 1.6453667063519738e-14 1.6364515664005883e-14 8.91513995006211e-17 9.605139912039038e-11 2.540308923669827e-06 1.6364515664019114e-14 8.91513995006211e-17 1.636451566411743e-14 1.2681198811418454e-16
309.93 10.595795866945993 -7.432618051498153 9.406904444983498 -714223.1393252729 2.6792186838897118e-06 14.391337884535004 14.365048237018877 14.391337884534888 205.76799510240693 1094.0207855063438 400.0 -3.160402982771027e-13 3.7955258149259415e-12 1.1503476599971904e-13 0.6351896084254084 2223.3464108904063 6.193157973650583e-09 1.6589318610871047e-14 1.6516694076988685e-14 7.262453387028668e-17 9.7242881958007e-11 2.6791248497470425e-06 1.651669407700076e-14 7.262453387028666e-17 1.651669407709349e-14 1.1075776337841526e-16
322.29 10.59687541423436 -7.433857715691346 9.979654469289246 -714041.8877923968 2.8150416451591595e-06 14.899086851735326 14.868926769914932 14.899086851734369 205.61026673619625 1097.257999277936 400.0 -3.202394855860378e-13 3.764991737711408e-12 9.57809281970941e-13 0.6635304611041455 2373.932287871433 5.2140143834938764e-08 1.6406593177713986e-14 1.632024118810647e-14 8.635198959660918e-17 9.677593912172488e-11 2.8151730796968502e-06 1.6320241188117376e-14 8.635198959660923e-17 1.6320241188201627e-14 1.2499351801097755e-16
334.89 10.598029869309025 -7.435196780680258 10.560475652809934 -713850.8330701201 2.947344166068958e-06 15.388631542138029 15.354301114439394 15.388631542123587 205.44556923223197 1100.2079427446622 400.0 -3.2023398055665863e-13 3.941287045794476e-12 1.444260171016945e-11 0.69344983912265 2242.965637808789 7.528464621645471e-07 1.713367850787112e-14 1.661539436025361e-14 5.182841476075643e-16 1.0155831233645057e-10 2.947344166068958e-06 1.6615394360263557e-14 5.182841476075641e-16 1.661539436034493e-14 5.574702330312821e-16
347.74 10.599260436617154 -7.436640273417822 11.148826604343578 -713649.8136742918 3.0757228337324368e-06 15.85987556875534 15.821082728137558 15.859875568683904 205.273819619011 1102.8970864544426 400.0 -3.212175658394384e-13 5.420491726918124e-12 7.143829726750764e-11 0.7178213810552843 1585.90308720171 2.6795267306066265e-06 2.381138151737637e-14 2.012827017228183e-14 3.683111345084783e-15 1.3813189901053589e-10 3.075469391288555e-06 2.0128270172291586e-14 3.683111345084783e-15 2.0128270172399257e-14 3.722878977068799e-15
360.82 10.600565774934076 -7.438189754053923 11.742837166751373 -713439.1582849667 3.1999755400446895e-06 16.31185406512942 16.26831667739714 16.311854064914403 205.095433652965 1105.343732020835 400.0 -3.247395900428034e-13 1.0318556157580827e-11 2.1501581449369479e-10 0.7338109880114896 861.7938508121207 4.106475585122528e-06 4.676411839340551e-14 3.147898275065334e-14 1.528513564274082e-14 2.545721529896494e-10 3.1999903318268948e-06 3.147898275066469e-14 1.528513564274082e-14 3.147898275090521e-14 1.532552133922378e-14
374.15 10.601948095332252 -7.4398513174851075 12.34250731762728 -713218.5761780799 3.320107626964465e-06 16.74520635902891 16.696644772961577 16.74520635850639 204.91025937399974 1107.5722569471131 400.0 -3.2656845597739957e-13 2.299534625886003e-11 5.22520371536987e-10 0.7419721690403073 443.5645628655523 4.3158747674264575e-06 1.0812994583072552e-13 6.24488717247336e-14 4.5681074105974094e-14 5.457758297804094e-10 3.320107626964465e-06 6.244887172475144e-14 4.568107410597409e-14 6.244887172564572e-14 4.572211559497123e-14
387.72 10.603406369990699 -7.441627449583379 12.946521952061886 -712988.2704951075 3.435854407671975e-06 17.15968245638702 17.10583271283688 17.159682455224186 204.7185102644823 1109.5995443424963 400.0 -3.347016041700823e-13 5.1564135594627213e-11 1.1628359227327548e-09 0.7465191294271927 246.1062109881892 4.1362587070461505e-06 2.5108590752115673e-13 1.3379668228544865e-13 1.172892252356746e-13 1.1792983772541643e-09 3.435854407671975e-06 1.3379668228548212e-13 1.172892252356746e-13 1.3379668228936e-13 1.1733095993406311e-13
401.54 10.604941681839673 -7.443523113903424 13.554510994397244 -712748.1214431783 3.5473744638991876e-06 17.555806536237935 17.496407322193043 17.555806533774845 204.5201566466349 1111.4440117411868 400.0 -3.453048701674285e-13 1.1226515722260444e-10 2.4630892941846645e-09 0.7493155876256135 166.43661211127645 3.895610664138096e-06 5.646979398936631e-13 2.9066111856933504e-13 2.7403682132426184e-13 2.4799734413885303e-09 3.5472991885835764e-06 2.906611185694014e-13 2.7403682132426174e-13 2.9066111858665994e-13 2.740792874081484e-13
415.59 10.606551594115736 -7.445539040240263 14.164839086260189 -712498.5416341489 3.6091576208752753e-06 17.931752747858305 17.868169037588014 17.931752742846108 204.3155676051614 1113.1185991744471 400.0 -3.7111583898843574e-13 2.3565672560630724e-10 5.012196580507e-09 0.7514177467315468 132.74844916017616 3.661544022328595e-06 1.2225747689215506e-12 6.197143348939443e-13 6.028604340274743e-13 5.035747363479719e-09 3.6544420608419103e-06 6.197143348940763e-13 6.028604340274743e-13 6.197143349680175e-13 6.029036690523432e-13
429.89 10.60823826408144 -7.447681491549702 14.777671486176224 -712239.2490409577 3.7575076926111973e-06 18.293331900023 18.2221045949384 18.293331890176045 204.1045733661238 1114.639858694542 400.0 -4.2686827901300256e-13 4.777728165480077e-10 9.846955887415519e-09 0.7532397324917208 117.4571387232002 3.443557718073957e-06 2.553913704201018e-12 1.2852443796306633e-12 1.268669324570097e-12 9.885828423827915e-09 3.7575076926111973e-06 1.2852443796309214e-12 1.2686693245700972e-12 1.2852443799307152e-12 1.268713368799881e-12
444.42 10.609998853809849 -7.449950774151787 15.391498831992054 -711970.6848107725 3.855855963639171e-06 18.635716201095565 18.55824601605792 18.635716182388315 203.8875206514739 1116.0185203385051 400.0 -5.266466377514974e-13 9.364202380891218e-10 1.8707250142974205e-08 0.75493631251771 110.32236270025759 3.242192837334614e-06 5.1532677075964525e-12 2.5848314438093577e-12 2.568436263786603e-12 1.8776961479722884e-08 3.8554654359040415e-06 2.584831443809849e-12 2.5684362637866025e-12 2.5848314449543813e-12 2.5684811617533264e-12
459.2 10.611835217524979 -7.4523532295534665 16.006563416438382 -711692.5625081924 3.950334307385596e-06 18.96157824543175 18.87763842092873 18.9615782109579 203.66413974603074 1117.268157068945 400.0 -7.31154212569473e-13 1.7795134704246554e-09 3.4473851228393637e-08 0.7565831334482388 106.85154935011367 3.0559914691594365e-06 1.0075097516756433e-11 5.045986004952324e-12 5.029111511803197e-12 3.46021625495239e-08 3.950369344740035e-06 5.045986004953237e-12 5.029111511803197e-12 5.045986009074763e-12 5.029157327425381e-12
474.22 10.613746407483706 -7.45489048503012 16.621886451724205 -711405.1533732223 4.041196860020883e-06 19.271298891105648 19.180665699524823 19.27129882938857 203.43481343611066 1118.3982594061986 400.0 -1.1080743763582952e-12 3.2835362275506896e-09 6.171707904520144e-08 0.758218382771878 104.8621400296883 2.8837653709732178e-06 1.911423996526599e-11 9.565888364490499e-12 9.548351600773844e-12 6.195194194126638e-08 4.041196860020883e-06 9.565888364492148e-12 9.548351600773842e-12 9.56588837850628e-12 9.54839845519528e-12
489.48 10.61573122322534 -7.457565585112249 17.236958913556094 -711108.54563723 4.1274588562864425e-06 19.56546741627732 19.46797602300634 19.56546730874283 203.1994340788897 1119.4184857814112 400.0 -1.821552680524525e-12 5.893582620074816e-09 1.0753448965558057e-07 0.759857983399968 103.50381513758671 2.7242636308447734e-06 3.5254149235716094e-11 1.763567454289379e-11 1.7618474692819405e-11 1.0795694741720508e-07 4.127135519557817e-06 1.7635674542896695e-11 1.76184746928194e-11 1.7635674588018836e-11 1.7618522877009022e-11
504.99 10.617790779064837 -7.460383366597824 17.85171027465952 -710802.6316971144 4.210386773958116e-06 19.844962390354453 19.74040363010387 19.844962207632832 202.95795873157618 1120.3380464985876 400.0 -3.088920410484676e-12 1.0310950040320164e-08 1.8272161999931558e-07 0.7615070495372696 102.5218245620347 2.5762644380279218e-06 6.334481777702287e-11 3.168060927705121e-11 3.1664208499966654e-11 1.8346666629374016e-07 4.210442056416323e-06 3.168060927705621e-11 3.166420849996664e-11 3.168060941515226e-11 3.1664258783941154e-11
520.73 10.619922161253552 -7.463343109012328 18.46492591470737 -710487.8977270024 4.2899888700083374e-06 20.11008801963179 19.99826876693644 20.110087716585717 202.71081067004715 1121.163603567364 400.0 -5.312906676268216e-12 1.759807809095421e-08 3.0304606978036996e-07 0.7631661582911711 101.75673211956733 2.4389414314192475e-06 1.1097339626051445e-10 5.5495444717223774e-11 5.5477951543282305e-11 3.043322591355743e-07 4.2899888700083374e-06 5.549544471723216e-11 5.5477951543282324e-11 5.549544511958639e-11 5.5478005967242986e-11
536.72 10.622127340769353 -7.466451400599439 19.077001622403944 -710164.0348338995 4.365623334613193e-06 20.361798377321776 20.242570052600282 20.361797885726965 202.45766479077625 1121.903383733772 400.0 -9.122620474218393e-12 2.936313392911429e-08 4.915948116511594e-07 0.764840695532492 101.06202834441783 2.3112046506382602e-06 1.8996801324744294e-10 9.499286444198422e-11 9.497514880544494e-11 4.937668526688445e-07 4.365623334613193e-06 9.4992864441998e-11 9.497514880544494e-11 9.499286556254515e-11 9.497521265519644e-11
552.95 10.624404355073713 -7.4697091516385115 19.68719797308926 -709831.3322164256 4.438308597876806e-06 20.600624834175516 20.47380207908844 20.600624053410687 202.19868499060198 1122.5633376040485 400.0 -1.549793367162627e-11 4.7944919217136374e-08 7.807648276254465e-07 0.7665297304696391 100.4146231802636 2.1923206137261333e-06 3.1807370388085956e-10 1.5904571560548033e-10 1.59027988275357e-10 7.8435537880791e-07 4.438127033087424e-06 1.5904571560550254e-10 1.5902798827535702e-10 1.5904571859428665e-10 1.5902807472282604e-10
569.42 10.626752924233285 -7.473119060000087 20.2952034772501 -709489.8797123949 4.508034003195395e-06 20.82720617119816 20.692616899688655 20.82720495561834 201.93396093913407 1123.1493381166579 400.0 -2.5932937393494803e-11 7.670567815130867e-08 1.2155798246460574e-06 0.7682334281928423 99.79499718237577 2.081546190984569e-06 5.215657007454856e-10 2.607917109400662e-10 2.6077398980538426e-10 1.22139529840008e-06 4.508034003195395e-06 2.607917109401013e-10 2.6077398980538426e-10 2.607917185937332e-10 2.6077413043464693e-10
586.14 10.629174108961074 -7.476685918485373 20.901097453754556 -709139.5547404448 4.5745235071183235e-06 21.042269209385093 20.89976980126362 21.04226735157425 201.66337928537527 1123.6670218806084 400.0 -4.270722542725815e-11 1.2041320676383638e-07 1.8578108434179293e-06 0.7699527483738855 99.19343795788335 1.9781512846000875e-06 8.387906559243786e-10 4.1940450773704757e-10 4.193861481872763e-10 1.8670511899792903e-06 4.5745235071183235e-06 4.1940450773710206e-10 4.1938614818727634e-10 4.194045266070356e-10 4.1938641601557905e-10
603.09 10.631664217010695 -7.480408014856536 21.50390446677463 -708780.8619616757 4.638276054080506e-06 21.246193844346532 21.095629600630765 21.2461910555524 201.38720319739343 1124.120685669257 400.0 -6.91350700372648e-11 1.8557356449626554e-07 2.7887941314737645e-06 0.7716855973631757 98.60247485659418 1.8816527635047035e-06 1.3236969435536416e-09 6.618576574917802e-10 6.61839286061778e-10 2.803203284625737e-06 4.638276054080506e-06 6.618576574918632e-10 6.618392860617781e-10 6.618577023311822e-10 6.618398433888224e-10
620.29 10.634226053800448 -7.484292248850224 22.104113755040434 -708413.4625923415 4.699549832132677e-06 21.43981632278976 21.281023847952646 21.4398122049723 201.1052090058782 1124.515260678465 400.0 -1.1008241080995717e-10 2.8119721705216756e-07 4.117817459679204e-06 0.7734337731309849 98.02044338080279 1.7913869557388443e-06 2.0530015441592644e-09 1.0265103719888658e-09 1.0264911721702732e-09 4.139902607520266e-06 4.699377206058587e-06 1.0265103719889907e-09 1.0264911721702732e-09 1.0265104749903244e-09 1.0264923686016727e-09
637.72 10.636855957645537 -7.4883365388049725 22.70082960944321 -708037.8649143949 4.758225791261542e-06 21.623467857231454 21.45630925181966 21.623461873708095 200.81766750642544 1124.8543667255194 400.0 -1.7239636540435208e-10 4.191355145284738e-07 5.983523360199591e-06 0.7751950557330315 97.44599294577725 1.706960893533527e-06 3.1307256553786396e-09 1.5653731817595201e-09 1.5653524736189355e-09 6.016808706741317e-06 4.758357429472286e-06 1.5653731817597044e-09 1.5653524736189355e-09 1.5653734106918613e-09 1.565355035621801e-09
655.4 10.63955707534803 -7.492547922912308 23.294563741126208 -707653.7176912762 4.814791459598809e-06 21.79792594312355 21.622236523503805 21.797917375787566 200.5244102015254 1125.1420143187306 400.0 -2.658295982259515e-10 6.153520910405007e-07 8.567335982613473e-06 0.7769712648260736 96.87785409626879 1.6278253304757573e-06 4.700559879403394e-09 2.3502914566216964e-09 2.3502684227814316e-09 8.616730651016281e-06 4.814791459598809e-06 2.350291456621965e-09 2.350268422781431e-09 2.350291950251251e-09 2.3502738187524227e-09
673.32 10.642326798728716 -7.49692642451997 23.88481679142528 -707261.3111070109 4.868733489991241e-06 21.963559066321093 21.779226231502072 21.96354697185608 200.22540463930673 1125.3814400774265 400.0 -4.0376096541628383e-10 8.903692726988903e-07 1.2094465014154925e-05 0.77876114223413 96.31654428277727 1.553619019882665e-06 6.952703769978744e-09 3.47636618907386e-09 3.4763375809045005e-09 1.2166681763801709e-05 4.8684569177745044e-06 3.476366189074245e-09 3.4763375809045e-09 3.476367222846121e-09 3.4763486878384017e-09
691.49 10.645166808024022 -7.501476865343491 24.471776665570896 -706860.4978966877 4.920821845343711e-06 22.120994764954094 21.92785813849905 22.120977915640832 199.92061096191674 1125.5757556711656 400.0 -6.046322656781252e-10 1.2708866120333497e-06 1.6849313260846527e-05 0.7805654957421476 95.7615553128614 1.4839305857504722e-06 1.0140986656155338e-08 5.070512546035708e-09 5.070474110119085e-09 1.6953436048222688e-05 4.9209589409149435e-06 5.0705125460362536e-09 5.0704741101190855e-09 5.070514652727327e-09 5.070496420870038e-09
709.89 10.648073688334133 -7.50619646607764 25.054682590169605 -706451.790363536 4.971019665799055e-06 22.270527763941075 22.068444845656046 22.27050459115039 199.61038128568302 1125.7275492665092 400.0 -8.928967168417572e-10 1.790079511827295e-06 2.317279068316412e-05 0.7823821343335026 95.21389989205387 1.4184952407520212e-06 1.4590226989336054e-08 7.295142498294692e-09 7.295084491040604e-09 2.332088780595565e-05 4.971019665799055e-06 7.295142498295454e-09 7.295084491040602e-09 7.295146678566043e-09 7.295128188436117e-09
728.54 10.651050061025225 -7.511092527767616 25.634069545522355 -706034.812099014 5.01922226841499e-06 22.41274925098615 22.20159152965358 22.412717758232926 199.2942970797682 1125.8395818356196 400.0 -1.3017074701022777e-09 2.4906792140734546e-06 3.149275321911897e-05 0.7842128472631966 94.67320037847165 1.3569299398639162e-06 2.0728353086969265e-08 1.0364223789594584e-08 1.0364129297373626e-08 3.1700772356707485e-05 5.01908122343237e-06 1.0364223789595639e-08 1.0364129297373625e-08 1.0364231883080421e-08 1.0364212860197337e-08
747.43 10.654094195276517 -7.516164650926584 26.209534686409988 -705609.8501025919 5.065898180545507e-06 22.54803558220249 22.327648287571204 22.547993269678074 198.97255240461433 1125.9140968625634 400.0 -1.8741561634538384e-09 3.424770276423631e-06 4.2312524417046644e-05 0.7860564803180525 94.14000187783745 1.298986554690029e-06 2.9092153714709205e-08 1.4546156656839016e-08 1.454599705786874e-08 4.2601199376965866e-05 5.065898180545507e-06 1.454615665684046e-08 1.4545997057868739e-08 1.4546171959576129e-08 1.4546153166217318e-08
766.56 10.657206010507643 -7.521414927843807 26.781008805561207 -705176.9672153445 5.110664956152765e-06 22.6767502202298 22.447021230605444 22.67669398564894 198.64519074327734 1125.9532274143817 400.0 -2.6664672418373897e-09 4.656583481960558e-06 5.6234580861200546e-05 0.7879128769730479 93.61468131305973 1.244404419322359e-06 4.036021867143426e-08 2.0180247608119018e-08 2.0179971063313284e-08 5.6630609605166075e-05 5.110664956152765e-06 2.0180247608120974e-08 2.017997106331329e-08 2.0180275896752753e-08 2.0180256254851036e-08
785.93 10.660384896821418 -7.526845395036702 27.348434067172573 -704736.2229695959 5.154225141362095e-06 22.799329703952598 22.560093953955935 22.799255735090178 198.31206862050198 1125.9589911173007 400.0 -3.750986372157142e-09 6.264178753738625e-06 7.396886241821663e-05 0.7897818939257544 93.09746388062855 1.1929448262854489e-06 5.5378370745408436e-08 2.7689424332560934e-08 2.768894641284489e-08 7.450626725822204e-05 5.153989097807862e-06 2.7689424332563555e-08 2.7688946412844884e-08 2.7689475517246724e-08 2.768945643674651e-08
805.54 10.663631157224552 -7.532458069457022 27.911765508373342 -704287.6749239197 5.196285678741286e-06 22.916102425346356 22.667229097846995 22.916006081156826 197.97332541114665 1125.9331378934362 400.0 -5.219900311767667e-09 8.341525052350868e-06 9.634418952993237e-05 0.7916634116373804 92.58868226169386 1.1443890782867945e-06 7.519057675968929e-08 3.759569955299366e-08 3.759487720669216e-08 9.706590385724242e-05 5.1964081560978665e-06 3.759569955299712e-08 3.759487720669216e-08 3.759579029324439e-08 3.7595770966485756e-08
825.39 10.666944561504424 -7.5382549168442665 28.470967338587304 -703831.3775253455 5.237356208510003e-06 23.02745126343617 22.768768567640503 23.02732694368491 197.6289213705317 1125.8773337252915 400.0 -7.18956390969986e-09 1.1000735388853456e-05 0.00012431975126374765 0.7935573198092226 92.08857740223571 1.098536442385306e-06 1.0107348881449549e-07 5.053744342866375e-08 5.053604538582718e-08 0.00012527945082043817 5.237356208510003e-06 5.053744342866831e-08 5.0536045385827195e-08 5.0537601194057334e-08 5.0537581565632106e-08
845.49 10.670326637492845 -7.544240872536591 29.02628667917665 -703367.1510555946 5.276583294234466e-06 23.133655967225327 22.8650811522878 23.13349695181739 197.2786500933838 1125.7930551199024 400.0 -9.8069775610281e-09 1.4376305177570244e-05 0.0001590154079404655 0.7954644689392134 91.59715045208135 1.0551816869883931e-06 1.3459333527885737e-07 6.729783936083567e-08 6.729549591801578e-08 0.0001602797785456513 5.276583294234466e-06 6.729783936084162e-08 6.729549591801575e-08 6.729810868995975e-08 6.729808865389178e-08
865.83 10.673775224415822 -7.550414924790985 29.57742058501029 -702895.2735971436 5.315013573266289e-06 23.235061429414195 22.956418372661876 23.234859755771613 196.92251585180364 1125.6817694914116 400.0 -1.3251997446801038e-08 1.8622883479778765e-05 0.00020167364258391146 0.7973838158176915 91.11487664562954 1.014178782681113e-06 1.776013304130048e-07 8.88025991497816e-08 8.879873126321552e-08 0.00020332450963676932 5.314799047966171e-06 8.880259914978926e-08 8.879873126321552e-08 8.880305086396986e-08 8.880303079866905e-08
886.41 10.677290783945258 -7.556778949468352 30.124359873724416 -702415.7928612106 5.352467641451315e-06 23.331931608126617 23.043067303171267 23.331677895203278 196.56068153486132 1125.5446994059434 400.0 -1.7746905363857537e-08 2.3921938112762108e-05 0.00025371292333879535 0.7993153053002762 90.64195106147704 9.753713945803457e-07 2.323186993676937e-07 1.1616249269395516e-07 1.161562066737287e-07 0.00025585005042141104 5.352467641451315e-06 1.1616249269396496e-07 1.161562066737287e-07 1.1616323760408612e-07 1.1616321773893962e-07
907.23 10.680873144460131 -7.56333476795723 30.667100913671447 -701928.7530591864 5.388766691457006e-06 23.424510694378238 23.12529801257819 23.424193969385524 196.19306990019464 1125.383042206694 400.0 -2.356299199072151e-08 3.0483254331960358e-05 0.00031672499271525033 0.8012588853818784 90.17855178310343 9.386154182623558e-07 3.013743201844123e-07 1.5069219093625533e-07 1.5068212924814449e-07 0.0003194690983686629 5.388766691457006e-06 1.506921909362678e-07 1.5068212924814446e-07 1.5069339968143637e-07 1.5069337991896535e-07
928.29 10.684522234066453 -7.570084173135044 31.20564631629659 -701434.1962023353 5.424243032780824e-06 23.513082972311206 23.20336479251128 23.51269048838436 195.81963089313658 1125.1978903337865 400.0 -3.102892056958006e-08 3.8547671594519806e-05 0.00039248392684612557 0.8032145202932557 89.72483537549378 9.037779492737647e-07 3.878570838526541e-07 1.939364761595622e-07 1.939206076930762e-07 0.0003959800402408484 5.424243032780824e-06 1.9393647615957791e-07 1.9392060769307625e-07 1.9393840754314394e-07 1.939383871625062e-07
949.6 10.688239874606579 -7.577032219258186 31.740252893233365 -700931.9260116523 5.4589354025860585e-06 23.597924233311574 23.27754079532998 23.59744123299214 195.44017248128338 1124.9901335265956 400.0 -4.05450531586831e-08 4.839491763128995e-05 0.0004830003194336524 0.8051831128835806 89.28072753304407 8.707212691297965e-07 4.954272126672728e-07 2.4772594291494504e-07 2.477012697523081e-07 0.0004874219667712814 5.458847803460303e-06 2.4772594291496473e-07 2.4770126975230806e-07 2.4772898443315987e-07 2.4772896402500913e-07
971.15 10.692024387143032 -7.5841774638016375 32.27067594836746 -700422.2145046633 5.492840143114916e-06 23.679213563245337 23.34801357606609 23.678623157141185 195.05483690488447 1124.7607741712764 400.0 -5.2581300994007016e-08 6.033320471125484e-05 0.0005904061041537708 0.8071637270389842 88.84656554076837 8.39348846625596e-07 6.282318259823214e-07 3.14134831257895e-07 3.1409699472440194e-07 0.0005959586271979306 5.492986359930763e-06 3.141348312579194e-07 3.1409699472440194e-07 3.141395538517634e-07 3.1413953263235406e-07
992.93 10.695874283151186 -7.591518223152278 32.79669453491838 -699905.3351513234 5.526077393160298e-06 23.75714038904678 23.414965942235405 23.75642338142111 194.66385244230202 1124.5107518209686 400.0 -6.76915741888134e-08 7.470649684542465e-05 0.0007170076256665379 0.8091554639270647 88.42263349259288 8.095688571929279e-07 7.910092719993936e-07 3.955332578517923e-07 3.9547601414757123e-07 0.000723932277501654 5.526077393160298e-06 3.955332578518225e-07 3.9547601414757123e-07 3.9554049086734573e-07 3.955404698452544e-07
1014.97 10.699794533307543 -7.599066355979247 33.31904733691053 -699380.6076830317 5.55846878185129e-06 23.831976366166668 23.478687256168783 23.831110795496308 194.26647204951024 1124.2405415281266 400.0 -8.656175482507614e-08 9.19297033506682e-05 0.0008655706703599526 0.8111610771150117 88.00844356318878 7.812442094459723e-07 9.895262361107645e-07 4.94805888102968e-07 4.947203480077598e-07 0.0008741522212977565 5.55846878185129e-06 4.948058881030049e-07 4.947203480077599e-07 4.948168278177785e-07 4.94816806360369e-07
1037.24 10.703780304328303 -7.606813335352513 33.83704263668211 -698848.77693186 5.590538535317086e-06 23.903873359845576 23.539276590973746 23.90283466185261 193.86333066051887 1123.9511725266993 400.0 -1.099462742942684e-07 0.00011241955243871018 0.0010386979929673777 0.8131778744579515 87.60462961704127 7.543245153743152e-07 1.2298231471375853e-06 6.149746959261471e-07 6.148484512113928e-07 0.0010492658483584793 5.590420231263138e-06 6.149746959261922e-07 6.14848451211393e-07 6.149910349652019e-07 6.149910137484914e-07
1059.75 10.707833351157847 -7.614764183864821 34.35094777796217 -698309.6343879827 5.6219530328758545e-06 23.972995699383766 23.59694110055453 23.971756241483902 193.45414405602244 1123.6432045174038 400.0 -1.387599415697311e-07 0.00013666902422316944 0.0012394578998654838 0.8152068185007529 87.21105140464287 7.287128675340222e-07 1.5191019960039788e-06 7.596430710228436e-07 7.5945892498108e-07 0.0012523945053904183 5.621995459017127e-06 7.596430710228983e-07 7.594589249810802e-07 7.596671860427188e-07 7.596671647917049e-07
1082.51 10.711956052609292 -7.622924133591837 34.861016748829805 -697762.967514396 5.652897603497708e-06 24.039558262389885 23.651871416205584 24.03808708166336 193.03884819903246 1123.317050444027 400.0 -1.7407241121733956e-07 0.00016522743939919134 0.001471180726526007 0.8172488775385556 86.82757530425634 7.043212288587586e-07 1.8655497747120344e-06 9.329077072540665e-07 9.326420674579023e-07 0.0014869282692370975 5.653047997366285e-06 9.329077072541322e-07 9.326420674579022e-07 9.329429014953334e-07 9.32942880143116e-07
1105.5 10.716144564904294 -7.631287581967683 35.36683420641452 -697209.2816341924 5.6834371915431035e-06 24.103669307879173 23.704176674368956 24.10193220568025 192.61758044190472 1122.973603987491 400.0 -2.170684528597388e-07 0.00019865817395104744 0.001737102198925954 0.8193023324607008 86.45456296513423 6.810988054740087e-07 2.277859034725283e-06 1.139119028845911e-06 1.1387400058792934e-06 0.0017561652986161124 5.6834371915431035e-06 1.13911902884599e-06 1.1387400058792932e-06 1.1391698254981267e-06 1.1391698034640765e-06
1128.74 10.720402973565628 -7.639863374955624 35.86887659068148 -696648.1193210518 5.713345269787751e-06 24.165494553361324 23.754051030849542 24.163453443908086 192.1900284133762 1122.6130525624853 400.0 -2.691830347600104e-07 0.00023763376677828112 0.002041109453236568 0.8213690690484842 86.09169621701508 6.589581969047383e-07 2.7664321450430106e-06 1.3834837252545655e-06 1.3829484197883508e-06 0.002064067428884234 5.713345269787751e-06 1.3834837252546595e-06 1.3829484197883506e-06 1.3835562869308725e-06 1.3835562654110814e-06
1152.22 10.72472943720364 -7.648649428890877 36.36695924214507 -696079.7426380003 5.743237018195349e-06 24.225232704390912 23.801611167278292 24.222845740670568 191.7561876243343 1122.2360457727295 400.0 -3.3199800244435747e-07 0.00028284124005441193 0.0023869637203430406 0.8234482985326269 85.73913969833708 6.378471927511736e-07 3.342264087751353e-06 1.6715063150491528e-06 1.6707577727020885e-06 0.0024144736971439523 5.7431856820619095e-06 1.6715063150492644e-06 1.6707577727020881e-06 1.6716089271735368e-06 1.6716089049016453e-06
1175.94 10.729124810087631 -7.657647287776015 36.861122865469916 -695504.1729964655 5.7726755427362404e-06 24.282951917075536 23.846989439837607 24.280173173651256 191.31628647817462 1121.8429456466965 400.0 -4.073336983520012e-07 0.0003350398450898166 0.00277874342428003 0.8255401539729581 85.39687368296235 6.177075029982052e-07 4.017696847578265e-06 2.009366805664213e-06 2.0083300419139197e-06 0.002811549363830146 5.7727392690664504e-06 2.0093668056643453e-06 2.0083300419139205e-06 2.0095105136795884e-06 2.0095104910687224e-06
1199.91 10.733590785597077 -7.666862302574145 37.351610305813914 -694921.1848601252 5.801972380079902e-06 24.33884185812689 23.890328083698364 24.33562093152863 190.869859030004 1121.4340312726767 400.0 -4.972947037332968e-07 0.0003950761118989605 0.003220926598260807 0.8276456443027277 85.06474017867423 5.984769197617979e-07 4.806677827855587e-06 2.4040504254873997e-06 2.4026274023680326e-06 0.0032598701604599173 5.801972380079902e-06 2.4040504254875547e-06 2.4026274023680326e-06 2.4042498488249493e-06 2.4042498265277963e-06
1224.11 10.738124374097392 -7.676288283724503 37.83805539002813 -694331.2825205362 5.8307653276407485e-06 24.39292035632369 23.93170887419789 24.389202728877606 190.417429455699 1121.009956192678 400.0 -6.041370040716841e-07 0.00046378211696195676 0.0037176274460837457 0.8297631719391507 84.74297703524806 5.80120732015959e-07 5.72346553888868e-06 2.8627006546135697e-06 2.8607648842749286e-06 0.003763648664036135 5.8307653276407485e-06 2.8627006546137514e-06 2.8607648842749286e-06 2.8629748879238677e-06 2.862974865264625e-06
1248.56 10.742729089524458 -7.685934458643956 38.320902410579514 -693733.9929810613 5.859538427941219e-06 24.44541275854147 23.971277284053137 24.441138823757576 189.95826032719953 1120.5707705949396 400.0 -7.305721515381065e-07 0.0005421608369169937 0.004273934783895934 0.831894646912604 84.4312756122234 5.625762760779931e-07 6.785128388944399e-06 3.3938698652876457e-06 3.3912585236565416e-06 0.0043280920146267846 5.859469888840286e-06 3.3938698652878566e-06 3.3912585236565416e-06 3.394243783040446e-06 3.3942437603706925e-06
1273.25 10.74740416850048 -7.6957984363025815 38.799994381941254 -693129.5752084246 5.888218179532329e-06 24.496393086636974 24.009121203174402 24.49149856849175 189.49287583616498 1120.116861353601 400.0 -8.794995862116698e-07 0.0006311966529784195 0.0048945181452246566 0.8340393852006543 84.12970949994019 5.458069952153254e-07 8.009076433440236e-06 4.006285228972571e-06 4.002791204467421e-06 0.004957988794891144 5.888218179532329e-06 4.006285228972815e-06 4.002791204467422e-06 4.006790851094962e-06 4.0067908283544855e-06
1298.18 10.752149416101771 -7.7058816190117625 39.27537521315732 -692518.0406935366 5.916576193072902e-06 24.545921069391127 24.04534008717449 24.54033664906698 189.0208910143132 1119.6485742827294 400.0 -1.054202402405957e-06 0.0007319664822702373 0.005584420324144777 0.8361975758108985 83.83821633061665 5.29771334771369e-07 9.414586203293064e-06 4.7096123369020186e-06 4.704973866390764e-06 0.005658513301339926 5.916348678351686e-06 4.7096123369023015e-06 4.704973866390765e-06 4.710290609721106e-06 4.710290586650133e-06
1323.35 10.756965609832344 -7.716185435768736 39.747091295945204 -691899.4012031644 5.94507125041932e-06 24.594167917864112 24.080028201411448 24.587819065257413 188.5424352322317 1119.1661157347942 400.0 -1.2583336539963834e-06 0.0008456136126056236 0.006348852606699676 0.8383694353354986 83.5567172044077 5.144304302457287e-07 1.1022502016179883e-05 5.514306686962529e-06 5.5081953292170305e-06 0.0064350183563884975 5.94507125041932e-06 5.514306686962853e-06 5.5081953292170305e-06 5.515209585219684e-06 5.515209561489403e-06
1348.77 10.761855275866811 -7.7267154592367575 40.21537174128312 -691273.4203377065 5.97320982626149e-06 24.641154239228776 24.11328747788307 24.633960705298758 188.05735248199002 1118.6694955698435 400.0 -1.496045150417442e-06 0.0009734013858687846 0.007193533930015981 0.8405560511849954 83.28502062324553 4.997422303318542e-07 1.2856058457066414e-05 6.432026384744568e-06 6.424032072321471e-06 0.00729338054609743 5.97320982626149e-06 6.432026384744939e-06 6.424032072321473e-06 6.433219542319536e-06 6.433219518954972e-06
1374.42 10.766814552196541 -7.737464762958126 40.679893726674706 -690640.5978849956 6.001473291028401e-06 24.68701380853328 24.145176132072415 24.678890483562515 187.56566194776812 1118.15936615657 400.0 -1.771630960800967e-06 0.0011165075987609728 0.008123324970764182 0.8427559378010935 83.02324827553565 4.856840959536203e-07 1.4937968447256172e-05 7.474175801239535e-06 7.463792646016217e-06 0.00823861258250387 6.001358649517612e-06 7.474175801239958e-06 7.4637926460162175e-06 7.4757411186527385e-06 7.475741095249362e-06
1400.32 10.77184837812827 -7.748443125367871 41.141067578740824 -690000.4486121875 6.029957073963419e-06 24.73187909512887 24.17579922628491 24.722734476374836 187.06726505724305 1117.6354423324053 400.0 -2.090247250693695e-06 0.0012763902109426484 0.009144618754038077 0.8449710748756628 82.7710866449902 4.7221299309345544e-07 1.7295744628386305e-05 8.654570408695592e-06 8.641174219690228e-06 0.009277293468436535 6.029957073963419e-06 8.654570408696072e-06 8.641174219690228e-06 8.656610057611558e-06 8.656610034087908e-06
1426.46 10.776955050053854 -7.7596477193826985 41.598757263604526 -689353.2240525989 6.057990507144902e-06 24.77568583493815 24.20521993175376 24.76542296390141 186.56210513085384 1117.0981194400745 400.0 -2.4572266424461e-06 0.0014544109471005034 0.010262871036742208 0.8472008713248406 82.5285272116826 4.59304383122437e-07 1.9956293131882093e-05 9.986732100564821e-06 9.969561031316724e-06 0.01041505873360346 6.057605900113261e-06 9.986732100565367e-06 9.969561031316726e-06 9.989372174192947e-06 9.989372151181703e-06
1452.84 10.782134902245646 -7.771079873432825 42.053009666162566 -688698.9279558262 6.086768865894927e-06 24.81873027630578 24.23351028808829 24.807246268840057 186.0499546484669 1116.5475669327436 400.0 -2.878523997869274e-06 0.001652052137668175 0.011484007465725551 0.8494456112992929 82.29544684190851 4.469299220694418e-07 2.2949098353889838e-05 1.1485484920082146e-05 1.1463613433807074e-05 0.011658031245282849 6.086768865894927e-06 1.148548492008276e-05 1.1463613433807077e-05 1.148888027745498e-05 1.1488880253515672e-05
1479.46 10.787389752480815 -7.782740985597485 42.50387465057134 -688037.5664087752 6.114541446726677e-06 24.860749200231464 24.260738891253926 24.84793513555621 185.531611220349 1115.9837600254182 400.0 -3.3606479798487064e-06 0.0018708630225098316 0.012814064675258509 0.8517056144475732 82.07170263217184 4.3506300465653706e-07 2.6305487193085225e-05 1.3166588495327486e-05 1.3138898697757046e-05 0.013012456805836996 6.114541446726677e-06 1.3166588495328175e-05 1.3138898697757046e-05 1.3170928200363966e-05 1.317092817692261e-05
1506.33 10.792719774913218 -7.794636683279208 42.951559923917316 -687368.8858807354 6.143178512892553e-06 24.902177059326995 24.28697990336713 24.887917312710773 185.00506117149843 1115.4068842277634 400.0 -3.910915416094495e-06 0.002112554842280377 0.014259746616220748 0.8539820119372937 81.8570892835116 4.236743372839279e-07 3.0060156864933186e-05 1.504750535768975e-05 1.5012651507242662e-05 0.01448527171052431 6.142673940389802e-06 1.5047505357690523e-05 1.5012651507242664e-05 1.5053019412701201e-05 1.5053019389043793e-05
1533.43 10.798124423703175 -7.806759581574752 43.39578521231745 -686693.3920911083 6.17242957506188e-06 24.94301553912394 24.312275965470253 24.927189328186923 184.47269751774823 1114.8171233961568 400.0 -4.536637248795318e-06 0.0023786300310022017 0.01582621093701646 0.856273482316939 81.6515937131688 4.127488638616611e-07 3.424543255697084e-05 1.7144526184055512e-05 1.7100906372914462e-05 0.016081847419105243 6.17242957506188e-06 1.7144526184056373e-05 1.7100906372914472e-05 1.715149130433134e-05 1.7151491280316788e-05
1560.78 10.803606819468923 -7.819119828322769 43.83692254356088 -686010.5815542609 6.200377515334764e-06 24.982952808380556 24.336704302588128 24.96543186624112 183.93289781621903 1114.2143049848564 400.0 -5.246660005613231e-06 0.0026710349627251727 0.01752094213943266 0.8585820460016133 81.45491088508611 4.022561902214259e-07 3.890149682963238e-05 1.9477896862742072e-05 1.942359996688934e-05 0.017809937913524018 6.200377515334764e-06 1.947789686274303e-05 1.942359996688934e-05 1.948664655100947e-05 1.9486646527113763e-05
1588.37 10.809165600883127 -7.831714250459797 44.274853685959016 -685320.7011753838 6.229468359637786e-06 25.02253504174388 24.36031131014688 25.00318525492966 183.38571944840047 1113.5987155956714 400.0 -6.049845987137605e-06 0.002991490463990399 0.019349786814219967 0.8609072225649086 81.26694546531385 3.921794306343617e-07 4.406593258532384e-05 2.2066581679966325e-05 2.1999350905356463e-05 0.019675639454745222 6.229290256233799e-06 2.2066581679967385e-05 2.1999350905356463e-05 2.2077513839735273e-05 2.207751381509536e-05
1616.2 10.81480206929683 -7.844544155570887 44.70962676245995 -684623.7494067743 6.258879326977671e-06 25.06165272723629 24.383150324593547 25.04033351084619 182.83155102702776 1112.9703332871266 400.0 -6.956004035209101e-06 0.0033418749463435854 0.021319216390103455 0.8632494040221418 81.08751029945898 3.8249877206910665e-07 4.977975848833148e-05 2.493128967119941e-05 2.4848468817130895e-05 0.02168569689583334 6.258879326977671e-06 2.4931289671200582e-05 2.4848468817130902e-05 2.494487738238461e-05 2.494487735922826e-05
1644.27 10.820516999047225 -7.85761080850439 45.14128852274428 -683919.722048955 6.2879263964554064e-06 25.100209201303908 24.40527208158838 25.076773437501316 182.27036134678997 1112.3291903101813 400.0 -7.975710069602066e-06 0.0037241299130811208 0.023435763802591564 0.8656089914877135 80.91641248190577 3.73195492019875e-07 5.608598042424901e-05 2.8093751571971034e-05 2.79922288522767e-05 0.0238469300486416 6.2879263964554064e-06 2.809375157197231e-05 2.7992228852276694e-05 2.8110554615115535e-05 2.8110554591217873e-05
1672.59 10.82631247608654 -7.870920132323306 45.57003409350899 -683208.3597327464 6.317525579276861e-06 25.138462326703152 24.42673228651321 25.112755483609558 181.70120731671426 1111.675167782163 400.0 -9.120770928699124e-06 0.00414041164899308 0.025706843093597734 0.867987230887156 80.75339867732629 3.6424879795128394e-07 6.303216326183134e-05 3.1578012793585054e-05 3.145415046824487e-05 0.026167071536795955 6.317357057127728e-06 3.157801279358647e-05 3.145415046824487e-05 3.1598691986297586e-05 3.1598691962012433e-05
1701.14 10.83218603263621 -7.884464026505626 45.995608511873826 -682490.1607216988 6.347425735381054e-06 25.176387555892777 24.447562021406288 25.14825007408844 181.1251444076366 1111.008638529732 400.0 -1.0402601252466615e-05 0.004592490192171649 0.028137481804337443 0.8703828906973536 80.5983669081101 3.5564830578903033e-07 7.066039743269169e-05 3.540540322204392e-05 3.525499421064621e-05 0.0286514282841894 6.347425735381054e-06 3.540540322204547e-05 3.52549942106462e-05 3.543073045772468e-05 3.5430730434059474e-05
1729.94 10.83814222670716 -7.8982531848908195 46.418355014024236 -681764.6126390775 6.377512413164716e-06 25.21402557423263 24.46781989380094 25.183289516331165 180.54132575445882 1110.3291825119702 400.0 -1.183520881348572e-05 0.005082807027623645 0.030736057901466232 0.8727980968768629 80.45099010988817 3.4737215046644366e-07 7.902504671710971e-05 3.960344367447942e-05 3.942160304262861e-05 0.03130874392405186 6.377462449311013e-06 3.9603443674481106e-05 3.942160304262861e-05 3.9634323720991196e-05 3.963432369681005e-05
1758.98 10.844180057277681 -7.912284123072894 46.83816935865166 -681031.9583040101 6.407963205322043e-06 25.251451995413973 24.487540580947954 25.217943542105846 179.95003993590436 1109.6369971391498 400.0 -1.34321986549727e-05 0.005613392728786906 0.03350845330812421 0.8752324854227339 80.3110928835408 3.3940843601948037e-07 8.817456835376715e-05 4.4196728282983435e-05 4.397784007078189e-05 0.03414522410754906 6.4079681905274105e-06 4.419672828298527e-05 4.3977840070781875e-05 4.4234211399545456e-05 4.4234211376670985e-05
1788.26 10.85030035187184 -7.92655805238725 47.25509661471195 -680292.1871808195 6.438782340458888e-06 25.28871148332052 24.50676426202672 25.252250078972477 179.3511302201147 1108.932104433151 400.0 -1.5208560162560677e-05 0.006186487504234341 0.0364614043480432 0.8776865466629828 80.17843691893829 3.317429725644352e-07 9.816196714011116e-05 4.921217263997238e-05 4.894979450013678e-05 0.037167960741842435 6.438782340458888e-06 4.921217263997437e-05 4.894979450013678e-05 4.9257475073836024e-05 4.9257475050302426e-05
1817.79 10.85650617641086 -7.941081123207482 47.66926817836963 -679545.1305625781 6.469891914271415e-06 25.325778483928808 24.52547717288359 25.286175722777873 178.74432903046466 1108.2860005881084 400.0 -1.7180979833070022e-05 0.006804603384145297 0.03960276115093306 0.8801615772503366 80.05273348162406 3.2435987726004685e-07 0.00010904604831130464 5.46796485626121e-05 5.436639974869041e-05 0.040385199891809095 6.46967039405871e-06 5.467964856261424e-05 5.436639974869041e-05 5.473417666863403e-05 5.4734176644714055e-05
1847.55 10.862794094304302 -7.955844680219428 48.08049781026499 -678791.1925367517 6.501411455142947e-06 25.362762473152653 24.543764659781957 25.3198252995983 178.12967609611448 1107.6285337637976 400.0 -1.9365149620957617e-05 0.00746967235511115 0.042937173554352934 0.8826561549315325 79.93381307266976 3.1725140356772385e-07 0.00012087639333556683 6.0624439860519957e-05 6.025195347504456e-05 0.04380192302964835 6.501508511027332e-06 6.062443986052226e-05 6.025195347504457e-05 6.068980311614731e-05 6.068980309284994e-05
1877.56 10.869170129595018 -7.970859915544551 48.48910775042203 -678029.8570854289 6.533467163737246e-06 25.39975965207047 24.561674201215073 25.353285980086163 177.5077230185548 1106.9591287329292 400.0 -2.1780646051345564e-05 0.008184544847372074 0.04647367198430274 0.8851721720560268 79.82132670751994 3.1040070217252243e-07 0.00013371985167013784 6.708055532398493e-05 6.663929634615044e-05 0.04742761227707603 6.533467163737246e-06 6.708055532398741e-05 6.663929634615046e-05 6.715860441321536e-05 6.715860438963729e-05
1907.81 10.875632148353231 -7.986122974621821 48.89500049650829 -677261.3566603054 6.5656732226977105e-06 25.4366920967791 24.579233125413474 25.386474126734203 176.87716895510147 1106.2780691866092 400.0 -2.4446004931077854e-05 0.008951461635602752 0.05021797004489839 0.8877089652734188 79.71505075537002 3.0379871833608527e-07 0.00014763346360810068 7.407712761508032e-05 7.355633599301772e-05 0.05126836483253307 6.565561362756869e-06 7.407712761508295e-05 7.355633599301772e-05 7.416997033834871e-05 7.416997031587218e-05
1938.3 10.882181999821757 -8.001635112500438 49.29822109391341 -676485.679386326 6.598550263969123e-06 25.47373585787591 24.596473757290948 25.41955898343127 176.23895795833445 1105.5852056667159 400.0 -2.738161555080589e-05 0.009772928588932445 0.05417687444463752 0.8902667365109936 79.61470163217602 2.974345797450234e-07 0.0001626799689609045 8.164620911522259e-05 8.103375984567907e-05 0.05533141022512565 6.598550263969123e-06 8.16462091152254e-05 8.103375984567907e-05 8.175624222605384e-05 8.17562422034965e-05
1969.03 10.888820402996906 -8.017397461674733 49.69881178771417 -675702.8054533688 6.631721521000131e-06 25.510824528793428 24.613427010986705 25.452467330030082 175.59240299672436 1104.8805094138122 400.0 -3.0609070240845466e-05 0.010651501563610707 0.058357198763343984 0.8928456572988015 79.51999643768048 2.9129793821282476e-07 0.0001789240083929085 8.982086721876562e-05 8.910314117413993e-05 0.05962399795946706 6.6316186281964926e-06 8.982086721876862e-05 8.910314117413991e-05 8.995080704976123e-05 8.995080702792179e-05
2000.0 10.895548727909537 -8.033411220540955 50.09681565414446 -674912.7183621398 6.665470198947901e-06 25.548070032617126 24.63012260650077 25.48530427639295 174.93782052575193 1104.1638747296079 400.0 -3.41511999953212e-05 0.011589783616461681 0.0627657562241767 0.8954459022928555 79.43064220667893 2.853789768363404e-07 0.0001964320649064879 9.863515843997492e-05 9.779690646650981e-05 0.06415338941590737 6.665683678324278e-06 9.863515843997812e-05 9.779690646650981e-05 9.878807363108115e-05 9.878807360882478e-05
