0.0 0.0 0.0 2.498348251833704e-07 0.0 0.0 0.0 0.0
10.0 -2.4964862319620806e-06 4.99483448363771e-07 4.991517863928152e-07 -9.350145412094207e-07 0.0 -0.0034421152339693785 0.0017619022562230873
20.0 -9.987070143324672e-06 9.98505293574784e-07 9.96902143413081e-07 -4.236500634370808e-06 0.0 -0.03368778653617413 0.0035227288708786202
30.0 -2.24636879053719e-05 1.4966693008054083e-06 1.492972866046216e-06 -1.0656953408862766e-05 0.0 -0.12848652418938253 0.005281154502595203
40.0 -3.9917669610645135e-05 1.9940040664577904e-06 1.9879821374857443e-06 -2.0539749980181397e-05 0.0 -0.32918757711323504 0.007036951687817164
50.0 -6.234181149977758e-05 2.490756907419419e-06 2.483280477783012e-06 -3.412856580340578e-05 0.0 -0.6824724338720501 0.008790486211440244
60.0 -8.973222231745126e-05 2.9873387487140714e-06 2.9807406093596e-06 -5.169902306294045e-05 0.0 -1.2445154105814122 0.010542517567332104
70.0 -0.00012208982623818088 3.4842953185001628e-06 3.4825394630288997e-06 -7.36212629230857e-05 0.0 -2.0871565949318684 0.012294132788591493
80.0 -0.00015942146926306577 3.982254514080678e-06 3.990802809816785e-06 -0.00010039005263596908 0.0 -3.3023010148494296 0.014046676634666612
90.0 -0.00020174040612275235 4.481858981954506e-06 4.5072758595665615e-06 -0.00013261235238542 0.0 -5.001902052333628 0.015801650034278976
100.0 -0.00024906613229447316 4.983705413498221e-06 5.033126382869569e-06 -0.00017096485112369516 0.0 -7.3139768703885375 0.017560593807353364
110.0 -0.00030142369152130755 5.488301103938993e-06 5.568879718786946e-06 -0.00021614080293105173 0.0 -10.376330747313228 0.019324980738066898
120.0 -0.00035884264143248856 5.996038707201273e-06 6.114445599614271e-06 -0.00026880011383749686 0.0 -14.329574863727656 0.021096129931538657
130.0 -0.0004213558453471933 6.507186055770701e-06 6.669198467790239e-06 -0.0003295296907019634 0.0 -19.310537371880123 0.0228751479904844
140.0 -0.0004889982210727339 7.02188709901411e-06 7.2320840246220545e-06 -0.0003988161677253088 0.0 -25.446698129586213 0.024662895695430204
150.0 -0.0005618055396112709 7.540170413388236e-06 7.801733948475941e-06 -0.0004770303921793741 0.0 -32.851925362878475 0.026459976108877625
160.0 -0.0006398133345797419 8.06196241460824e-06 8.376576917257238e-06 -0.0005644217953746856 0.0 -41.62355594641712 0.028266739174426722
170.0 -0.0007230559577813267 8.587103050139125e-06 8.954938350136388e-06 -0.000661120382525253 0.0 -51.840715690476706 0.03008329803900947
180.0 -0.0008115657969582912 9.115362309556697e-06 9.53512452994687e-06 -0.0007671441401978652 0.0 -63.563697866152005 0.03190955294182977
190.0 -0.0009053726575842802 9.646456362757934e-06 1.0115489319773018e-05 -0.000882409941373381 0.0 -76.83418713008119 0.033745219288137875
200.0 -0.0010045033007344273 1.0180062529456303e-05 1.069448361779024e-05 -0.0010067463884708629 0.0 -91.67611600671384 0.03558985730448844
210.0 -0.00110898112273361 1.0715832602044128e-05 1.1270689014963864e-05 -0.0011399073986786995 0.0 -108.09695976521144 0.03744290137816126
220.0 -0.0012188259586487504 1.1253404291373287e-05 1.1842837870545964e-05 -0.0012815856651188142 0.0 -126.0893037693395 0.039303687783584305
230.0 -0.0013340539907460425 1.1792410747178327e-05 1.2409822357817291e-05 -0.0014314254049828936 0.0 -145.63254887742454 0.041171479983855654
240.0 -0.00145467774265029 1.233248823025668e-05 1.2970695010494637e-05 -0.001589034027815498 0.0 -166.69465120807772 0.043045491070621306
250.0 -0.001580706141755428 1.2873282092285903e-05 1.3524663089725663e-05 -0.0017539925269647002 0.0 -189.23382027284404 0.044924903182843125
260.0 -0.0017121446336503254 1.3414451261754734e-05 1.4071078770250267e-05 -0.0019258645213111143 0.0 -213.2001230387977 0.04680888393991725
270.0 -0.0018489953349387633 1.395567145059554e-05 1.4609426766476474e-05 -0.002104203960963086 0.0 -238.53696064790273 0.048696600053264455
280.0 -0.001991257212587527 1.4496637294004473e-05 1.513931068082286e-05 -0.0022885615672569347 0.0 -265.182399500264 0.05058722835801632
290.0 -0.002138926280121467 1.5037063622267262e-05 1.566043901011227e-05 -0.0024784901115702364 0.0 -293.07034966745545 0.05247996454592094
300.0 -0.0022919958030236387 1.5576686043202242e-05 1.6172611482723197e-05 -0.0026735486548780715 0.0 -322.1315917180808 0.054374029893068734
310.0 -0.002450456507130383 1.6115260990718025e-05 1.6675706175384165e-05 -0.0028733058757353285 0.0 -352.2946585928893 0.056268676270203065
320.0 -0.0026142967854099197 1.6652565371421638e-05 1.7169667676597554e-05 -0.0030773426122453302 0.0 -383.48658270758483 0.058163189705931956
330.0 -0.0027835028996712197 1.7188395918769566e-05 1.7654496437380374e-05 -0.003285253736410627 0.0 -415.63352046667615 0.06005689274906602
340.0 -0.002958059174709149 1.772256834383356e-05 1.8130239350888645e-05 -0.003496649469200895 0.0 -448.661267242093 0.06194914584912421
350.0 -0.0031379481832800593 1.8254916353776362e-05 1.8596981537832846e-05 -0.0037111562332637904 0.0 -482.49567593447216 0.06383934794619578
360.0 -0.0033231509207922727 1.8785290593727996e-05 1.9054839274090794e-05 -0.003928417128400474 0.0 -517.0629917484871 0.06572693643442593
370.0 -0.003513646969256712 1.9313557554815586e-05 1.9503953968502686e-05 -0.0041480921034670985 0.0 -552.290114980849 0.06761138663834881
380.0 -0.0037094146502525405 1.983959848044897e-05 1.994448708391161e-05 -0.004369857887625589 0.0 -588.1048025833958 0.06949221091864839
390.0 -0.003910431167085449 2.0363308294325684e-05 2.03766159000196e-05 -0.004593407734067707 0.0 -624.4358181389873 0.07136895750388474
400.0 -0.004116672736369509 2.088459456672077e-05 2.0800530007392125e-05 -0.004818451020652815 0.0 -661.2130387483799 0.07324120912727161
410.0 -0.004328114709533537 2.1403376530201104e-05 2.121642843277982e-05 -0.005044712744207618 0.0 -698.3675262258386 0.07510858153261894
420.0 -0.004544731684738679 2.19195841516971e-05 2.1624517304452694e-05 -0.005271932938630374 0.0 -735.8315689714976 0.07697072190084418
430.0 -0.00476649760986092 2.243315726465006e-05 2.2025007974413312e-05 -0.005499866041301347 0.0 -773.5386999511007 0.07882730723777236
440.0 -0.0049933858770572215 2.294404476255046e-05 2.2418115525901783e-05 -0.005728280227442391 0.0 -811.4236953748028 0.08067804275506368
450.0 -0.005225369409576075 2.3452203853410083e-05 2.280405759389481e-05 -0.005956956728114844 0.0 -849.4225579301927 0.08252266026874544
460.0 -0.005462420741444873 2.3957599373451666e-05 2.3183053449216117e-05 -0.00618568914411819 0.0 -887.4724877861137 0.08436091663381429
470.0 -0.00570451209054923 2.4460203157423514e-05 2.355532329634258e-05 -0.006414282765330799 0.0 -925.5118440389307 0.08619259222845704
480.0 -0.005951615425676238 2.495999346238541e-05 2.3921087738720813e-05 -0.00664255390273159 0.0 -963.4800988080148 0.08801748949748361
490.0 -0.006203702528104316 2.5456954441468186e-05 2.4280567380330352e-05 -0.006870329238487967 0.0 -1001.3177858027509 0.08983543156138162
500.0 -0.00646074504809846 2.5951075663947593e-05 2.4633982534183475e-05 -0.007097445198036254 0.0 -1038.9664448593746 0.09164626089487024
510.0 -0.006722714556850917 2.644235167793794e-05 2.4981553007030756e-05 -0.007323747346805268 0.0 -1076.3685636820587 0.09344983807685275
520.0 -0.006989582594258081 2.693078161206321e-05 2.5323497944640393e-05 -0.0075490898133828074 0.0 -1113.4675178052123 0.09524604061209646
530.0 -0.007261320712881769 2.741636881259422e-05 2.5660035719710096e-05 -0.007773334740070105 0.0 -1150.2075096156925 0.09703476182380155
540.0 -0.007537900518446605 2.789912051269558e-05 2.5991383845003212e-05 -0.007996351761272278 0.0 -1186.5335071344937 0.09881590981530174
550.0 -0.007819293707157726 2.8379047530638493e-05 2.6317758902294487e-05 -0.008218017509665256 0.0 -1222.3911831350083 0.1005894064984987
560.0 -0.008105472100201183 2.8856163994033407e-05 2.6639376480908084e-05 -0.008438215149772785 0.0 -1257.7268550885142 0.10235518668615058
570.0 -0.008396407675490991 2.9330487087372174e-05 2.6956451112170043e-05 -0.008656833938344896 0.0 -1292.487426343904 0.1041131972448271
580.0 -0.008692072597124678 2.9802036820383812e-05 2.7269196199597445e-05 -0.008873768810693142 0.0 -1326.6203288924426 0.1058633963051564
590.0 -0.008992439242508254 3.0270835814931605e-05 2.7577823941626888e-05 -0.00908891999209163 0.0 -1360.0734680128137 0.10760575252588338
600.0 -0.009297480227505872 3.073690910839369e-05 2.7882545236934674e-05 -0.009302192633223861 0.0 -1392.7951690488323 0.10934024440824905
610.0 -0.009607168429674573 3.120028397166745e-05 2.8183569580697566e-05 -0.009513496468599725 0.0 -1424.7341265386783 0.11106685965723975
620.0 -0.009921477009740443 3.166098974013806e-05 2.8481104943800517e-05 -0.009722745496891328 0.0 -1455.8393558768016 0.11278559458633695
630.0 -0.010240379431444069 3.211905765612587e-05 2.8775357638188837e-05 -0.009929857682086617 0.0 -1486.0601476659624 0.11449645356252028
640.0 -0.010563849479847676 3.257452072149797e-05 2.906653216694366e-05 -0.010134754674402493 0.0 -1515.3460248885078 0.1161994484884187
650.0 -0.010891861278278014 3.302741355928454e-05 2.935483106103476e-05 -0.010337361549924162 0.0 -1543.6467030022573 0.11789459831866204
660.0 -0.011224389303837512 3.347777228328227e-05 2.9640454706481022e-05 -0.010537606567929294 0.0 -1570.9120530448413 0.11958192860766273
670.0 -0.01156140840170039 3.3925634374756784e-05 2.9923601159254075e-05 -0.010735420944962114 0.0 -1597.0920678084465 0.12126147108622282
680.0 -0.01190289379820797 3.43710385654743e-05 3.020446595165538e-05 -0.010930738644662978 0.0 -1622.13683112812 0.12293326326455542
690.0 -0.012248821112795127 3.4814024726399e-05 3.0483241892476087e-05 -0.011123496182530201 0.0 -1645.9964903055854 0.12459734805946615
700.0 -0.012599166368875814 3.5254633761486634e-05 3.07601188641371e-05 -0.011313632444681365 0.0 -1668.6212316757449 0.12625377344363806
710.0 -0.012953906003623672 3.569290750609277e-05 3.103528361450003e-05 -0.011501088519857492 0.0 -1689.9612593015877 0.12790259211511124
720.0 -0.013313016876846717 3.612888862958504e-05 3.1308919552408555e-05 -0.011685807543859176 0.0 -1709.9667767714104 0.12954386118522462
730.0 -0.013676476278778438 3.656262054181802e-05 3.1581206539499365e-05 -0.011867734555698735 0.0 -1728.5879720542523 0.13117764188343217
740.0 -0.014044261937112168 3.699414730318745e-05 3.185232068680932e-05 -0.012046816364763993 0.0 -1745.775005355353 0.13280399927755854
750.0 -0.014416352023037149 3.742351353802979e-05 3.2122434160974934e-05 -0.012223001428313182 0.0 -1761.4779999014195 0.1344230020081948
760.0 -0.014792725156429043 3.7850764351174176e-05 3.2391714989365994e-05 -0.01239623973871305 0.0 -1775.6470355742397 0.13603472203605516
770.0 -0.015173360410301484 3.827594524749799e-05 3.266032687783138e-05 -0.012566482719773914 0.0 -1788.232145296723 0.13763923440125142
780.0 -0.015558237314380108 3.869910205435922e-05 3.292842903626081e-05 -0.012733683131665417 0.0 -1799.1833140710767 0.13923661699353135
790.0 -0.015947335857983802 3.912028084681422e-05 3.3196176016048184e-05 -0.012897794983827718 0.0 -1808.450480555157 0.14082695033264914
800.0 -0.016340636492092386 3.953952787554313e-05 3.346371755590383e-05 -0.01305877345541898 0.0 -1815.9835410602523 0.14241031735811036
810.0 -0.016738120130799672 3.995688949742883e-05 3.3731198440989375e-05 -0.01321657482277518 0.0 -1821.7323558441879 0.1439868032276327
820.0 -0.017139768152009793 4.0372412108746744e-05 3.3998758376441177e-05 -0.013371156393460015 0.0 -1825.646757569675 0.14555649512373137
830.0 -0.01754556239752958 4.078614208093175e-05 3.426653187244e-05 -0.01352247644643503 0.0 -1827.6765617962392 0.14711948206791414
840.0 -0.017955485172468144 4.119812569890339e-05 3.453464814260343e-05 -0.01367049417797927 0.0 -1827.7715793649559 0.1486758547420266
850.0 -0.0183695192441391 4.160840910192632e-05 3.480323101658911e-05 -0.013815169652937286 0.0 -1825.8816305423647 0.15022570531635043
860.0 -0.01878764784027709 4.201703822699742e-05 3.507239887010627e-05 -0.01395646376092888 0.0 -1821.9565607796376 0.1517691272841059
870.0 -0.01920985464672853 4.24240587547436e-05 3.534226456434197e-05 -0.014094338177201125 0.0 -1815.9462579508488 0.1533062153020467
880.0 -0.019636123804655625 4.28295160578233e-05 3.56129353995982e-05 -0.014228755327742466 0.0 -1807.800670928596 0.15483706503688943
890.0 -0.020066439907218125 4.323345515180877e-05 3.5884513087758306e-05 -0.014359678358707734 0.0 -1797.4698293677727 0.15636177301728793
900.0 -0.020500787995754166 4.363592064859735e-05 3.6157093734878745e-05 -0.01448707110758168 0.0 -1784.903864517965 0.15788043649150252
910.0 -0.02093915355547793 4.403695671215997e-05 3.643076783514943e-05 -0.014610898082549938 0.0 -1770.053031059743 0.15939315328954326
920.0 -0.021381522510861117 4.443660701690125e-05 3.6705620282617704e-05 -0.01473112443858699 0.0 -1752.8677296239046 0.16090002169136908
930.0 -0.021827881220495726 4.483491470832039e-05 3.6981730390728276e-05 -0.014847715961211547 0.0 -1733.298530077523 0.16240114029927546
940.0 -0.02227821647165129 4.5231922366121585e-05 3.725917192891615e-05 -0.014960639050960256 0.0 -1711.2961953299398 0.16389660791538987
950.0 -0.022732515474384485 4.562767196968744e-05 3.753801316666028e-05 -0.015069860710602758 0.0 -1686.8117055837406 0.16538652342382074
960.0 -0.0231907658554249 4.602220486589531e-05 3.781831692659665e-05 -0.015175348534532274 0.0 -1659.7962829091837 0.16687098567742323
970.0 -0.023652955651709107 4.641556173923697e-05 3.8100140657348905e-05 -0.015277070700171622 0.0 -1630.2014160378685 0.1683500933890889
980.0 -0.024119073303541683 4.680778258420707e-05 3.8383536506181314e-05 -0.015374995961162603 0.0 -1597.9788852689744 0.16982394502748924
990.0 -0.024589107647621233 4.719890667989541e-05 3.866855140142178e-05 -0.015469093643206604 0.0 -1563.0807874190757 0.17129263871706432
1000.0 -0.025063047909842595 4.7588972566851265e-05 3.895522715211541e-05 -0.01555933363635372 0.0 -1525.4595605720867 0.17275627214297978
1010.0 -0.02554088369763008 4.79780180258882e-05 3.924360054838871e-05 -0.015645686398744058 0.0 -1485.0680089161795 0.17421494245899966
1020.0 -0.026022604992366638 4.836608005916003e-05 3.953370346660989e-05 -0.015728122951121946 0.0 -1441.859327084219 0.1756687462009126
1030.0 -0.026508202141510395 4.875319487316391e-05 3.982556298893769e-05 -0.015806614877495438 0.0 -1395.7871242961853 0.1771177792034045
1040.0 -0.02699766585051222 4.9139397863720036e-05 4.011920152287018e-05 -0.01588113432614754 0.0 -1346.8054481007816 0.17856213652107245
1050.0 -0.027490987174704884 4.952472360286739e-05 4.0414636927899036e-05 -0.015951654010929923 0.0 -1294.8688076470858 0.18000191235350677
1060.0 -0.027988157510943523 4.990920582760277e-05 4.071188264767045e-05 -0.01601814721334225 0.0 -1239.932196443463 0.18143719997430086
1070.0 -0.028489168589270975 5.02928774304042e-05 4.101094784498826e-05 -0.01608058778518475 0.0 -1181.9511145438298 0.18286809166394258
1080.0 -0.02899401246437705 5.0675770451473526e-05 4.1311837542146176e-05 -0.01613895015165044 0.0 -1120.8815901124422 0.18429467864652724
1090.0 -0.029502681507068473 5.105791607263491e-05 4.1614552761615185e-05 -0.016193209314788487 0.0 -1056.6802003196835 0.18571705103022593
1100.0 -0.0300151683956571 5.143934461282237e-05 4.191909067117194e-05 -0.016243340857256743 0.0 -989.3040915301374 0.18713529775144216
1110.0 -0.03053146610732327 5.182008552509109e-05 4.222544473009293e-05 -0.016289320946271137 0.0 -918.7109987450377 0.18854950652259056
1120.0 -0.031051567909447186 5.2200167395087004e-05 4.253360483925661e-05 -0.016331126337684174 0.0 -844.8592642663673 0.18995976378342722
1130.0 -0.03157546735091188 5.2579617940904405e-05 4.2843557488403405e-05 -0.016368734380155115 0.0 -767.7078555595185 0.19136615465585494
1140.0 -0.032103158253452335 5.295846401427116e-05 4.3155285905882576e-05 -0.016402123019299567 0.0 -687.2163822831071 0.19276876290213735
1150.0 -0.0326346347030082 5.33367316029905e-05 4.346877021053075e-05 -0.016431270801819158 0.0 -603.3451124728695 0.19416767088643827
1160.0 -0.033169891041080035 5.3714445834576594e-05 4.3783987559109505e-05 -0.0164561568795204 0.0 -516.0549878593605 0.19556295953961245
1170.0 -0.03370892185617791 5.409163098101796e-05 4.410091229747337e-05 -0.016476761013201446 0.0 -425.30763830855153 0.19695470832716727
1180.0 -0.034251721975259386 5.446831046460661e-05 4.441951610907324e-05 -0.016493063576360115 0.0 -331.0653953735674 0.19834299522031346
1190.0 -0.03479828645528116 5.4844506864767245e-05 4.473976815848602e-05 -0.016505045558680775 0.0 -233.29130495403606 0.19972789667002283
1200.0 -0.03534861057484662 5.522024192582703e-05 4.506163524187201e-05 -0.01651268856927843 0.0 -131.94913905722507 0.20110948758400854
1210.0 -0.03590268982582501 5.5595536565664925e-05 4.538508192961643e-05 -0.01651597483965895 0.0 -27.00340666021185 0.20248784130654335
1220.0 -0.03646051990518018 5.597041088518042e-05 4.571007070470756e-05 -0.016514887226386544 0.0 81.58063632367555 0.20386302960102892
1230.0 -0.03702209670685974 5.6344884178524695e-05 4.603656210608875e-05 -0.01650940921341504 0.0 193.83697797126058 0.20523512263522933
1240.0 -0.037587416313744626 5.671897494403748e-05 4.6364514864372096e-05 -0.016499524914089174 0.0 309.79884216189754 0.20660418896908078
1250.0 -0.03815647498978336 5.7092700895835926e-05 4.669388603630864e-05 -0.016485219072778914 0.0 429.4986812681742 0.20797029554499102
1260.0 -0.038729269172172565 5.746607897599978e-05 4.70246311353506e-05 -0.01646647706615053 0.0 552.9681697121775 0.20933350768053594
1270.0 -0.039305795463757676 5.783912536730418e-05 4.735670426185834e-05 -0.016443284904037733 0.0 680.2381983785806 0.21069388906346992
1280.0 -0.03988605062543016 5.8211855506448976e-05 4.7690058227978224e-05 -0.016415629229946205 0.0 811.3388698679953 0.2120515017489565
1290.0 -0.0404700315688018 5.858428409773646e-05 4.802464467736911e-05 -0.016383497321145 0.0 946.2994945769933 0.2134064061589338
1300.0 -0.041057735348925206 5.895642512715054e-05 4.836041420830384e-05 -0.016346877088363514 0.0 1085.1485875860365 0.21475866108352426
1310.0 -0.04164915915715639 5.9328291876795206e-05 4.8697316485935005e-05 -0.016305757075081785 0.0 1227.9138663416206 0.2161083236844031
1320.0 -0.0422443003142412 5.969989693964584e-05 4.903530035402781e-05 -0.016260126456426247 0.0 1374.6222491077094 0.2174554495000361
1330.0 -0.042843156263462134 6.007125223457636e-05 4.937431394509417e-05 -0.01620997503765082 0.0 1525.2998541736977 0.2188000924527023
1340.0 -0.043445724563976995 6.0442369021618095e-05 4.971430478324379e-05 -0.016155293252232906 0.0 1679.9719997898956 0.2201423048572135
1350.0 -0.04405200288432454 6.081325791741892e-05 5.005521988614703e-05 -0.016096072159562397 0.0 1838.6632048186193 0.22148213743124912
1360.0 -0.04466198899605445 6.118392891086006e-05 5.0397005862024e-05 -0.0160323034422492 0.0 2001.3971900689346 0.22281963930721949
1370.0 -0.04527568076752786 6.155439137880228e-05 5.0739609003080946e-05 -0.01596397940304439 0.0 2168.1968803001614 0.22415485804557808
1380.0 -0.045893076157881296 6.192465410192495e-05 5.108297537574913e-05 -0.015891092961383208 0.0 2339.084406866412 0.2254878396494997
1390.0 -0.04651417321113627 6.22947252806355e-05 5.1427050902574935e-05 -0.015813637649912515 0.0 2514.0811109667616 0.22681862858084195
1400.0 -0.047138970050536244 6.266461255097499e-05 5.177178145672201e-05 -0.015731607608248366 0.0 2693.2075475904867 0.22814726777734745
1410.0 -0.04776746487282324 6.303432300064144e-05 5.211711292840704e-05 -0.015644997583491173 0.0 2876.483489735876 0.22947379867088502
1420.0 -0.04839965594304374 6.340386318481711e-05 5.2462991299506714e-05 -0.015553802919014483 0.0 3063.927933655036 0.23079826120689678
1430.0 -0.04903554158915213 6.377323914211247e-05 5.2809362727934686e-05 -0.015458019553264002 0.0 3255.5591041870425 0.23212069386469417
1440.0 -0.04967512019697651 6.41424564103699e-05 5.3156173604840265e-05 -0.0153576440134188 0.0 3451.3944607920607 0.23344113367873404
1450.0 -0.05031839020529816 6.451152004238945e-05 5.3503370622998145e-05 -0.015252673409436738 0.0 3651.450704032121 0.2347596162607264
1460.0 -0.05096535010104475 6.488043462154753e-05 5.385090084004673e-05 -0.015143105427939403 0.0 3855.7437824962813 0.2360761758225151
1470.0 -0.05161599841468245 6.524920427731243e-05 5.419871172449575e-05 -0.015028938326825647 0.0 4064.288900110628 0.23739084519968068
1480.0 -0.052270333715842554 6.56178327005049e-05 5.454675122589237e-05 -0.014910170924636373 0.0 4277.100524068364 0.23870365587573672
1490.0 -0.05292835460884859 6.598632315861443e-05 5.489496782118408e-05 -0.014786802599652477 0.0 4494.192392702885 0.240014638007005
1500.0 -0.053590059728723105 6.635467851070149e-05 5.5243310562502757e-05 -0.014658833277748431 0.0 4715.577524201396 0.24132382044790712
1510.0 -0.05425544773699542 6.672290122233773e-05 5.559172911873134e-05 -0.01452626343004479 0.0 4941.268225210272 0.24263123077685866
1520.0 -0.05492451731802106 6.709099338008191e-05 5.5940173811386273e-05 -0.014389094059324117 0.0 5171.276100242143 0.24393689532237814
1530.0 -0.055597267175187426 6.74589567059813e-05 5.628859567252675e-05 -0.014247326696259624 0.0 5405.612060928575 0.24524083918973325
1540.0 -0.05627369602731136 6.782679257173109e-05 5.6636946470867146e-05 -0.014100963390481181 0.0 5644.286335763076 0.24654308628780403
1550.0 -0.05695380260522853 6.819450201265201e-05 5.698517873558018e-05 -0.013950006703471378 0.0 5887.308480001658 0.24784365935625205
1560.0 -0.057637585648560474 6.85620857412978e-05 5.733324580408095e-05 -0.01379445969675879 0.0 6134.68738599797 0.2491425799927392
1570.0 -0.058325043902407 6.892954416106231e-05 5.7681101844231364e-05 -0.013634325928834675 0.0 6386.431293342494 0.2504398686806108
1580.0 -0.059016176114472074 6.92968773792538e-05 5.802870186926157e-05 -0.01346960944212222 0.0 6642.547799637633 0.25173554481635396
1590.0 -0.05971098103209016 6.966408522008749e-05 5.8376001775783945e-05 -0.013300314756265925 0.0 6903.043871146909 0.2530296267373538
1600.0 -0.06040945739948711 7.003116723734583e-05 5.854957124178384e-05 -0.013126446858975467 0.0 7167.9258537035785 0.254322131749602
