#Found quasiharmonic mode : None
#T(K), volume, F(eV), S(J/K), H(J/K), a(-6/K), Cp(J/mol), Cv, Cpion, Bt(GPa), T_ph-D(K), T-D(K), F_el_atom, S_el_atom, C_el_atom, M_el, Seebeck_coefficients(μV/K), Lorenz_number(WΩK^{−2}), Q_el, Q_p, Q_e, C_mu, W_p, W_e, Y_p, Y_e
0.0 12.102778314535104 -3.687982856473738 0.0 -355836.25075973495 0.0 0.0 0.0 0.0 134.03740434365847 400.0 400.0 0.0 0.0 0.0 0.0 0.0 2.443004551768e-08 0.0 0.0 0.0 0.0 0.0 0.0 0.0 0.0
0.28 12.102779901759195 -3.6879828121075917 0.00020219088035777267 -355836.2464224391 9.732978909424348e-09 0.0002025218107394553 0.00020252157752623706 4.984305445701075e-07 134.0370987749022 440.79758339577313 400.0 -1.3005146666216365e-10 0.0002020248145806554 0.00020202338019488522 2.538947549090328e-10 0.002083733582054545 2.4429820345995952e-08 7.385721935703989e-06 5.46627946897784e-06 7.301467675051326e-07 2.0938247896221184e-09 3.7054753699338198e-06 3.680246565770169e-06 1.1847458129859382e-05 1.8474885063933112e-06
0.8 12.102779413454767 -3.687982828324607 0.0005810867498553675 -355836.24757888727 3.007484904461735e-08 0.0005888396211841427 0.0005888332590802345 1.1626127372627121e-05 134.03719442850388 440.7975525626433 400.0 -2.2298679268059173e-09 0.0005772134947657946 0.0005772134938115156 1.5194870211642634e-09 0.003562796990245928 2.4430045047527252e-08 2.1102008824028008e-05 1.2544790217377258e-05 6.564763692803817e-06 5.982396302385307e-09 1.0552534769540882e-05 1.0549474054487133e-05 2.02855755730416e-05 1.0285605948780295e-05
1.56 12.10278007727154 -3.687982815790491 0.001154286023493322 -355836.2450337121 3.2149462677676257e-09 0.0012117254309958981 0.001211725289228785 8.615922418533528e-05 134.03706392616277 440.79759447819555 400.0 -8.93614769392755e-09 0.0011255663293539145 0.001125566206810563 5.512408896309643e-09 0.006942833118853245 2.4430042149383496e-08 4.114891820871555e-05 2.2595613539007556e-05 1.6420154406279048e-05 1.1665671706591807e-08 2.057550626408543e-05 2.0573411944630125e-05 3.3863433472987327e-05 2.386346384900511e-05
2.56 12.102780133332468 -3.6879828303660815 0.0019740016936803787 -355836.2431872847 2.716646418176752e-08 0.0022278546411538787 0.002227838029624193 0.0003807729620632886 134.03705334006574 440.7975980180658 400.0 -2.4340800477596498e-08 0.001847082910169178 0.0018470816790905902 1.4666909228799907e-08 0.0113592254075117 2.4430026706128033e-08 6.752642405579173e-05 3.5791071810753934e-05 2.956811322447369e-05 1.9143652700017896e-08 3.376521931586185e-05 3.376120473992988e-05 5.201402666780975e-05 4.2014057042325915e-05
3.8 12.102779179259693 -3.6879828919531974 0.0031606195490368016 -355836.24217262806 -7.328836721965052e-09 0.004012941908647289 0.004012940114088451 0.001271184270298842 134.0372447236651 437.7867347317759 400.0 -5.382803431884926e-08 0.002741762334546738 0.002741757638348448 3.212177989106492e-08 0.0167867222377621 2.4429997355372418e-08 0.00010023450152415646 5.214804075157569e-05 4.590801110884161e-05 2.8416315820764674e-08 5.012143599316153e-05 5.0113065530994916e-05 7.461754752611016e-05 6.461757790000806e-05
5.29 12.102780219323375 -3.6879829262137918 0.004965376388802247 -355836.23122178606 2.8054217390652866e-09 0.0073347831277422145 0.0073347827616795785 0.003517976664267351 134.03704831925776 434.08322655483136 400.0 -1.0446933805675994e-07 0.003816818926809857 0.003816806463474863 6.196497154965704e-08 0.02326430764906648 2.4429953899270183e-08 0.00013953690452313166 7.180161789498951e-05 6.555229812388539e-05 3.9558412278659554e-08 6.977645186376543e-05 6.976045265936622e-05 0.00010182026418981777 9.18202945646615e-05
7.01 12.102781291943344 -3.6879830121590516 0.007786340882865627 -355836.2111988345 7.535607382122153e-09 0.01347291300098385 0.013472909501069979 0.008415122693509728 134.03685109141222 430.1100237216795 400.0 -1.8357141981903343e-07 0.005057820183729614 0.005057790307474123 1.0836946659119315e-07 0.03068127460079841 2.442988071089297e-08 0.00018490602662344803 9.448897900132591e-05 8.823197000996562e-05 5.242030460195861e-08 9.246697344474203e-05 9.243905317870595e-05 0.0001332428993925362 0.00012324292975975608
8.98 12.102781687263237 -3.687983215515473 0.012352762545253169 -355836.1744741883 3.9989226203252645e-09 0.024745310597744957 0.024745309335147195 0.01826618735989042 134.03680479722388 425.54159285947225 400.0 -3.0135055969601946e-07 0.0064791920167648065 0.006479123237854537 1.7708480569423634e-07 0.03905498658920926 2.4429750405219656e-08 0.00023686931470903784 0.00012047440292263445 0.00011420875332855354 6.715138449979111e-08 0.0001184574524875797 0.00011841186222145815 0.00016924432933638383 0.0001592443597048392
11.19 12.102781734230884 -3.6879835994073744 0.019768304943835618 -355836.1012346013 1.4760585737603696e-08 0.044979162306679275 0.04497914087086066 0.03690559373596796 134.03684311334462 419.4508469158385 400.0 -4.6801798804778927e-07 0.008073712296312636 0.008073568570711316 2.7359569995992574e-07 0.048247115891985354 2.442955028342538e-08 0.00029516282531131486 0.0001496262919205389 0.00014334977431633685 8.36766495975326e-08 0.00014761661208869556 0.00014754621322261933 0.00020963854572098668 0.00019963857608908705
13.64 12.102783416205442 -3.6879842411927513 0.031848988307886926 -355835.9499446083 2.8772311981360125e-08 0.08115923774523892 0.0811591384642858 0.07131813044018365 134.0365906918518 410.4839927187684 400.0 -6.954721353151453e-07 0.009841372752272407 0.009841107305055274 4.040098879457643e-07 0.058165216825206575 2.4429292716997773e-08 0.00035978633691747755 0.0001819448864245347 0.0001756543360509348 1.0199590371606876e-07 0.00017994511211319908 0.00017984122480427852 0.000254423643288985 0.0002444236736578218
16.34 12.102787766112762 -3.6879853614053815 0.05175524686933834 -355835.6467681626 5.395170606946638e-08 0.14672964738304745 0.14672922920402276 0.1349407050099781 134.03585797991028 397.5756265963369 400.0 -9.981247686594533e-07 0.011789379609334034 0.011788942373069338 5.754477217868094e-07 0.0687695835044109 2.442900619254588e-08 0.0004310033423102126 0.00021756230706313764 0.00021125369904466846 1.2218380097819e-07 0.00021557559507689113 0.00021542774723332144 0.00030378123987327737 0.0002937812702422416
19.27 12.102795809418602 -3.6879873474533866 0.0845857582308954 -355835.0541058368 1.0000278749592427e-07 0.26417053782410477 0.26416884348150715 0.25026789511741027 134.03437247230661 381.6160477563359 400.0 -1.3882340516206328e-06 0.013903296211618675 0.013902642706694501 7.933660388193919e-07 0.07991903216768302 2.4428723197413387e-08 0.0005082860446138967 0.00025621493001622104 0.00024988363521258154 1.4409077500719763e-07 0.0002542448423981246 0.0002540412022157719 0.0003573449323779786 0.0003473449627464642
22.45 12.10281203441024 -3.6879908780708632 0.13895298192125924 -355833.90523175354 1.9117134434437614e-07 0.46789034771749166 0.4678831341907631 0.45169370778481377 134.03123255653503 365.12526878271814 400.0 -1.8842729791117809e-06 0.01619754997216528 0.016196639932677954 1.0662581612183166e-06 0.09164588556239847 2.442846003461475e-08 0.0005921618578869022 0.00029816689493116064 0.0002918073871631652 1.6786640059551935e-07 0.00029621762814019224 0.00029594422974670964 0.0004154798707577356 0.00040547990112659943
25.87 12.102845560263189 -3.687997058531991 0.2266299421901611 -355831.7581334378 3.522868518153825e-07 0.7968283506057298 0.7968001242217917 0.7781646252814851 134.02476160751502 350.74529340970065 400.0 -2.5021409968652092e-06 0.018664931741801487 0.018663725324244675 1.4007489930950768e-06 0.10389295517048279 2.4428218072745217e-08 0.0006823671933641066 0.00034328675051634394 0.000336892800455416 1.9343596624441943e-07 0.00034136298539833466 0.000341004207965772 0.0004780030976663958 0.00046800312803398043
29.53 12.10290711172154 -3.688007824349455 0.3621664565017363 -355827.96501805534 6.121265642130897e-07 1.2863935758435792 1.2862963061952832 1.2650896777544967 134.01343313633262 339.62972678813736 400.0 -3.260252639544592e-06 0.021305453521220062 0.021303898089082736 1.8045279614309294e-06 0.11667321499342934 2.442798056789046e-08 0.0007789025091855093 0.0003915751281188593 0.0003851396914508224 2.207994658524302e-07 0.0003896821092573721 0.000389220399928137 0.000544914738568894 0.000534914768932414
33.43 12.103021580880629 -3.688025789185261 0.5610515008918798 -355821.6371849902 1.0031110699806719e-06 1.9587676828197003 1.9584720138621488 1.9346505207583753 133.99360995158798 331.63482109117143 400.0 -4.1783195830001904e-06 0.024119148472944187 0.024117162061325026 2.2858090935881005e-06 0.1300345196809635 2.442771865351933e-08 0.0008817691193239077 0.00044303314969020225 0.0004365482457267174 2.499569417661857e-07 0.0004411766959936994 0.0004405924233302082 0.0006162155700398091 0.0006062156004006034
37.58 12.10321194349608 -3.6880549532529443 0.8383283557971904 -355811.70266181056 1.5286990038363247e-06 2.819619550257257 2.81884779543251 2.79250882436947 133.96290665830665 326.0683142189689 400.0 -5.2801609656612494e-06 0.02711327308073585 0.027110725887786877 2.854938057242393e-06 0.14408908397297057 2.4427397411533083e-08 0.0009912325176066072 0.000497794141328209 0.0004912506268557535 2.809831097750131e-07 0.0004959808141194336 0.0004952517034871737 0.0006920895353017536 0.00068208956565093
41.96 12.103504796241268 -3.688100188485336 1.2038978172348982 -355797.0560254311 2.182988536060977e-06 3.849171032030076 3.847414382151684 3.8189008701016354 133.91901981945608 322.25397916907065 400.0 -6.5827956698962474e-06 0.030273457889403988 0.03027016192844014 3.5189750933151143e-06 0.15887056034251884 2.4426985506232523e-08 0.0011067676646783046 0.0005555960184588443 0.0005489838774714794 3.1372844169653245e-07 0.0005538328632871504 0.0005529348013911543 0.0007721726738655373 0.0007621727042020939
46.59 12.103935961475614 -3.688167643149555 1.666421945374697 -355776.44136508746 2.9545240493729488e-06 5.021322744840854 5.017751381145655 4.9877128319832815 133.85860079955248 319.6235910337114 400.0 -8.115825718814647e-06 0.033614219799222515 0.033609912857571936 4.2918505750579586e-06 0.17456012705623394 2.4426454263941997e-08 0.0012289056750141851 0.0006167051599070208 0.0006100127312902915 3.4834263079657426e-07 0.00061500021354499 0.0006139054614691954 0.000856833147417169 0.0008468331777342295
51.46 12.104534680998654 -3.6882642353455566 2.2275292612621307 -355748.77103784936 3.8109292833318093e-06 6.2940387770424735 6.287479379387003 6.256915985785887 133.77990635012165 317.7988734389956 400.0 -9.901421417611882e-06 0.03712844450207662 0.0371227912565874 5.184248500546111e-06 0.19123728018404917 2.442578702708937e-08 0.0013573868890763344 0.0006809923977306965 0.0006742066954932283 3.8475119087595873e-07 0.0006793544556404904 0.0006780324334358441 0.0009458910455172954 0.0009358910758133176
56.57 12.10532497717651 -3.688397797730161 2.8853157648006875 -355713.0641918564 4.723985116022928e-06 7.624897291238007 7.6138247576350295 7.584088454836892 133.6823040980711 316.51613419787276 400.0 -1.1965873507443257e-05 0.04081624325278054 0.04080883640111512 6.209600044198361e-06 0.20900449798975795 2.4424976928564303e-08 0.001492215828493175 0.0007484608005029794 0.0007415672222434147 4.2295453670432807e-07 0.0007468996402438992 0.000745316188249276 0.0010393496228613074 0.0010293496531226444
61.92 12.10633745274554 -3.6885763990173075 3.6343874563947756 -355668.4776378786 5.666068822403135e-06 8.973952255043566 8.956530600613112 8.929284123447097 133.5637393953258 315.59818834419093 400.0 -1.4336794329206543e-05 0.044677762946778464 0.04466813159646933 7.382731594941253e-06 0.2279481961562687 2.4424027492115584e-08 0.0016333983014302227 0.0008191141798169078 0.0008120963074614887 4.629535409559468e-07 0.0008176406564938937 0.0008157576449363286 0.0011372130691209006 0.0011272130993395242
67.52 12.107582984920132 -3.6888093691959796 4.4683397579898045 -355614.2948137823 6.607927244641882e-06 10.309219551826226 10.2834056636465 10.260511585634049 133.42573977597547 314.9258197781135 400.0 -1.704815507483307e-05 0.04872034748450806 0.04870796619217775 8.722229323421737e-06 0.2481667877777476 2.4422950093124692e-08 0.00178120320024971 0.000893088048909458 0.0008859273298154194 5.04823763940449e-07 0.0008917144277743697 0.0008894887724753404 0.0012396679707809804 0.001229668000946538
73.35 12.109082195017947 -3.6891042965430927 5.3747134762407045 -355550.218043797 7.529562673295979e-06 11.5989991977542 11.562627234732915 11.546085133964436 133.26695621208214 314.42095958976716 400.0 -2.012054747297528e-05 0.05292974232021225 0.052914063789764515 1.0240798377029228e-05 0.26963012951306164 2.442176961231115e-08 0.0019351096534573266 0.0009701227615969377 0.0009627990636695092 5.484172530285609e-07 0.0009688622508146549 0.0009662474026426715 0.0013463534913829176 0.0013363535214814828
79.43 12.110844907426632 -3.6894710337821124 6.346386710965217 -355475.7445451349 8.41628273051015e-06 12.828200789940365 12.77904971454414 12.770899787256022 133.08832971319268 314.0276785244665 400.0 -2.3596118001440375e-05 0.05732054734751612 0.057301002684341906 1.1962263868440392e-05 0.2924286360833096 2.442050933683711e-08 0.002095651664414272 0.0010504866548515022 0.0010429771751557053 5.938851176164887e-07 0.0010493542830905967 0.001046297381323675 0.0014576400211959429 0.0014476400512156199
85.75 12.112875367149536 -3.6899176607017097 7.371552821932694 -355390.8203337772 9.25621156722647e-06 13.981894539284076 13.917797794534657 13.92003277481611 132.89071537664344 313.7097642599046 400.0 -2.7502772762007723e-05 0.06188572710753639 0.061861764467963334 1.3903871064135642e-05 0.3165232051544005 2.4419202374255976e-08 0.002262572070591912 0.0011340521232065816 0.0011263321070488469 6.411546333040643e-07 0.0011330642514003934 0.0011295078191915185 0.001573349524682307 0.0015633495546078006
92.31 12.115177926140971 -3.6904524449884093 8.440368871797999 -355295.39937721705 1.0043032869567545e-05 15.053214604867076 14.972101767398087 14.986618023090411 132.67462428234458 313.4416017616237 400.0 -3.1874802333903844e-05 0.06662548066091274 0.06659658177666432 1.608633477731242e-05 0.3418943289542162 2.4417881554078743e-08 0.002435878087700627 0.0012208239152020745 0.0012128663263936716 6.902282301316074e-07 0.0012199985058236901 0.0012158795818769368 0.0016934872117996432 0.0016834872416224657
99.11 12.117752511675734 -3.691083412994317 9.543727778423452 -355189.53012526024 1.0773894234363785e-05 16.03979974012594 15.939730450820745 15.96829402581107 132.44099456690395 313.20553933622176 400.0 -3.6747830394499445e-05 0.0715400139353063 0.07150571431486757 1.8531197649148858e-05 0.36850876134649685 2.4416579523304887e-08 0.002615577049495169 0.0013108068538023425 0.0013025823438958745 7.411086208325682e-07 0.0013101635472179585 0.0013054135022772103 0.0018180583462267168 0.0018080583759263276
106.16 12.120602085412525 -3.691819330502028 10.675020065874653 -355073.154100331 1.1449438464839001e-05 16.94381042883888 16.82296054185826 16.867213752179026 132.1902300945093 312.9889785617816 400.0 -4.216677210748252e-05 0.07663677862678149 0.07659667665985637 2.1264762966711336e-05 0.3963634990716838 2.441532540758361e-08 0.0028019411083358018 0.00140413840647644 0.00139561484438156 7.938737133114834e-07 0.0014036988836743413 0.0013982422246614599 0.0019472517359825758 0.001937251765540937
113.44 12.123713893793381 -3.692665493483645 11.823791146882263 -354946.76567913085 1.2068806167658481e-05 17.76592484687701 17.62269008955012 17.684069508346532 131.9242042886532 312.78400282258883 400.0 -4.815457615510098e-05 0.0819015424518968 0.08185533853047679 2.4302169583699993e-05 0.4253302148200104 2.4414150612938724e-08 0.002994449424435698 0.0015005589023355972 0.0014917026589364073 8.483770802879362e-07 0.0015003460643695419 0.0014941033600661558 0.00208070641506336 0.002070706444467171
120.97 12.12710211231851 -3.693630956004398 12.986929963373008 -354810.18060112826 1.2638348721408822e-05 18.513198507171282 18.346012152544287 18.425901977844845 131.64126069210238 312.58358576769433 400.0 -5.476740847744552e-05 0.0873490551935552 0.08729652932643599 2.7675401928612326e-05 0.45543900511316654 2.4413075956736104e-08 0.0031936408016949355 0.0016003394100891754 0.0015911135227034167 9.047724488974559e-07 0.0016003786205987592 0.0015932621810961754 0.002218795951987784 0.0022087959812159565
128.74 12.130750337916067 -3.6947214571201243 14.15745249461505 -354663.7964469688 1.3158996261162302e-05 19.18995167520065 18.997443131506266 19.097038310909756 131.34389778317097 312.3840750966168 400.0 -6.203836690600805e-05 0.0929723194092891 0.09291336429089563 3.140430129156747e-05 0.4865960604740697 2.441212312412995e-08 0.003399258771131069 0.00170335263725321 0.001693718259198091 9.629884924607564e-07 0.0017036708547021487 0.0016955879164289203 0.002361342542853244 0.002351342571884957
136.75 12.134658816442792 -3.695943173026464 15.330833583603786 -354507.8130535472 1.3635528416154658e-05 19.802144763164666 19.58303115216623 19.703438510444542 131.03191667355594 312.1822332948582 400.0 -7.000989181587084e-05 0.09877163519955327 0.09870625272012531 3.551337881096405e-05 0.5187523402221514 2.441130789463241e-08 0.003611313647251428 0.0018096049411645374 0.001799520825588542 1.0230294859454257e-06 0.0018102310489415529 0.0018010825983098748 0.0025083532747313276 0.002498353303547515
145.01 12.138830690195611 -3.6973037323345608 16.50469422951941 -354342.2328525931 1.407283401364034e-05 20.35638587357468 20.109427490629358 20.251703019710334 130.7050669367503 311.9755450228548 400.0 -7.873666437407065e-05 0.10475455697107204 0.10468285386434673 4.003318090041353e-05 0.5519018776580827 2.4410641482927815e-08 0.0038300809620180794 0.0019192355924715738 0.0019086574831904193 1.08497485032383e-06 0.0019202008613198333 0.0019098801006982456 0.002660019048732285 0.002650019077310666
153.5 12.14323821752407 -3.698805851674834 17.673035439548737 -354167.7001062751 1.4470885229837921e-05 20.857002603776305 20.581202905936934 20.746173549715017 130.36688285588824 311.763545564202 400.0 -8.824268782658608e-05 0.11090684235688503 0.11082905406128568 4.497765801181064e-05 0.5859184477453266 2.4410133802795137e-08 0.004055039222949423 0.0020319843967460923 0.0020208669340006477 1.1486783404240708e-06 0.00203332126973121 0.0020217179532182115 0.002815978152939599 0.0028059781812600207
162.24 12.147908990465892 -3.7004579700176095 18.836108001122785 -353983.9460711479 1.483887569688962e-05 21.310836166434807 21.005032132966203 21.19367627983707 130.01346612111817 311.5437107081501 400.0 -9.859702580057793e-05 0.11724342385702541 0.11715988659773789 5.038464187399813e-05 0.6208511811131754 2.4409789250255776e-08 0.00428673370501221 0.0021481258961918034 0.002136419910764121 1.2142958130433538e-06 0.0021498697291319774 0.0021368639758802314 0.0029766083984674677 0.0029666084265047694
171.22 12.15282315543131 -3.702263790401773 19.990426015319308 -353791.3906704222 1.5177145116531402e-05 21.722241785422128 21.385444117875885 21.59857326779901 129.64740222050906 311.3159705512231 400.0 -0.00010983674998066996 0.12375734639089252 0.1236685176231179 5.627425142524505e-05 0.6566255196565123 2.4409611272378218e-08 0.004524909365369079 0.0022675334378072275 0.0022551880236945246 1.2817564817010817e-06 0.0022697212263011928 0.0022551881390678874 0.0031417327024661538 0.003131732730196828
180.43 12.157972074237987 -3.704226051612949 21.133129068638254 -353590.43035957724 1.5489029500939815e-05 22.09551535599758 21.726786134889934 21.96516718756555 129.26943173859948 311.07999287780177 400.0 -0.00012199769332315483 0.1304417139327999 0.13034816843202862 6.26658168395323e-05 0.6931762425001651 2.4409600406699577e-08 0.004769313338449205 0.002390081431695748 0.0023770439971549074 1.3509901333680104e-06 0.002392751733943 0.0023765616045062048 0.0033111754519384025 0.0033011754793421315
189.9 12.163373576683803 -3.706355935928471 22.266593867821726 -353380.5572574926 1.5779004859825398e-05 22.43605693825432 22.034349061921485 22.29883582064387 128.8779754547669 310.83441871556283 400.0 -0.00013517132549338066 0.13731870920533532 0.13722111761045247 6.960777894731325e-05 0.7306030341030433 2.440975558681419e-08 0.0050207559789392795 0.0025161774733046985 0.0025023905903970092 1.4222277343696258e-06 0.002519372608995243 0.0025013833699440366 0.0034854981214255012 0.0034754981484705883
199.6 12.169008811064522 -3.7086513774817433 23.386172932838885 -353162.5797562269 1.604880574938382e-05 22.746533177840337 22.31090960112128 22.602267070235715 128.47445415738972 310.5796838715894 400.0 -0.00014936919674248412 0.14436695563471383 0.14426610760462283 7.710616926446687e-05 0.7687720775918313 2.4410073358504195e-08 0.005278454990203257 0.00264543053288536 0.002630836536589727 1.4952490074490015e-06 0.0026491933892171912 0.002629261600986065 0.003664157988591344 0.0036541580152555536
209.54 12.174880928284892 -3.7111189079857496 24.492338205346893 -352936.4158262684 1.6301150043107145e-05 23.030737324773522 22.560225217404763 22.879246421370592 128.0587445191879 310.31531338450475 400.0 -0.00016465848253415468 0.1515941256296233 0.15149090340292948 8.519602357537999e-05 0.807712224904038 2.441054869555951e-08 0.005542690222107283 0.0027779822217414187 0.002762520074331518 1.570134494947844e-06 0.0027823584508915433 0.0027603317712157414 0.003847348685545994 0.003837348711801513
219.73 12.180993763956568 -3.713765370723266 25.585601357500252 -352701.9610237057 1.653798745399135e-05 23.291931479296483 22.78554037186913 23.133028182858475 127.63073372664562 310.0408765845368 400.0 -0.00018111076462818095 0.15900792464180302 0.15890329643800902 9.3914546716807e-05 0.847455575156034 2.441117528850583e-08 0.005813742741372865 0.0029139748748622336 0.0028975799353948063 1.6469650198009822e-06 0.0029190130669297623 0.0028947296744431038 0.004035264670023316 0.004025264695839485
230.16 12.18734201481815 -3.7165923121490323 26.664468114730603 -352459.5496110517 1.6761575812429165e-05 23.532569131060978 22.98929707224366 23.366072573704567 127.19071778546692 309.7564085155357 400.0 -0.00019876760504657702 0.16660154656104317 0.16649655735641272 0.00010328296863976134 0.8879601672987462 2.4411943883106355e-08 0.006091363097099024 0.003053284721438891 0.0030358904397389448 1.7256709002848923e-06 0.003059035195086979 0.003032327902012046 0.004227732588925597 0.004217732614274616
240.83 12.193924515448376 -3.719603614921013 27.728712088761732 -352209.2844080701 1.6973568063087694e-05 23.75506448102632 23.173893873407454 23.580793274548093 126.73887558694514 309.461794640421 400.0 -0.0002176870031098613 0.17437545435741741 0.17427120647822875 0.00011333097643425501 0.9292254878735647 2.4412843738371102e-08 0.006375567665020448 0.00319592136252258 0.0031774583620986312 1.806257602638688e-06 0.0032024368143188497 0.003173130850701598 0.004424763378738308 0.004414763403590417
251.74 12.200743948027512 -3.7228029769989917 28.77823148747458 -351951.2496584156 1.7175787238255945e-05 23.96158403294226 23.341454513275227 23.779356241374508 126.2749337497727 309.15678036926624 400.0 -0.0002379284558774268 0.18233015631244825 0.18222779156774932 0.00012408910816322496 0.9712543673123162 2.441386251252312e-08 0.006666374541690949 0.00334189531764753 0.0033222912795451867 1.88873088293272e-06 0.0033492308895440043 0.0033171436521469443 0.00462636916788132 0.004616369192205747
262.89 12.20779307164715 -3.726194161881594 29.812989512697424 -351685.54443975765 1.7368712318997376e-05 24.153967541474856 23.49385155288768 23.963600777687773 125.79992165101781 308.84157090826506 400.0 -0.0002595528153469752 0.19046608611027835 0.190366763787083 0.0001355879827627826 1.0140482992571096 2.4414986058781075e-08 0.00696379919026098 0.0034912157910969876 0.0034703954510088763 1.9730955010451196e-06 0.0034994290925865036 0.003464370097674478 0.004832560267305858 0.004822560291073014
274.29 12.215079846954673 -3.7297838788141604 30.8339287125006 -351411.9979766543 1.7553878691907e-05 24.33406126491406 23.632859349017064 24.135365316049494 125.3133130230928 308.51571428344556 400.0 -0.00028264318790350673 0.19879106683607867 0.19869594886456285 0.0001478703885184705 1.0576509393714255 2.441620041590435e-08 0.007268127282519403 0.003644027753926778 0.0036219115772796943 2.0594326652885896e-06 0.0036531797902074102 0.0036149474923119927 0.005043534314975937 0.0050335343381564535
285.93 12.222616768526558 -3.73357224949045 31.840281107656498 -351130.8669089894 1.7734564317724636e-05 24.503377212454524 23.7598115860822 24.296168475929395 124.81331742878596 308.17857520840124 400.0 -0.00030724482496361215 0.20729850771449354 0.20720873652512642 0.0001609600049079309 1.1020356582220778 2.4417489347964834e-08 0.007579117647326319 0.0038002117720884526 0.003776717921324612 2.147673953762136e-06 0.0038103654810327857 0.003768752166293534 0.005259123717263172 0.005249123739821963
297.81 12.230376441019116 -3.7375631013783988 32.83214003762053 -350842.2775313483 1.790820162271142e-05 24.662969922927683 23.875996890332413 24.447064579338065 124.3035085336104 307.8312898758901 400.0 -0.00033342279813854684 0.2159886719195424 0.2159053435896185 0.00017488816122354718 1.1472007686302106 2.4418835720868785e-08 0.00789677985163733 0.003959774150428985 0.0039348177453377335 2.237821714693321e-06 0.00397099502621661 0.0039257848254207195 0.005479334751211052 0.005469334773120609
309.93 12.238386071523841 -3.7417592554630232 33.80979262981824 -350546.21544667415 1.8078706079497274e-05 24.81427976047425 23.982575197870023 24.589493221017957 123.78078092755618 307.472583223387 400.0 -0.0003612444898556063 0.22486237726773106 0.22478653945629593 0.0001896908128705525 1.1931620128156866 2.4420224455714967e-08 0.008221143765957666 0.0041227316512403075 0.004096224157593617 2.3298840336527087e-06 0.004135088069725301 0.004086055696232364 0.005704187758101567 0.00569418777932676
322.29 12.24662797046395 -3.7461642092123384 34.77342667332223 -350242.77021936467 1.8244763447704984e-05 24.958186774160605 24.08055734048849 24.724334155061342 123.24744902052589 307.1031755534455 400.0 -0.0003907781064838973 0.23391999027788205 0.23385261909926522 0.00020540137840832133 1.2399216891743707 2.4421639586319183e-08 0.00855222293777053 0.004289092711520885 0.004260942268663922 2.423864083157599e-06 0.004302655770890054 0.004249567166880476 0.0059336918195848284 0.005923691840095884
334.89 12.255119644614114 -3.7507808347460383 35.72335393838471 -349931.9405493767 1.840870253370941e-05 25.095783297064397 24.170850172703446 24.852679027590607 122.70176959672811 306.7222273387892 400.0 -0.000422093991656171 0.24316226728057314 0.2431042694737872 0.00022205685728456684 1.287493418122444 2.4423067506261155e-08 0.008890045200236127 0.004458873136641181 0.004428984106417694 2.519769108488908e-06 0.004473716923466688 0.004416328276769438 0.006167865921990983 0.0061578659417585255
347.74 12.26385571107362 -3.7556161866258293 36.66053423913486 -349613.54090552434 1.85699039176162e-05 25.22788595517604 24.25431069701959 24.97533675756917 122.144838972472 306.32991638570314 400.0 -0.0004552898148963873 0.2525969876256178 0.25254919760686956 0.00023970659126277004 1.3359196105231728 2.4424496170750378e-08 0.009234895214691704 0.004632217776089472 0.004600489482798087 2.6176791345925816e-06 0.004648420336560788 0.004586474878130917 0.006406907134454373 0.0063969071534446375
360.82 12.27283395105691 -3.7606656142475288 37.58383270708471 -349288.0722655663 1.8729527387586398e-05 25.35512761176504 24.33152218552837 25.092954262133603 121.57662124965847 305.9262885372272 400.0 -0.000490387295002711 0.26221018470423074 0.26217334963144107 0.0002583613628084275 1.3851374147592004 2.4425912887988302e-08 0.009586262823789903 0.004808872086392379 0.0047752027840229265 2.717448613248762e-06 0.004826512458727289 0.004759750365062613 0.006650461592227821 0.00664046161041231
374.15 12.282068456953409 -3.7659397880209866 38.49496247904178 -348955.06097959384 1.8888186727852997e-05 25.478371446069634 24.40323438163257 25.206379469609434 120.99644875665437 305.5106527932912 400.0 -0.000527514863878053 0.27201716039635304 0.27199197646020223 0.00027808787675630574 1.4352316315763332 2.4427311034235312e-08 0.009944707717101525 0.004989119360512838 0.004953400406806187 2.819235792178342e-06 0.005008281895704839 0.0049364258213966845 0.006898917061040094 0.006888917078390319
387.72 12.291556353267435 -3.7714377687752005 39.39352355345286 -348614.7687380423 1.9046314914556255e-05 25.59814276871545 24.469948842732588 25.316144438595707 120.40467319321523 305.0830815264153 400.0 -0.0005667226533255283 0.28201123004996864 0.28199833011974124 0.00029891157884660434 1.4861757794207835 2.4428683072721727e-08 0.010309985968908334 0.005172838947118386 0.005134959076869859 2.9229708762002335e-06 0.0051936101390359585 0.005116375829872373 0.007152104303648349 0.007142104320136812
401.54 12.301316361301362 -3.7771664878300157 40.280490215672465 -348266.93500961195 1.9205257259081266e-05 25.715175629579058 24.532212289763386 25.422975083576308 119.80010916707015 304.64267409557374 400.0 -0.0006081194519827419 0.29220055655881577 0.29220054600274886 0.000320889924537605 1.538021507308483 2.443002606973644e-08 0.010682396299020678 0.005360183189344104 0.005320025171014331 3.028738374298799e-06 0.005382654159442049 0.00529974213957863 0.007410230240368843 0.007400230255965733
415.59 12.31130906231392 -3.78312074863112 41.154812680304246 -347912.133279929 1.9362702170238907e-05 25.82951607399241 24.590376338940725 25.526931965110332 119.18610249958058 304.191144964056 400.0 -0.0006517242175812163 0.3025706746299023 0.3025841088820778 0.00034402915617608116 1.5906969385324283 2.4431335173357412e-08 0.011061410430533661 0.00555088827906242 0.005508334220565833 3.136387980172668e-06 0.0055751508147508675 0.005486259615782793 0.007672928675240194 0.00766292868992536
429.89 12.321590707810891 -3.789311386315262 42.01816824358043 -347549.7772684929 1.9522456364101664e-05 25.942169473657458 24.644932614642098 25.629004403884984 118.55853530553026 303.7259011110923 400.0 -0.0006976815449377042 0.3131376020852534 0.3131650697724743 0.00036840901786585077 1.6443020607258851 2.4432613838691916e-08 0.011447613998427177 0.0057452511932842695 0.005700174883655297 3.246086291544488e-06 0.00577140346782493 0.005676210530602246 0.007940605422753303 0.007930605436504118
444.42 12.33211517129635 -3.7957327862773838 42.86955905972308 -347180.44908542425 1.968179673587328e-05 26.053048653792423 24.696155574851666 25.72911981181681 117.92111141940724 303.24896002402676 400.0 -0.000746009035666059 0.32388676119543247 0.3239288419756176 0.00039403451377001484 1.698764367150199 2.4433861332146842e-08 0.011840474489595458 0.005943005965496071 0.005895280613798294 3.3576822765536437e-06 0.005971146730615872 0.005869327758979587 0.008212891452244048 0.008202891465040125
459.2 12.342926048497016 -3.8023962307327963 43.7105444642377 -346803.5811561121 1.9843300235439445e-05 26.16294924028551 24.744441597460952 25.82805781271885 117.27095315700349 302.75828814853344 400.0 -0.0007968587669868153 0.33483407660655123 0.33489142756665535 0.0004209885624295255 1.7541811889921382 2.44350842959612e-08 0.012240573950572016 0.006144447952434149 0.006093938100976023 3.471342054846791e-06 0.006174682621416198 0.0060658913291558175 0.008490190164887187 0.008480190176714114
474.22 12.354012641113455 -3.809300081122956 44.54081583844577 -346419.4377849836 2.000654201016908e-05 26.272074125272507 24.79004066941616 25.926027972791108 116.60914941951447 302.25430122856824 400.0 -0.0008502842396581289 0.34597281421516207 0.3460461524814 0.0004492985668514221 1.8105278693177635 2.443628722862065e-08 0.012647666240152448 0.006349455555255716 0.0062960228029771675 3.586996656322465e-06 0.0063818918915217035 0.006265774348630742 0.008772331038639693 0.008762331049481039
489.48 12.365378849438393 -3.8164469336152393 45.36067553358568 -346028.00644804246 2.0171691032100672e-05 26.380735349347884 24.833211491766054 26.023341443336253 115.93563582586812 301.73675255481186 400.0 -0.0009063736067545919 0.3573037662704488 0.35739390601162696 0.0004790113470968714 1.8678202701988347 2.4437477043131552e-08 0.01306178013296971 0.006558045648317664 0.006501546620250931 3.704655539384437e-06 0.0065927952873524875 0.006468984845617224 0.009059334110273905 0.00904933412012345
504.99 12.377022978671995 -3.823844294033435 46.170895489016495 -345629.0461719845 2.0338334173966667e-05 26.48919068709442 24.874210337883017 26.120247850925484 115.25083947217495 301.20564550708326 400.0 -0.0009652547218472741 0.36883495386043336 0.3689428361689391 0.0005101933209062592 1.926108387119564 2.4438662022548026e-08 0.013483208473869223 0.006770368168345128 0.006710652461096689 3.824403439882173e-06 0.006807548142745427 0.006675660331123796 0.009351402477466372 0.009341402486318148
520.73 12.388981319484893 -3.8314849023296347 46.97086325424115 -345222.9556916596 2.050949571411313e-05 26.59803578736396 24.91320100080169 26.217355894067932 114.55281024939144 300.65925478503993 400.0 -0.0010269455093679118 0.3805531887204982 0.38067989329602897 0.0005428609225377882 1.9853492424107315 2.4439850770053095e-08 0.013911468668489108 0.006986182745236134 0.006923098101495345 3.946105323238192e-06 0.007025911672342063 0.006885556996147045 0.009648201730916968 0.009638201738772287
536.72 12.401228491452628 -3.839381289199082 47.76174605309277 -344809.2944820713 2.068267691745276e-05 26.70723544085347 24.950415621610492 26.314615224276302 113.8433917554484 300.0986509767776 400.0 -0.0010916158023231122 0.3924734408217807 0.39262021657716706 0.0005770994658751728 2.0456218462636917 2.444105258988766e-08 0.014347107275717986 0.007205767183933773 0.00713915229556884 4.069918445599553e-06 0.007248170544408005 0.00709893673130998 0.009950110895637642 0.00994011090250146
552.95 12.413777604813992 -3.8475310868029027 48.543356535649416 -344388.2657558153 2.0858990895680608e-05 26.81712441027447 24.986002067201824 26.412366675790118 113.12212061058183 299.52315395709815 400.0 -0.0011593231118763505 0.40458946234472626 0.40475773448435226 0.0006129431695534177 2.106912222188579 2.4442276643220234e-08 0.014789895110394698 0.007429008775561101 0.007358698567270318 4.195780155037712e-06 0.007474215011848466 0.007315680098546232 0.010256971272952633 0.010246971278841917
569.42 12.426632296620138 -3.8559367798209365 49.31596434295448 -343959.8444185812 2.1038587610785616e-05 26.927930632834766 25.020114880373495 26.510837075162293 112.38897024900477 298.9325092843257 400.0 -0.0012301645496214343 0.41690216680463793 0.4170935576724739 0.0006504454311797367 2.169239069626259 2.4443532348512586e-08 0.015239864599465289 0.007655926628746624 0.007581750235157911 4.3237022864300384e-06 0.007704068633887114 0.007535795965578175 0.010568805510601078 0.010558805515532965
586.14 12.43981283347306 -3.864606098532974 50.093924587968765 -343515.7499719395 2.1222162175018458e-05 27.040180474764295 25.053077045488255 26.61054395031038 111.64328249011912 298.2490697604871 400.0 -0.001304284588320848 0.42942016257859333 0.4296365244539144 0.0006896864085980103 2.2326620242303563 2.4444829986316464e-08 0.015697329205961452 0.007886681761150677 0.0078084597448949645 4.453776834413055e-06 0.007937899007722111 0.0077594301982393385 0.010885830997041964 0.010875831001045135
603.09 12.453293596783855 -3.8735311560603662 50.872247657340544 -343058.3962299865 2.1408848807958242e-05 27.153729295816966 25.08489886759661 26.711356743333393 110.88645478977506 297.4979074204728 400.0 -0.0013816946146253779 0.4421291773619906 0.44237255248357543 0.0007306707629789535 2.2971174223883453 2.4446176759630416e-08 0.016161766131640408 0.008121013212348817 0.008038565258747953 4.585858111343253e-06 0.008175445839550209 0.007986320292090197 0.01120768559915896 0.011197685602269372
620.29 12.467127824014394 -3.8827249140435782 51.64346676378785 -342592.0768631831 2.160076955470528e-05 27.269130484689043 25.11562827026766 26.813811836958106 110.11646762635533 296.72538164597006 400.0 -0.0014625910000690837 0.4550459343032752 0.4553186477309379 0.00077350697766728 2.362706485894829 2.4447583929387603e-08 0.0166337850276307 0.008359231597598585 0.008272365812800534 4.720122857853677e-06 0.008417028689481009 0.00821675633814969 0.01153479183931796 0.011524791841576565
637.72 12.481280629141597 -3.8921791459339516 52.40682612742081 -342117.31640799646 2.1796581460095126e-05 27.38621334409155 25.145333107238276 26.91775276733837 109.33501764673358 295.9332578479275 400.0 -0.0015469830264067566 0.4681559993721585 0.46846057675317987 0.0008181950615219443 2.429360100910681 2.44490574330498e-08 0.017112856983288117 0.008601072740787181 0.00850959667247982 4.856423845088343e-06 0.008662383725797973 0.008450473257490142 0.011866783310969676 0.011856783312424988
655.4 12.495775240746422 -3.9019071428429015 53.16345825395884 -341633.476038953 2.1996769916507543e-05 27.505321433299223 25.174145088677477 27.023506611817826 108.54110766990996 295.1200541399854 400.0 -0.0016350744855312468 0.48147556758779864 0.4818148214813965 0.0008648416172661525 2.4971698913173834 2.4450606537464066e-08 0.01759957220079027 0.008846837541477139 0.008750547140514766 4.994932427050403e-06 0.008911820643083422 0.008687751557706848 0.012204069063412933 0.01219406906412331
673.32 12.510654085561859 -3.911906024707392 53.91337647422984 -341140.5973684932 2.220344520490322e-05 27.627016878281236 25.2021407314233 27.131640546407017 107.73427277516227 294.283192904103 400.0 -0.0017269301970906875 0.49499933501474147 0.49537633187422164 0.0009134870031072944 2.566126244134206 2.445223824957781e-08 0.018093735074183888 0.009096430576557296 0.008995117034230848 5.135596674019056e-06 0.00916524775127773 0.008928487322906157 0.012546513469764107 0.012536513469795006
691.49 12.525833752462852 -3.922183709700448 54.65676122881365 -340638.5940439891 2.241254218352306e-05 27.750618972779847 25.2294045976043 27.241467134118334 106.91572264408872 293.4271608060359 400.0 -0.0018227067864217805 0.508733795403317 0.5091518386615125 0.00096419399853675 2.636251117099525 2.4453957238232815e-08 0.018595581378522175 0.009349973475867229 0.009243420498577511 5.278486840702395e-06 0.009422791834581645 0.009172789543940529 0.012894280098091253 0.012884280097511212
709.89 12.541435091809854 -3.932731599417451 55.39365078896375 -340127.51575003413 2.262972404337871e-05 27.877442326308696 25.255995406589214 27.354311446131064 106.0842345931283 292.5449392273824 400.0 -0.0019224230508970506 0.5226682231309421 0.5231308801776332 0.0010169933568616866 2.707522366842906 2.4455769829965667e-08 0.019104717118779094 0.009607271128809842 0.009495258649531702 5.423494919425279e-06 0.009684261059903979 0.009420456058875116 0.013247095604578922 0.013237095603466817
728.54 12.557412853569767 -3.9435634267447313 56.124750268900435 -339606.901404846 2.285242752301175e-05 28.00716464838463 25.28200215028062 27.469836076842935 105.23997523700612 291.6388448474264 400.0 -0.0020262972110833733 0.5368174598056921 0.5373285715416979 0.0010719841422783373 2.780009074697391 2.4457680827738556e-08 0.019621682935852248 0.009868599560196136 0.009750896103010335 5.570778195208054e-06 0.009949939615251369 0.009671743320600884 0.013605334688931882 0.013595334687373926
747.43 12.573737453694365 -3.954675755346912 56.84974737857917 -339076.9969983873 2.307968478862797e-05 28.139636852449023 25.307469597375885 27.587898659015593 104.38325273660617 290.7103270612928 400.0 -0.002134390658909201 0.5511745686306849 0.5517381934334276 0.001129188420513122 2.8536766873322836 2.445969240576752e-08 0.020146223614179424 0.010133832910730691 0.010010203502572885 5.720267492768279e-06 0.010219703841199041 0.009926519772980386 0.013968820424820538 0.013958820422785964
766.56 12.590517557850037 -3.9660714879653796 57.56934525699205 -338537.3674278024 2.3315519849214853e-05 28.27601694957703 25.332464947672246 27.70965285635487 103.51382534754134 289.7529543522495 400.0 -0.0022468334983089164 0.5657436036512831 0.5663640932221595 0.0011886888081252096 2.9285687305755115 2.4461809677784458e-08 0.02067848521847875 0.010403049002720707 0.010273249090987426 5.872008494233824e-06 0.010493639034595438 0.010184846183883317 0.014337653674311668 0.0143276536720168
785.93 12.607675234888124 -3.977752603749579 58.283355321282876 -337988.1436163171 2.355697654652946e-05 28.415702377671593 25.357032097436885 27.834496620949857 102.63164088204336 288.77089550154193 400.0 -0.002363739633736577 0.580523834506261 0.5812057567217334 0.0012505218227418043 3.004670264686179 2.446403336854177e-08 0.021218439445060272 0.010676236400963981 0.010540015999351147 6.025996430483198e-06 0.010771736991757918 0.010446702453302358 0.01471181479746346 0.014701814795030629
805.54 12.625266042712955 -3.989721797999607 58.99221747667999 -337429.0418802309 2.380593349625803e-05 28.55933805484578 25.381223872145203 27.963071777301852 101.7367836206914 287.76069469093164 400.0 -0.0024852389359021304 0.5955180813821422 0.5962662775439292 0.001314756994623706 3.0820067075371593 2.4466366468147043e-08 0.02176618742022499 0.010953450014504458 0.010810550445015365 6.18226402251938e-06 0.011054058982380184 0.010712128437844802 0.015091373557194034 0.01508137355474989
825.39 12.643246759838169 -4.0019810927928035 59.69589672507595 -336860.07867816376 2.4061072018624868e-05 28.706676966603453 25.405080035255796 28.095130904223353 100.82840038491135 286.72454013045524 400.0 -0.0026114527051580025 0.6107265112206203 0.6115460623801018 0.0013814380473454084 3.1605726637938196 2.4468809900667478e-08 0.022321733568490994 0.011234695279728514 0.011084851415751103 6.340816118566381e-06 0.011340614416693645 0.010981119151797348 0.015476332862190243 0.015466332859883941
845.49 12.661722794183985 -4.014539899747788 60.39536068040482 -336280.5420344814 2.432539287876002e-05 28.8587983833759 25.428661088458995 28.23174108060314 99.90726923897095 285.65603778909656 400.0 -0.0027425873180572263 0.6261609688481526 0.6270573027727616 0.0014506795461719198 3.24044374146821 2.447136835695105e-08 0.022885508603680365 0.011520194400150209 0.011363127422123856 6.50177992573858e-06 0.01163163575291741 0.011253872850762956 0.015866990738847356 0.01585699073683136
865.83 12.680629519178156 -4.027393933046952 61.09014795859955 -335690.75840111397 2.4597184702394098e-05 29.015282810290504 25.4519871222786 28.37249033189936 98.97242288352543 284.5585738525906 400.0 -0.0028787047158088715 0.6418137004146725 0.6427924783911392 0.0015224872000716158 3.3215700517670133 2.447404174937061e-08 0.023457227643051127 0.011809806410870006 0.011645234545745273 6.665078099000039e-06 0.011926983019587443 0.01153024462346368 0.016263149601300177 0.016253149599755826
886.41 12.70001944602079 -4.040546064361834 61.78066483152824 -335090.42985279555 2.4877874659366143e-05 29.17674277967515 25.475097096635213 28.517987756121908 98.02477425400679 283.42874130393125 400.0 -0.0030199457207324525 0.6576877971474993 0.6587550235532397 0.0015969275036496102 3.403972918103328 2.447683374621816e-08 0.024037001740610315 0.012103591476271455 0.01193122367616944 6.830747024933244e-06 0.012226722756065601 0.011810278984544717 0.016664886023726764 0.016654886022845226
907.23 12.719851782457797 -4.053998118946893 62.466868552700575 -334479.53776337975 2.516671507085159e-05 29.343016945264125 25.49801953819719 28.66807130684005 97.06219790798595 282.26853604527105 400.0 -0.0031664412288303257 0.6737836019642274 0.674945638424076 0.0016740404893207483 3.4876461961647043 2.447974789475037e-08 0.024624841689889192 0.012401558479259922 0.012221096723474469 6.998794725915314e-06 0.012530867714487427 0.01209397397540176 0.017072207250921508 0.017062207250914008
928.29 12.740233958584763 -4.067753743857793 63.149418143733264 -333857.59758984647 2.5466042775431566e-05 29.51515469432304 25.520792880529502 28.82378487942536 96.08818398700889 281.0712555435156 400.0 -0.0033183462301080453 0.6901061274372788 0.6913698148976825 0.0017539046381510309 3.572626461325349 2.4482791611753867e-08 0.025220928514010376 0.01270380344861583 0.012514938682072072 7.169279032021882e-06 0.012839521718898551 0.012381406795111826 0.017485238253417818 0.01747523825451812
949.6 12.761111771208707 -4.081821065278774 63.82846708023058 -333224.34879844775 2.577491920846712e-05 29.69291853401948 25.543450039223874 28.984882898336476 95.09883920413226 279.83962250232526 400.0 -0.003475868514490956 0.7066628877017249 0.7080356356830065 0.0018365892098921716 3.6589423564114254 2.448597419995174e-08 0.025825534679473124 0.01301046798012301 0.012812880421942752 7.342284675905281e-06 0.013152832602759257 0.012672702076713865 0.017904167621225712 0.017894167623692826
971.15 12.782532613260429 -4.09619670195184 64.50409944916817 -332579.7430366123 2.6094411675089168e-05 29.876880120586073 25.566010505773797 29.151940470526224 94.09644856232784 278.57036373796257 400.0 -0.0036390909867210436 0.7234497905589645 0.7249396500598497 0.0019221171086203548 3.74657728663706 2.448930705520653e-08 0.026438508428656166 0.013321479202502394 0.013114843056386336 7.517776737378032e-06 0.013470730754763197 0.012967777673892969 0.018328889832370965 0.018318889836485452
992.93 12.80448599486591 -4.110876165949975 65.1761426078892 -331923.90489622415 2.642461391461148e-05 30.06716454818072 25.588488259906597 29.325087830889064 93.08038660526982 277.2635844779764 400.0 -0.003808083553227571 0.7404609122456234 0.7420767172916574 0.0020104894221628466 3.835499956086034 2.4492805257196476e-08 0.027059630947898927 0.013636729785256834 0.013420715101533197 7.695702759563235e-06 0.013793110097343823 0.013266520850555108 0.018759253005067762 0.018749253011138535
1014.97 12.827023451161335 -4.125882402330319 65.84574680922934 -331255.6762379408 2.6766670763860763e-05 30.26445628687542 25.610938594840647 29.504982035728798 92.04922767715533 275.9156586684338 400.0 -0.003983236881318127 0.7577224131814484 0.7594742511466198 0.0021018738524333064 3.925851730702997 2.4496496450260916e-08 0.027689854406980026 0.01395670696033639 0.01373096149470576 7.876348351054708e-06 0.014120472795595279 0.013569381611384752 0.019195916592542304 0.019185916600905344
1037.24 12.850134472092336 -4.141197726393457 66.52544257061078 -330561.9879537213 2.7120701659315314e-05 30.4688598308109 25.633328850896152 29.691747087249187 91.00431535587367 274.5663611179974 400.0 -0.004164473700383815 0.7752135980293917 0.777112743561708 0.0021961906315892494 4.017534197003992 2.450040579897199e-08 0.028328419566771523 0.014281029274228427 0.014045204449446163 8.059511993630379e-06 0.014452432465469636 0.013875987101301881 0.019638354260690265 0.019628354271714755
1059.75 12.873851259906548 -4.156831576826406 67.20744937632651 -329850.180780437 2.7487502334159308e-05 30.680911335436218 25.655709958868858 29.88590661061495 89.94511624119484 273.18870285651855 400.0 -0.004352034142290243 0.7929451552243656 0.7950047248212688 0.0022935457842641095 4.110634643401237 2.4504575729954697e-08 0.02897571190697042 0.014609896963713067 0.01436362920862117 8.245324931474112e-06 0.014789199625404915 0.014186512281565505 0.020086832679625025 0.02007683269366428
1082.51 12.89819585471497 -4.172793448965066 67.88779806464214 -329124.141508599 2.7868030383257106e-05 30.901146684179544 25.678121296605386 30.08798368742477 88.87002248918753 271.76746371070305 400.0 -0.004546167022822972 0.8109275303385579 0.8131629967547699 0.0023940613336422972 4.20525610047764 2.4509061023587513e-08 0.029632106602510054 0.014943505647033523 0.014686415329192144 8.433921367553093e-06 0.015130981583241169 0.01450112501926889 0.020541611243034837 0.020531611260407076
1105.5 12.923184160750724 -4.18907233246793 68.56621456228375 -328384.08507426665 2.826265217163651e-05 31.12992499342614 25.700565273164422 30.298346918987228 87.78111587243582 270.30101439812245 400.0 -0.00474687308923044 0.8291485333370611 0.8315780744389114 0.0024977374561898154 4.301395851527513 2.4513923724149307e-08 0.030297151074284972 0.01528163054469261 0.01501333501183542 8.625204136559032e-06 0.015477555691996494 0.014819595382288483 0.021002375729714088 0.020992375750695028
1128.74 12.948877758408633 -4.205685560242742 69.2436240589989 -327628.91985195485 2.8672257730573034e-05 31.368012492771566 25.723083391547835 30.517739062684353 86.6792708801425 268.7849656696526 400.0 -0.004954503025158678 0.847627907445918 0.8502734300872113 0.0026047586459562273 4.399233705652419 2.4519249353206296e-08 0.030971556426975508 0.015624638700263278 0.015344732318195164 8.819418520375918e-06 0.01582930634605719 0.015142250080918303 0.021469618043447193 0.021459618068262094
1152.22 12.975231822072972 -4.222627353991413 69.9196518030958 -326858.7814682953 2.909838030887746e-05 31.615718722934773 25.745682643152726 30.746472085355883 85.55771792210278 267.22113535165914 400.0 -0.005169133605471036 0.8663589180140909 0.8692466375788892 0.002715164336520526 4.498824913240459 2.452513483852162e-08 0.031655064914085075 0.015972404727503293 0.01568047488821195 9.016540928345171e-06 0.01618611318201419 0.015468951732070883 0.021943158696701368 0.021933158725505504
1175.94 13.00233614753089 -4.2399021409352855 70.59490400802734 -326072.9948052404 2.954105679687643e-05 31.8738212501812 25.76838868581401 30.985311997959286 84.4237071740834 265.6032990741186 400.0 -0.005390959876994714 0.885347723347146 0.8885092522219162 0.0028290744753210794 4.600318217145982 2.4531699432669327e-08 0.03234788663302766 0.01632504179244744 0.016020659654036422 9.21669319705661e-06 0.01654810228026202 0.015799784352765633 0.02242314208907919 0.022413142121958298
1199.91 13.030194242792994 -4.257519227670926 71.26972042768405 -325270.90645073284 3.0002155570530215e-05 32.143025589730485 25.79123034551411 31.234947048579023 83.27192378224075 263.9302478806684 400.0 -0.005620255114492342 0.9046049034862993 0.9080785411514618 0.0029466455268459335 4.7039083278543785 2.453908845486252e-08 0.033050389322278106 0.01668274365409226 0.016365460595700702 9.420056733307137e-06 0.016915482618748777 0.016134906703529323 0.02290982158534942 0.022899821622295476
1224.11 13.058836495716731 -4.2754674746242785 71.94393837499939 -324452.6048531607 3.048186258790176e-05 32.423847700773905 25.81421293293087 31.495896375878576 82.10623129371261 262.1990784426602 400.0 -0.005857023706802989 0.9241196234352099 0.9279513248953263 0.003067910751857016 4.809705335112993 2.4547463527869113e-08 0.033762155482497114 0.017045304836906455 0.01671466569013078 9.626600713324145e-06 0.01728805462891053 0.016474100853586582 0.02340290621476993 0.023392906255669005
1248.56 13.08830475614912 -4.293764312682484 72.61831631248093 -323616.95073906187 3.098214152295395e-05 32.71729841234456 25.837378456456253 31.769140843314265 80.92343153960657 260.4060729126626 400.0 -0.00610165266442295 0.9439120702575373 0.9481575690302938 0.0031931067522953313 4.918020253380547 2.4557028011764406e-08 0.03448389416540038 0.017413094184672916 0.01706861514617872 9.836639079282236e-06 0.01766620969523655 0.01681768447016383 0.023902885032263933 0.023892885076895208
1273.25 13.118632548376812 -4.312405771191209 73.29292346576675 -322763.688266801 3.150359000227835e-05 33.024058880553554 25.860743674583624 32.05535301501347 79.72569316304444 258.5478804396642 400.0 -0.0063542483557902756 0.9639796830094745 0.968705865540083 0.0033223412026296677 5.029080535876963 2.4568006774856473e-08 0.0352154789200571 0.017786055754401908 0.017427238456909435 1.0050264002628075e-05 0.018049904347846257 0.017165574572210844 0.024409667774769005 0.024399667822752026
1298.18 13.149839357021467 -4.331394161444848 73.96796374166134 -321892.27303948515 3.204901313749377e-05 33.345276893663254 25.88433483881459 32.35566261706688 78.50829968124805 256.6218750340145 400.0 -0.006615011544052913 0.9843271890746383 0.9896142765963737 0.0034557835612585306 5.143197511990693 2.4580662528716644e-08 0.035957042255840684 0.018164266335991018 0.0177905913429162 1.026766650887911e-05 0.018439232913031064 0.017517809342809616 0.024923342947234445 0.024913342998016643
1323.35 13.181981314168286 -4.350733392663486 74.64384249356614 -321002.0273928501 3.2618793063016427e-05 33.68179656617168 25.908182797590918 32.67089138372749 77.27488343705761 254.62301104049422 400.0 -0.006884158547928938 1.004961293244374 1.0109051824441855 0.0035936319187328016 5.260744560698026 2.459529601303983e-08 0.03670878091581344 0.018547836515183685 0.018158759962946042 1.0489083037002732e-05 0.018834326670382547 0.01787445424543091 0.025444042799432534 0.025434042852287786
1348.77 13.215117004269427 -4.37043482637408 75.32116907961354 -320091.9225120073 3.3214029449732635e-05 34.03468132630317 25.9323296823958 33.00206914990836 76.02661122408657 252.54586894514486 400.0 -0.0071620188477391775 1.025896960928779 1.0326121763948153 0.003736163431343936 5.382201108680185 2.461225629508321e-08 0.03747118312330185 0.018937026934767197 0.01853197189919739 1.0714867279579702e-05 0.01923547381404256 0.01823570930925929 0.025972100536882377 0.02596210059083945
1374.42 13.249248276848613 -4.390485158634732 75.983346080378 -319184.3881790099 3.383877814642051e-05 34.405333681902476 25.95669875618702 33.350587861865186 74.75720944851771 250.66738466361375 400.0 -0.00744859293825556 1.0471241391722879 1.0547458200372892 0.0038835095062064854 5.507964093529365 2.4631915813542374e-08 0.03824381548649374 0.019331629162548984 0.018910002193646237 1.0945134083298905e-05 0.019642481270169522 0.018601334216324216 0.026507209975455408 0.026497210029339784
1400.32 13.284464507358573 -4.41090430779073 76.62662717787737 -318285.7685170021 3.4493697704101345e-05 34.79499748733148 25.981333263459568 33.71764138926425 73.47037200799565 249.06736133233034 400.0 -0.007744342705150186 1.0686680874075658 1.077356098067224 0.004036010683755763 5.638653051614508 2.465470984587815e-08 0.0390275214616254 0.019732087769829793 0.01929324973174766 1.1180408999224892e-05 0.02005582581755153 0.01897169564407388 0.027049949575723705 0.027039949628206068
1426.46 13.320804404500425 -4.431687828876818 77.27094567900099 -317368.9588480738 3.518136918851343e-05 35.205269654880475 26.006381645705456 34.10479939742736 72.16496342455002 247.40551910359358 400.0 -0.008049402584623859 1.0905295684197942 1.1004702574531147 0.004193782195127308 5.774741468326136 2.4681080747957677e-08 0.03982224401857873 0.02013838827710954 0.01968167196107818 1.142098163239766e-05 0.020475504253022383 0.019346739765556342 0.027600275135960663 0.027590275185804376
1452.84 13.358324187068954 -4.452839758209748 77.91664024994785 -316433.3113272739 3.5902918463246006e-05 35.6374280520226 26.03188943170272 34.51329948991455 70.84334152066799 245.67800454008645 400.0 -0.008364027352481032 1.1127185191382225 1.124128562108045 0.0043569949901167224 5.916809593180256 2.4711521576800866e-08 0.040628247379536464 0.020550681562895728 0.020075382223015702 1.1667277952717124e-05 0.020901683142508856 0.019726564237027604 0.028158364665894477 0.028148364711981778
1479.46 13.397081204603719 -4.474364166610911 78.56405336076328 -315478.138256166 3.6659492553773344e-05 36.092807016443345 26.05790642581645 34.9444311135771 69.50776867263826 243.8807517018983 400.0 -0.008688480997502116 1.1352457007407477 1.1483759028662446 0.004525819655127525 6.06550113758559 2.4746570268225104e-08 0.0414458114505633 0.020969127993586967 0.02047450005437877 1.1919773193883509e-05 0.021334538210019637 0.020111273240543664 0.028724406672127566 0.02871440671352031
1506.33 13.437171031785647 -4.496270102039375 79.21387167105983 -314501.8827822279 3.7467104521659576e-05 36.577184536743054 26.08449844709037 35.40391191483298 68.13418009106941 242.00772349660022 400.0 -0.009023171755299262 1.1581324074558244 1.173272621910067 0.004700494945020235 6.221591155168044 2.478682668224939e-08 0.04227558241177527 0.021394077086148287 0.020879322114984406 1.2179104795426624e-05 0.021774440209992415 0.020501142201782854 0.029298842908663646 0.029288842944625304
1533.43 13.47862080497631 -4.518549125869285 79.86595022683134 -313504.8690537037 3.831287875399492e-05 37.08806266071856 26.11170489334879 35.88920750983874 66.75224261444848 240.05586254388396 400.0 -0.009368134480538732 1.1813741129500759 1.1988551508798218 0.004881051344383868 6.385737939633882 2.4832887401405044e-08 0.04311725328754137 0.021825391916345093 0.02128967834901219 1.2445662583368661e-05 0.022221254701243812 0.020895998586297565 0.02988145498955486 0.029871455019631434
1560.78 13.521553146688609 -4.541220132585963 80.52126615063969 -312485.15093999164 3.9208806618109126e-05 37.63052424765137 26.139612475934623 36.40531959651477 65.34698569000616 238.01738194169582 400.0 -0.00972393279631498 1.2050032268378525 1.2252046511366028 0.0050677791656999005 6.558912513676154 2.4885456749215032e-08 0.04397183740650978 0.022263613623296066 0.021706040941069198 1.2720304045474505e-05 0.022675547645583386 0.0212962897609264 0.03047293838118331 0.03046293840523634
1588.37 13.566024711978088 -4.564279833760978 81.17998211234931 -311442.2074612541 4.015562994967267e-05 38.20619902799961 26.168281805787153 36.953820485381456 63.923533634219154 235.88731008902153 400.0 -0.010090754076899026 1.2290264833793814 1.2523785426181546 0.0052607466008953545 6.741960298586268 2.4945225401032032e-08 0.04483939853427091 0.022708798664892445 0.022128417192555344 1.300364123339079e-05 0.023137380139040535 0.021702018395230373 0.031073331187605458 0.031063331205916134
1616.2 13.612155868303441 -4.587731841575348 81.84272044200821 -310374.625633523 4.1164318614911175e-05 38.82029637121561 26.197792142286126 37.53984435496156 62.472406422196634 233.65729602287428 400.0 -0.010468945670459803 1.2534628062436988 1.280452016254046 0.005460070451959115 6.935854466013602 2.5012935900270976e-08 0.04572042207550586 0.023161221196744828 0.02255701834516014 1.3296473527509678e-05 0.023607035198789893 0.022113386876715976 0.03168296374452539 0.03167296375786421
1644.27 13.66003589625125 -4.611581591725312 82.48038328145496 -309329.961657897 4.223620605310118e-05 39.475052709341085 26.228132123854593 38.16554815969771 60.99956631523661 231.76199138406906 400.0 -0.010858856133078779 1.278330718385742 1.309504549643373 0.005665844512608361 7.141630929701058 2.5089361097818514e-08 0.0466153556879703 0.023621138221287228 0.02299203504586206 1.3599647649804994e-05 0.024084775676244542 0.022530580011725757 0.03230213979856705 0.03229213980827422
1672.59 13.709844397026433 -4.635841463634179 83.10876002918135 -308283.82233720226 4.338728329393658e-05 40.17820382734876 26.259467254483216 38.83856145662213 59.49212297158544 229.97909889907757 400.0 -0.011261021905976379 1.3036636826873866 1.3396423707266316 0.005878480432758811 7.360808940371222 2.5175441498617684e-08 0.047525136454458716 0.024089064912675373 0.02343388920128034 1.3914294682790864e-05 0.02457115810285557 0.02295397835160315 0.032931491498720204 0.03292149150634928
1701.14 13.761600182006028 -4.660501813362785 83.74079526969923 -307215.2488430745 4.460906386606826e-05 40.92892704797631 26.2919225617605 39.55798129982438 57.97003765035107 228.11179972554214 400.0 -0.011675516001449237 1.3294648780068714 1.37094574815193 0.006098378369181949 7.595024325986361 2.5272140133643884e-08 0.04844956038366413 0.024564938991789055 0.023882439102038147 1.4241281005816545e-05 0.0250661636279025 0.023383396755761635 0.03357084988803685 0.03356084989506856
1729.94 13.815382824554769 -4.6855850386615145 84.3771698139438 -306122.78748382535 4.5898638057798945e-05 41.72842696524322 26.325634940510795 40.32487833322647 56.44331041094972 226.15509584658426 400.0 -0.012102994997424664 1.355775149494209 1.4035486320167503 0.006326380231926103 7.8464852557322615 2.5380630860116058e-08 0.04938972924619065 0.02504937881844781 0.02433816816330761 1.4582040101964904e-05 0.02557049368900119 0.023819235557189455 0.03422094134282292 0.034210941350622436
1758.98 13.871641914251441 -4.7110854275554175 85.01943734589835 -305003.15222068835 4.731308576736049e-05 42.60077010380667 26.360752340315646 41.16317555638297 54.858227337467206 224.09006917816902 400.0 -0.012543917676305832 1.3826353421499833 1.4375945474236944 0.006563302862163566 8.117579702749362 2.550216308348079e-08 0.05034669782842439 0.02554298619301294 0.024801529376816813 1.4938113020466465e-05 0.026084841483498475 0.02426185634492592 0.0348824542711043 0.03487245428085787
1788.26 13.930289640830722 -4.737011597445971 85.66736507042741 -303856.6149750237 4.8823264323501675e-05 43.53817338792854 26.397408904924465 42.06495653163952 53.258918248149406 221.9168142131801 400.0 -0.012998633066657234 1.4100675408764416 1.4732168562890207 0.006810190967709753 8.41097950404911 2.5638053478189077e-08 0.05132077700831425 0.02604599722092435 0.02527259752298703 1.5310945732702455e-05 0.026609545154696244 0.024711231853618006 0.03555554637185192 0.03554554638451027
1817.79 13.991758732397582 -4.7633778643627664 86.32275386330177 -302679.45651092654 5.0473179774388744e-05 44.56165522035078 26.435809761856515 43.05103878277522 51.613999308466774 219.6161580530263 400.0 -0.01346793883502379 1.438136494733703 1.5106164375755533 0.0070684909690433 8.730073943231327 2.578992679129454e-08 0.05231373036414966 0.02655940994953857 0.02575213814294579 1.570270254677152e-05 0.027145753066452654 0.025167977297697004 0.03624136972661413 0.03623136974280933
1847.55 14.056069518546995 -4.7901739672889505 87.04899551975893 -301354.15447392187 5.225547066134619e-05 45.672209488773476 26.47615507614727 44.12225486133854 49.94533564943959 216.9428145686904 400.0 -0.01395200312570791 1.4668633861711025 1.549954627434934 0.007339696861681641 9.078358870727978 2.5959371744543642e-08 0.0533256797529602 0.027083398249203895 0.026240099237125974 1.6115150857829535e-05 0.027693789002728418 0.025631890750231787 0.036939920683731794 0.03692992070364828
1877.56 14.123652105840383 -4.817425092571796 87.83960295575636 -299886.7350944016 5.420740529252022e-05 46.89013116184279 26.518708671132885 45.298631294511566 48.23584254035478 213.89862230780736 400.0 -0.014451857463318606 1.4963338128968613 1.5914998673312215 0.007626133319852605 9.460617402418128 2.6148537487046366e-08 0.05435891707164743 0.027619281929580897 0.02673745291051572 1.6551200851353098e-05 0.028255206909066407 0.02610371016258104 0.03765267450770235 0.03764267453095513
1907.81 14.194685774101048 -4.845130237612167 88.64615648583339 -298363.97633542673 5.633984111774276e-05 48.22527297421187 26.563694097558137 46.589768378715846 46.49481852103603 210.65168325078653 400.0 -0.014967992772369102 1.5266017208081175 1.6355045954960226 0.007930410976870209 9.882098035604647 2.6359680695213018e-08 0.05541447415141024 0.028167764703188186 0.02724452730507472 1.701362319563701e-05 0.02883096991035999 0.026583504241050264 0.038380205186308934 0.0383702052117361
1938.3 14.269443922776247 -4.873297561298173 89.47024068652718 -296781.5661987447 5.867360605081958e-05 49.692588173286076 26.611432773896468 48.010300268873515 44.72501832952019 207.17966731656261 400.0 -0.015501159423467236 1.5577455374448521 1.6822879044125572 0.008255979832410578 10.349324383001576 2.6595553411531677e-08 0.05649407256909161 0.02872995020229155 0.027761940395424282 1.7505923639549395e-05 0.029422522005985403 0.027071550563106214 0.039123526386761504 0.03911352641218926
1969.03 14.348570403940496 -4.901936920663616 90.31544813534116 -295131.18497958826 6.127395856252571e-05 51.328358568528046 26.662350908278764 49.596086990740496 42.90348857793683 203.4403552604768 400.0 -0.016052414880987857 1.5898820973616843 1.732271577787552 0.008607389511506757 10.870681088543543 2.6859692068851534e-08 0.05760053844286335 0.029307572010336104 0.028290784756259908 1.803273526859111e-05 0.030032051339538766 0.02756848710332459 0.03988436532492787 0.039874365346851556
