#Found quasiharmonic mode : None
#T(K), volume, F(eV), S(J/K), H(J/K), a(-6/K), Cp(J/mol), Cv, Cpion, Bt(GPa), T_ph-D(K), T-D(K), F_el_atom, S_el_atom, C_el_atom, M_el, Seebeck_coefficients(μV/K), Lorenz_number(WΩK^{−2}), Q_el, Q_p, Q_e, C_mu, W_p, W_e, Y_p, Y_e
0.0 14.188773676159528 -7.613133709218303 0.0 -734555.7344078955 0.0 0.0 0.0 0.0 46.35296235872177 400.0 400.0 0.0 0.0 0.0 0.0 0.0 2.443004551768e-08 0.0 0.0 0.0 0.0 0.0 0.0 0.0 0.0
0.28 14.188773676158238 -7.613133709218452 2.0922738956409597e-07 -734555.7344078514 7.821521587731741e-13 6.276821686928985e-07 6.27682168692288e-07 6.276821686928985e-07 46.35296237948275 408.1248823405322 400.0 0.0 0.0 0.0 0.0 0.0 2.443004551768e-08 0.0 0.0 0.0 0.0 0.0 0.0 0.0 0.0
0.8 14.188773676312996 -7.613133709228741 4.879939115400176e-06 -734555.7344049987 1.824261597919399e-11 1.4639817347149558e-05 1.4639817346200529e-05 1.4639817347149558e-05 46.35296231477266 408.12488233488403 400.0 0.0 0.0 0.0 0.0 0.0 2.443004551768e-08 0.0 0.0 0.0 0.0 0.0 0.0 0.0 0.0
1.56 14.188773678407696 -7.61313370936927 3.6184138568636564e-05 -734555.7343660145 1.3526671814277537e-10 0.00010855241580765687 0.0001085524157059097 0.00010855241580765687 46.35296217236604 408.1248822584354 400.0 0.0 0.0 0.0 0.0 0.0 2.443004551768e-08 0.0 0.0 0.0 0.0 0.0 0.0 0.0 0.0
2.56 14.188773692442192 -7.6131337103127406 0.00015974200445187977 -734555.7341045532 5.976925029778774e-10 0.00047794514889355413 0.0004779451456336011 0.00047794514889355413 46.352961082943494 408.6287503422587 400.0 0.0 0.0 0.0 0.0 0.0 2.443004551768e-08 0.0 0.0 0.0 0.0 0.0 0.0 0.0 0.0
3.8 14.188773755166252 -7.61313371450782 0.0005169462249187576 -734555.7329538607 1.9527200679288328e-09 0.0015225198885163392 0.0015225198368652734 0.0015225198885163392 46.35295606411386 412.2344134347106 400.0 0.0 0.0 0.0 0.0 0.0 2.443004551768e-08 0.0 0.0 0.0 0.0 0.0 0.0 0.0 0.0
5.29 14.188773972896797 -7.613133728772955 0.0013557065227213071 -734555.7291229451 5.2798051741943165e-09 0.003915700510692206 0.003915699985029677 0.003915700510692206 46.35293856694226 418.85866451605756 400.0 0.0 0.0 0.0 0.0 0.0 2.443004551768e-08 0.0 0.0 0.0 0.0 0.0 0.0 0.0 0.0
7.01 14.188774597461201 -7.613133768090224 0.0030618708517599863 -734555.7186244576 1.250270987568123e-08 0.00894967175152189 0.008949667845439133 0.00894967175152189 46.35288968427011 421.3703918107258 400.0 0.0 0.0 0.0 0.0 0.0 2.443004551768e-08 0.0 0.0 0.0 0.0 0.0 0.0 0.0 0.0
8.98 14.188776204309326 -7.613133865216694 0.006427347253914985 -734555.6917418737 2.7097301803399158e-08 0.019817899359518807 0.019817875855477514 0.019817899359518807 46.35277693740859 414.13214354840045 400.0 0.0 0.0 0.0 0.0 0.0 2.443004551768e-08 0.0 0.0 0.0 0.0 0.0 0.0 0.0 0.0
11.19 14.188779891602229 -7.613134087900951 0.012908583583906353 -734555.6264981662 5.296399150731656e-08 0.04186842763472757 0.04186831574152472 0.04186842763472757 46.35256172253577 402.1763802668122 400.0 0.0 0.0 0.0 0.0 0.0 2.443004551768e-08 0.0 0.0 0.0 0.0 0.0 0.0 0.0 0.0
13.64 14.188787368037604 -7.613134569196424 0.024648717477970865 -734555.4811746638 9.191738740238527e-08 0.08042000652955582 0.0804195957405312 0.08042000652955582 46.35220787920261 394.3743967763248 400.0 0.0 0.0 0.0 0.0 0.0 2.443004551768e-08 0.0 0.0 0.0 0.0 0.0 0.0 0.0 0.0
16.34 14.188800780696317 -7.613135541732975 0.043992074445616876 -734555.1923881856 1.4229028086190104e-07 0.13766691371602297 0.13766573446257874 0.13766691371602297 46.35168485792315 394.93443268209495 400.0 0.0 0.0 0.0 0.0 0.0 2.443004551768e-08 0.0 0.0 0.0 0.0 0.0 0.0 0.0 0.0
19.27 14.188822080980737 -7.61313733579464 0.07245614318513864 -734554.6880894387 1.99185356850103e-07 0.21081525878541818 0.21081253360581384 0.21081525878541818 46.35097184783591 404.07642697717864 400.0 0.0 0.0 0.0 0.0 0.0 2.443004551768e-08 0.0 0.0 0.0 0.0 0.0 0.0 0.0 0.0
22.45 14.188853075923282 -7.613140403362337 0.11092723474206032 -734553.889978186 2.5792666503158904e-07 0.29544935631357855 0.29544403278511894 0.29544935631357855 46.35003279527368 420.6620315831185 400.0 0.0 0.0 0.0 0.0 0.0 2.443004551768e-08 0.0 0.0 0.0 0.0 0.0 0.0 0.0 0.0
25.87 14.188894823038277 -7.613145259335103 0.15914007345111583 -734552.7318710508 3.143081360904879e-07 0.38638865702752434 0.3863795476582599 0.38638865702752434 46.34881670342539 443.25240779079724 400.0 0.0 0.0 0.0 0.0 0.0 2.443004551768e-08 0.0 0.0 0.0 0.0 0.0 0.0 0.0 0.0
29.53 14.188947928096777 -7.613152477864682 0.21638658393851168 -734551.1554111511 3.659592874165051e-07 0.4802074116009399 0.4801933155842086 0.4802074116009399 46.34723247805111 470.56187987462914 400.0 0.0 0.0 0.0 0.0 0.0 2.443004551768e-08 0.0 0.0 0.0 0.0 0.0 0.0 0.0 0.0
33.43 14.18901262138937 -7.6131626693331444 0.28178156617777594 -734549.1086764368 4.1201122575161743e-07 0.5753084979124805 0.575288272179793 0.5753084979124805 46.345140331831296 501.5047209388708 400.0 0.0 0.0 0.0 0.0 0.0 2.443004551768e-08 0.0 0.0 0.0 0.0 0.0 0.0 0.0 0.0
37.58 14.189089111855921 -7.613176507646395 0.35467691448758 -734546.5350699977 4.527318071059729e-07 0.6717444436213613 0.6717169922088694 0.6717444436213613 46.34234192132299 535.271959793357 400.0 0.0 0.0 0.0 0.0 0.0 2.443004551768e-08 0.0 0.0 0.0 0.0 0.0 0.0 0.0 0.0
41.96 14.189176967509487 -7.613194587110561 0.43406249343047565 -734543.3949693246 4.88663692080156e-07 0.7697052779335544 0.7696695712680536 0.7697052779335544 46.338615578853236 570.9876066830006 400.0 0.0 0.0 0.0 0.0 0.0 2.443004551768e-08 0.0 0.0 0.0 0.0 0.0 0.0 0.0 0.0
46.59 14.189276535242147 -7.613217677249 0.5198331536266271 -734539.6170645973 5.208870765904128e-07 0.8706170808084587 0.8705720374965175 0.8706170808084587 46.33367794506635 608.2629391771808 400.0 0.0 0.0 0.0 0.0 0.0 2.443004551768e-08 0.0 0.0 0.0 0.0 0.0 0.0 0.0 0.0
51.46 14.189387622165194 -7.613246457393528 0.6115102978751948 -734535.1446330993 5.501615983496772e-07 0.9752041504525909 0.9751486567161258 0.9752041504525909 46.3272557246542 646.6117815487092 400.0 0.0 0.0 0.0 0.0 0.0 2.443004551768e-08 0.0 0.0 0.0 0.0 0.0 0.0 0.0 0.0
56.57 14.189510290870066 -7.613281676906469 0.7089174801376049 -734529.9076575798 5.771534578794832e-07 1.0841818802059626 1.0841147544156187 1.0841818802059626 46.319067796498125 685.7616866141586 400.0 0.0 0.0 0.0 0.0 0.0 2.443004551768e-08 0.0 0.0 0.0 0.0 0.0 0.0 0.0 0.0
61.92 14.189644652205612 -7.613324121126358 0.8119524810655538 -734523.8302664562 6.023224156242154e-07 1.1979276309968439 1.1978476258576973 1.1979276309968439 46.30884549973222 725.5537766907959 400.0 0.0 0.0 0.0 0.0 0.0 2.443004551768e-08 0.0 0.0 0.0 0.0 0.0 0.0 0.0 0.0
67.52 14.189791108146133 -7.613374708936559 0.920738473453772 -734516.8190840245 6.259883511367873e-07 1.3166649314335266 1.3165707249521332 1.3166649314335266 46.2963158682125 765.9933480851502 400.0 0.0 0.0 0.0 0.0 0.0 2.443004551768e-08 0.0 0.0 0.0 0.0 0.0 0.0 0.0 0.0
73.35 14.189949271314106 -7.613434120532167 1.0348105958766103 -734508.8163360788 6.482135561109223e-07 1.4396396640365325 1.439529961636484 1.4396396640365325 46.281298767162646 806.9414447221418 400.0 0.0 0.0 0.0 0.0 0.0 2.443004551768e-08 0.0 0.0 0.0 0.0 0.0 0.0 0.0 0.0
79.43 14.19011980017142 -7.6135034567272415 1.1544547267764318 -734499.7112801481 6.691365978110983e-07 1.5666585406754339 1.566531999315045 1.5666585406754339 46.263543604920415 848.5944248164402 400.0 0.0 0.0 0.0 0.0 0.0 2.443004551768e-08 0.0 0.0 0.0 0.0 0.0 0.0 0.0 0.0
85.75 14.1903025117846 -7.613583551287862 1.279326901275943 -734489.435287594 6.887354093331312e-07 1.6966859487990784 1.696541281930697 1.6966859487990784 46.24290009599377 890.9683141478721 400.0 0.0 0.0 0.0 0.0 0.0 2.443004551768e-08 0.0 0.0 0.0 0.0 0.0 0.0 0.0 0.0
92.31 14.190497451350279 -7.613675361689445 1.4092289100761564 -734477.9100057782 7.070130743397937e-07 1.8287713180380973 1.828607290313385 1.8287713180380973 46.21921743198082 934.166026450978 400.0 0.0 0.0 0.0 0.0 0.0 2.443004551768e-08 0.0 0.0 0.0 0.0 0.0 0.0 0.0 0.0
99.11 14.190704624657187 -7.613779867930989 1.5439140722996898 -734465.0619221856 7.239763378339246e-07 1.9619136157153367 1.9617290573239643 1.9619136157153367 46.192365567950304 978.2946666849836 400.0 0.0 0.0 0.0 0.0 0.0 2.443004551768e-08 0.0 0.0 0.0 0.0 0.0 0.0 0.0 0.0
106.16 14.190924315838107 -7.613898242088979 1.6832900785681955 -734450.8025410986 7.396661944677755e-07 2.0953107705264546 2.0951045542529734 2.0953107705264546 46.1621883282749 1023.5216296464225 400.0 0.0 0.0 0.0 0.0 0.0 2.443004551768e-08 0.0 0.0 0.0 0.0 0.0 0.0 0.0 0.0
113.44 14.191155839279622 -7.614031157089751 1.8266367781318034 -734435.1112877212 7.540747578291026e-07 2.2276574356710706 2.2274285718258153 2.2276574356710706 46.128675514519784 1069.8141347753597 400.0 0.0 0.0 0.0 0.0 0.0 2.443004551768e-08 0.0 0.0 0.0 0.0 0.0 0.0 0.0 0.0
120.97 14.191399743014397 -7.614179993123204 1.9739974908994944 -734417.8909814776 7.672942621471711e-07 2.358483341072444 2.3582308520457618 2.358483341072444 46.09165274152119 1117.384680917832 400.0 0.0 0.0 0.0 0.0 0.0 2.443004551768e-08 0.0 0.0 0.0 0.0 0.0 0.0 0.0 0.0
128.74 14.191655605512162 -7.61434559137418 2.124808440038132 -734399.1154216251 7.793694612049796e-07 2.486880329615726 2.4866033379519172 2.486880329615726 46.05109381816026 1166.2438707690494 400.0 0.0 0.0 0.0 0.0 0.0 2.443004551768e-08 0.0 0.0 0.0 0.0 0.0 0.0 0.0 0.0
136.75 14.19192330819113 -7.6145289644982315 2.2786965249554134 -734378.7443271839 7.903755804955777e-07 2.612243881556542 2.611941571663595 2.612243881556542 46.0069379793087 1216.4556713692248 400.0 0.0 0.0 0.0 0.0 0.0 2.443004551768e-08 0.0 0.0 0.0 0.0 0.0 0.0 0.0 0.0
145.01 14.192203066920447 -7.614731370735903 2.435478143840455 -734356.7166243981 8.004054221029902e-07 2.7342281825214085 2.7338997603363007 2.7342281825214085 45.9590731149358 1268.1372359706443 400.0 0.0 0.0 0.0 0.0 0.0 2.443004551768e-08 0.0 0.0 0.0 0.0 0.0 0.0 0.0 0.0
153.5 14.192494077721289 -7.6149533144745405 2.5944084531359977 -734333.0579278145 8.09519562903442e-07 2.852156117532678 2.8518008958134717 2.852156117532678 45.90756964405333 1321.210099284244 400.0 0.0 0.0 0.0 0.0 0.0 2.443004551768e-08 0.0 0.0 0.0 0.0 0.0 0.0 0.0 0.0
162.24 14.1927969018022 -7.615196299436894 2.75550834630731 -734307.6904360588 8.17825667878635e-07 2.966020324175125 2.965637586142849 2.966020324175125 45.85226653275655 1375.8393878523082 400.0 0.0 0.0 0.0 0.0 0.0 2.443004551768e-08 0.0 0.0 0.0 0.0 0.0 0.0 0.0 0.0
171.22 14.19311108028817 -7.615461037545623 2.9182512041511433 -734280.6244833345 8.253980211224616e-07 3.0754765859877513 3.0750656698135796 3.0754765859877513 45.79318842769329 1431.9973066914092 400.0 0.0 0.0 0.0 0.0 0.0 2.443004551768e-08 0.0 0.0 0.0 0.0 0.0 0.0 0.0 0.0
180.43 14.193436150193062 -7.615748155729962 3.082140813327772 -734251.8794809341 8.323133422969918e-07 3.1802860683564793 3.1798463565024395 3.1802860683564793 45.73037379218563 1489.6516033389396 400.0 0.0 0.0 0.0 0.0 0.0 2.443004551768e-08 0.0 0.0 0.0 0.0 0.0 0.0 0.0 0.0
189.9 14.19377307815894 -7.616059542495252 3.2474056209384234 -734221.3520759335 8.386739249416596e-07 3.280710078501696 3.2802408627987223 3.280710078501696 45.66358688388672 1549.0170829986628 400.0 0.0 0.0 0.0 0.0 0.0 2.443004551768e-08 0.0 0.0 0.0 0.0 0.0 0.0 0.0 0.0
199.6 14.194120718539594 -7.616395144599371 3.413236917280284 -734189.1329951367 8.445360436193557e-07 3.3764011885506613 3.375901847708106 3.3764011885506613 45.59301030471339 1609.9298517376233 400.0 0.0 0.0 0.0 0.0 0.0 2.443004551768e-08 0.0 0.0 0.0 0.0 0.0 0.0 0.0 0.0
209.54 14.194479359053059 -7.616756168546639 3.579551677244041 -734155.1893408316 8.499803874503182e-07 3.4674932958751024 3.4669631613877785 3.4674932958751024 45.51855103484858 1672.4741787664457 400.0 0.0 0.0 0.0 0.0 0.0 2.443004551768e-08 0.0 0.0 0.0 0.0 0.0 0.0 0.0 0.0
219.73 14.194849314237294 -7.617143868023734 3.7462728372118326 -734119.4873815709 8.550810478380367e-07 3.554126613197917 3.553564960985756 3.554126613197917 45.44010833215153 1736.7327513001376 400.0 0.0 0.0 0.0 0.0 0.0 2.443004551768e-08 0.0 0.0 0.0 0.0 0.0 0.0 0.0 0.0
230.16 14.195230192498467 -7.617558731180749 3.913012310776456 -734082.0652081321 8.598972739868386e-07 3.6362935730716295 3.635699677351898 3.6362935730716295 45.35773410119106 1802.6604364666796 400.0 0.0 0.0 0.0 0.0 0.0 2.443004551768e-08 0.0 0.0 0.0 0.0 0.0 0.0 0.0 0.0
240.83 14.195621980657544 -7.61800157857004 4.079570571838784 -734042.9294181986 8.644893484880948e-07 3.714104297998719 3.71347739304454 3.714104297998719 45.271406275623235 1870.2732275269193 400.0 0.0 0.0 0.0 0.0 0.0 2.443004551768e-08 0.0 0.0 0.0 0.0 0.0 0.0 0.0 0.0
251.74 14.196024684645455 -7.6184732086732465 4.245766656425205 -734002.0884880718 8.6891281343319e-07 3.787686873336613 3.7870261470141027 3.787686873336613 45.18110207445964 1939.5854816082283 400.0 0.0 0.0 0.0 0.0 0.0 2.443004551768e-08 0.0 0.0 0.0 0.0 0.0 0.0 0.0 0.0
262.89 14.19643832969768 -7.618974398101967 4.411437232400114 -733959.5524806197 8.732185203843483e-07 3.8571833675228273 3.856487955575327 3.8571833675228273 45.08679794856406 2010.6099877258325 400.0 0.0 0.0 0.0 0.0 0.0 2.443004551768e-08 0.0 0.0 0.0 0.0 0.0 0.0 0.0 0.0
274.29 14.196863333962733 -7.619506377075366 4.576578632060708 -733915.2936295867 8.774564313858885e-07 3.922801685094746 3.9220706347571626 3.922801685094746 44.98838168211252 2083.4219798614786 400.0 0.0 0.0 0.0 0.0 0.0 2.443004551768e-08 0.0 0.0 0.0 0.0 0.0 0.0 0.0 0.0
285.93 14.197299390729828 -7.620069438390553 4.740909461273005 -733869.3622983126 8.816646736531491e-07 3.984638137773918 3.983870465609913 3.984638137773918 44.885910230411326 2157.967670943426 400.0 0.0 0.0 0.0 0.0 0.0 2.443004551768e-08 0.0 0.0 0.0 0.0 0.0 0.0 0.0 0.0
297.81 14.197746582076348 -7.620664294983513 4.9043134302651294 -733821.7718938426 8.858812049442321e-07 4.042858756283482 4.042053413231657 4.042858756283482 44.77935484346444 2234.2554898751837 400.0 0.0 0.0 0.0 0.0 0.0 2.443004551768e-08 0.0 0.0 0.0 0.0 0.0 0.0 0.0 0.0
309.93 14.198205008410033 -7.621291639609727 5.066687863997681 -733772.536461435 8.901401624608752e-07 4.0976321936335545 4.096788061513199 4.0976321936335545 44.668684464676 2312.2925374305332 400.0 0.0 0.0 0.0 0.0 0.0 2.443004551768e-08 0.0 0.0 0.0 0.0 0.0 0.0 0.0 0.0
322.29 14.198674787975694 -7.621952145434506 5.227942695442661 -733721.6705036806 8.944721949539517e-07 4.149127781935428 4.1482436702514125 4.149127781935428 44.553865141001836 2392.0846643230448 400.0 0.0 0.0 0.0 0.0 0.0 2.443004551768e-08 0.0 0.0 0.0 0.0 0.0 0.0 0.0 0.0
334.89 14.199156056431619 -7.622646466656843 5.387999487595701 -733669.1888203291 8.989047928263898e-07 4.197513876544968 4.196588519501313 4.197513876544968 44.43486033056429 2473.6365564053963 400.0 0.0 0.0 0.0 0.0 0.0 2.443004551768e-08 0.0 0.0 0.0 0.0 0.0 0.0 0.0 0.0
347.74 14.199649351283975 -7.6233758149384485 5.546912509993457 -733615.0640236867 9.034662113713498e-07 4.242990433072777 4.242022453276214 4.242990433072777 44.31153362047856 2557.0167483856117 400.0 0.0 0.0 0.0 0.0 0.0 2.443004551768e-08 0.0 0.0 0.0 0.0 0.0 0.0 0.0 0.0
360.82 14.200154074003999 -7.6241396732638735 5.70437652114714 -733559.3953677729 9.081715842070093e-07 4.285649316740746 4.2846373220083995 4.285649316740746 44.184033865562924 2642.098183641166 400.0 0.0 0.0 0.0 0.0 0.0 2.443004551768e-08 0.0 0.0 0.0 0.0 0.0 0.0 0.0 0.0
374.15 14.20067118191398 -7.624939810482429 5.8605834470409786 -733502.1127126967 9.130482148199487e-07 4.325714239765762 4.324656686458499 4.325714239765762 44.052119798250224 2729.0126860826304 400.0 0.0 0.0 0.0 0.0 0.0 2.443004551768e-08 0.0 0.0 0.0 0.0 0.0 0.0 0.0 0.0
387.72 14.201200491774099 -7.625776235273776 6.015370607691407 -733443.2732411793 9.181108269233733e-07 4.363304658029773 4.362199948580928 4.363304658029773 43.91583818516 2817.696141645698 400.0 0.0 0.0 0.0 0.0 0.0 2.443004551768e-08 0.0 0.0 0.0 0.0 0.0 0.0 0.0 0.0
401.54 14.201742614396256 -7.626650156694623 6.168814250139892 -733382.8476577295 9.233800432697259e-07 4.398592717067752 4.397439127523351 4.398592717067752 43.77503269863904 2908.2143977866585 400.0 0.0 0.0 0.0 0.0 0.0 2.443004551768e-08 0.0 0.0 0.0 0.0 0.0 0.0 0.0 0.0
415.59 14.202296998393672 -7.627560863697747 6.320665727004558 -733320.9377299054 9.288637597429454e-07 4.431668927309541 4.430464710058265 4.431668927309541 43.62984956499829 3000.436075545417 400.0 0.0 0.0 0.0 0.0 0.0 2.443004551768e-08 0.0 0.0 0.0 0.0 0.0 0.0 0.0 0.0
429.89 14.202864681889869 -7.6285101916471465 6.4711207247013665 -733257.4693335379 9.345843190368546e-07 4.462715715648376 4.461458952537715 4.462715715648376 43.480020559949445 3094.491527964511 400.0 0.0 0.0 0.0 0.0 0.0 2.443004551768e-08 0.0 0.0 0.0 0.0 0.0 0.0 0.0 0.0
444.42 14.203445135516745 -7.629497338319373 6.619953584625934 -733192.5448243214 9.405474917228945e-07 4.49181817508352 4.490506918605053 4.49181817508352 43.32568949217324 3190.247837611268 400.0 0.0 0.0 0.0 0.0 0.0 2.443004551768e-08 0.0 0.0 0.0 0.0 0.0 0.0 0.0 0.0
459.2 14.204039438868543 -7.630524174528112 6.767358865644767 -733126.0880379296 9.467747242693316e-07 4.519138426562521 4.517770546398333 4.519138426562521 43.166573936659134 3287.8350447734842 400.0 0.0 0.0 0.0 0.0 0.0 2.443004551768e-08 0.0 0.0 0.0 0.0 0.0 0.0 0.0 0.0
474.22 14.204647490714326 -7.631590528010932 6.913226790048218 -733058.1562906043 9.532748667589917e-07 4.544771163753829 4.543344453444098 4.544771163753829 43.00270502926661 3387.185220943026 400.0 0.0 0.0 0.0 0.0 0.0 2.443004551768e-08 0.0 0.0 0.0 0.0 0.0 0.0 0.0 0.0
489.48 14.205269604598078 -7.632696886102288 7.057555190481188 -732988.7619122324 9.60060664487532e-07 4.568825400734025 4.567337534573322 4.568825400734025 42.83400374000029 3488.2960127865686 400.0 0.0 0.0 0.0 0.0 0.0 2.443004551768e-08 0.0 0.0 0.0 0.0 0.0 0.0 0.0 0.0
504.99 14.20590652332003 -7.633844471916804 7.200436182488224 -732917.8709575242 9.67149503652821e-07 4.5914177854213625 4.5898662703201945 4.5914177854213625 42.66027374041529 3591.231274790616 400.0 0.0 0.0 0.0 0.0 0.0 2.443004551768e-08 0.0 0.0 0.0 0.0 0.0 0.0 0.0 0.0
520.73 14.206557773992651 -7.6350322704195435 7.341689735448999 -732845.586262407 9.745451702647521e-07 4.612615735356789 4.6109980271065485 4.612615735356789 42.48165043763494 3695.855538544323 400.0 0.0 0.0 0.0 0.0 0.0 2.443004551768e-08 0.0 0.0 0.0 0.0 0.0 0.0 0.0 0.0
536.72 14.207224551092864 -7.636262244874489 7.481502257893156 -732771.8269602754 9.82270305185973e-07 4.632536911741749 4.6308502407272245 4.632536911741749 42.29781329583533 3802.298878203877 400.0 0.0 0.0 0.0 0.0 0.0 2.443004551768e-08 0.0 0.0 0.0 0.0 0.0 0.0 0.0 0.0
552.95 14.207906828700402 -7.637534091882836 7.619792076781382 -732696.6494042818 9.90333971806902e-07 4.651252396879012 4.649493884822908 4.651252396879012 42.10877634715017 3910.4919147180426 400.0 0.0 0.0 0.0 0.0 0.0 2.443004551768e-08 0.0 0.0 0.0 0.0 0.0 0.0 0.0 0.0
569.42 14.20860501320017 -7.638848245746031 7.756570412033475 -732620.0636810651 9.987504570954911e-07 4.668841827579601 4.667008436258639 4.668841827579601 41.91443523285974 4020.4316296495463 400.0 0.0 0.0 0.0 0.0 0.0 2.443004551768e-08 0.0 0.0 0.0 0.0 0.0 0.0 0.0 0.0
586.14 14.209319961631603 -7.6402059506283475 7.891930124779714 -732542.0326882381 1.007540087808754e-06 4.685389196277384 4.683477669435515 4.685389196277384 41.71455987489435 4132.181849265871 400.0 0.0 0.0 0.0 0.0 0.0 2.443004551768e-08 0.0 0.0 0.0 0.0 0.0 0.0 0.0 0.0
603.09 14.210051268808837 -7.641605998791351 8.025723740539977 -732462.6589928856 1.0167081938585085e-06 4.7009443291411666 4.698951321497428 4.7009443291411666 41.50927356449074 4245.6058370619 400.0 0.0 0.0 0.0 0.0 0.0 2.443004551768e-08 0.0 0.0 0.0 0.0 0.0 0.0 0.0 0.0
620.29 14.21080027152045 -7.643050449887544 8.158124911034932 -732381.8577662492 1.0262824122556584e-06 4.715590658535816 4.713512533135571 4.715590658535816 41.29821214000921 4360.834366233758 400.0 0.0 0.0 0.0 0.0 0.0 2.443004551768e-08 0.0 0.0 0.0 0.0 0.0 0.0 0.0 0.0
637.72 14.211566597590405 -7.644538024269894 8.288996422629296 -732299.7313770104 1.0362695194598885e-06 4.729371803764239 4.7272048129598465 4.729371803764239 41.08149279361305 4477.730420710999 400.0 0.0 0.0 0.0 0.0 0.0 2.443004551768e-08 0.0 0.0 0.0 0.0 0.0 0.0 0.0 0.0
655.4 14.212351652020242 -7.646070820882126 8.41850615827889 -732216.193629717 1.0467001281838558e-06 4.742360214792074 4.7401002835266475 4.742360214792074 40.85873178078979 4596.4251364011 400.0 0.0 0.0 0.0 0.0 0.0 2.443004551768e-08 0.0 0.0 0.0 0.0 0.0 0.0 0.0 0.0
673.32 14.213155551609741 -7.647648377705194 8.546596582393079 -732131.299249008 1.0575891258965245e-06 4.754600533390529 4.752243394059112 4.754600533390529 40.62991048032214 4716.848533861069 400.0 0.0 0.0 0.0 0.0 0.0 2.443004551768e-08 0.0 0.0 0.0 0.0 0.0 0.0 0.0 0.0
691.49 14.213979336953878 -7.64927197244931 8.67335569589524 -732045.0080078245 1.06896493056345e-06 4.766148152149711 4.763689218420361 4.766148152149711 40.3947489681681 4839.0650152367925 400.0 0.0 0.0 0.0 0.0 0.0 2.443004551768e-08 0.0 0.0 0.0 0.0 0.0 0.0 0.0 0.0
709.89 14.214822718850645 -7.650940188797447 8.798663557478083 -731957.4218735591 1.0808387775072622e-06 4.777036305820233 4.774470820564734 4.777036305820233 40.15334865731651 4962.9372275148025 400.0 0.0 0.0 0.0 0.0 0.0 2.443004551768e-08 0.0 0.0 0.0 0.0 0.0 0.0 0.0 0.0
728.54 14.21568726679016 -7.65265520414907 8.922676392242021 -731868.4523133655 1.0932492066611687e-06 4.7873197008653205 4.784642484983169 4.7873197008653205 39.90528133778195 5088.597053903185 400.0 0.0 0.0 0.0 0.0 0.0 2.443004551768e-08 0.0 0.0 0.0 0.0 0.0 0.0 0.0 0.0
747.43 14.216573215539423 -7.654416476268676 9.04534559604121 -731778.1532387342 1.1062175633075305e-06 4.797032193786364 4.794237793229126 4.797032193786364 39.65050264277942 5215.974514344859 400.0 0.0 0.0 0.0 0.0 0.0 2.443004551768e-08 0.0 0.0 0.0 0.0 0.0 0.0 0.0 0.0
766.56 14.217481296148666 -7.656224357121966 9.166691665480954 -731686.5307190553 1.1197738176431496e-06 4.806211063804748 4.803293664240552 4.806211063804748 39.38882861164263 5345.067000080587 400.0 0.0 0.0 0.0 0.0 0.0 2.443004551768e-08 0.0 0.0 0.0 0.0 0.0 0.0 0.0 0.0
785.93 14.218412283350725 -7.658079193012199 9.286735199459597 -731593.5905437324 1.133950446855462e-06 4.814891075152406 4.811844470465801 4.814891075152406 39.120065320387994 5475.871982786825 400.0 0.0 0.0 0.0 0.0 0.0 2.443004551768e-08 0.0 0.0 0.0 0.0 0.0 0.0 0.0 0.0
805.54 14.219366999045912 -7.659981324811673 9.405496835190304 -731499.3382368328 1.1487827000142526e-06 4.823104658975196 4.819922216254814 4.823104658975196 38.84400812827856 5608.387015646816 400.0 0.0 0.0 0.0 0.0 0.0 2.443004551768e-08 0.0 0.0 0.0 0.0 0.0 0.0 0.0 0.0
825.39 14.220346316155718 -7.661931088183076 9.522997192320412 -731403.7790713278 1.1643088830294907e-06 4.83088208426988 4.827556704851258 4.83088208426988 38.56044124774464 5742.609733726672 400.0 0.0 0.0 0.0 0.0 0.0 2.443004551768e-08 0.0 0.0 0.0 0.0 0.0 0.0 0.0 0.0
845.49 14.221351666668534 -7.663929814198482 9.639314046204243 -731306.8698343853 1.1805789366658168e-06 4.838255168395309 4.834779167899612 4.838255168395309 38.268990470577684 5878.605533187818 400.0 0.0 0.0 0.0 0.0 0.0 2.443004551768e-08 0.0 0.0 0.0 0.0 0.0 0.0 0.0 0.0
865.83 14.222383549931195 -7.665976852230953 9.75440809289383 -731208.6634526654 1.1976306830880652e-06 4.845246333758107 4.8416115399426785 4.845246333758107 37.969556505883475 6016.304608479935 400.0 0.0 0.0 0.0 0.0 0.0 2.443004551768e-08 0.0 0.0 0.0 0.0 0.0 0.0 0.0 0.0
886.41 14.223443020879476 -7.668072523185917 9.868299750134419 -731109.1645383231 1.215513845093639e-06 4.8518803375923225 4.848077965140376 4.8518803375923225 37.661883784587666 6155.704831593045 400.0 0.0 0.0 0.0 0.0 0.0 2.443004551768e-08 0.0 0.0 0.0 0.0 0.0 0.0 0.0 0.0
907.23 14.22453120589864 -7.670217143570211 9.98100925406126 -731008.3775043276 1.234282814651641e-06 4.858180355374302 4.854200944628266 4.858180355374302 37.34570195356233 6296.804153452096 400.0 0.0 0.0 0.0 0.0 0.0 2.443004551768e-08 0.0 0.0 0.0 0.0 0.0 0.0 0.0 0.0
928.29 14.225649309443344 -7.672411025676015 10.092556632912101 -730906.3065767343 1.253997218134568e-06 4.8641681064627 4.8600014543755234 4.8641681064627 37.020724220583226 6439.600602241464 400.0 0.0 0.0 0.0 0.0 0.0 2.443004551768e-08 0.0 0.0 0.0 0.0 0.0 0.0 0.0 0.0
949.6 14.226799165549519 -7.674655536744408 10.203012963978017 -730802.9072587875 1.2747324775027147e-06 4.869866566487419 4.8655015533465376 4.869866566487419 36.68648770658051 6584.160133397319 400.0 0.0 0.0 0.0 0.0 0.0 2.443004551768e-08 0.0 0.0 0.0 0.0 0.0 0.0 0.0 0.0
971.15 14.227981632710037 -7.676949944916169 10.312344353097606 -730698.2318853416 1.2965515732447324e-06 4.8752919963556955 4.870716678667989 4.8752919963556955 36.342821378657085 6730.413131164163 400.0 0.0 0.0 0.0 0.0 0.0 2.443004551768e-08 0.0 0.0 0.0 0.0 0.0 0.0 0.0 0.0
992.93 14.22919763621746 -7.679293468955919 10.420521037017073 -730592.3328458734 1.3195233549203187e-06 4.880460161784843 4.875661689872301 4.880460161784843 35.98954352908236 6878.289929781226 400.0 0.0 0.0 0.0 0.0 0.0 2.443004551768e-08 0.0 0.0 0.0 0.0 0.0 0.0 0.0 0.0
1014.97 14.230450468534343 -7.6816896505418155 10.527709557595932 -730485.0678056207 1.3437681671964396e-06 4.8853950243438495 4.880359107740099 4.8853950243438495 35.62579514515748 7027.992571300748 400.0 0.0 0.0 0.0 0.0 0.0 2.443004551768e-08 0.0 0.0 0.0 0.0 0.0 0.0 0.0 0.0
1037.24 14.231740168523936 -7.6841355383782375 10.633781287433473 -730376.5861729417 1.3693513123376768e-06 4.890105795723746 4.884817202315274 4.890105795723746 35.25167359519964 7179.315712554549 400.0 0.0 0.0 0.0 0.0 0.0 2.443004551768e-08 0.0 0.0 0.0 0.0 0.0 0.0 0.0 0.0
1059.75 14.233069167954648 -7.686632504422702 10.738803887628112 -730266.8426536979 1.3963920629207819e-06 4.894610075803757 4.889052061421777 4.894610075803757 34.866594109224444 7332.325697280623 400.0 0.0 0.0 0.0 0.0 0.0 2.443004551768e-08 0.0 0.0 0.0 0.0 0.0 0.0 0.0 0.0
1082.51 14.234440099329552 -7.689181961571824 10.842840818088103 -730155.7916793821 1.4250242560839221e-06 4.898924269104761 4.893078379320491 4.898924269104761 34.469929219573494 7487.089047674485 400.0 0.0 0.0 0.0 0.0 0.0 2.443004551768e-08 0.0 0.0 0.0 0.0 0.0 0.0 0.0 0.0
1105.5 14.235853955989091 -7.691781953996106 10.945818585157136 -730043.5339800456 1.455358043564214e-06 4.903058504932271 4.896904757209938 4.903058504932271 34.06154194434271 7643.468334480769 400.0 0.0 0.0 0.0 0.0 0.0 2.443004551768e-08 0.0 0.0 0.0 0.0 0.0 0.0 0.0 0.0
1128.74 14.237314361038619 -7.694435025198134 11.047844431024 -729929.9749589284 1.4875716875279807e-06 4.907029757336331 4.900545886590171 4.907029757336331 33.640553969115004 7801.598221936264 400.0 0.0 0.0 0.0 0.0 0.0 2.443004551768e-08 0.0 0.0 0.0 0.0 0.0 0.0 0.0 0.0
1152.22 14.23882331788985 -7.6971403287817655 11.148890475428514 -729815.1664131564 1.521823346983664e-06 4.910849104227876 4.904010688340946 4.910849104227876 33.206576398575095 7961.409378686679 400.0 0.0 0.0 0.0 0.0 0.0 2.443004551768e-08 0.0 0.0 0.0 0.0 0.0 0.0 0.0 0.0
1175.94 14.240383684394121 -7.6998981416489 11.248973776778156 -729699.1112641005 1.5583063257891774e-06 4.914529107059556 4.907309118052655 4.914529107059556 32.758997515116405 8122.900536434892 400.0 0.0 0.0 0.0 0.0 0.0 2.443004551768e-08 0.0 0.0 0.0 0.0 0.0 0.0 0.0 0.0
1199.91 14.241999279130871 -7.702709916861821 11.34815206304947 -729581.7634104567 1.597256649916009e-06 4.918083520296015 4.910451771209748 4.918083520296015 32.2969588015995 8286.138588394302 400.0 0.0 0.0 0.0 0.0 0.0 2.443004551768e-08 0.0 0.0 0.0 0.0 0.0 0.0 0.0 0.0
1224.11 14.243672207391906 -7.705573581352006 11.446359050173607 -729463.223594938 1.6388918243422694e-06 4.921521542864161 4.913444762781614 4.921521542864161 31.82012286391295 8450.986164514676 400.0 0.0 0.0 0.0 0.0 0.0 2.443004551768e-08 0.0 0.0 0.0 0.0 0.0 0.0 0.0 0.0
1248.56 14.245407667693925 -7.7084917730926446 11.543692103921535 -729343.3966578593 1.6835326107001898e-06 4.924858171072349 4.916298761234556 4.924858171072349 31.327305601675942 8617.578380645711 400.0 0.0 0.0 0.0 0.0 0.0 2.443004551768e-08 0.0 0.0 0.0 0.0 0.0 0.0 0.0 0.0
1273.25 14.24720920902086 -7.711463583880468 11.640126176833746 -729222.3343673388 1.7314918524128813e-06 4.92810423937437 4.919020180446393 4.92810423937437 30.8178360161702 8785.846049823449 400.0 0.0 0.0 0.0 0.0 0.0 2.443004551768e-08 0.0 0.0 0.0 0.0 0.0 0.0 0.0 0.0
1298.18 14.24908154068449 -7.7144892827600415 11.735676913076588 -729100.0395282655 1.7831508197643523e-06 4.931272325801934 4.921616230647193 4.931272325801934 30.290760984473437 8955.788138748536 400.0 0.0 0.0 0.0 0.0 0.0 2.443004551768e-08 0.0 0.0 0.0 0.0 0.0 0.0 0.0 0.0
1323.35 14.25102992619352 -7.717569138193861 11.830359682543136 -728976.5149718034 1.8389531550823336e-06 4.934375500233504 4.924093677814466 4.934375500233504 29.745027895808168 9127.403655912442 400.0 0.0 0.0 0.0 0.0 0.0 2.443004551768e-08 0.0 0.0 0.0 0.0 0.0 0.0 0.0 0.0
1348.77 14.253061087746374 -7.720704656862634 11.924226179820941 -728851.7144732649 1.8994430818523185e-06 4.937428754001216 4.926459779077915 4.937428754001216 29.17924291004376 9300.759853477024 400.0 0.0 0.0 0.0 0.0 0.0 2.443004551768e-08 0.0 0.0 0.0 0.0 0.0 0.0 0.0 0.0
1374.42 14.255180098584407 -7.723893640376734 12.017217424019021 -728725.7391793848 1.9651858880625113e-06 4.940444528523094 4.928718641179818 4.940444528523094 28.592547891081733 9475.71942423134 400.0 0.0 0.0 0.0 0.0 0.0 2.443004551768e-08 0.0 0.0 0.0 0.0 0.0 0.0 0.0 0.0
1400.32 14.257396184274512 -7.727138844642669 12.109420585880192 -728598.4939278812 2.036961440808274e-06 4.943441442262128 4.930877637563374 4.943441442262128 27.983023643025145 9652.41791111159 400.0 0.0 0.0 0.0 0.0 0.0 2.443004551768e-08 0.0 0.0 0.0 0.0 0.0 0.0 0.0 0.0
1426.46 14.259717180707264 -7.7304393022427025 12.20081353704602 -728470.0310323335 2.115618398718174e-06 4.9464364848656475 4.932941140771422 4.9464364848656475 27.349246782950775 9830.786267415271 400.0 0.0 0.0 0.0 0.0 0.0 2.443004551768e-08 0.0 0.0 0.0 0.0 0.0 0.0 0.0 0.0
1452.84 14.262153026844217 -7.733795286663811 12.291410540692725 -728340.3538919084 2.2022130633242996e-06 4.949450380543702 4.934914113977583 4.949450380543702 26.689345100401034 10010.823683808803 400.0 0.0 0.0 0.0 0.0 0.0 2.443004551768e-08 0.0 0.0 0.0 0.0 0.0 0.0 0.0 0.0
1479.46 14.264715230273248 -7.737207075015739 12.381225690651087 -728209.4661538167 2.298036221962024e-06 4.952507259583999 4.936801226519527 4.952507259583999 26.001177862783074 10192.529383233206 400.0 0.0 0.0 0.0 0.0 0.0 2.443004551768e-08 0.0 0.0 0.0 0.0 0.0 0.0 0.0 0.0
1506.33 14.26741825461654 -7.740676245208289 12.470305808543149 -728077.3226037335 2.404725263165652e-06 4.9556370069158815 4.938607527841656 4.9556370069158815 25.28200431108 10375.970894836899 400.0 0.0 0.0 0.0 0.0 0.0 2.443004551768e-08 0.0 0.0 0.0 0.0 0.0 0.0 0.0 0.0
1533.43 14.270275923108656 -7.744200503972567 12.558598464144444 -727944.0259867916 2.524199521738172e-06 4.958872220835057 4.9403358132607735 4.958872220835057 24.529487358176432 10561.01096169699 400.0 0.0 0.0 0.0 0.0 0.0 2.443004551768e-08 0.0 0.0 0.0 0.0 0.0 0.0 0.0 0.0
1560.78 14.27330921024426 -7.747782750267791 12.646182672041416 -727809.4828623261 2.6590883662032596e-06 4.962258771589638 4.941991260620621 4.962258771589638 23.739693058761567 10747.785455630505 400.0 0.0 0.0 0.0 0.0 0.0 2.443004551768e-08 0.0 0.0 0.0 0.0 0.0 0.0 0.0 0.0
1588.37 14.276539831458638 -7.751421998741508 12.733039461180041 -727673.748061894 2.812634995689061e-06 4.965850910654243 4.943576894153627 4.965850910654243 22.908873593712038 10936.225439156035 400.0 0.0 0.0 0.0 0.0 0.0 2.443004551768e-08 0.0 0.0 0.0 0.0 0.0 0.0 0.0 0.0
1616.2 14.279995585235929 -7.755118576677066 12.819182847606871 -727536.8281823661 2.98916798308682e-06 4.969721094316713 4.945096181949381 4.969721094316713 22.03217956361176 11126.330276313212 400.0 0.0 0.0 0.0 0.0 0.0 2.443004551768e-08 0.0 0.0 0.0 0.0 0.0 0.0 0.0 0.0
1644.27 14.283711001924724 -7.758872834466372 12.904627103870919 -727398.7311022519 3.194521686980289e-06 4.973966697730842 4.946552394603084 4.973966697730842 21.103667193386904 11318.099356370685 400.0 0.0 0.0 0.0 0.0 0.0 2.443004551768e-08 0.0 0.0 0.0 0.0 0.0 0.0 0.0 0.0
1672.59 14.287731277259738 -7.762686505944481 12.98941664702912 -727259.4172798411 3.4368666860527966e-06 4.978724486400715 4.947949098448572 4.978724486400715 20.115553274483272 11511.60042372141 400.0 0.0 0.0 0.0 0.0 0.0 2.443004551768e-08 0.0 0.0 0.0 0.0 0.0 0.0 0.0 0.0
1701.14 14.292110241545032 -7.766557326510626 13.073507070426391 -727118.997259612 3.72758615444628e-06 4.984185078650535 4.949288219895186 4.984185078650535 19.059044758468016 11706.69626206028 400.0 0.0 0.0 0.0 0.0 0.0 2.443004551768e-08 0.0 0.0 0.0 0.0 0.0 0.0 0.0 0.0
1729.94 14.296926526122752 -7.770488504291069 13.15697397134083 -726977.3885191845 4.084081821711577e-06 4.990643175141086 4.950573448237578 4.990643175141086 17.920923097937386 11903.523000667376 400.0 0.0 0.0 0.0 0.0 0.0 2.443004551768e-08 0.0 0.0 0.0 0.0 0.0 0.0 0.0 0.0
1758.98 14.302283031404642 -7.774479288851256 13.239806313374434 -726834.6617357755 4.532431745220437e-06 4.998548872095403 4.951806900687967 4.998548872095403 16.687251008154057 12102.0117912632 400.0 0.0 0.0 0.0 0.0 0.0 2.443004551768e-08 0.0 0.0 0.0 0.0 0.0 0.0 0.0 0.0
1788.26 14.308329392901115 -7.7785304456165125 13.322025972594163 -726690.8472850897 5.095409114779152e-06 5.008435070427148 4.95299102948677 5.008435070427148 15.398689171557779 12302.162139841417 400.0 0.0 0.0 0.0 0.0 0.0 2.443004551768e-08 0.0 0.0 0.0 0.0 0.0 0.0 0.0 0.0
1817.79 14.315212822842762 -7.782634347463196 13.403971913417784 -726544.4536790141 5.666031187286617e-06 5.019463754747665 4.9541313909496525 5.019463754747665 14.428976285269329 12504.038746993812 400.0 0.0 0.0 0.0 0.0 0.0 2.443004551768e-08 0.0 0.0 0.0 0.0 0.0 0.0 0.0 0.0
1847.55 14.322734922651843 -7.7867617970217875 13.486370666372665 -726391.5540003185 6.018110688749197e-06 5.028898321709607 4.9552366712140055 5.028898321709607 14.180956879433499 12707.496040930702 400.0 0.0 0.0 0.0 0.0 0.0 2.443004551768e-08 0.0 0.0 0.0 0.0 0.0 0.0 0.0 0.0
1877.56 14.330655669881248 -7.790949226566528 13.56826394830337 -726237.093996552 6.255085132236134e-06 5.037520722705758 4.95629947145955 5.037520722705758 14.234752769706143 12912.681529405012 400.0 0.0 0.0 0.0 0.0 0.0 2.443004551768e-08 0.0 0.0 0.0 0.0 0.0 0.0 0.0 0.0
1907.81 14.338932159766369 -7.795195662504669 13.649623092039569 -726081.1550059224 6.465074819684699e-06 5.046284069834631 4.957321309175257 5.046284069834631 14.3554165212194 13119.52650673701 400.0 0.0 0.0 0.0 0.0 0.0 2.443004551768e-08 0.0 0.0 0.0 0.0 0.0 0.0 0.0 0.0
1938.3 14.347538296411255 -7.799501467231282 13.73045081107708 -725923.7566291268 6.64953200055516e-06 5.055149380730169 4.958304008605527 5.055149380730169 14.531314801501269 13328.030614761648 400.0 0.0 0.0 0.0 0.0 0.0 2.443004551768e-08 0.0 0.0 0.0 0.0 0.0 0.0 0.0 0.0
1969.03 14.35644310208751 -7.803867005236557 13.810748357359888 -725764.9219824667 6.805818264145571e-06 5.064009730463541 4.959249294328503 5.064009730463541 14.761959277838331 13538.193515588599 400.0 0.0 0.0 0.0 0.0 0.0 2.443004551768e-08 0.0 0.0 0.0 0.0 0.0 0.0 0.0 0.0
2000.0 14.36561184877246 -7.80829263849912 13.890515817891165 -725604.6768799564 6.9323004556986075e-06 5.072757245101601 4.960158799199798 5.072757245101601 15.046313495846942 13750.014888539283 400.0 0.0 0.0 0.0 0.0 0.0 2.443004551768e-08 0.0 0.0 0.0 0.0 0.0 0.0 0.0 0.0
