0.0 0.0 0.0 2.3551833088220065e-07 0.0 0.0 0.0 0.0
10.0 -2.3543810492299144e-06 4.709564357979441e-07 4.702522780064555e-07 -2.042598223196375e-06 0.0 -0.006515361777578351 0.001661479847283734
20.0 -9.414902692128635e-06 9.409974126204007e-07 9.3899623028193e-07 -7.826901797497413e-06 0.0 -0.05075462467288567 0.0033202230619578353
30.0 -2.1171591118473998e-05 1.4102233011366023e-06 1.4066651928601458e-06 -1.730670513922097e-05 0.0 -0.1686882387546755 0.004976364417820503
40.0 -3.761752357789305e-05 1.8788968248807616e-06 1.874156068382149e-06 -3.0390247113845878e-05 0.0 -0.393939316731914 0.006630440156852832
50.0 -5.8748752408632754e-05 2.3473396338397227e-06 2.34263183784833e-06 -4.7001616929703435e-05 0.0 -0.7609987286265939 0.008283203303605446
60.0 -8.456479714880061e-05 2.8159297220579824e-06 2.8135704891241175e-06 -6.71781767133477e-05 0.0 -1.3122927185251496 0.00993550497437921
70.0 -0.00011506936848704186 3.2851286793193247e-06 3.288755699237811e-06 -9.113025165925321e-05 0.0 -2.1055720415079677 0.011588328641700089
80.0 -0.00015027116220878156 3.755465779616389e-06 3.770012660631039e-06 -0.00011925151665165791 0.0 -3.218287856336893 0.013242816806531376
90.0 -0.00019018431525807955 4.2274911948495925e-06 4.258904502307814e-06 -0.00015208809827010544 0.0 -4.747756648294382 0.014900235586735575
100.0 -0.00023482835684873749 4.7017254705513275e-06 4.756530554317351e-06 -0.00019028531497215917 0.0 -6.80787543294386 0.016561898156688397
110.0 -0.0002842277029735385 5.178620057604221e-06 5.263444160874542e-06 -0.0002345293604292348 0.0 -9.523803667633633 0.018229078762828685
120.0 -0.0003384108294639532 5.6585325240620315e-06 5.779658149407396e-06 -0.00028549475015433786 0.0 -13.02588847744589 0.01990293773654856
130.0 -0.0003974092650231853 6.141714856719658e-06 6.304702892201419e-06 -0.00034380253590633877 0.0 -17.443740953070833 0.021584466144476025
140.0 -0.0004612565199906271 6.628311794693912e-06 6.837711464946494e-06 -0.00040999053532578977 0.0 -22.9010213412934 0.023274451366592095
150.0 -0.0005299870360886416 7.1183662115859815e-06 7.377515258255585e-06 -0.000484494793562849 0.0 -29.511221733864936 0.024973461288615013
160.0 -0.0006036352145208923 7.6118290684487035e-06 7.922739259313971e-06 -0.0005676405713186155 0.0 -37.37454392739193 0.026681843442028334
170.0 -0.000682234558311734 8.10857199498559e-06 8.471890020267381e-06 -0.0006596408644419497 0.0 -46.57584222008689 0.02839973523354801
180.0 -0.0007658169471689291 8.608401022257502e-06 9.023432038901547e-06 -0.0007606005084802517 0.0 -57.18352186125271 0.030127081749939562
190.0 -0.0008544120508062747 9.111070381170316e-06 9.575850366694282e-06 -0.0008705241360200466 0.0 -69.24924199422328 0.03186365817860165
200.0 -0.0009480468773048756 9.616295607377956e-06 1.0127698927497875e-05 -0.0009893265379068968 0.0 -82.80825726293065 0.033609094487151284
210.0 -0.001046745446849684 1.0123765461967904e-05 1.0677635225775362e-05 -0.0011168442756522223 0.0 -97.88023619483816 0.035362900577249765
220.0 -0.0011505285776038932 1.063315239222613e-05 1.122444292196434e-05 -0.0012528476705071007 0.0 -114.47040990012917 0.037124490632138796
230.0 -0.0012594137683450413 1.114412142152547e-05 1.1767044182775522e-05 -0.0013970525385831537 0.0 -132.5709260003994 0.038893205799414736
240.0 -0.0013734151621278556 1.1656337476961911e-05 1.2304503834847935e-05 -0.0015491312447302049 0.0 -152.16230603548195 0.040668334688794924
250.0 -0.001492543575764671 1.2169471244267871e-05 1.2836027286056151e-05 -0.0017087228100399552 0.0 -173.21492727304576 0.0424491314247146
260.0 -0.001616806581079544 1.268320368900654e-05 1.3360953980345868e-05 -0.0018754419323287444 0.0 -195.69047032621003 0.044234831185083624
270.0 -0.0017462086253416942 1.3197229408336043e-05 1.3878747883389053e-05 -0.0020488868704514347 0.0 -219.54329152634637 0.046024663291651294
280.0 -0.0018807511801490762 1.3711258985280976e-05 1.4388986218882848e-05 -0.0022286462076820594 0.0 -244.72169339822082 0.04781786200543425
290.0 -0.0020204329094966056 1.4225020513040677e-05 1.4891347402290478e-05 -0.0024143045520998684 0.0 -271.16907796884016 0.04961367523300832
300.0 -0.0021652498496749217 1.4738260444840411e-05 1.5385598880079953e-05 -0.0026054472580472883 0.0 -298.82497632174136 0.05141137137523069
310.0 -0.0023151955947717795 1.5250743908574232e-05 1.587158536633382e-05 -0.0028016642663843765 0.0 -327.62595417825344 0.05321024455672968
320.0 -0.0024702614832747827 1.5762254607435174e-05 1.6349217814060068e-05 -0.003002553166238168 0.0 -357.5063977499863 0.05500961846829923
330.0 -0.0026304367819776076 1.6272594409530863e-05 1.6818463322465504e-05 -0.0032077215797055715 0.0 -388.39918705505073 0.05680884903987166
340.0 -0.0027957088646033412 1.6781582712224285e-05 1.7279336075404216e-05 -0.003416788965854829 0.0 -420.2362656582873 0.0586073261425006
350.0 -0.0029660633832477856 1.728905565121352e-05 1.7731889342265104e-05 -0.0036293879329428965 0.0 -452.9491166812903 0.06040447449628693
360.0 -0.0031414844313744084 1.779486521048117e-05 1.817620851554125e-05 -0.003845165139002348 0.0 -486.4691551710813 0.06219975393920901
370.0 -0.0033219546976042125 1.8298878277277724e-05 1.861240513179041e-05 -0.0040637818519340205 0.0 -520.7280467072692 0.06399265919050334
380.0 -0.0035074556099203846 1.8800975676192372e-05 1.90406117942743e-05 -0.004284914231213024 0.0 -555.6579616233688 0.06578271922233969
390.0 -0.003697967470234431 1.9301051207971735e-05 1.9460977915208843e-05 -0.0045082533848712315 0.0 -591.1917735287103 0.06756949633541448
400.0 -0.0038934695794168306 1.979901071188449e-05 1.987366617903774e-05 -0.004733505247560513 0.0 -627.2632100341128 0.06935258501794926
410.0 -0.004093940353154579 2.0294771164900427e-05 2.02788496395101e-05 -0.004960390318469959 0.0 -663.8069627664394 0.07113161065342166
420.0 -0.004299357429026429 2.078825982656095e-05 2.0676709368672164e-05 -0.005188643291597064 0.0 -700.7587629494318 0.07290622813012089
430.0 -0.004509697765215037 2.127941343498036e-05 2.1067432565047285e-05 -0.0054180126054266175 0.0 -738.055428058092 0.07467612039514834
440.0 -0.004724937731548806 2.1768177456768547e-05 2.1451211059009268e-05 -0.005648259934288955 0.0 -775.6348843417267 0.07644099698663591
450.0 -0.004945053193239346 2.2254505391658408e-05 2.1828240146248846e-05 -0.0058791596397044215 0.0 -813.436169362533 0.07820059257051022
460.0 -0.005170019587971808 2.2738358131141233e-05 2.2198717687871294e-05 -0.006110498196447937 0.0 -851.3994181200196 0.07995466550197573
470.0 -0.005399811996824155 2.3219703369338853e-05 2.2562843430229407e-05 -0.0063420736053166876 0.0 -889.465835821631 0.08170299642676845
480.0 -0.005634405209573146 2.3698515063608987e-05 2.292081849866179e-05 -0.006573694802002349 0.0 -927.577659917022 0.08344538693308962
490.0 -0.005873773784788483 2.417477294188875e-05 2.3272845024457922e-05 -0.006805181069579273 0.0 -965.6781136316329 0.0851816582617227
500.0 -0.00611789210530489 2.464846205350594e-05 2.3619125877694104e-05 -0.007036361460352897 0.0 -1003.7113529058972 0.08691165007913698
510.0 -0.006366734429334997 2.511957236005143e-05 2.3959864477873792e-05 -0.007267074231490824 0.0 -1041.6224083676339 0.08863521931620777
520.0 -0.006620274937695569 2.5588098362888e-05 2.4295264655371796e-05 -0.007497166297731757 0.0 -1079.357123728261 0.09035223907348273
530.0 -0.006878487777488118 2.605403876393988e-05 2.4625530548938457e-05 -0.0077264927035381945 0.0 -1116.862091791483 0.09206259759261017
540.0 -0.007141347102542994 2.651739615653204e-05 2.4950866523809622e-05 -0.007954916116356793 0.0 -1154.084589093024 0.0937661972925349
550.0 -0.007408827110893412 2.6978176743217845e-05 2.5271477099231276e-05 -0.008182306342010521 0.0 -1190.972510045927 0.09546295386833287
560.0 -0.00768090207956007 2.743639007772817e-05 2.558756687278674e-05 -0.008408539862855273 0.0 -1227.474301341533 0.0971527954500048
570.0 -0.007957546396848869 2.7892048828385742e-05 2.5899340436019714e-05 -0.008633499398901403 0.0 -1263.5388972530452 0.09883566181819603
580.0 -0.008238734592428187 2.8345168560549525e-05 2.62070022788663e-05 -0.008857073491826814 0.0 -1299.1156563959275 0.10051150367357789
590.0 -0.008524441365256763 2.8795767535872317e-05 2.6510756676145775e-05 -0.009079156111633813 0.0 -1334.154300420041 0.10218028195649759
600.0 -0.008814641609607321 2.9243866526366243e-05 2.6810807555399663e-05 -0.009299646285456766 0.0 -1368.6048550432647 0.10384196721347828
610.0 -0.009109310439288976 2.9689488641486503e-05 2.7107358342703946e-05 -0.009518447747968208 0.0 -1402.4175937690027 0.10549653900717543
620.0 -0.009408423210246042 3.0132659166632297e-05 2.7400611792316455e-05 -0.009735468612723267 0.0 -1435.5429845808042 0.10714398536647542
630.0 -0.009711955541479966 3.05734054116578e-05 2.769076979465268e-05 -0.00995062106367673 0.0 -1467.9316398542196 0.10878430227355249
640.0 -0.010019883334656754 3.101175656815131e-05 2.797803316703096e-05 -0.010163821066148609 0.0 -1499.5342696838798 0.11041749318483014
650.0 -0.01033218279216186 3.14477435744078e-05 2.8262601428252766e-05 -0.01037498809639513 0.0 -1530.3016387805742 0.1120435685829776
660.0 -0.010648830434000445 3.1881398987159624e-05 2.8544672560926188e-05 -0.010584044889015496 0.0 -1560.1845270571048 0.11366254555723179
670.0 -0.010969803113287213 3.2312756859267735e-05 2.8824442760999604e-05 -0.010790917201352421 0.0 -1589.1336939863554 0.11527444740953627
680.0 -0.011295078030684635 3.2741852622691603e-05 2.9102106177703037e-05 -0.010995533594106105 0.0 -1617.099846783411 0.11687930328416019
690.0 -0.011624632747579966 3.3168722976166976e-05 2.9377854649048628e-05 -0.011197825227351054 0.0 -1644.033612433221 0.11847714781865819
700.0 -0.011958445198253287 3.359340577711093e-05 2.965187743360076e-05 -0.011397725671195081 0.0 -1669.8855135603285 0.12006802081420166
710.0 -0.012296493700880262 3.4015939937361734e-05 2.992436093904871e-05 -0.011595170730326882 0.0 -1694.605948110188 0.12165196692349386
720.0 -0.012638756967646714 3.443636532243512e-05 3.019548845326625e-05 -0.011790098281683394 0.0 -1718.1451727892152 0.12322903535465313
730.0 -0.012985214113729882 3.485472265403417e-05 3.046543988158845e-05 -0.011982448124584301 0.0 -1740.4532901940045 0.12479927958958822
740.0 -0.013335844665419927 3.527105341562023e-05 3.0734391484266155e-05 -0.012172161842589487 0.0 -1761.4802395335385 0.12636275711556666
750.0 -0.013690628567260887 3.568539976087958e-05 3.1002515626887825e-05 -0.012359182676457874 0.0 -1781.1757908434977 0.1279195291687889
760.0 -0.014049546188310558 3.609780442497989e-05 3.126998053630814e-05 -0.012543455407559967 0.0 -1799.4895425642994 0.1294696604889313
770.0 -0.014412578327540615 3.650831063852784e-05 3.1536950071497925e-05 -0.012724926251102928 0.0 -1816.370922353425 0.13101321908373323
780.0 -0.014779706218352118 3.691696204417449e-05 3.180358350487467e-05 -0.012903542758629557 0.0 -1831.7691909841637 0.132550276002807
790.0 -0.015150911532288092 3.732380261583471e-05 3.207003531677799e-05 -0.013079253729199141 0.0 -1845.633449177183 0.1340809051199594
800.0 -0.015526176381960966 3.772887658050292e-05 3.233645500611004e-05 -0.013252009128711049 0.0 -1857.9126472037565 0.1356051829234013
810.0 -0.01590548332321262 3.813222834266268e-05 3.260298691625252e-05 -0.013421760016849773 0.0 -1868.555597092399 0.13712318831330295
820.0 -0.016288815356492847 3.853390241129379e-05 3.286977007643799e-05 -0.013588458481189166 0.0 -1877.5109872681726 0.1386350024062232
830.0 -0.016676155927605407 3.893394332949051e-05 3.3136938061950616e-05 -0.013752057577941118 0.0 -1884.7273994493278 0.14014070834601605
840.0 -0.01706748892762988 3.9332395606707334e-05 3.340461887013646e-05 -0.013912511278927188 0.0 -1890.1533276242328 0.1416403911208682
850.0 -0.01746279869232481 3.97293036536473e-05 3.367293481222333e-05 -0.014069774424333884 0.0 -1893.7371989335882 0.1431341373861757
860.0 -0.01786207000078832 4.012471171981299e-05 3.394200242485823e-05 -0.014223802680853808 0.0 -1895.4273962795048 0.1446220352930137
870.0 -0.018265288073575192 4.051866383373331e-05 3.421193239834252e-05 -0.014374552504799118 0.0 -1895.172282489075 0.14610417432199496
880.0 -0.01867243857016021 4.091120374588195e-05 3.448282952120962e-05 -0.014521981109839035 0.0 -1892.920225857117 0.14758064512234362
890.0 -0.019083507585925474 4.1302374874293444e-05 3.47547926425662e-05 -0.014666046439000437 0.0 -1888.6196269018362 0.14905153935604196
900.0 -0.019498481648525967 4.16922202528814e-05 3.502791464846666e-05 -0.014806707140604237 0.0 -1882.2189461680282 0.15051694954693118
910.0 -0.01991734771387499 4.208078248246163e-05 3.530228245818279e-05 -0.0149439225478007 0.0 -1873.6667329144839 0.15197696893467572
920.0 -0.020340093161479444 4.2468103684467764e-05 3.5577977032374976e-05 -0.015077652661428872 0.0 -1862.9116545351353 0.15343169133350484
930.0 -0.02076670578952644 4.2854225457354094e-05 3.585507339565197e-05 -0.015207858135897027 0.0 -1849.9025265585828 0.1548812109956742
940.0 -0.02119717380937658 4.3239188835661616e-05 3.6133640677959986e-05 -0.015334500267821526 0.0 -1834.5883430874414 0.15632562247958998
950.0 -0.021631485839769482 4.362303425172997e-05 3.641374216396542e-05 -0.015457540987166602 0.0 -1816.9183075340666 0.1577650205225558
960.0 -0.022069630900595882 4.4005801500019704e-05 3.669543535771425e-05 -0.015576942850650713 0.0 -1796.841863527675 0.15919949991810178
970.0 -0.02251159840636774 4.438752970401544e-05 3.697877205901534e-05 -0.01569266903718866 0.0 -1774.3087258630153 0.16062915539786685
980.0 -0.02295737815935084 4.4768257285668325e-05 3.7263798451903084e-05 -0.015804683345151494 0.0 -1749.2689113747995 0.16205408151800454
990.0 -0.023406960342384764 4.514802193732546e-05 3.755055519967243e-05 -0.015912950191529107 0.0 -1721.6727696343949 0.16347437255004751
1000.0 -0.023860335511542985 4.552686059613974e-05 3.783907755678939e-05 -0.016017434610895914 0.0 -1691.4710133197966 0.16489012237646097
1010.0 -0.02431749458829202 4.590480942078684e-05 3.812939548222261e-05 -0.016118102259679464 0.0 -1658.614748288436 0.16630142439009465
1020.0 -0.024778428851796264 4.628190377062608e-05 3.842153376378832e-05 -0.016214919416172546 0.0 -1623.0555030559115 0.1677083713987676
1030.0 -0.025243129930686337 4.6658178187052745e-05 3.871551215279822e-05 -0.016307852985446025 0.0 -1584.7452578006905 0.16911105553370245
1040.0 -0.0257115897948772 4.7033666377090825e-05 3.9011345499950775e-05 -0.0163968705035134 0.0 -1543.6364726970926 0.17050956816251667
1050.0 -0.026183800747102026 4.740840119912195e-05 3.930904390205825e-05 -0.01648194014239072 0.0 -1499.682115546052 0.1719039998064933
1060.0 -0.026659755414389252 4.778241465068716e-05 3.9608612849661994e-05 -0.016563030715701598 0.0 -1452.8356886328515 0.17329444006212216
1070.0 -0.027139446739401052 4.815573785828891e-05 3.9910053382286034e-05 -0.01664011168471074 0.0 -1403.051254755627 0.17468097752686682
1080.0 -0.027622867971665244 4.8528401069121145e-05 4.021336224671046e-05 -0.016713153164649417 0.0 -1350.2834623712374 0.17606369972911137
1090.0 -0.028110012658768113 4.890043364465383e-05 4.05185320577317e-05 -0.016782125931284586 0.0 -1294.4875698121978 0.17744269306223073
1100.0 -0.028600874637451312 4.9271864055993384e-05 4.082555146300848e-05 -0.016847001427591827 0.0 -1235.619468537114 0.17881804272272964
1110.0 -0.029095448024676784 4.9642719880937335e-05 4.113440530435497e-05 -0.016907751771480784 0.0 -1173.6357054016373 0.18018983265228553
1120.0 -0.029593727208805376 5.001302780270846e-05 4.1445074790757985e-05 -0.016964349758480365 0.0 -1108.4935037612083 0.18155814548425758
1130.0 -0.03009570684046281 5.038281361012549e-05 4.1757537666065045e-05 -0.017016768874324517 0.0 -1040.1507837866538 0.18292306249301363
1140.0 -0.030601381823725404 5.0752102199362564e-05 4.2071768372053955e-05 -0.01706498329740146 0.0 -968.5661814289003 0.18428466354811554
1150.0 -0.03111074730718144 5.1120917577046224e-05 4.238773822162756e-05 -0.017108967906017184 0.0 -893.6990664262166 0.1856430270716915
1160.0 -0.031623798675060044 5.1489282864690114e-05 4.270541556437024e-05 -0.017148698283920155 0.0 -815.5095591635651 0.18699822999960317
1170.0 -0.032140531538406236 5.185722030437024e-05 4.302476595423599e-05 -0.01718415072634581 0.0 -733.9585464413382 0.1883503477460926
1180.0 -0.032660941726316395 5.222475126557893e-05 4.33457523168812e-05 -0.017215302245098592 0.0 -649.007696108858 0.18969945417196282
1190.0 -0.033185025277237656 5.2591896253179926e-05 4.366833511060264e-05 -0.017242130573396134 0.0 -560.6194705825903 0.1910456215561281
1200.0 -0.03371277843039522 5.295867491639258e-05 4.3992472488696424e-05 -0.017264614170283615 0.0 -468.7571392500181 0.19238892057045875
1210.0 -0.03424419761725517 5.3325106058739145e-05 4.431812046021832e-05 -0.017282732224582337 0.0 -373.3847897608427 0.19372942025782894
1220.0 -0.03477927945315429 5.3691207648883214e-05 4.464523304701373e-05 -0.017296464658378054 0.0 -274.46733822002017 0.19506718801326733
1230.0 -0.035318020728965394 5.4056996832296285e-05 4.497376243559614e-05 -0.017305792130007266 0.0 -171.97053828972227 0.19640228956811728
1240.0 -0.03586041840297938 5.442248994368656e-05 4.530365912955858e-05 -0.017310696036519403 0.0 -65.86098921543271 0.19773478897710856
1250.0 -0.03640646959280858 5.478770252012704e-05 4.5634872097899407e-05 -0.017311158515628658 0.0 43.893857205929216 0.1990647486082377
1260.0 -0.03695617156752462 5.515264931482358e-05 4.59673489169532e-05 -0.017307162447126136 0.0 157.32569070033355 0.20039222913535945
1270.0 -0.037509521739867324 5.5517344311461236e-05 4.6301035912854616e-05 -0.017298691453750178 0.0 274.46533760921295 0.20171728953338594
1280.0 -0.03806651765860991 5.588180073907688e-05 4.6635878296186203e-05 -0.017285729901516382 0.0 395.3427569838991 0.20303998707599477
1290.0 -0.038627157001130286 5.624603108739777e-05 4.697182029556046e-05 -0.017268262899497868 0.0 519.9870376521726 0.20436037733574053
1300.0 -0.03919143756605692 5.6610047122598665e-05 4.730880528622805e-05 -0.017246276299066787 0.0 648.4263962379198 0.2056785141864721
1310.0 -0.039759357266145656 5.6973859903422046e-05 4.764677591424515e-05 -0.017219756692592448 0.0 780.6881761021674 0.20699444980795006
1320.0 -0.04033091412125245 5.7337479797617886e-05 4.798567421744337e-05 -0.01718869141160059 0.0 916.7988471845656 0.20830823469256793
1330.0 -0.04090610625151925 5.770091649865142e-05 4.832544173822839e-05 -0.017153068524406165 0.0 1056.7840067106301 0.20961991765407245
1340.0 -0.04148493187076596 5.806417904263967e-05 4.866601963957606e-05 -0.01711287683322239 0.0 1200.6683807426477 0.21092954583818666
1350.0 -0.042067389279907275 5.842727582546997e-05 4.900734880983748e-05 -0.017068105870771216 0.0 1348.475826538237 0.2122371647350353
1360.0 -0.04265347686071763 5.879021462006236e-05 4.9349369965234756e-05 -0.017018745896369526 0.0 1500.2293356909738 0.21354281819327603
1370.0 -0.04324319306963886 5.9153002593739216e-05 4.969202374986992e-05 -0.016964787891550717 0.0 1655.951038022827 0.2148465484358424
1380.0 -0.0438365364318507 5.9515646325662e-05 5.0035250828273094e-05 -0.016906223555203895 0.0 1815.662206193721 0.21614839607719907
1390.0 -0.04443350553543368 5.987815182430384e-05 5.037899197706253e-05 -0.01684304529827315 0.0 1979.383260999876 0.21744840014202216
1400.0 -0.04503409902579136 6.024052454492599e-05 5.072318816825572e-05 -0.016775246238079043 0.0 2147.1337773281 0.21874659808520808
1410.0 -0.04563831560018272 6.060276940701905e-05 5.106778065009365e-05 -0.01670282019169346 0.0 2318.9324907548507 0.220043025813137
1420.0 -0.04624615400248544 6.096489081168426e-05 5.1412711034082295e-05 -0.01662576166881528 0.0 2494.7973047451665 0.22133771770608518
1430.0 -0.046857613017966315 6.13268926589951e-05 5.175792135396762e-05 -0.016544065868610423 0.0 2674.745298251628 0.2226307066416368
1440.0 -0.04747269146857391 6.168877836511036e-05 5.210335413590173e-05 -0.01645772866630291 0.0 2858.792734218817 0.2239220240192581
1450.0 -0.0480913882080074 6.205055087939417e-05 5.244895247535908e-05 -0.016366746609447896 0.0 3046.955068213451 0.2252116997855895
1460.0 -0.04871370211722592 6.241221270131443e-05 5.279466008722977e-05 -0.016271116908835793 0.0 3239.246957719485 0.22649976246066164
1470.0 -0.04933963209999348 6.277376589717704e-05 5.314042136745911e-05 -0.01617083743004054 0.0 3435.682271837228 0.22778623916483992
1480.0 -0.04996917707862991 6.313521211667128e-05 5.3486181445450145e-05 -0.016065906684794372 0.0 3636.2741013956406 0.2290711556464447
1490.0 -0.050602335989943015 6.349655260920201e-05 5.383188623167001e-05 -0.015956323821930928 0.0 3841.034769455781 0.23035453630997704
1500.0 -0.05123910778131702 6.385778823999504e-05 5.417748246649978e-05 -0.01584208861809259 0.0 4049.975842170574 0.23163640424487714
1510.0 -0.05187949140690762 6.421891950596218e-05 5.452291776215645e-05 -0.015723201468177943 0.0 4263.108139976602 0.23291678125475004
1520.0 -0.05252348582407507 6.457994655131256e-05 5.486814064106227e-05 -0.015599663375580813 0.0 4480.441749088973 0.23419568788699463
1530.0 -0.05317108998991671 6.494086918289815e-05 5.5213100571016584e-05 -0.015471475942200932 0.0 4701.986033274992 0.23547314346277254
1540.0 -0.05382230285799494 6.530168688528229e-05 5.555774799965718e-05 -0.015338641358248938 0.0 4927.74964588032 0.2367491661072581
1550.0 -0.054477123375146874 6.566239883552142e-05 5.590203438448072e-05 -0.015201162391881693 0.0 5157.7405420811965 0.2380237727801111
1560.0 -0.05513555047851071 6.602300391765432e-05 5.624591221664588e-05 -0.015059042378684636 0.0 5391.9659913419655 0.2392969793061201
1570.0 -0.055797583092669356 6.638350073688779e-05 5.6589335052059654e-05 -0.014912285210989014 0.0 5630.4325900521335 0.24056880040596057
1580.0 -0.05646322012686156 6.674388763350158e-05 5.6932257516351115e-05 -0.014760895328056814 0.0 5873.146274280795 0.24183924972705073
1590.0 -0.05713246047257314 6.710416269631742e-05 5.7274635339155114e-05 -0.014604877701622313 0.0 6120.112332850706 0.24310833987428976
1600.0 -0.05780530300087605 6.746432377608106e-05 5.7616425370454746e-05 -0.014444237829930439 0.0 6371.335420179002 0.24437608244102457
1610.0 -0.05848174656026117 6.782436849828582e-05 5.795758557880504e-05 -0.014278981722913928 0.0 6626.8195695669365 0.24564248803968558
1620.0 -0.05916178997438237 6.818429427580894e-05 5.829807507584661e-05 -0.014109115892361294 0.0 6886.568206361666 0.24690756633246413
1630.0 -0.05984543204002435 6.854409832117794e-05 5.863785412021372e-05 -0.01393464734048498 0.0 7150.584161234524 0.24817132606179348
1640.0 -0.060532671525130866 6.890377765851495e-05 5.8976884124817275e-05 -0.01375558354862632 0.0 7418.869683492822 0.24943377508064957
1650.0 -0.061223507167007085 6.926332913515106e-05 5.931512766057523e-05 -0.013571932465939936 0.0 7691.426454410036 0.25069492038263275
1660.0 -0.061917937670589396 6.962274943291288e-05 5.965254846120871e-05 -0.013383702498062089 0.0 7968.255600563171 0.2519547681317974
1670.0 -0.06261596170684314 6.99820350790794e-05 5.998911142235386e-05 -0.01319090249576854 0.0 8249.357707157586 0.25321332369219907
1680.0 -0.06331757791128823 7.034118245701316e-05 6.032478260014074e-05 -0.012993541743654474 0.0 8534.732831327347 0.25447059165713254
1690.0 -0.06402278488260293 7.070018781646384e-05 6.0659529210660425e-05 -0.01279162994881663 0.0 8824.380515394612 0.25572657587803255
1700.0 -0.06473158118132716 7.105904728354923e-05 6.099331962516885e-05 -0.012585177229571167 0.0 9118.29980007669 0.2569812794930141
1710.0 -0.06544396532868646 7.141775687041515e-05 6.132612336315902e-05 -0.012374194104223345 0.0 9416.489237625892 0.25823470495503037
1720.0 -0.06615993580550494 7.177631248457704e-05 6.165791108667663e-05 -0.012158691479880926 0.0 9718.946904892264 0.2594868540596271
1730.0 -0.06687949105118918 7.213470993794628e-05 6.198865459303705e-05 -0.01193868064130744 0.0 10025.670416297504 0.2607377279722721
1740.0 -0.06760262946282225 7.249294495554609e-05 6.231832680310134e-05 -0.01171417323988437 0.0 10336.656936706806 0.26198732725524787
1750.0 -0.06832934939433954 7.28510131839198e-05 6.26469017518616e-05 -0.011485181282620383 0.0 10651.90319419243 0.2632356518940858
1760.0 -0.06905964915578977 7.320891019923682e-05 6.29743545768946e-05 -0.011251717121256052 0.0 10971.405492678141 0.26448270132353263
1770.0 -0.06979352701266706 7.356663151509887e-05 6.330066150663782e-05 -0.011013793441463478 0.0 11295.159724452875 0.2657284744530316
1780.0 -0.07053098118529988 7.39241725900552e-05 6.362579984546813e-05 -0.01077142325214207 0.0 11623.161382552937 0.2669729696917129
1790.0 -0.07127200984837145 7.428152883482672e-05 6.394974795931319e-05 -0.010524619874830315 0.0 11955.405572995112 0.26821618497287697
1800.0 -0.07201661113046143 7.463869561924863e-05 6.427248526144069e-05 -0.01027339693322376 0.0 12291.88702686294 0.26945811777796835
1810.0 -0.0727647831136764 7.49956682789339e-05 6.459399219629347e-05 -0.010017768342803667 0.0 12632.600112234652 0.2706987651600262
1820.0 -0.07351652383331952 7.53524421216653e-05 6.491425022350227e-05 -0.009757748300618683 0.0 12977.538845947027 0.27193812376661275
1830.0 -0.07427183127767734 7.570901243351993e-05 6.523324180047751e-05 -0.009493351275160686 0.0 13326.696905193545 0.27317618986220676
1840.0 -0.07503070338778883 7.606537448473342e-05 6.555095036429038e-05 -0.009224591996409017 0.0 13680.06763894642 0.2744129593500656
1850.0 -0.07579313805736732 7.642152353530742e-05 6.586736031461981e-05 -0.008951485445987275 0.0 14037.644079202259 0.2756484277935456
1860.0 -0.07655913313267604 7.677745484036977e-05 6.618245699510083e-05 -0.008674046847474423 0.0 14399.418952047643 0.27688259043688546
1870.0 -0.07732868641253887 7.713316365529005e-05 6.649622667431743e-05 -0.00839229165686989 0.0 14765.384688537042 0.27811544222544826
1880.0 -0.0781017956483474 7.74886452405573e-05 6.680865652732848e-05 -0.008106235553178324 0.0 15135.533435385367 0.27934697782541884
1890.0 -0.07887845854414977 7.784389486642802e-05 6.711973461506204e-05 -0.007815894429196172 0.0 15509.857065466475 0.28057719164296707
1900.0 -0.07965867275676075 7.819890781734773e-05 6.742944986619648e-05 -0.007521284382405108 0.0 15888.347188122973 0.28180607784286693
1910.0 -0.08044243589592881 7.855367939615273e-05 6.77377920574429e-05 -0.007222421706047247 0.0 16270.995159276632 0.2830336303665798
1920.0 -0.08122974552452789 7.890820492806067e-05 6.8044751791696e-05 -0.006919322880353159 0.0 16657.79209134742 0.2842598429498059
1930.0 -0.08202059915883453 7.926247976445123e-05 6.835032048009282e-05 -0.006612004563934177 0.0 17048.728862969183 0.28548470913950275
1940.0 -0.08281499426875882 7.961649928644859e-05 6.865449032105176e-05 -0.006300483585338982 0.0 17443.7961285118 0.28670822231038007
1950.0 -0.08361292827821742 7.997025890830518e-05 6.895725427984445e-05 -0.005984776934755304 0.0 17842.984327401293 0.28793037568086877
1960.0 -0.08441439856542488 8.032375408059928e-05 6.92586060711875e-05 -0.005664901755905067 0.0 18246.283693241243 0.2891511623285786
1970.0 -0.08521940246329507 8.067698029324728e-05 6.955854013490637e-05 -0.005340875338079836 0.0 18653.684262735704 0.29037057520524157
1980.0 -0.08602793725986402 8.102993307833858e-05 6.98570516187047e-05 -0.005012715108354427 0.0 19065.17588441172 0.29158860715115165
1990.0 -0.08684000019869131 8.1382608012798e-05 7.015413635826916e-05 -0.004680438623953035 0.0 19480.748227143475 0.2928052509091054
2000.0 -0.08765558847935395 8.17350007208835e-05 7.030232156353122e-05 -0.004344063564807799 0.0 19900.39078847829 0.2940204991378548
