#Found quasiharmonic mode : None
#T(K), volume, F(eV), S(J/K), H(J/K), a(-6/K), Cp(J/mol), Cv, Cpion, Bt(GPa), T_ph-D(K), T-D(K), F_el_atom, S_el_atom, C_el_atom, M_el, Seebeck_coefficients(μV/K), Lorenz_number(WΩK^{−2}), Q_el, Q_p, Q_e, C_mu, W_p, W_e, Y_p, Y_e
0.0 14.315748274734 -7.31339957140429 0.0 -705635.7865732086 0.0 0.0 0.0 0.0 250.02860157882878 400.0 400.0 0.0 0.0 0.0 0.0 0.0 2.443004551768e-08 0.0 0.0 0.0 0.0 0.0 0.0 0.0 0.0
10.0 14.315750534769046 -7.313401410324076 0.038270939203659336 -705635.5812926029 1.2910527827508329e-08 0.04968582462722428 0.049685792291350145 0.01676752113057422 250.02824698660646 487.5946837624733 400.0 -1.7059309747689854e-06 0.0329183243362484 0.032918303496650064 -8.230335893034868e-07 -0.16461026829497713 2.4430030857156014e-08 0.0012034416066051114 0.0006011302920953804 0.0005947922037770905 3.411745526942237e-07 0.0006012363959830358 0.0006022052106220754 0.0008391907097889218 0.0008291907402975107
20.0 14.315765574375261 -7.313408848803874 0.11873008014911429 -705634.3071045858 7.486353096031557e-08 0.2601170855321627 0.26011491102024364 0.1942803871931545 250.02486024037722 430.95933809461184 400.0 -6.823558550836318e-06 0.0658367531169872 0.06583669833900818 -3.2895056764995223e-06 -0.32831619588919275 2.443003905125932e-08 0.002406885745370035 0.0012022620566360638 0.0011971041264766842 6.823523071887574e-07 0.0012015071492379138 0.0012053785961321215 0.0016733445476388353 0.0016633445781462407
30.0 14.315848607773209 -7.313431191440458 0.3610125426112036 -705628.0070666216 3.712423495739139e-07 1.168341105125199 1.168260902548463 1.069586406153855 250.0008772678979 365.34943449224363 400.0 -1.535308189829776e-05 0.09875593401086917 0.09875469897134423 -7.379107348297761e-06 -0.4890094476466397 2.442974087471731e-08 0.0036103599416993275 0.0018030218155508236 0.0017998184248322403 1.0235303527279886e-06 0.0018008399706843689 0.001809519971014959 0.0025075290498979674 0.002497529080393641
40.0 14.3161399441525 -7.313494554382203 0.9437571853486313 -705607.2007499643 1.0538821732062542e-06 3.133344204461058 3.1324826789379507 3.0016704555616607 249.9221183323894 337.6878907495798 400.0 -2.7295242729508807e-05 0.13167842862326998 0.13167374889939748 -1.3058409669376487e-05 -0.6461186484881589 2.4429126196775167e-08 0.004813964246309829 0.002403468380088056 0.002402975919409269 1.3647255674445016e-06 0.0023993070330112997 0.0024146572132985288 0.0033418098554915455 0.0033318098859503576
50.0 14.316790003061048 -7.313638287550134 1.916341135400953 -705563.0021230527 1.995515740849678e-06 5.73585306476808 5.73199417005666 5.571254210940899 249.77187980638308 326.25078632807293 400.0 -4.265201266878811e-05 0.16460937310793272 0.16459885382718092 -2.0290275730760717e-05 -0.799180070385866 2.4428361390175826e-08 0.006017887480663305 0.0030037052270162384 0.0030066617990824897 1.7059915148963084e-06 0.0029970263687687272 0.003020861111894578 0.004176319287889585 0.004166319318269287
60.0 14.317862680428673 -7.313899496668256 3.2021488297736953 -705491.8930985512 2.9965711512322665e-06 8.432334196680774 8.421900500483826 8.234797626731396 249.55492414692034 320.61904278468296 400.0 -6.142658571423666e-05 0.197554456527831 0.19753656994937802 -2.9032669555956576e-05 -0.9477603058793969 2.4427638628216377e-08 0.007222334762989681 0.003603846453795514 0.00361096702554167 2.0473975669925383e-06 0.003594127072087358 0.0036282076909023237 0.005011200637905066 0.0050012006681425724
70.0 14.31935533859662 -7.314305073773369 4.692079640182509 -705394.7086952119 3.933954815124118e-06 10.9109569981534 10.889998029390998 10.680462588773771 249.28506348163222 317.4291777878178 400.0 -8.362306168420569e-05 0.2305188355107856 0.23049440937962826 -3.9241725036763055e-05 -1.0919827222919387 2.4427215155654407e-08 0.008427485834642595 0.004203994839939276 0.004215968560159371 2.3890228325013602e-06 0.004190726610002705 0.004236759224639889 0.005846578609324642 0.005836578639357838
80.0 14.321226551459608 -7.314871187884563 6.293273406296164 -705274.3141055573 4.758196883801944e-06 13.060471176893863 13.025468150178073 12.796990925677195 248.97581873589596 315.4241969529735 400.0 -0.00010924607784025353 0.26350676259923445 0.2634802512166683 -5.0877650395918906e-05 -1.232533155096845 2.442735496248962e-08 0.00963348040502421 0.004804232019070987 0.004821724510710262 2.730950202431228e-06 0.00478691934631688 0.00484656105870733 0.006682548836902772 0.006672548866669323
90.0 14.323427476896253 -7.315605814554289 7.939561223422693 -705134.0961661657 5.461635780017524e-06 14.874911222897696 14.823091357390256 14.578409223663698 248.6382479355963 314.0577113722432 400.0 -0.00013830068057743772 0.2965219208742121 0.2965019992339982 -6.390923849078372e-05 -1.370406347230219 2.4428264881444065e-08 0.010840432220446816 0.005404623435385169 0.005428283217905049 3.0732629254052726e-06 0.005382780340401961 0.005457651880044855 0.007519187447698846 0.007509187477131514
100.0 14.325903853460062 -7.316511200898617 9.587688215352248 -704977.244356868 6.053390238415327e-06 16.390394091603348 16.31975351093881 16.060827256181764 248.2798488866358 313.06361816287927 400.0 -0.00017079208130665858 0.3295672679293578 0.329566835421584 -7.831565782069066e-05 -1.5066591793549577 2.4430073358254148e-08 0.012048426248701267 0.006005216309306568 0.006035682472200093 3.416036939024853e-06 0.005978362737506496 0.006070063511194774 0.00835654916745707 0.008346549196492602
110.0 14.32861617186339 -7.317586160564076 11.210951957357722 -704806.5263034313 6.550989669921756e-06 17.654125273052784 17.56324026123727 17.291443684063072 247.9066020333204 312.299927504565 400.0 -0.00020672586858667413 0.3626457216706253 0.36268158898971053 -9.408638513073323e-05 -1.6422571864240083 2.443284026436235e-08 0.01325754613024079 0.0066060532381816035 0.006643963348350544 3.75934471763132e-06 0.006573711613391041 0.0066838345168497475 0.00919468663581529 0.009184686664394431
120.0 14.331524601156104 -7.318827222568132 12.793706869335967 -704624.2304740631 6.969762717128572e-06 18.71131686190464 18.59923971679705 18.315464712841134 247.52212368919197 311.6860000318845 400.0 -0.00024610769715576256 0.3957596475889585 0.3958521490635035 -0.00011121975782868971 -1.7779998379938708 2.443657865732249e-08 0.014467856722338086 0.007207164349136127 0.007253160608341604 4.1032491773176635e-06 0.007168856482534154 0.007299000239803936 0.010033638661101423 0.010023638689157253
130.0 14.334599977354166 -7.320229753893301 14.327476634450086 -704432.2270366226 7.324417628305099e-06 19.600960736410205 19.46705700446928 19.171876708945128 247.12924397841383 311.1731173311715 400.0 -0.0002889435106584222 0.4289113729842355 0.429084027465079 -0.00012972130670966736 -1.9145041268660723 2.4441274897853298e-08 0.015679423317715813 0.007808577497002076 0.007863311713517847 4.447809488810447e-06 0.00776382218045764 0.00791560113725817 0.010873443907219364 0.010863443934691555
140.0 14.337817556080529 -7.321788473125736 15.808309139061137 -704232.0292624558 7.6268593871740525e-06 20.355087598894258 20.198946315364374 19.892705320689316 246.72989197735163 310.7306265101588 400.0 -0.0003352394235525032 0.46210301725641706 0.46238227820493844 -0.00014960191982975408 -2.0522156558947264 2.4446903114173446e-08 0.016892305298332657 0.008410315944334699 0.008474452803199535 4.793080216576834e-06 0.008358627120274803 0.008533678178057854 0.011714136777794013 0.011704136804617933
150.0 14.34115480373851 -7.323497792432562 17.23505768096507 -704024.8581307979 7.886505756648023e-06 20.99943290341824 20.820806008047672 20.503681391553503 246.32517844197082 310.3385995479442 400.0 -0.0003850016301333065 0.4953364305458493 0.49575151186473254 -0.00017087621065507803 -2.1914333593842565 2.4453433506393674e-08 0.018106553538499364 0.009012397750177136 0.00908661671073436 5.139111441560646e-06 0.00895328323389441 0.009153270304604957 0.01255574581785219 0.012545745843966043
160.0 14.34459862990844 -7.3253522059798115 18.6083075788186 -703811.7112773259 8.11173341755755e-06 21.55454023383501 21.35325277502293 21.025343789017068 245.91645087334751 309.9833196374676 400.0 -0.0004382367591858775 0.5286136958809765 0.5291964448179447 -0.00019356133230673638 -2.332340188467508 2.446083619219221e-08 0.019322228401354485 0.009614845105164735 0.009699841619326703 5.485954433237771e-06 0.009547805764301275 0.009774422637053207 0.013398306327352906 0.013388306352694654
170.0 14.348133602315693 -7.327346227969855 19.92963575803669 -703593.3962850345 8.308423066429782e-06 22.036692420308455 21.81264809216745 21.473971117596072 245.5042434736331 309.6554891814155 400.0 -0.0004949513924882632 0.5619365086373385 0.5627213027123857 -0.00021767574854449016 -2.475028122588106 2.4469082647966614e-08 0.02053937675923375 0.010217673466105753 0.010314158956905451 5.833655445035799e-06 0.010142202744342663 0.010397174014891089 0.014241844484446852 0.014231844508951439
180.0 14.351747036478603 -7.32947454124897 21.20118307831761 -703370.5724233944 8.481496368000051e-06 22.45885602621876 22.21200263706936 21.862525877269444 245.08878874517023 309.348509735179 400.0 -0.0005551522676389561 0.5953064960193645 0.5963301489493191 -0.00024323853084675287 -2.6195233866213714 2.447814589852433e-08 0.021758043493516024 0.010820897457065803 0.01092959899097457 6.1822591054491895e-06 0.010736481180769293 0.01102156231274673 0.015086385350207043 0.01507638537381237
190.0 14.355432861198675 -7.331732202459563 22.42538864222418 -703143.7927271874 8.635298903926087e-06 22.83141790868868 22.56170579656385 22.20139066533343 244.6709425684971 309.0573728144573 400.0 -0.000618846609797657 0.6287255671454051 0.6300272433552518 -0.0002702689297114419 -2.765807930656245 2.4488000533209617e-08 0.022978284180707437 0.01142453725624375 0.011546197124906128 6.531812128303409e-06 0.011330653596353905 0.011647630584353533 0.01593196166778827 0.015921961690435738
200.0 14.359182881058878 -7.334114425378573 23.60478254167771 -702913.509630399 8.773005197145147e-06 23.162695874763244 22.870087935566435 22.498879392272613 244.2509142136101 308.7785242937175 400.0 -0.0006860416160250747 0.6621953418641109 0.6638164824906309 -0.00029878579173112953 -2.9138329558675453 2.4498622834292865e-08 0.02420014415038403 0.012028608440631841 0.01216398311790586 6.8823575011442025e-06 0.011924728036316678 0.012275416114067348 0.016778599317070604 0.016768599338697
210.0 14.362987032611596 -7.336616623237518 24.741877899335506 -702680.0971713244 8.896839872413254e-06 23.45937715055705 23.14386697035421 22.761675752986392 243.82843634526512 308.50946161517993 400.0 -0.0007567443605926962 0.6957171295612522 0.6977013975706585 -0.0003288072801180507 -3.063531142825112 2.4509991103380728e-08 0.025423657671002582 0.0126331216372369 0.012782980619384597 7.233934459173951e-06 0.012518707833902782 0.012904949837099802 0.017626316727853544 0.017616316748399065
220.0 14.366849776491392 -7.339234757843485 25.839169175672055 -702443.8858985286 9.009967273247697e-06 23.727002459481426 23.388506419322336 22.995315847028532 243.40501512418862 308.2476261180219 400.0 -0.0008309633339789221 0.729293347955632 0.7316866124528949 -0.000360351377749138 -3.2148327127744087 2.452208645482726e-08 0.026648899714037833 0.013238107854674467 0.013403233589131555 7.5865936142781074e-06 0.013112616770084283 0.013536282943953542 0.018475160754713192 0.01846516077411264
230.0 14.370754344825734 -7.341964560196317 26.898958137435542 -702205.1286322012 9.112835368208003e-06 23.969924540364723 23.608450774259218 23.204149703075984 242.97910146051913 307.992062236897 400.0 -0.0009087051280086163 0.7629245010852432 0.7657748372887397 -0.00039343448686584426 -3.3676585282019973 2.4534893007385098e-08 0.027875875493575557 0.013843564415256719 0.014024749931829266 7.940365762089636e-06 0.013706445483361699 0.014169430010213863 0.019325130037964707 0.01931513005616247
240.0 14.374703121177175 -7.3448024017003775 27.923490105593995 -701964.0614584921 9.207584430021356e-06 24.191867906861855 23.80736537375431 23.39189748701936 242.55165819882842 307.741209262743 400.0 -0.0009899782737325033 0.7966126654755854 0.7999704198424977 -0.00042807302315721275 -3.5219414423680098 2.454839907849568e-08 0.029104647686533747 0.014449517151252145 0.014647566490542399 8.29529873937406e-06 0.014300213110370937 0.014804434576162807 0.0201762632107214 0.02016626322765919
250.0 14.378696635251808 -7.347744827758447 28.91486589492547 -701720.8835655546 9.295670542448583e-06 24.395893809238693 23.9882779810636 23.561616159499962 242.12333780544702 307.493890953347 400.0 -0.0010747914072343425 0.8303597636319121 0.8342776497387278 -0.00046428273632736534 -3.677622004422372 2.4562597456270467e-08 0.030335273229279633 0.015055989416251341 0.015271716847861263 8.651439837612718e-06 0.014893936511961895 0.015441336717317735 0.021028595034132274 0.021018595049748748
260.0 14.38272000013137 -7.350788224189245 29.874986496099087 -701475.7466656986 9.377043997513915e-06 24.584423257376386 24.153695667056695 23.715723943849223 241.69240230625218 307.24994655963127 400.0 -0.0011631512610521964 0.8641661046638125 0.8686993135271633 -0.0005020779372794551 -3.834643576546884 2.4577485210329433e-08 0.0315677499403257 0.015662975961446245 0.01589720408240409 9.008820807493624e-06 0.015487604521159392 0.016080145419166303 0.02188211937186075 0.02187211938610062
270.0 14.38678662979099 -7.353929825499108 30.805730335656513 -701228.8144098279 9.453895485176131e-06 24.759704955827306 24.305731719696656 23.856463699068495 241.26130784266743 307.00793055288455 400.0 -0.001255068482797397 0.8980348538596131 0.9032412567588145 -0.0005414741012972174 -3.9929756827576686 2.459306507839314e-08 0.0328021794498307 0.016270522454162533 0.016524084147146234 9.367505237204838e-06 0.01608125631849105 0.016720923131339646 0.022736902122274718 0.0227269021350787
280.0 14.3908835073707 -7.35716641228646 31.708741659253217 -700980.1970869771 9.526006961439451e-06 24.923421670513164 24.446146968520864 23.98551496459535 240.82841381399726 306.7678929508897 400.0 -0.0013505502208295563 0.9319664108183295 0.9379067059178131 -0.000582484814287008 -4.152587034388573 2.4609343604202672e-08 0.03403856194223226 0.016878625161788025 0.017152360968968196 9.727529608387536e-06 0.016674882494722584 0.01736367944750968 0.023592938899300663 0.023582938910613416
290.0 14.395010853420724 -7.360495246405748 32.58559601067868 -700730.005574043 9.594137239400154e-06 25.077092226560808 24.576436705387803 24.104391758046273 240.39407003587073 306.5293094173497 400.0 -0.0014496055893240807 0.9659625361594838 0.9727004685145382 -0.0006251242500796318 -4.313465918982124 2.462633202217361e-08 0.035276946575734644 0.017487304346758364 0.017782063443576888 1.0088946921145969e-05 0.017268497341958868 0.01800844923377578 0.024450259288458166 0.02444025929822403
300.0 14.399169058843707 -7.363913739680214 33.43775639107352 -700478.3359587546 9.658936075138216e-06 25.222010478994296 24.697870818432964 24.21438287134258 239.95861256561295 306.291732227945 400.0 -0.001552243972506313 1.0000250395506887 1.0076276076517199 -0.0006694065766731033 -4.475613355512155 2.4644045305908133e-08 0.036517383495617325 0.018096580760856098 0.018413220964279598 1.0451812947163106e-05 0.017862115618820076 0.018655267876797253 0.025308893556365925 0.02529889356452672
310.0 14.403356165905015 -7.367419391852451 34.266571075022725 -700225.2698569552 9.720796250689761e-06 25.359263350851318 24.811531697914088 24.316570232208402 239.52196878823128 306.0549034258462 400.0 -0.0016584745320066805 1.0341554707264506 1.0426931186429151 -0.0007153458578466447 -4.639040693545777 2.4662501291640988e-08 0.03775991249629474 0.018706470064574956 0.01904585766653279 1.0816182883030869e-05 0.018455747040762138 0.019304165455532596 0.02616886477607333 0.02615886478257708
320.0 14.407570166259191 -7.371009828167473 35.07329080896959 -699970.8782716525 9.780021847334366e-06 25.489778870137425 24.91834717985371 24.41187670005221 239.08401384526786 305.81862359492754 400.0 -0.0017683065498153494 1.0683553735249065 1.0779021700852136 -0.0007629563145348677 -4.803769782988111 2.4681719916993417e-08 0.039004572238693365 0.019316987276321414 0.019679997194410413 1.1182113867180727e-05 0.01904940062055839 0.01995517161813496 0.027030195198544615 0.02702019520333577
330.0 14.411809346706624 -7.374682803090195 35.859077856236674 -699715.223843252 9.836898764295742e-06 25.614358783473353 25.019116273306274 24.50109865661414 238.64463519773506 305.582723860894 400.0 -0.0018817494994681108 1.1026263338835274 1.1132601268592137 -0.0008122524576302006 -4.96983191089635 2.470172232647703e-08 0.040251401986313926 0.019928147574165226 0.020315663634662983 1.1549665231721624e-05 0.019643085418339475 0.02060831656797445 0.027892907439370798 0.027882907442400344
340.0 14.416075086574871 -7.378436268764489 36.625024769402394 -699458.3654963985 9.891835384822059e-06 25.733719446556172 25.1145312484112 24.584946521310748 238.2042712809317 305.34691343539816 400.0 -0.0019988137422020003 1.1369703755617067 1.1487729252454233 -0.0008632494970245688 -5.137268436621777 2.47225301545563e-08 0.04150045602330401 0.02053997326762985 0.020952888960963402 1.1918902416047141e-05 0.020236817307464593 0.021263638715839424 0.028757034447677177 0.028747034448891238
350.0 14.420364936245855 -7.382268175036188 37.37213254206784 -699200.3502775492 9.944986222898843e-06 25.8484559170857 25.20519134613642 24.664009836447303 237.7626066754566 305.1111301350487 400.0 -0.002119508967370715 1.171389036140802 1.184446080638402 -0.0009159627005127096 -5.306124396125004 2.474416409823259e-08 0.04275177008393658 0.021152477433112396 0.02159169583302934 1.2289886660291467e-05 0.020830602965720854 0.02192116711821574 0.02962259624453721 0.029612596243885403
360.0 14.424681332713833 -7.386176707133984 38.10135281302713 -698941.2256721407 9.996730325322174e-06 25.959123408235488 25.291620876406604 24.738837525105932 237.32026462440518 304.8750854492265 400.0 -0.0022438462908432474 1.2058845682480923 1.220285883129551 -0.000970408418233487 -5.476453245777337 2.4766643696280936e-08 0.044005405143330886 0.021765685182632524 0.02223212011223676 1.2662687448855167e-05 0.021424460599346513 0.022580944543984384 0.030489630235425867 0.030479630232857838
370.0 14.429019188325292 -7.390159930788229 38.81354201428431 -698681.0247967333 1.0047000403189847e-05 26.066148415866525 25.374275173808197 24.809850911211804 236.8763751447635 304.63890114799915 400.0 -0.0023718350503977967 1.240458160386805 1.256297504654722 -0.0010266026319644909 -5.648305777522879 2.4789985422967726e-08 0.04526138284648846 0.02237960227182302 0.02287417769169185 1.303736282659578e-05 0.022018389357581106 0.02324299348890736 0.03135814650155218 0.03134814649702074
380.0 14.433377209769919 -7.394216103047398 39.509513520135 -698419.781331929 1.00959234180489e-05 26.16993131869626 25.453555340713837 24.877444715385806 236.43074400196448 304.40252156075314 400.0 -0.0025034856627947576 1.2751115365269252 1.2924866033104545 -0.001084562303562215 -5.8217370371739365 2.4814202874414208e-08 0.04651974383163806 0.02299424343680052 0.02351789447446648 1.3413976091798846e-05 0.02261239693570392 0.023907346895934142 0.03222816817618439 0.032218168169639204
390.0 14.437759313431883 -7.398343713680532 40.19004857194852 -698157.5314093204 1.0143880626801479e-05 26.270869550190945 25.529816636755953 24.942009952689585 235.9843177469514 304.16563700336803 400.0 -0.0026388103705860134 1.309847259941737 1.3288595975013613 -0.0011443057543205073 -5.996806579465328 2.4839306411124166e-08 0.04778055888636036 0.023609637770137054 0.024163312152767385 1.379259866165056e-05 0.023206504724535032 0.02457405416182532 0.03309973914952001 0.03308973914091455
400.0 14.442164902255916 -7.402541197392964 40.85585996458798 -697894.3019766074 1.0190975457294624e-05 26.369278767857676 25.60337101515358 25.003856709314075 235.537060930291 303.9281840773782 400.0 -0.0027778203967707285 1.3446672405938263 1.365422058543598 -0.0012058513150904717 -6.173568955897537 2.4865301605512604e-08 0.04904387491116417 0.02422580250064035 0.02481046039876196 1.4173293342940922e-05 0.023800722348619158 0.02524315256254502 0.03397288667607724 0.03396288666536753
410.0 14.446591061986203 -7.406806980750616 41.50760501722509 -697630.1134293954 1.0237199290571969e-05 26.46542033757545 25.674493792859113 25.063241405350364 235.08839317853926 303.69023064924863 400.0 -0.002920526352808862 1.3795730022187493 1.4021789322250833 -0.0012692174837043047 -6.352073736092571 2.489218890536601e-08 0.05030972486001271 0.024842747849885233 0.025459361946959216 1.4556116630136246e-05 0.024395052440428864 0.025914672419583847 0.03484762826978133 0.034837628256922513
420.0 14.451038973878381 -7.411139690594979 42.145916179056684 -697364.9896395669 1.028272224993016e-05 26.55955767097074 25.743430990129248 25.120422070444548 234.63867166967063 303.45164219509223 400.0 -0.003066940422269078 1.4145667365940944 1.439135600526193 -0.0013344239418292578 -6.532370130693416 2.4919964097904163e-08 0.05157816619105982 0.02546049566895319 0.026110052403602767 1.4941129761820475e-05 0.024989508683439094 0.026588657507620742 0.03572399830509148 0.03571399829003791
430.0 14.455509892855812 -7.415538016533731 42.771387463897504 -697098.9517642672 1.0327699225785141e-05 26.65192770866398 25.810401646799523 25.175630530923975 234.18826276204763 303.2122884242423 400.0 -0.003217075149954345 1.4496506711466655 1.476297177740004 -0.001401490936475874 -6.71450246980867 2.4948617647021768e-08 0.05284925810694045 0.0260790684135024 0.026762568514794194 1.532839138769654e-05 0.025584105127101603 0.027265152979838846 0.03660203227801973 0.03659203226073161
440.0 14.459995749474208 -7.420000398970643 43.38453752101259 -696832.0063159695 1.0371868816087851e-05 26.742664421423555 25.87559756798733 25.228997780656172 233.73529642621352 302.97252996843923 400.0 -0.0033709396018333695 1.484825350015907 1.5136666407673802 -0.001470437332885067 -6.89849945021757 2.497813307839889e-08 0.05412299953144854 0.02669845919728245 0.027416916096343745 1.5717938061911893e-05 0.026178827374250202 0.02794417215719834 0.03748172395673776 0.037471723937173566
450.0 14.464508279874265 -7.424525987538431 43.98593591624595 -696564.1845789058 1.041580574005491e-05 26.832046186657816 25.939197647408623 25.28079583940365 233.28265502785808 302.7317059415721 400.0 -0.0035285509758482595 1.5200948588961127 1.5512503472541699 -0.0015412862512229183 -7.084402988275311 2.5008491396025376e-08 0.0553995185203576 0.027318723361873885 0.02807316785409453 1.61098417726477e-05 0.02677372082258892 0.028625797697768667 0.03836315630505761 0.03835315628317541
460.0 14.469035185812933 -7.429113179671134 44.57601952760604 -696295.4835149399 1.0459087575635956e-05 26.920134976180613 26.00135320039943 25.33108543167675 232.8273296587776 302.4904084209655 400.0 -0.003689916834636241 1.5554588750063822 1.5890495445038604 -0.0016140562475000435 -7.2722222558838 2.5039664292660742e-08 0.05667878462476276 0.027939839519203105 0.028731314735963666 1.650412137846841e-05 0.027368756881992414 0.029310027742770355 0.03924630272021496 0.03923630269597764
470.0 14.473585185734489 -7.43376112908382 45.155286272713006 -696025.9268922235 1.050212593146808e-05 27.007148770621438 26.06220763250443 25.380079606088024 232.37153235123262 302.24814269469846 400.0 -0.0038550538659656913 1.59092093980788 1.6270691645334094 -0.0016887705012338852 -7.461980463142406 2.5071621534035095e-08 0.05796090849593691 0.028561854290117813 0.029391420766189055 1.690083433254931e-05 0.02796397226836923 0.029996936227567675 0.04013123407366798 0.0401212340470389
480.0 14.478155266566645 -7.43846864091546 45.724157865021844 -695755.5215077227 1.0544850682263754e-05 27.093193066921117 26.12188557497707 25.42788177128573 231.9145469458598 302.0050274959409 400.0 -0.004023973954145275 1.6264823648556233 1.6653112956353846 -0.0017654498311482178 -7.653679439817256 2.510432574362304e-08 0.0592459215487307 0.02918477594709537 0.03005350908928218 1.7300008558723443e-05 0.028559366759005875 0.030686554789724815 0.04101796649814095 0.04100796646908214
490.0 14.482743680086232 -7.443234599339888 46.283036959143935 -695484.2742544038 1.0587263342426554e-05 27.178374280024922 26.180499514378052 25.474596564956393 231.455909008782 301.76111966837476 400.0 -0.004196689617441098 1.662144621486943 1.7037777150685292 -0.0018441152919919535 -7.847313013754605 2.5137734766299528e-08 0.06053386261185449 0.029808616298278072 0.0307176067270371 1.7701668850104813e-05 0.029154943520702564 0.031378919091151924 0.04190652128259495 0.04189652125107468
500.0 14.487355910558593 -7.448058195020309 46.83233457383619 -695212.2013087042 1.0629591457192187e-05 27.26284302776751 26.23815342400669 25.52037176474513 230.99715887393782 301.516102433914 400.0 -0.004373217303413522 1.697910612486659 1.742471263022382 -0.0019247897712574723 -8.042874463794105 2.517180328179235e-08 0.061824823924035176 0.030433412835192714 0.031383768422785334 1.8105851213536062e-05 0.029750730267269727 0.03207409365676543 0.042796956626961466 0.042786956592942196
510.0 14.491986192756912 -7.452938248155277 47.37239240373509 -694939.3020172081 1.0671680764582684e-05 27.3466501316123 26.294936925054312 25.565258408486937 230.53675597175302 301.2702477692191 400.0 -0.004553567924301755 1.733780873550737 1.7813917231253615 -0.0020074930886568813 -8.240333912115062 2.5206479407530823e-08 0.06311881416137406 0.031059162833012577 0.0320520055814997 1.8512559803641422e-05 0.030346716285412856 0.03277209787596122 0.04368927312793672 0.04367927309138736
520.0 14.4966340033209 -7.45787379041559 47.903554946282064 -694665.5810052248 1.0713553342379543e-05 27.42987781786868 26.35093261505746 25.60933838402443 230.07444654134167 301.02355731715363 400.0 -0.00473775512545568 1.7697569153248818 1.8205394338442507 -0.0020922460880893846 -8.439658092449262 2.524170834614642e-08 0.06441587921187071 0.031685881545787185 0.03272234883747003 1.8921804624839962e-05 0.030942908147478337 0.033472971064392364 0.04458349717093555 0.04457349713182871
530.0 14.501305248354395 -7.462864154029035 48.426176162201074 -694391.0531019677 1.0755435733500493e-05 27.51265532365572 26.406217436868918 25.652739597567713 229.6120328103156 300.77569905807957 400.0 -0.004925796568317215 1.8058416040647465 1.8599157260880104 -0.002179071246519461 -8.640812991848188 2.527743327919245e-08 0.06571611586060526 0.032313608741801836 0.0333948552033335 1.9333606109294308e-05 0.03153933584009971 0.034176780020505546 0.04547969035493539 0.045469690313240115
540.0 14.505990644812254 -7.467908108409858 48.9405274062749 -694115.7092821777 1.0797066383560058e-05 27.59497724922806 26.460855250647967 25.695459561390326 229.14673140554177 300.52713609670025 400.0 -0.005117701191036596 1.8420343730835096 1.8995176878377342 -0.00226798598286902 -8.843734963565145 2.531359079209126e-08 0.06701949940053495 0.03294232597364208 0.03406951842591715 1.9747940308280413e-05 0.03213597407808956 0.03488352532244539 0.046377830644390966 0.04636783060008118
550.0 14.51070102695213 -7.4730052386346415 49.446950996405064 -693839.5693361405 1.0838792938530607e-05 27.676996119473614 26.514911014361207 25.73764933019323 228.6817988572504 300.2772820964983 400.0 -0.005313490278068082 1.8783390851354882 1.9393467892803833 -0.002359013501934873 -9.048378822509477 2.5350119531476656e-08 0.06832616680486113 0.03357209252810676 0.034746416184027566 2.016482912929052e-05 0.03273287163242397 0.03559329517243717 0.047278007635609964 0.047268007588657755
560.0 14.515429027903098 -7.478154446349606 49.945695652888745 -693562.6258350788 1.0880437441281438e-05 27.758714275456374 26.568436784250906 25.779314858963236 228.21500359209338 300.02650358591194 400.0 -0.005513174106963536 1.914755394702019 1.9793994164931354 -0.002452170551280115 -9.254665443368014 2.5386951541506696e-08 0.0696361058399818 0.034202896303858844 0.035425548350493594 2.058424121502889e-05 0.033330009644224515 0.036306096195757295 0.04818020825859506 0.04817020820897632
570.0 14.52017803463135 -7.483355092980418 50.43704268442566 -693284.8871879865 1.0922104128619565e-05 27.840210019032323 26.62148334733358 25.820535894436684 227.74742822814883 299.774606073604 400.0 -0.005716769910588074 1.951285333409253 2.019674124595638 -0.0025474767096112256 -9.462522442764172 2.542401966076076e-08 0.07094939207615332 0.034834767513534745 0.036106960280529246 2.100616785443081e-05 0.03392740963912123 0.03702198243703206 0.04908448016877205 0.0490744801164634
580.0 14.524943741771573 -7.488606232975542 50.92122692865226 -693006.3478859289 1.0963712164845667e-05 27.921499306039937 26.674093636385965 25.861332401394343 227.2775811914691 299.52180134488975 400.0 -0.0059242898657741435 1.98792900108801 2.060166904645594 -0.0026449479941245686 -9.671858049722106 2.546125334553205e-08 0.07226603395647094 0.03546770448658521 0.03679066209070668 2.1430573366510306e-05 0.034525063219049044 0.03774097073742189 0.04999082501407147 0.04998082495905222
590.0 14.529733423850452 -7.4939074540656065 51.39852134385985 -692727.0219891865 1.1005454798611476e-05 28.0026827105126 26.726310640172592 25.901806328673853 226.80792935053185 299.26768846614874 400.0 -0.006135754537955289 2.0246892374991714 2.1008763818387486 -0.0027446039172423172 -9.88259061640539 2.5498584121619805e-08 0.07358614058793467 0.03610175396747326 0.03747671613845983 2.1857449575858743e-05 0.03512300800657087 0.03846313258136378 0.05089931400747879 0.05088931394970796
600.0 14.534538414325716 -7.499257675374565 51.86911795621314 -692446.8966882462 1.1047143509247166e-05 28.083732165687202 26.778167101480175 25.9419358750626 226.33547152463188 299.01271051691975 400.0 -0.006351173035094954 2.0615648267681483 2.141796290624602 -0.002846456837165048 -10.094606681708322 2.5535938630611362e-08 0.07490967777591234 0.036736894520169386 0.03816510967110695 2.228673684388791e-05 0.03572121758084165 0.03918846019507068 0.05180991997817129 0.0517999199176539
610.0 14.539366536705018 -7.504656560857882 52.33326987809545 -692165.9860952715 1.1088976214040221e-05 28.164745773848665 26.829698537177787 25.981821260373273 225.8629500784753 298.75644361350646 400.0 -0.00657056691686321 2.0985586018918037 2.1829245134753954 -0.0029505246730848803 -10.307812198130456 2.5573247780319864e-08 0.07623675882114868 0.03737317549326491 0.03885590663531461 2.2718418886343477e-05 0.036319732593815574 0.03991702622733312 0.05272271756238799 0.05271271749910586
620.0 14.544216347949428 -7.510103381946578 52.791179670776984 -691884.2876667691 1.1130916018417709e-05 28.245741385285985 26.880933498308398 26.021485481172572 225.38981338526187 298.49895090419193 400.0 -0.00679395102212084 2.135670973753231 2.2242559041134133 -0.003056820580540811 -10.52209251563777 2.5610440094031546e-08 0.07756741230303327 0.03801060611758557 0.039549126380558505 2.315244742403188e-05 0.036918556212442104 0.040648856090591184 0.05363772338240098 0.053627723316340636
630.0 14.549085703435063 -7.515597412557042 53.24303721242858 -691601.7989869489 1.1172938951894854e-05 28.326734554795173 26.93189718518864 26.06094990981738 224.91533084370965 298.24033343335185 400.0 -0.0070213395499377105 2.1729020311435905 2.265784644977792 -0.0031653561274536633 -10.737326028222018 2.5647444335523648e-08 0.07890165743036383 0.038649191563797584 0.04024478294634808 2.358876687638067e-05 0.03751768820889946 0.04138396922146435 0.054554947947088886 0.054544947878235064
640.0 14.553966646718642 -7.521137660360125 53.68899778037316 -691318.5065006476 1.1214920479182025e-05 28.407693652330053 26.982609632176747 26.10019098788897 224.4364094025473 297.9809995730885 400.0 -0.007252741404812472 2.210250108878503 2.3075026644410825 -0.003276138685081794 -10.953375654077552 2.5684188338218612e-08 0.08023945276648894 0.03928890859296175 0.04094285814031906 2.4027297666821044e-05 0.038117102220246966 0.04212235054624197 0.05547436043599498 0.05546436036434568
650.0 14.558872547938288 -7.526724136481846 54.129301790032116 -691034.4319205503 1.1257110623612285e-05 28.488740330812156 27.03309693236577 26.139332243035806 223.95801764916354 297.72023469574395 400.0 -0.007488184205753093 2.2477192860003585 2.3494080877763537 -0.003389184526722568 -11.170136879411926 2.57206072060398e-08 0.08158096444290146 0.03992983315427725 0.04164344213545938 2.4468025122183695e-05 0.03871686519497908 0.04286409924792238 0.05639607304343004 0.056386072968971995
660.0 14.563805656745872 -7.532356387733785 54.56413298606677 -690749.5799458937 1.1299544426622924e-05 28.569913310615686 27.083378448976493 26.178417880755426 223.48120697306103 297.4579094258949 400.0 -0.007727686692442748 2.2853106163584544 2.3914954298602558 -0.0035045037540327767 -11.387482790894918 2.575663421626392e-08 0.08292625211995641 0.040571990872974854 0.04234656896523504 2.491089631233503e-05 0.03931699721689605 0.043609254903060356 0.05732012508308629 0.05731012500580925
670.0 14.568746266696051 -7.5380328855034975 54.99357072022398 -690463.9141067369 1.1341917509415981e-05 28.651086700491692 27.13346235191109 26.21733497041672 222.99797689043413 297.19505460916264 400.0 -0.007971246517602849 2.323018694236831 2.4337517300749747 -0.003622093404251776 -11.605242828677374 2.5792197766385273e-08 0.08427514645415368 0.04121529914543989 0.0430521519031091 2.535577918525811e-05 0.0399174179168649 0.04435772853728876 0.05824639897338509 0.05823639889329461
680.0 14.57371599272506 -7.54375413865219 55.417869294385355 -690177.4723792991 1.138457120854454e-05 28.732435534751737 27.183371885437136 26.256258433011507 222.51704331282423 296.9305197680779 400.0 -0.008218900625008747 2.3608498745071844 2.4761771017402303 -0.003741970768584865 -11.8233186717257 2.582724020933348e-08 0.08562790020463494 0.041859876241421796 0.043760325423528715 2.5802679065251185e-05 0.040518234789768556 0.0451096654148664 0.05917506740474038 0.059165067321826255
690.0 14.578701185368345 -7.5495189407683085 55.83712074608749 -689890.2290314605 1.1427319823703771e-05 28.81387841693724 27.233113955334257 26.29511850868751 222.03276218306792 296.66501747958984 400.0 -0.008470652040179043 2.39880020834402 2.5187599082497303 -0.0038641329250353297 -12.041545090972024 2.586169555007149e-08 0.08698439956125768 0.04250566694245909 0.04447103094398028 2.6251477055686184e-05 0.04111939406349655 0.045865005497761145 0.06010605171976231 0.06009605163402829
700.0 14.583714545944495 -7.55532742557665 56.25152714690098 -689602.2069292769 1.1470318241498092e-05 28.895515428830794 27.282704867418104 26.334018339960878 221.55054202951757 296.3978671602447 400.0 -0.008726530333272345 2.4368734556764617 2.5614970888699156 -0.003988590212879441 -12.259804296371772 2.5895507712207336e-08 0.08834480758235304 0.043152747765820086 0.045184354996682136 2.6702144295612083e-05 0.04172096501242163 0.04662384256993141 0.06103946369064078 0.06102946360208422
710.0 14.588737979975658 -7.561178145955353 56.66114817396602 -689313.3694274721 1.15133827537778e-05 28.977238572237518 27.332146437635835 26.372863732236844 221.06238731860773 296.1300191249503 400.0 -0.00898653276094374 2.4750639362331674 2.6043748400006717 -0.004115333454206445 -12.47791832543371 2.5928613962072448e-08 0.08970895179188562 0.04380103686192821 0.04590020696732427 2.715453809433462e-05 0.04232287037005238 0.04738608142183323 0.06197518525331496 0.06196518516194392
720.0 14.593786821529589 -7.567071414700763 57.06618586683977 -689023.7447990368 1.1556667762786598e-05 29.059157807343915 27.38145333442788 26.411767081356732 220.57500608990713 295.86065324611565 400.0 -0.009250692219488937 2.5133761003610733 2.647390725987184 -0.0042443718669948165 -12.695772594701532 2.596096378176025e-08 0.09107702261016694 0.044450624639637185 0.04661868685671019 2.7608635334455324e-05 0.042925193185218175 0.04815182942494877 0.06291334768987279 0.06290334759569494
730.0 14.598859004184733 -7.573006654354344 57.46675977752087 -688733.3275547588 1.1600169207236346e-05 29.141274094917748 27.430631645431056 26.45073789986615 220.08751680108244 295.5898710730739 400.0 -0.009519023282817339 2.551809016730579 2.6905361950516005 -0.004375702933475444 -12.913218751454322 2.599250413664256e-08 0.09244901960165601 0.04510151166168347 0.047339793667761774 2.8064347865657166e-05 0.04352793360579394 0.048921085995862076 0.06385395172115384 0.06384395162417414
740.0 14.603945234859228 -7.57898288980013 57.86295204936799 -688442.0967376307 1.1643813742870723e-05 29.223533205789778 27.479683146894494 26.489733342256322 219.5954380270756 295.318158995717 400.0 -0.009791531561151957 2.590359260478199 2.733799863533456 -0.0045093175590102536 -13.130093616954301 2.6023182668826492e-08 0.09382485460307782 0.04575365765892843 0.04806347951243453 2.8521557064943833e-05 0.04413105468789592 0.0496937999151819 0.06479693835759134 0.06478693825782489
750.0 14.609060748950064 -7.585000531958002 58.25494914651616 -688150.0835964574 1.1687701256059249e-05 29.306037945302236 27.52861934688724 26.528858715575026 219.10613873944362 295.0447001119462 400.0 -0.0100682517500777 2.629031277258429 2.777179229727209 -0.004645221509313252 -13.346283622217454 2.6052956625580237e-08 0.09520472106139019 0.04640715575641273 0.04878984470205034 2.8980237787527685e-05 0.04473464309164562 0.050470077969744565 0.06574244198435844 0.06573244188181547
760.0 14.614193799622276 -7.591058464316404 58.642812700222876 -687857.2594197361 1.1731778882702128e-05 29.38872506913746 27.57743901149549 26.568063259178768 218.61373286929992 294.77011194722934 400.0 -0.010349186288093481 2.6678206423580733 2.8206618099586933 -0.004783400877377547 -13.561621634853394 2.6081778516831814e-08 0.09658849712977843 0.04706195085268887 0.049518822498971944 2.9440258745561323e-05 0.045338649252155305 0.05124984787762312 0.0666903813070015 0.0666803812017018
770.0 14.619348316206711 -7.597156501432039 59.02666977313196 -687563.632482976 1.1776058236765286e-05 29.471621002243197 27.626146976321195 26.607380146509385 218.12020493419118 294.4941787424223 400.0 -0.01063435645805733 2.7067279775913033 2.8642408557338124 -0.004923850876613573 -13.775973258069087 2.6109608029800142e-08 0.09797624166557917 0.0477180735918559 0.05025044111350067 2.9901548829937477e-05 0.045943103179015746 0.052033138486563414 0.06764079922833355 0.06763079912029131
780.0 14.62451961171726 -7.603293937017241 59.40660472283293 -687269.1890352813 1.1820543760052763e-05 29.55470637839375 27.674743481652623 26.646800063156622 217.62297555805233 294.21714391478486 400.0 -0.010923772474912493 2.7457509149604644 2.907906315237123 -0.005066558985862093 -13.989187826150811 2.613640541429932e-08 0.09936790770600623 0.04837550530713643 0.050984672252526314 3.0364001395315188e-05 0.04654799006219395 0.05281991764381229 0.06859366655510074 0.06858366644434388
790.0 14.62972276028277 -7.609471281649775 59.78278644133576 -686973.9625789254 1.1865251073143481e-05 29.63806767351516 27.723237079790678 26.686411820362906 217.13003056415744 293.938196478254 400.0 -0.011217471129212361 2.78489388408634 2.951655853152252 -0.005211526252276161 -14.201157604644271 2.6162138771787554e-08 0.10076369104386268 0.04903434196968891 0.05172161572717652 3.0827591121321964e-05 0.04715340068649974 0.05361029035736293 0.06954912061699214 0.06953912050353876
800.0 14.634936108662249 -7.61568680414095 60.15521541097111 -686677.8982906641 1.191018544905064e-05 29.721593318379476 27.77161900095639 26.726120573605805 216.62950846371646 293.6584860828833 400.0 -0.011515439272820916 2.8241484169034057 2.9954727447736724 -0.005358724018512624 -14.411700187938859 2.6186769835121984e-08 0.10216332856446958 0.04969446435273552 0.05246112766392498 3.129213946936216e-05 0.04775922914031098 0.054404099424158615 0.07050698501545984 0.07049698489934278
810.0 14.640184273263577 -7.621941673619574 60.524096075964685 -686381.0559569219 1.1955312825099874e-05 29.80541199604674 27.819901141729165 26.766053362896237 216.13515053289865 293.3766908412991 400.0 -0.011817727869247455 2.863522321834265 3.0393586331505054 -0.005508158480508332 -14.620732464711791 2.6210274474653023e-08 0.10356713732349304 0.05035602626543722 0.053203371292266995 3.175766233267002e-05 0.048365619923664574 0.05520151739982847 0.07146748070287567 0.07145748058411831
820.0 14.645439498447816 -7.628233729592239 60.889394162131296 -686083.3616757458 1.200071711720952e-05 29.889391211135354 27.868070743168115 26.806097012113163 215.63095346000006 293.09428920891435 400.0 -0.012124313244988538 2.9030045794473143 3.0832941990221947 -0.00565979219496256 -14.828063504037434 2.6232618973881688e-08 0.1049747641204096 0.051018867387368584 0.053948153750580465 3.222395241981063e-05 0.04897243088993066 0.05600233323047893 0.07243037043633947 0.07242037031497828
830.0 14.650723284215793 -7.634563994218411 61.25129355539903 -685784.868922576 1.2046330447712451e-05 29.973636353131244 27.916137478688764 26.846356239034115 215.1292642019845 292.81012457427045 400.0 -0.012435242945675959 2.942601916621577 3.127280114097127 -0.005813626642994412 -15.033609177631924 2.6253783742813026e-08 0.10638648804722811 0.05168312454587428 0.054695617288607744 3.2691014293005516e-05 0.049579791704665484 0.056806696342562614 0.0733958498019897 0.07338584967805889
840.0 14.656028666011071 -7.640931669733135 61.60984699141782 -685485.5583876368 1.2092176393802848e-05 30.058115430347044 27.96409742149037 26.88680984123084 214.62606397768502 292.5245635879121 400.0 -0.012750522989335463 2.982310679817309 3.1713055891162045 -0.00596963845996218 -15.237228086381418 2.6273745374151498e-08 0.10780221864992491 0.052348761688288795 0.0554457075093459 3.3158730189584805e-05 0.05018767447645691 0.05761454417346799 0.07436386194522879 0.07435386181876905
850.0 14.661350358749317 -7.647336006359438 61.96511164349612 -685185.4095098532 1.2138323026353982e-05 30.142813074487215 28.011947028282304 26.92745256037457 214.11764498089622 292.2378841901926 400.0 -0.013070160926573664 3.022127663489918 3.215360514112646 -0.006127803850229402 -15.438785405677361 2.629248370457599e-08 0.10922188149063472 0.05301575083883734 0.05619837795390775 3.3626988978241965e-05 0.05079605950614073 0.058425821984493975 0.0753343613201711 0.07532436119122492
860.0 14.666705530626745 -7.653777893634327 62.31724333827139 -684884.4727691087 1.2184606607911592e-05 30.227794052091564 28.059693225722654 26.968349613693658 213.61513261565244 291.9491581693625 400.0 -0.013394200500912438 3.0620582252610458 3.2594444383979084 -0.006288118130171884 -15.638197412154975 2.6309985349673515e-08 0.11064570718058361 0.05368420716828998 0.056953744050718055 3.409578185956723e-05 0.051405057550850564 0.05924064962973307 0.07630751113979733 0.0762975110084037
870.0 14.672080599633164 -7.66025604974314 62.66625620510975 -684582.7061852607 1.2231146390387937e-05 30.313006248272394 28.10732800187821 27.009462246888592 213.10982045928 291.65910884027164 400.0 -0.013722636031672562 3.102095926630685 3.3035440013838056 -0.006450547493228115 -15.835318235326802 2.632623357394094e-08 0.11207350605554232 0.054354049668456916 0.05771169715253435 3.456496205090688e-05 0.05201460162746019 0.06005890442808212 0.07728318768655618 0.07727318755276415
880.0 14.677477583734996 -7.666770262050534 63.012232245005485 -684280.1106460805 1.2277939429011727e-05 30.398460305502198 28.15485057901098 27.05080773405758 212.60272723706558 291.3676219583116 400.0 -0.014055486607518599 3.142240226717154 3.3476525714446135 -0.006615070884533696 -16.030038743027372 2.6341217085882514e-08 0.1135052983882833 0.05502529600488409 0.05847223986479233 3.503445389364053e-05 0.05262471484439293 0.060880583543890365 0.07826141099925996 0.0782514108631251
890.0 14.682886746009007 -7.6733194809925465 63.35519760662386 -683976.6527165367 1.2325143531312894e-05 30.484132721980934 28.202254252178296 27.09237422620298 212.08681601830037 291.07521684154506 400.0 -0.014392750630321426 3.182485840382043 3.391758495777953 -0.006781654491267879 -16.222228506138386 2.6354925215927944e-08 0.11494093513215614 0.05569788523313574 0.05923528409145028 3.550412766569652e-05 0.053235349665646914 0.061705585466509234 0.07924208574413003 0.07923208560570656
900.0 14.688330720559517 -7.679905121263687 63.69532309358759 -683672.4054909869 1.2372417704261719e-05 30.570084087694266 28.249548064699155 27.134219514109994 211.5781441180134 290.7806674189507 400.0 -0.014734483698880373 3.2228404802250536 3.4358645735842748 -0.006950295330559391 -16.41182933050114 2.6367354142114633e-08 0.11638073030008642 0.056371972906582885 0.06000098827624756 3.597400733649382e-05 0.05384665459117123 0.06253407570891518 0.0802254330585424 0.08021543291788626
910.0 14.693796034640647 -7.68652584993427 64.03261328670706 -683367.32138897 1.2419965792449448e-05 30.656278136847476 28.29672324947634 27.176320272702082 211.0670662434123 290.48469392125793 400.0 -0.015080677838281587 3.263297341894518 3.4799578641453937 -0.007120953735661417 -16.5987102292778 2.6378496971246913e-08 0.1178244801218373 0.057047473317130025 0.060769234365719044 3.644394849294979e-05 0.05445856044896698 0.06336591967287028 0.08121132071302435 0.08120132057019773
920.0 14.699277945725553 -7.693180956131613 64.36711009546805 -683061.3783237872 1.2467907614976266e-05 30.742711277887093 28.343775154180996 27.21868193297388 210.54953757794465 290.1875472821288 400.0 -0.015431339298549162 3.3038529738709173 3.524029344913213 -0.007293597000007218 -16.782762737859386 2.638835048476994e-08 0.1192720998570611 0.057724356796513214 0.06153996729052783 3.691384800226752e-05 0.055071049296406174 0.06420105056065492 0.08219969803190126 0.08218969788696914
930.0 14.704791736745067 -7.699871422261282 64.69894466716221 -682754.6329177157 1.2515928216292033e-05 30.829408928336665 28.39070908459482 27.261329650891632 210.03756984724996 289.8883951469371 400.0 -0.01578651247373167 3.3445122905783107 3.568079277445035 -0.007468212483814797 -16.963923963543085 2.6396915407572145e-08 0.12072380282656522 0.058402732884676796 0.06231329082064564 3.7383701471475854e-05 0.05568422885561421 0.06503957397095102 0.08319071799718802 0.0831807178502173
940.0 14.710324786871581 -7.706595904889298 65.02811893385046 -682447.0336000564 1.2564297103408243e-05 30.916350522711195 28.43751634493265 27.304255084904543 209.52099778959175 289.58791430611984 400.0 -0.016146188602359387 3.385268519246934 3.6120954378066488 -0.007644757116027783 -17.142076642322298 2.64041915731611e-08 0.12217938489201587 0.059082517019838035 0.06308908538759628 3.785337068904685e-05 0.056298032483409526 0.06588135240860636 0.08418424884680677 0.0841742486978712
950.0 14.71588171488301 -7.713354503794221 65.35471153428263 -682138.5951003147 1.2612930732211571e-05 31.003547281379202 28.484196841979863 27.347473652825652 209.00335367746288 289.2858489347259 400.0 -0.016510391757650313 3.426122092280655 3.6560736285535516 -0.007823205023436712 -17.317143283041617 2.641018229510227e-08 0.12363889847555905 0.059763744493934165 0.0638673681179196 3.8322802781161374e-05 0.05691250177480494 0.0667263967007541 0.08518033412605719 0.08517033397523208
960.0 14.721462157549563 -7.720146916405753 65.6787765446412 -681829.3137617474 1.2661838465738137e-05 31.090997875956937 28.530747970864137 27.390990306622562 208.48423940661675 288.98221279012785 400.0 -0.016879136307877313 3.46707132775477 3.700007569334375 -0.008003524043252242 -17.489039893464156 2.6414892144069376e-08 0.12510231998357685 0.06044641553966528 0.06464811518500468 3.8791922217423224e-05 0.05752764713261277 0.06757467285096405 0.0861789656764782 0.08616896552384727
970.0 14.727067646343249 -7.726973025705149 66.00037496510764 -681519.1949512883 1.271096838049882e-05 31.178699501485145 28.57716809847167 27.434807440586 207.96505635319 288.67691668976795 400.0 -0.01725244046773233 3.5081153600727006 3.743892060899144 -0.00818568321133047 -17.65769013833191 2.6418327386065197e-08 0.12656965439348702 0.06113054399980146 0.06543131772189711 3.9260664651589165e-05 0.05814349148902324 0.06842616290446377 0.08718015499886753 0.08717015484451203
980.0 14.732693738996531 -7.733832115731758 66.32035969889428 -681207.4077417846 1.276049844185173e-05 31.266649830784566 28.62343744767777 27.47893055461837 207.4412564276652 288.3904706228783 400.0 -0.017630309565700702 3.5492506579148837 3.7877192761661953 -0.008369643746361698 -17.82300964502095 2.642049570309484e-08 0.12804081072804324 0.06181609943776657 0.06621691519041514 3.972893724716052e-05 0.058760018476378455 0.06928079225166477 0.08818384828803723 0.08817384813204646
990.0 14.738344951297437 -7.740724373033146 66.63842355511015 -680894.3226619228 1.2810274940495495e-05 31.354849618786027 28.669563707737698 27.52336376990565 206.91706428806523 288.11334487152305 400.0 -0.018012767948210856 3.5904776635671882 3.831485848880377 -0.008555376432635183 -17.98493620088554 2.6421406603900414e-08 0.12951583927443527 0.06250311725234899 0.0670049224755457 4.019669458699618e-05 0.05937727099720839 0.07013856827722688 0.08919008822407426 0.08918008806653914
1000.0 14.744020747685342 -7.747649487127376 66.95417586172573 -680580.3580531068 1.2860322127619393e-05 31.443308376761024 28.71555249965243 27.56812212122349 206.39181060690382 287.83477703538176 400.0 -0.018399829187781575 3.631794588246908 3.875186255537536 -0.008742845514615826 -18.14340163527419 2.642107092868555e-08 0.1309947097693551 0.06319159561194963 0.06779531114577013 4.0663867861550386e-05 0.05999525893385017 0.0709994508355049 0.09019886264220973 0.09018886248322087
1010.0 14.749719954830773 -7.754607070639452 67.26765862281937 -680265.5034617003 1.2910708765004935e-05 31.53203468054861 28.76140096455672 27.61321982153294 205.86398978420007 287.5548193002762 400.0 -0.018791505138933018 3.673199331142189 3.91881485901567 -0.00893201363736941 -18.29834046822784 2.641950086899688e-08 0.13247737999742315 0.06388152740769873 0.06858804609520947 4.113038674369952e-05 0.06061398776108673 0.0718633922363364 0.09121015133824519 0.09120015117788786
1020.0 14.755451162725839 -7.7615978620000305 67.5789596173664 -679949.8086872412 1.296101683612846e-05 31.620987468741614 28.807111392267903 27.658616491901697 205.34339639398038 287.2730447924681 400.0 -0.019187830488678434 3.714694339483322 3.962370976839919 -0.009122854802592556 -18.449709279997343 2.641670933110739e-08 0.1339639699563368 0.06457298102789329 0.06938317892717441 4.159623372503813e-05 0.06123353048689039 0.07273043946944639 0.0922240448378069 0.09221404467617013
1030.0 14.761197048465545 -7.768619635473954 67.88803993783606 -679633.1645066866 1.3012120339238481e-05 31.710257562419475 28.85267264288338 27.70441605941882 204.80982613355565 286.99029835506275 400.0 -0.01958877864144062 3.7562699585069863 4.005841503000656 -0.009315310140892845 -18.597419992671963 2.641271169260225e-08 0.13545416510390826 0.06526582353528103 0.07018052804846935 4.206125790734045e-05 0.061853781033784576 0.07360038407012366 0.09324033739634856 0.09323033723352242
1040.0 14.766971652762845 -7.775673762192241 68.19501104520093 -679315.6539148794 1.3063323931810209e-05 31.79977419537318 28.898090005378855 27.75054537182334 204.27939301694443 286.7058854626407 400.0 -0.019994397059191923 3.7979311973139946 4.049228823549842 -0.009509359124098877 -18.7414466487956 2.6407522662309164e-08 0.13694817567977544 0.0659601656297568 0.07098019298898844 4.252547418471659e-05 0.062474850581491784 0.07447332509828362 0.0942591812478259 0.09424918108389076
1050.0 14.77277365912258 -7.782759882487795 68.49990889113649 -678997.2677363538 1.3114674504173188e-05 31.889538408411028 28.94336086116481 27.79701035364563 203.7507088327808 286.41986502302706 400.0 -0.020404697087410318 3.8396759204953477 4.092528054765402 -0.009704961617129774 -18.8817380386562 2.640115861980632e-08 0.1384459550873502 0.06665599907751271 0.07178213538666416 4.2988819339679696e-05 0.06309674456480845 0.07534921052254172 0.09528055352827255 0.09527055336331637
1060.0 14.778595693771502 -7.7898768010681465 68.8027387516421 -678677.9472482027 1.3166666663269785e-05 31.979621700994915 28.988479458022045 27.84389022800268 203.21367952783785 286.1325947119734 400.0 -0.020819674069105624 3.8814990155475355 4.135731472992232 -0.00990206884265217 -19.018236220939524 2.6393637647704427e-08 0.1399473488533055 0.06735326587952334 0.0725862587721017 4.345119950649472e-05 0.06371942450623634 0.07622792434706914 0.09630435786195868 0.09629435769607489
1070.0 14.784444309184499 -7.797025151904563 69.10357230499679 -678357.7389631587 1.321888714777931e-05 32.06996774652628 29.03344748681355 27.891129289244386 202.6768743301757 285.84374663290987 400.0 -0.02123935830885252 3.92340209535673 4.178838457281896 -0.010100649521714824 -19.15091123884453 2.6384977165021083e-08 0.14145244316404512 0.0680520197490799 0.07339259561369597 4.3912596809983604e-05 0.06434295136883388 0.07710949179521132 0.09733066204023043 0.09732066187349579
1080.0 14.790318521389915 -7.804204544062856 69.4024435433533 -678036.6283394963 1.327144313607764e-05 32.16059839070437 29.078262761275944 27.938753542958494 202.1384498888451 285.5533637634669 400.0 -0.021663761124169234 3.965383156564618 4.2218448477458805 -0.0103006621342224 -19.27972314443429 2.6375196057204508e-08 0.14296119351473566 0.06875225400501776 0.07420110808826419 4.437295528750481e-05 0.06496733265491644 0.07799386085981923 0.09835944476215451 0.09834944459465661
1090.0 14.79622613529683 -7.811415969146651 69.69942818239208 -677714.6873917789 1.3323657945178348e-05 32.25139872020588 29.122927891421433 27.986647609058124 201.61103104112098 285.2610548271069 400.0 -0.022092917524276792 4.007444599200994 4.264751111147758 -0.010502076566265246 -19.40464952512534 2.6364312412075362e-08 0.14447371305743006 0.06945403513219148 0.07501184285738903 4.4832268473423404e-05 0.06559264086338447 0.07888107219404555 0.0993907922782826 0.09938079211010015
1100.0 14.80215220165618 -7.818656954428121 69.99449004592437 -677391.7739298282 1.3376802221917702e-05 32.342581866190336 29.167433417591447 28.035035460231477 201.07054743069332 284.96755286306546 400.0 -0.022526800633540622 4.049577446833591 4.307546405958857 -0.010704831436576693 -19.52563435534152 2.6352348677200203e-08 0.14598970451120036 0.07015723972471367 0.07582462605620953 4.5290408517170655e-05 0.06621878048640004 0.07977092402480035 0.1004245109325599 0.10041451076377815
1110.0 14.80810252923328 -7.825928091463396 70.28769301827957 -677067.9318017933 1.3430464486692019e-05 32.43408720270407 29.211781064230504 28.083856667350823 200.52518683810914 284.6725657291749 400.0 -0.02296543922636623 4.091783072097673 4.350230535353244 -0.01090889290816825 -19.642658767947143 2.6339324541726885e-08 0.1475092421646573 0.07086191658133487 0.07663948317036316 4.574736165302442e-05 0.06684580876092887 0.08066343340372846 0.10146066048841872 0.10145066031911859
1120.0 14.814084185415188 -7.833230400795003 70.57910628098342 -676743.2377584851 1.3483918462645497e-05 32.52578289003426 29.25597337601697 28.132978712566747 199.98801739309081 284.3757377000435 400.0 -0.02340886682961806 4.1340636194710205 4.392804177467511 -0.011114228853381725 -19.755707822294603 2.632525949407617e-08 0.14903242758449656 0.07156812722496737 0.07745645423851318 4.620312343827476e-05 0.0674737942081513 0.08155863337634522 0.10249931932971428 0.10248931915997804
1130.0 14.820089316214508 -7.840562286117432 70.86872520811924 -676417.5966984122 1.35380215609543e-05 32.61783079287258 29.300004958051545 28.182570225461188 199.44378401294676 284.0774521802536 400.0 -0.023857074373668904 4.176413606349874 4.435260567411393 -0.011320786062841126 -19.86474694703058 2.631017649166363e-08 0.15055908639293453 0.07227580557562753 0.0782754309681293 4.6657609566193946e-05 0.06810269267172353 0.082456393721211 0.10354037760773474 0.10353037743764089
1140.0 14.826123275566124 -7.847924528180982 71.15660880951796 -676091.070511386 1.359217554864359e-05 32.71011795556058 29.34387764449905 28.23251808783871 198.90298300980507 283.77743793234305 400.0 -0.024310090632065802 4.218834359900542 4.477599867721866 -0.011528529438543683 -19.969764120168545 2.6294095996976342e-08 0.15208928903993624 0.07298499897729038 0.0790964364612687 4.711081000181445e-05 0.0687325603900136 0.0833567286499226 0.10458389246282274 0.10457389229244879
1150.0 14.832181437386573 -7.855316031617605 71.44276640066704 -675763.594857418 1.3646970501428908e-05 32.802764908409905 29.387587965862128 28.282947630755856 198.35558011106303 283.4759189610263 400.0 -0.024767914896597982 4.261322031444947 4.519817277654047 -0.01173740950171223 -20.070735780720703 2.6277041089242595e-08 0.1536229181947896 0.07369566797304831 0.07991939284715822 4.7562661488475564e-05 0.06936337706411365 0.08425954113067595 0.10562979290769502 0.10561979273711784
1160.0 14.838265111070932 -7.862736706432429 71.72723549812447 -675435.1693144235 1.3702383032723403e-05 32.89577688756319 29.431135767387783 28.333865676798165 197.80238383641327 283.1728246878851 400.0 -0.025230563803994716 4.303875877599127 4.561911210765019 -0.01194738489519606 -20.16764957722594 2.625903368410985e-08 0.15515996780853294 0.07440782469216049 0.08074428194646699 4.801313525767254e-05 0.069995168075237 0.08516479973329592 0.10667808383893954 0.10666808366823859
1170.0 14.84437989550532 -7.870187726435034 72.01007390660419 -675105.8901611052 1.3757488590734527e-05 32.98895530336454 29.474523347261165 28.3850728176999 197.2583893993021 282.8678704384434 400.0 -0.02569806777347598 4.346497509689091 4.6038824856646405 -0.012158420349298843 -20.26050082186924 2.624009451291572e-08 0.1567005163640464 0.07512152045232626 0.0815711309202546 4.846222834896062e-05 0.07062799342812906 0.08607252293591733 0.10772882781209767 0.10771882764134696
1180.0 14.850520233325618 -7.877667591646116 72.29128390152655 -674775.6589071348 1.3813198372626442e-05 33.08249951900908 29.517747010546685 28.436773244477884 196.7088044021478 282.56132696330525 400.0 -0.02617042234425447 4.389182592577327 4.645726274531202 -0.012370464222354802 -20.34927298553377 2.622024760108084e-08 0.15824442623332996 0.07583670665022925 0.08239985074753062 4.890987733727287e-05 0.07126182512867772 0.08698260110465224 0.10878193986553292 0.10877193969480711
1190.0 14.856687223407949 -7.885176231933002 72.57089966019453 -674444.4769671544 1.3869473553072498e-05 33.176410037576126 29.560806788183054 28.488968682860754 196.15458366267242 282.25313369141867 400.0 -0.026647643557944436 4.431930358762106 4.687441354715368 -0.012583474309621433 -20.43396064006095 2.619951521157221e-08 0.1597916880700261 0.0765533940994097 0.0832304212674316 4.935605751531723e-05 0.07189668767331352 0.08789500039671264 0.10983742252329469 0.10982742235266585
1200.0 14.862883379923431 -7.892714248066227 72.84896162620618 -674112.4016014786 1.392574921231607e-05 33.27055758038254 29.603703588929648 28.541530180669 195.60445860721202 281.9431590133667 400.0 -0.02712975233074041 4.474740862529374 4.72902739971354 -0.012797410399458786 -20.514562010073863 2.6177919101337826e-08 0.16134232161428907 0.07727160712620716 0.08406283789180875 4.9800753857464725e-05 0.07253261752341976 0.0888097040908693 0.11089529811948899 0.11088529794903043
1210.0 14.869106630393846 -7.900280787113729 73.12548697097624 -673779.376351042 1.3982542823332088e-05 33.36506684826424 29.646435893006245 28.59458503165739 195.05051709330692 281.6315003348921 400.0 -0.027616754439767716 4.517611667591297 4.7704818166068454 -0.013012225372907351 -20.591072323169197 2.615548253163675e-08 0.16289625542486183 0.07799132791249107 0.08489704699879676 5.0243927169383586e-05 0.0731696140309495 0.08972664139391232 0.11195552668416547 0.11194552651394793
1220.0 14.875358207259808 -7.907875983887635 73.40050846128868 -673445.420346398 1.4039644240506026e-05 33.45989270657174 29.689004086941896 28.648088822937122 194.49606700024881 281.31808985514135 400.0 -0.028108666517861928 4.560542177471312 4.811803883634618 -0.013227876902397115 -20.663492641452706 2.6132227624557856e-08 0.1644534840494299 0.07871256921206508 0.08573303038121617 5.0685558417792665e-05 0.07380770319285174 0.09064578085657814 0.11301811323258704 0.11300811306267744
1230.0 14.881637473086807 -7.915499375037484 73.67404899375033 -673110.5058338313 1.4097303200907543e-05 33.5551014178603 29.731407612970358 28.70210939419379 193.93749533580444 281.0029532701332 400.0 -0.028605498796619545 4.6035307802334335 4.85299202366651 -0.013444319787811382 -20.731824125983035 2.6108177092114725e-08 0.1660139643517809 0.07943532637010976 0.08657074955793122 5.1125619550378464e-05 0.0744468960279306 0.09156706832385028 0.11408303697972488 0.11407303681019369
1240.0 14.887945300004784 -7.923151104890735 73.94613828458154 -672774.6543194465 1.4155289267758253e-05 33.65063966243996 29.773646831402683 28.756594078552414 193.3782559303327 280.6860405571984 400.0 -0.029107266663471278 4.646576735284655 4.894045583887541 -0.013661511038152918 -20.796071390256326 2.6083352981867185e-08 0.16757768412348018 0.0801596090680879 0.08741018263823908 5.156409255732591e-05 0.07508721625581034 0.09249046786766982 0.11515029818956023 0.11514029802047061
1250.0 14.894282035233111 -7.930831052597767 74.21680285570262 -672437.8645278765 1.4213585068602228e-05 33.74650729551355 29.815721894754784 28.811543539164894 192.81866428474126 280.3673278464236 400.0 -0.029613983703849555 4.689679037455849 4.934963756348655 -0.013879406843556983 -20.856240354684825 2.6057777385170242e-08 0.16914462079908713 0.0808854222114663 0.08825130215079817 5.200095793147115e-05 0.07572868343549427 0.09341593736359287 0.11621988997900463 0.11620988981042461
1260.0 14.900647549358853 -7.9385389244804685 74.48606628203969 -672100.1211606757 1.4272317709695937e-05 33.84274165464975 29.85763276921476 28.86699605916099 192.25696552528802 280.04681513411924 400.0 -0.03012566172629193 4.732836433703259 4.975745595488764 -0.014097962651508845 -20.912338347687733 2.6031472425739553e-08 0.17071474203581535 0.081612766188368 0.08909407536460395 5.24361948742771e-05 0.07637131319269075 0.09434342884312456 0.1172917987044805 0.117281798536471
1270.0 14.9070420128467 -7.946274345435995 74.75395305038856 -671761.3989620343 1.43317073953879e-05 33.93940966920575 29.899379662303048 28.92301924290435 191.69029116156173 279.7244872843539 400.0 -0.030642313544670098 4.776047866046488 5.016390426301398 -0.014317134364447226 -20.964374704422994 2.6004459922926454e-08 0.17228802186870767 0.08234164434144074 0.08993847297174723 5.2869785672154524e-05 0.07701512378129799 0.0952728980874097 0.11836601499544705 0.11835601482807137
1280.0 14.913466027460789 -7.954037937430911 75.0204892369767 -671421.7658647711 1.4391070213296287e-05 34.036325900796804 29.94096309444043 28.979427988864806 191.1279610920564 279.4003073099444 400.0 -0.03116395357602589 4.819312555488409 5.056897911931995 -0.014536878568349064 -21.012360690585506 2.5976761287681193e-08 0.1738644438214945 0.08307206440525378 0.09078447076078121 5.330171642517285e-05 0.07766013733692886 0.0962043064845656 0.11944253588237579 0.11943253571569318
1290.0 14.919919307158898 -7.961829096255144 75.28569598248852 -671081.1768174468 1.4450820090798778e-05 34.1336077807557 29.982383160586302 29.03634043854884 190.56434593011647 279.0742828754935 400.0 -0.03169059284558802 4.862629230522502 5.097267342206864 -0.014757150527101533 -21.05630853708781 2.594839808964972e-08 0.1754439727267613 0.0838040254472691 0.09163203449685377 5.373196946411225e-05 0.07830636840122988 0.09713760432553142 0.12052134552966083 0.12051134536372944
1300.0 14.926402483463118 -7.969647402788212 75.54959846523927 -670739.598532505 1.4511245223740156e-05 34.23134622550985 30.023640533669326 29.093847628858303 189.9958350791736 278.7463752550518 400.0 -0.032222245851172365 4.90599718464921 5.137498596651546 -0.014977906969877105 -21.096232569353973 2.5919391226774974e-08 0.17702659339769924 0.08453753577601042 0.09248114068400849 5.4160533638440155e-05 0.07895383964531709 0.09807275375238216 0.12160244167139224 0.12159244150626937
1310.0 14.932916059198236 -7.977492817416845 75.81222073156147 -670397.0348150333 1.4572282768986805e-05 34.32953184874803 30.064735878796206 29.15194026863645 189.42345247862454 278.4165520322077 400.0 -0.032758926651800004 4.949415667721596 5.177591580111585 -0.015199104504389258 -21.13214838403838 2.588976136428942e-08 0.17861228841543828 0.08527260264873938 0.0933317646455832 5.4587398299342006e-05 0.07960257282388451 0.09900971559155375 0.12268582042680998 0.12267582026254858
1320.0 14.93945833845627 -7.985366112960605 76.07357539911571 -670053.5819819648 1.4633001361100294e-05 34.42788509638349 30.10566868904503 29.210339997784963 188.85891360054643 278.08489206474457 400.0 -0.033300640383976975 4.992882631675587 5.217545098598525 -0.015420696429872118 -21.164071981669696 2.5859529971501024e-08 0.18020099210856874 0.08600921092262158 0.0941838558540411 5.5012541345854985e-05 0.08025257003045215 0.09994842207811659 0.12377144480399914 0.12376144464065439
1330.0 14.94603200045382 -7.993265925450743 76.33369639320264 -669709.1013376346 1.4694678627181316e-05 34.526800840967866 30.146440965061952 29.269440436954273 188.28626766322546 277.75125251736074 400.0 -0.03384740981100898 5.036398686454935 5.257360404013592 -0.01564264290778722 -21.1920226185167 2.5828716041454406e-08 0.18179273564918746 0.08674739032638133 0.09503741575068168 5.543596697792196e-05 0.08090387274944505 0.10088886289974244 0.12485934397521242 0.12484934381283441
1340.0 14.95263737278848 -8.00119233196665 76.59260549607026 -669363.6081410653 1.4757136689367659e-05 34.62623641330861 30.187053445961244 29.329198851611785 187.70802242407768 277.4156093325505 400.0 -0.0343992484134742 5.079963068310466 5.29703756169683 -0.015864900588287448 -21.216019524117023 2.579733937147171e-08 0.1833874992884999 0.0874871469539917 0.09589241849233955 5.585766701035789e-05 0.08155650170909191 0.10183099757940801 0.12594951218704203 0.12593951202567782
1350.0 14.959273002751127 -8.009145801042052 76.85031516282658 -669017.1671412301 1.4819742893271593e-05 34.72599774685719 30.227505920312712 29.389422001130328 187.13194393837736 277.0780288735212 400.0 -0.034956162080019434 5.123573943207131 5.336575745726857 -0.016087423498475917 -21.236082669828768 2.5765420382279576e-08 0.18498522331118553 0.08822846830848775 0.09674881686153715 5.627762406283202e-05 0.0822104613094093 0.10277476200177625 0.1270419162194627 0.12703191605916103
1360.0 14.965936215158546 -8.017126797884032 77.10683128489838 -668669.8511945312 1.4881802289460958e-05 34.82585791187802 30.267797532339156 29.449884380937824 186.5661299632352 276.7386400593067 400.0 -0.03551815094846657 5.167228716681109 5.3759735309401915 -0.01631016392790823 -21.25223334010803 2.573297989902087e-08 0.18658581928524798 0.08897132848783665 0.09760654833007151 5.669581470522941e-05 0.08286574416802621 0.10372007511722177 0.12813650305575772 0.12812650289656288
1370.0 14.972634249735334 -8.025133403082947 77.36220888364907 -668321.4355331648 1.4945373183738001e-05 34.92649371651398 30.307933051097148 29.51125876504684 185.98628950794108 276.39706677565306 400.0 -0.036085258080975784 5.210930972176595 5.415234951467141 -0.016533089644115213 -21.264495584439516 2.57000329485369e-08 0.18818942568105607 0.08971580690503982 0.09846567194998429 5.7112273736809395e-05 0.0835224353308886 0.1046669903501675 0.12923337499933615 0.12922337484128862
1380.0 14.979363858244152 -8.033166470044279 77.61645019648171 -667972.0335663256 1.5009369444685773e-05 35.027560005568915 30.347911387011568 29.57320160018851 185.4054434738334 276.0534665423129 400.0 -0.03665748147915883 5.254677834115734 5.454358405380401 -0.016756152376781266 -21.272892307672944 2.566659989249673e-08 0.18979594271100647 0.09046187230274706 0.09932611919319732 5.7526976407021504e-05 0.08418052267480702 0.10561542003619945 0.13033247107444632 0.13032247091758856
1390.0 14.986124411912638 -8.041226017833509 77.86957013775825 -667621.6604911672 1.507362307887822e-05 35.129003998112296 30.387732960393574 29.63566022789986 184.82551891609117 275.7078637027378 400.0 -0.03723483012147837 5.298468055347664 5.493343770212435 -0.016979308095541285 -21.277448146798218 2.5632699344715922e-08 0.1914053299026483 0.09120952088768855 0.10018785338083934 5.7939913990988595e-05 0.08484001815645072 0.10656531174619761 0.13143377081011054 0.13142377065447727
1400.0 14.992919879528849 -8.049311320959703 78.12160628404928 -667270.2273424038 1.5138912217773016e-05 35.23110133641333 30.42740082223529 29.698907845367952 184.23787439023246 275.36004734495805 400.0 -0.03781733395010927 5.342303330911655 5.532193491045381 -0.017202520025846667 -21.278188457476382 2.559834685068047e-08 0.19301765492575446 0.09195879909235156 0.10105089574721197 5.835110524123417e-05 0.08550097780461668 0.10751667712113774 0.13253732777611482 0.13252732762174776
1410.0 14.999742747915398 -8.057423449382583 78.37253828765914 -666917.8985595552 1.5203726402220687e-05 35.33333074664447 30.46691157283859 29.762426958929844 183.659369045655 275.0103939379487 400.0 -0.03840497024326611 5.386178078100773 5.570903787714626 -0.01742573398523444 -21.275140161123456 2.5563564343872546e-08 0.1946327160747363 0.09270962799972794 0.1019151235089956 5.876050336087062e-05 0.08616334754345283 0.1084693685312835 0.13364301073387141 0.13363301058079735
1420.0 15.006598015715149 -8.065561567253212 78.62240815846911 -666564.5669657078 1.5269002421660524e-05 35.43602326923212 30.50626890641427 29.826545502239956 183.0795965468238 274.65863973922814 400.0 -0.038997773547164355 5.430094689758776 5.609477766992169 -0.017648915214970452 -21.26833030449393 2.5528366011685173e-08 0.19625060577411957 0.09346206541113476 0.10278057128568634 5.916813473588729e-05 0.08682719331143222 0.10942341246268732 0.1347508900134828 0.1347408898617349
1430.0 15.01349259477892 -8.073724664380535 78.8712672568564 -666210.0935108869 1.5335954793414455e-05 35.53962181048494 30.545477634920353 29.891702167563334 182.48545430392272 274.30442131594685 400.0 -0.03959578893632028 5.474056902052902 5.647919642921605 -0.01787203199449851 -21.257784989452826 2.549276427404099e-08 0.19787146614560647 0.09421619230111061 0.10364730021935134 5.957403764740879e-05 0.08749260139715219 0.11037886474845432 0.13586107004051654 0.1358510698901209
1440.0 15.020415507461287 -8.081914133290468 79.11907672260226 -665854.6988353055 1.5402585723319556e-05 35.64341816827608 30.584532472589185 29.957194310763203 181.89876359862737 273.9482937349254 400.0 -0.040198976014499996 5.5180568966882575 5.686223857512875 -0.018095025634751735 -21.243535246952344 2.5456782199662872e-08 0.1994950109315289 0.09497189007749335 0.10451514265226314 5.9978147580696965e-05 0.08815948272610334 0.11133552820542557 0.1369733611713353 0.13696336102231796
1450.0 15.027370966708764 -8.090129357716336 79.36587366719692 -665498.3011555874 1.5469576242490384e-05 35.74766092348441 30.62343674767222 30.02326770450045 181.31213213253898 273.5900323161195 400.0 -0.040807366532084714 5.562096685059675 5.724393218983959 -0.0183178608307775 -21.22560959663766 2.5420433151035657e-08 0.20112131734772123 0.0957292093005669 0.10538412523683174 6.038048866260344e-05 0.08882789676838614 0.1122934205793351 0.13808782305767667 0.13807782291005805
1460.0 15.034357657793587 -8.098370360021534 79.61166709891647 -665140.9198530236 1.5536743974490573e-05 35.85228688526395 30.662190678902356 30.08985934905974 180.72750149984049 273.22969631209895 400.0 -0.04142096561358823 5.606174711964533 5.762427536204211 -0.018540494155452766 -21.204038688201166 2.5383733534059652e-08 0.20275033002721837 0.09648813868584499 0.10625420389142184 6.078105371569682e-05 0.08949784860524661 0.11325248142197178 0.1392044242510243 0.1391944241048252
1470.0 15.041389873457973 -8.10663564271485 79.8565443963703 -664782.3121005076 1.5606180039287165e-05 35.958090990869934 30.70080335469615 30.15775574295335 180.12325987529854 272.86653906954643 400.0 -0.04203985746809512 5.6502997987810755 5.8003352479165855 -0.018762905723663622 -21.178846107199217 2.534668915172307e-08 0.20438237887550145 0.09724884666329603 0.1071255400811287 6.117992658355083e-05 0.09016950130398528 0.11421287757151619 0.1403233979210052 0.14031339777624136
1480.0 15.04844815900792 -8.114927084816998 80.10042255492037 -664422.8095268693 1.5674950629516687e-05 36.06397664218127 30.739264737882383 30.225870407998695 179.52994924433486 272.5015553983774 400.0 -0.042663956061071505 5.694458441236907 5.838106234182569 -0.01898502550938593 -21.150071930378314 2.53093273993715e-08 0.20601696380676465 0.09801111429728045 0.1079978526697296 6.157699634674336e-05 0.09084267726661203 0.11517428654015263 0.14144440691120694 0.14143440676789082
1490.0 15.055543468614466 -8.12324358555827 80.34337154734163 -664062.2316387104 1.574458359007301e-05 36.17053090544275 30.777582049931716 30.29478375559073 178.9319217552874 272.13417045319954 400.0 -0.043293329007472674 5.738657305789572 5.875747149852023 -0.019206829162868786 -21.117742216901096 2.5271655444622366e-08 0.20765433394521204 0.09877507216907724 0.1088712601921515 6.197232873963204e-05 0.09151750618268496 0.11613682776252712 0.1425676287138885 0.1425576285720295
1500.0 15.062671188519825 -8.131585434134934 80.5853825465997 -663700.647454764 1.58144676852732e-05 36.27752228203501 30.815753688228188 30.364266191361384 178.33536415964375 271.76461362482667 400.0 -0.04392796440628356 5.7828927173610145 5.913256090673622 -0.019428269493690854 -21.081891726527065 2.523369032102068e-08 0.2092943534709164 0.09954067105901769 0.1097456760513869 6.236589993921992e-05 0.09219395954062318 0.11710039393029317 0.1436929761817504 0.14368297604129618
1510.0 15.069835700753368 -8.139952232503276 80.82649187862951 -663337.9918572836 1.588511257804562e-05 36.38515910399361 30.85378316603789 30.434522965544016 177.73530571730447 271.3926483246126 400.0 -0.044567897405864164 5.827167068115089 5.950636138449594 -0.019649312835960858 -21.04255001240107 2.5195442621932003e-08 0.21093711216433483 0.10030796707103998 0.110621133920707 6.27577387290825e-05 0.0928721014534844 0.11806501071085043 0.14482051719277916 0.14481051705385142
1520.0 15.077038228540161 -8.148343828104572 81.06671967638577 -662974.2465745156 1.5956642306853285e-05 36.4935005206809 30.891672209470663 30.50561186940425 177.13065918752008 271.01820088520924 400.0 -0.045213147186830685 5.8714806752384305 5.987888651276641 -0.019869921103875157 -20.999748609157102 2.515692462375678e-08 0.21258262235247666 0.10107698007167185 0.11149762625963197 6.314785610954562e-05 0.09355196411144477 0.1190306582410319 0.14595026631758587 0.1459402661801267
1530.0 15.084268895921392 -8.156760820848064 81.30602959854767 -662609.5515371513 1.602785192026185e-05 36.602066656152026 30.929416233290045 30.577057801573094 176.53314970625686 270.6417751697985 400.0 -0.04586367194912624 5.91582625971821 6.02500885457893 -0.020090040643843735 -20.953528964610157 2.511815599936248e-08 0.21423061225836484 0.10184759677716661 0.11237499458202466 6.35361993840697e-05 0.09423346231351044 0.11999714994485439 0.1470820424520377 0.14707204231604049
1540.0 15.091539942467282 -8.165202323803129 81.54449701879466 -662243.732630197 1.6100156798907624e-05 36.71143855236664 30.96702323187428 30.64943432279375 175.92920103663272 270.2627245003022 400.0 -0.04651955081841857 5.960211704114465 6.062004229572884 -0.020309649860227957 -20.90391450725158 2.5079140605550734e-08 0.21588137601229476 0.10261996876016077 0.11325338143661251 6.392284421129397e-05 0.094916744139228 0.12096463187306673 0.14821605393163537 0.14820605379709403
1550.0 15.098847625357902 -8.173668510573975 81.78211615832403 -661876.8408361136 1.6173101987881444e-05 36.82143897656496 31.004492108810968 30.722565556506716 175.32325869636432 269.88123315125557 400.0 -0.0471807758461087 6.004633981552777 6.098873420058247 -0.020528704502084303 -20.850942089934318 2.5039893049705022e-08 0.21753480011026385 0.10339405666139778 0.1141327126813083 6.430777424573235e-05 0.09560178939880298 0.1219330107114609 0.1493522284386511 0.14934222830555555
1560.0 15.106191910035676 -8.182159324482257 82.01889976609345 -661508.8762463196 1.6246648084928486e-05 36.932060592947074 31.04182387343776 30.79644346355622 174.71580520531427 269.497292443274 400.0 -0.04784735929360265 6.049092618181563 6.135617129390854 -0.02074716598711355 -20.794645886706064 2.5000424987108174e-08 0.21919086608358168 0.10416986550168209 0.11501296482659512 6.469099499622553e-05 0.09628861692769665 0.12290224915588498 0.15049055897681973 0.15048055884515288
1570.0 15.113571318420732 -8.190674783563367 82.25485301802202 -661139.857540726 1.632060492569016e-05 37.04323152121994 31.079018707524707 30.870996257598136 174.10869634187128 269.11096918308607 400.0 -0.04851930500863523 6.093586142377436 6.172235263621801 -0.020964994098999747 -20.73506202779231 2.496074876227057e-08 0.220849517769768 0.10494738248492816 0.11589409450711334 6.50725040246239e-05 0.096977229756898 0.12387228801286998 0.15163101247314018 0.15162101234288022
1580.0 15.120992044394361 -8.199214473320353 82.49001984931597 -660769.7002195059 1.6395636071591656e-05 37.155240779632685 31.11608115781562 30.946508785352876 173.49588766568797 268.7219281332866 400.0 -0.049196661653381074 6.138118496075201 6.2087319942798125 -0.02118215947299777 -20.672218245775262 2.4920870739210084e-08 0.22251090176115232 0.10572668994241143 0.11677616597937951 6.545234352254913e-05 0.0976677148349947 0.12484318692615762 0.1527736955702191 0.1527636954413484
1590.0 15.128448492224877 -8.207778655991063 82.72438406675347 -660398.478924607 1.647107751350352e-05 37.267815638447146 31.153009045124804 31.02271069446976 172.8835915212916 268.33045126795037 400.0 -0.04987940933433688 6.182685358278606 6.245104943977381 -0.02139861690938709 -20.60615570466941 2.4880805532562334e-08 0.224174854603725 0.10650772448129 0.11765907918626832 6.583048797555714e-05 0.09836003038494258 0.12581482421878243 0.15391850107185204 0.15390850094431738
1600.0 15.135961101007059 -8.216366291904563 82.95806175921457 -660025.9316792414 1.6549005298158624e-05 37.38186979947397 31.189815023762623 31.100503582711603 172.25332035350573 267.9354527145145 400.0 -0.05056768401068872 6.227300921014014 6.281366216762365 -0.02161435643747593 -20.536883367587137 2.484054803487222e-08 0.22584190797033005 0.10729074955548018 0.11854310233180182 6.620706224424295e-05 0.09905442342020546 0.1267874845501246 0.15506580132131736 0.15505580119513235
1610.0 15.14346001853295 -8.22498050147101 83.19070894719987 -659652.9339599627 1.6622383919215823e-05 37.49432358174021 31.22646024338622 31.176845925389877 171.6676642462228 267.54059641827104 400.0 -0.05126107463302263 6.27191492555829 6.317477656350334 -0.021829248873881057 -20.464528110274536 2.480016048971278e-08 0.227510170610803 0.10807488808475324 0.11942722129692138 6.658167135008955e-05 0.09975013238272566 0.12776003822807735 0.1562142962668676 0.15620429614196513
1620.0 15.151033639946446 -8.233617207803036 83.42278747913063 -659278.3751276315 1.670004459800095e-05 37.6090627198462 31.262996092141872 31.255573529232162 171.0482663444832 267.1412195773531 400.0 -0.05196013058485154 6.316590194867495 6.353489190614036 -0.022043374652618825 -20.389009515102067 2.475958601174172e-08 0.2291820022619127 0.10886126390058033 0.1203126719225207 6.695483210741735e-05 0.10044816499304524 0.12873383726886742 0.15736561997827778 0.15735561985462204
1630.0 15.158673595381277 -8.242276907869325 83.6542664431599 -658902.3705784279 1.6780974743252136e-05 37.72568692625171 31.29941876728488 31.33629002549135 170.40497063031617 266.73774404176453 400.0 -0.05266482064227211 6.3613207406916 6.3893969007603575 -0.02225668518922572 -20.310369317005797 2.471883952675154e-08 0.23085717743962236 0.10964978459056862 0.12119932114302383 6.732650386269858e-05 0.10114845369388106 0.12970872374574133 0.15851962261117228 0.1585096224887229
1640.0 15.166319231227087 -8.250961987655842 83.88484756326743 -658525.6576847107 1.6859336591666078e-05 37.841579113520716 31.335694601743064 31.416411426370573 169.7883680887115 266.33336061682843 400.0 -0.05337477850892301 6.406062395743239 6.425167687150141 -0.02246906702516225 -20.228731321872864 2.467797618598368e-08 0.232534030141573 0.11043967740067875 0.12208627575436506 6.76963459358156e-05 0.10185032811627921 0.13068370202529378 0.15967515839452862 0.15966515827322916
1650.0 15.173999873551235 -8.259671129013668 84.11469137581688 -658147.8713147613 1.6937992689449217e-05 37.95802231514204 31.37184125317116 31.497203731408355 169.17350664831903 265.9265108929697 400.0 -0.054090198354304224 6.450835973810168 6.4608185837336825 -0.022680522975321055 -20.144090736314343 2.4636982202748644e-08 0.23421334114266534 0.111231322910663 0.12297393593032989 6.8064535431506e-05 0.10255413891746534 0.13165920222519997 0.1608327715961951 0.16082277147598717
1660.0 15.181730657185222 -8.268403746986962 84.34388607357504 -657768.830748155 1.7018288558000528e-05 38.07564592693771 31.407868269775612 31.57928720561559 168.54914780266463 265.5163801266147 400.0 -0.05481119105176385 6.49565228969108 6.496358721322122 -0.022891036826679197 -20.056459560727724 2.4595853939817496e-08 0.23589551593572744 0.1120249252783841 0.12386250299485586 6.843116773879795e-05 0.10326008090706527 0.1326354350286622 0.16199274763848423 0.16198274751930833
1670.0 15.189497248005617 -8.277160295984459 84.57236904928665 -657388.7038562293 1.7098885753113174e-05 38.1938415182555 31.44376835727266 31.662060743337744 167.926631481595 265.10371501164497 400.0 -0.055537677867981375 6.5405006136806145 6.531780774917761 -0.02310055621964263 -19.96589654487241 2.455461033230827e-08 0.23758014686817153 0.11282030444255875 0.12475174936713837 6.879616924958456e-05 0.1039680081480102 0.13361213872016142 0.16315480965863846 0.1631448095404281
1680.0 15.19731602176732 -8.285940186682467 84.80023460408962 -657007.2967036421 1.71812243237887e-05 38.31329510366226 31.47955173337054 31.746200556258177 167.29419102838764 264.6876317155311 400.0 -0.056269780631959455 6.585392824168499 6.567094547404083 -0.02330906659672564 -19.872410018364917 2.4513245972908195e-08 0.2392676800587694 0.11361768385826858 0.12564189769893933 6.915964262874504e-05 0.1046781326314007 0.1345895474273687 0.16431927130302515 0.16430927118570615
1690.0 15.2051633552934 -8.29474410942305 85.02759208306458 -656624.5096277174 1.726320281137527e-05 38.43302660459959 31.515204082268177 31.830739117730246 166.6692433222883 264.27662839577954 400.0 -0.05700735613540851 6.630311206103269 6.602287486869345 -0.023516506052246446 -19.77607704321512 2.447178670277464e-08 0.2409574426683258 0.11441675733025373 0.12653258136364195 6.952146152224917e-05 0.10539019596518451 0.13556724670314127 0.16548567180437346 0.1654756716878677
1700.0 15.21308276165311 -8.30357076021437 85.25595154809558 -656237.6649494419 1.7348509623306026e-05 38.55479269237356 31.550741544859267 31.917408159274153 166.02190970270533 263.9105746391582 400.0 -0.05775071276771107 6.675288040903323 6.637384533099405 -0.02372289162482021 -19.676855197072214 2.443020471193845e-08 0.24265065371266384 0.11521811465678711 0.1274244295470259 6.988188390128451e-05 0.10610473584523089 0.136545917867433 0.166654860164065 0.1666448600482915
1710.0 15.221004829893092 -8.312422003031884 85.48347056104167 -655850.0630247458 1.7431268650428156e-05 38.675796417782344 31.586136774887162 32.00344891855199 165.39963535036517 263.54389489473436 400.0 -0.05849939158101646 6.720271200190776 6.672347499230357 -0.02392811067399494 -19.574908664916954 2.4388562107579375e-08 0.24434533571728906 0.11602083037488013 0.1283163902884324 7.024052210918265e-05 0.10682094265111039 0.13752439306617872 0.16782547152865407 0.1678154714135188
1720.0 15.228982859124827 -8.321296321197053 85.71044383208368 -655461.0758284479 1.7515945631379713e-05 38.79819368853928 31.621420889882696 32.09098692727572 164.76663187935128 263.1741149758726 400.0 -0.059253770316995726 6.76530042508189 6.707206761263551 -0.024132191689405013 -19.470175515194917 2.4346822522988796e-08 0.24604299069217728 0.11682562849886624 0.12920924154458285 7.059769009138851e-05 0.10753947345803327 0.13850351723414397 0.1689985510359693 0.16898855092137782
1730.0 15.237019724880103 -8.330193639931736 85.93689656154778 -655070.6689212476 1.760272884832723e-05 38.92209978729619 31.65659626745551 32.1801352891609 164.12176335641936 262.8010881738071 400.0 -0.060013886960784475 6.810377892222282 6.741964498135291 -0.02433510475647346 -19.362684334226863 2.4304989441036465e-08 0.2477436988426444 0.11763255935939512 0.13010301318811207 7.095341332836091e-05 0.1082603865147572 0.13948331232788716 0.1701741593392968 0.17016415922514494
1740.0 15.24507576127886 -8.3391148564005 86.16262579407785 -654679.297624933 1.7688349332855683e-05 39.045914575721504 31.691641032690463 32.26931550629935 163.49064946478117 262.42664503669596 400.0 -0.06077947563843719 6.855473346231447 6.77659906942216 -0.024536775224204256 -19.252551150464868 2.4263100875525987e-08 0.24944630822135333 0.11844108713124063 0.13099708912604724 7.130747510774937e-05 0.10898321731868663 0.14046309090266668 0.17135150232316998 0.17134150220934696
1750.0 15.253186850245973 -8.348059067065265 86.3878330881747 -654286.5437388638 1.777572170526e-05 39.171086399525414 31.726576303276914 32.359955335379155 162.85068422628166 262.0491084539252 400.0 -0.06155080513486804 6.900613934538411 6.811131064146258 -0.024737210460701185 -19.139740276374557 2.422113304765423e-08 0.25115184615135205 0.11925171163904094 0.13189199683062228 7.166008931389537e-05 0.10970842416406701 0.141443421987285 0.17253129708941783 0.17252129697581198
1760.0 15.261349439495387 -8.357026336056492 86.61250869845112 -653892.4462607235 1.786449922274062e-05 39.297458381385056 31.761400710781267 32.451899388247824 162.2047261219108 261.66863060375016 400.0 -0.06232786702031873 6.945796930349871 6.845558993137235 -0.02493637524600763 -19.024294289589243 2.417909394180398e-08 0.25286020614903537 0.12006439391083598 0.1327876687928998 7.201124498930307e-05 0.1104359852801157 0.14242422086891965 0.17371347460401576 0.1737034744904924
1770.0 15.269542240997177 -8.366017028591784 86.83654742298428 -653497.2425865717 1.7953016457412926e-05 39.424200572780784 31.79610276264219 32.544329154849926 161.5655261230384 261.28619275052733 400.0 -0.06311052020380871 6.991005839754162 6.879871417930854 -0.025134217612688657 -18.90629587298105 2.4137006099115357e-08 0.25457075710566807 0.1208788444889765 0.1336837633775122 7.236083064606364e-05 0.11116565481210106 0.14340510229356707 0.17489760130830906 0.17488760119475125
1780.0 15.277808526646236 -8.375030308241776 87.06019058996554 -653100.4415556351 1.8044565865833983e-05 39.553005469871195 31.830707682316056 32.63891247802928 160.908576311847 260.8997622919775 400.0 -0.06389910084568852 7.036274071905477 6.914092991841908 -0.025330750311656304 -18.785685843854544 2.40948382051458e-08 0.2562847677814737 0.12169567954917451 0.13458093313738717 7.27091012164998e-05 0.11189799595647582 0.14438677182499793 0.1760845630217053 0.17607456290796886
1790.0 15.286092155462637 -8.384067111704894 87.28314535440234 -652702.6696048357 1.813486177437996e-05 39.681685141655656 31.865184083890714 32.73349241708098 160.26584412227095 260.51195108509427 400.0 -0.06469320555430806 7.081558015625825 6.948192724574675 -0.025525888967317494 -18.662626484810982 2.4052641481152726e-08 0.2580005733251362 0.12251411581856106 0.13547829653536303 7.305574776261169e-05 0.11263232088785564 0.14536825243728058 0.1772732077591628 0.17726320764510467
1800.0 15.294427610865043 -8.393126804664291 87.50560563689675 -652303.5371268943 1.8226484896446978e-05 39.81157379742818 31.89955212328193 32.82938349967004 159.61822720234193 260.1211352031549 400.0 -0.06549310725701292 7.12688436939236 6.982190297758143 -0.02571963812934103 -18.537077180061228 2.4010391349870106e-08 0.259719187335456 0.12333464772868875 0.13637637271356173 7.340097517800594e-05 0.11336908394717637 0.1463501033882797 0.17846424422425133 0.17845424410971406
1810.0 15.302820132764426 -8.402209263861437 87.72760822943691 -651902.9804701307 1.831981406299874e-05 39.94288860759062 31.933815275130137 32.92679960611755 158.96323299397292 259.72705482243407 400.0 -0.06629886383532804 7.1722572782573275 7.016089001473069 -0.025911973455096795 -18.409061197061074 2.396808723966128e-08 0.26144076498675967 0.12415736044016602 0.13727523168201744 7.374482225065415e-05 0.11410837379391318 0.14733239119284647 0.1796577850425026 0.17964778492732517
1820.0 15.311254223949355 -8.411314681752401 87.94907812339706 -651501.1684501299 1.8413670331690266e-05 40.07502177294473 31.967965190828135 33.025141274283385 158.30947543478857 259.33042417893074 400.0 -0.06711037238997555 7.217664560333913 7.049880498661341 -0.02610285255707225 -18.278651717981493 2.3925745927946554e-08 0.2631648378986887 0.12498204061125795 0.13817461841363587 7.408721063016981e-05 0.11485001142213196 0.14831482647655678 0.1808535090544797 0.18084350893849505
1830.0 15.319726771686753 -8.420443044083072 88.17000673952569 -651098.131372567 1.850780014821235e-05 40.207841242601056 32.00200053658375 33.12427789057157 157.65870623321788 258.9313781552097 400.0 -0.06792762298564148 7.263103668560571 7.083563352029488 -0.026292245524300158 -18.145893933127788 2.3883373618315568e-08 0.26489130484658896 0.12580864996244595 0.13907446996574213 7.442813209924762e-05 0.11559397424393679 0.1492973306026523 0.18205135018402857 0.18204135006705657
1840.0 15.328252997464045 -8.429594087323721 88.39048424633808 -650693.6941389556 1.8603373081164484e-05 40.341994333429966 32.03593035703448 33.22484799295804 157.0030125597405 258.52918705204553 400.0 -0.0687507517037597 7.308586649815223 7.117146340471925 -0.026480138337150624 -18.010787148746584 2.3840960592742488e-08 0.2666206228813847 0.12663741767858377 0.13997501419343727 7.476768156781435e-05 0.11634047967152454 0.15028014320986013 0.18325163104550926 0.18324163092736437
1850.0 15.33685225065966 -8.438767596720652 88.61062318232716 -650287.6413657811 1.8701628655765478e-05 40.47815479222065 32.06976598561761 33.32751428782341 156.33368065242905 258.1229214061473 400.0 -0.06957993350672997 7.3541290721047226 7.1506405043972405 -0.026666519314710105 -17.87331748647713 2.3798493125991602e-08 0.26835338521952196 0.12746863888404705 0.14087654917481104 7.510597656453687e-05 0.11708980487208759 0.15126358034743434 0.18445476961496848 0.1844447694954453
1860.0 15.34546377091133 -8.447964187420439 88.83010346131468 -649880.6379230818 1.879828759713572e-05 40.61401796543269 32.10347326712501 33.430005855466625 155.68056658219848 257.7154387221749 400.0 -0.07041469373975479 7.399682305276491 7.184012109966059 -0.026851313532938008 -17.733677740134606 2.375602642980427e-08 0.2700877262799278 0.12830142811448308 0.14177809483788928 7.54426847047334e-05 0.11784116555485934 0.1522465607250685 0.18565947072058173 0.1856494705994861
1870.0 15.354145629440598 -8.457183198003293 89.04924639889093 -649472.0388931053 1.8897421633993306e-05 40.75181623785189 32.137085433814974 33.53452247971169 155.01578758848203 257.3039792600838 400.0 -0.0712555208055302 7.4452929297473185 7.217293758140201 -0.027034541453060976 -17.5917547944766 2.3713512987250745e-08 0.2718254269052565 0.1291366501997231 0.14268056715315577 7.57781407990503e-05 0.11859535067397134 0.15323007623128515 0.18686697971387312 0.18685697959097936
1880.0 15.362866426459291 -8.466424891795839 89.26789003721241 -649062.1842839973 1.8996839459431766e-05 40.8903551550151 32.17058493064758 33.63988709820271 154.35433114484871 256.89001530323327 400.0 -0.07210217461871438 7.490935712742058 7.25046805681238 -0.02721615367868397 -17.44766766829881 2.367098243378417e-08 0.27356551677685986 0.12997384859949743 0.14358345236547693 7.611217744436659e-05 0.11935196078350632 0.15421355599335357 0.1880766248161436 0.18806662469123284
1890.0 15.371658949149781 -8.47568895301265 89.48621928079415 -648650.7091365397 1.90987700124887e-05 41.03089025966697 32.20399053183 33.747336871318886 153.6814462731056 256.4719747825523 400.0 -0.07295494724594745 7.536637304710271 7.2835533883480865 -0.02739614930687486 -17.301364749049725 2.3628408322222536e-08 0.2753090155579036 0.13081352356194811 0.14448726986610425 7.644498642396537e-05 0.12011145776202213 0.1551975577958815 0.1892891218572577 0.1892791217300926
1900.0 15.380507675184855 -8.484975499113261 89.70415773032784 -648237.7793743829 1.9202104484916128e-05 41.17282568088146 32.23729360384512 33.856284532061245 153.00480780159614 256.0505773788987 400.0 -0.07381372942618313 7.58238527457299 7.316541148820213 -0.02757449222962307 -17.152923568851577 2.3585806128749797e-08 0.2770554437687007 0.13165545409230806 0.14539176118175323 7.677648902511394e-05 0.12087365383281522 0.15618178993588552 0.19050414123173448 0.19049414110206747
1910.0 15.389362163258285 -8.49428482718946 89.92143942796119 -647823.9433658461 1.930340469614727e-05 41.31421356745991 32.27046578533385 33.96481027290565 152.34675607290094 255.62821411296324 400.0 -0.07467810455330955 7.628138297929835 7.349403294554258 -0.027751125808138755 -17.00252232364374 2.354322232003582e-08 0.27880320944066933 0.13249888149524874 0.14629609307636474 7.710641270527705e-05 0.1216378748330126 0.15716533460765664 0.19172057585100027 0.19171057571858413
1920.0 15.398340530162432 -8.503616141744715 90.138711651177 -647407.901286972 1.9410646221959982e-05 41.45961854360624 32.30357387561531 34.07741300571309 151.65591513956025 255.19923274212766 400.0 -0.07554911031779504 7.673993423491608 7.382205537893151 -0.027926104197439586 -16.84986666762557 2.3500553985574645e-08 0.28055604165586856 0.13334561374021597 0.14720218657637943 7.743542265817901e-05 0.122405764034662 0.15815027762120665 0.19294103454096417 0.19293103440550935
1930.0 15.407258893337572 -8.512970430245502 90.35498451477987 -646991.6591764515 1.9511466545699104e-05 41.601946528899106 32.336514182892834 34.18710092118621 151.0114094453247 254.77240647768508 400.0 -0.0764251616429687 7.719799152219989 7.414845607712895 -0.028099289451831207 -16.695515926648476 2.3457966099929185e-08 0.2823081077535589 0.13419284363397407 0.1481070163491335 7.776250537621175e-05 0.12317479520461945 0.15913331254893945 0.1941614470796581 0.19415144694092476
1940.0 15.416333585073268 -8.522346525174783 90.57143846745409 -646572.844296356 1.962033799754039e-05 41.7495634972635 32.36940868840862 34.30211988343332 150.3213944184026 254.33736799298183 400.0 -0.07730817604440468 7.7657343456613415 7.447443613830184 -0.028270792462996144 -16.5388880782151 2.3415267106318494e-08 0.28406629066558037 0.13504390464088029 0.1490141317041671 7.808886876505634e-05 0.12394799248308055 0.16011829818249979 0.19538662793414513 0.19537662779180154
1950.0 15.425464764509305 -8.531744975567335 90.78753907853036 -646152.5463276214 1.973047526201406e-05 41.89857637852576 32.40220102930985 34.418632454305126 149.62924951852554 253.898873116034 400.0 -0.07819730134161258 7.811716774776469 7.479943924220632 -0.02844052947354525 -16.380304286598815 2.3372546931882773e-08 0.2858274234022589 0.13589727613881986 0.14992188634729828 7.841396572599456e-05 0.12472399190534028 0.1611034314969187 0.19661436921769876 0.1966043690714382
1960.0 15.43462528160792 -8.54116579489147 91.00314562425514 -645731.0529885472 1.9840158312258386e-05 42.04799020132892 32.434875881377 34.53565886191326 148.94580196191453 253.45821084826684 400.0 -0.07909231048710737 7.857723813748181 7.512331339415659 -0.028608465406175093 -16.219882498883518 2.3329831094231873e-08 0.28759063053098155 0.13675254244780424 0.15082982054607086 7.873765371479889e-05 0.12550242678940682 0.16208820374157468 0.19784406313120387 0.19783406298072187
1970.0 15.443832096230748 -8.550608874813179 91.21835685122113 -645308.1741176634 1.9950478524682563e-05 42.19844539486252 32.46744268897671 34.653830318261036 148.2641834294708 253.0145519278312 400.0 -0.07999337222663214 7.90376959935305 7.544615076601485 -0.028774590626295997 -16.05761139326639 2.3287105268434732e-08 0.2893564539816549 0.13760997351036103 0.1517382062758077 7.906003378157795e-05 0.1262835511195795 0.16307290286207543 0.1990760931874185 0.19906609303238826
1980.0 15.453094318192559 -8.560074148301396 91.43322890890089 -644883.8039310627 2.0062028276565133e-05 42.350310618661986 32.499906409690865 34.77351068387115 147.58095564281615 252.5674404213088 400.0 -0.08090058880159781 7.949861863110896 7.576799934790837 -0.028938890775968857 -15.893501504629882 2.3244361878605454e-08 0.29112518973599966 0.13846972056484444 0.15264718827358315 7.938116293819757e-05 0.12706751162590424 0.1640576781100954 0.20031067128590999 0.2003006711259922
1990.0 15.462430632917041 -8.569561564134972 91.64787012250487 -644457.7320945648 2.0175932821409084e-05 42.504260208965015 32.532277276544825 34.89536428899969 146.8892548098078 252.11595362799503 400.0 -0.0818141559485232 7.996016580350609 7.608895919965329 -0.02910135567638609 -15.727533106496342 2.32015842595348e-08 0.29289745345928275 0.13933209033539312 0.15355707546728475 7.970114998883835e-05 0.1278545959228361 0.16504285753644668 0.2015482336872223 0.20153823352205022
2000.0 15.47182300525109 -8.579071119201444 91.86218886088581 -644030.1484954798 2.0291084161734937e-05 42.65966915190904 32.564544928250285 35.01877642125645 146.1962614887821 251.66076509005114 400.0 -0.08273392834864177 8.042218706661624 7.640892730652596 -0.029261958260833117 -15.55979816547679 2.315878915205117e-08 0.29467266227047567 0.1401968077711201 0.15446756004032908 8.001990193707542e-05 0.12864456341311725 0.16602809885735853 0.20278837726950574 0.20277837709870905
