#Found quasiharmonic mode : phonon
#T(K), volume, F(eV), S(J/K), H(J/K), a(-6/K), Cp(J/mol), Cv, Cpion, Bt(GPa), T_ph-D(K), T-D(K), F_el_atom, S_el_atom, C_el_atom, M_el, Seebeck_coefficients(μV/K), Lorenz_number(WΩK^{−2}), Q_el, Q_p, Q_e, C_mu, W_p, W_e, Y_p, Y_e
0.0 5.707777287647897 -9.089597325621188 0.0 -877012.8167996242 0.0 0.0 0.0 0.0 433.47562543948675 400.0 400.0 0.0 0.0 0.0 0.0 0.0 2.443004551768e-08 0.0 0.0 0.0 0.0 0.0 0.0 0.0 0.0
0.28 5.773814297595223 -8.909279647506223 8.131803370398223e-09 -859614.8057395923 2.305822725375091e-14 1.0500632476952407e-08 1.0500632476950426e-08 3.571699012792777e-09 425.04066758807625 2286.0271602565786 400.0 -1.6369557846447797e-13 6.9412370328012915e-09 6.928933464159629e-09 1.9662079183722617e-06 7.310832811944776 2.4390777293126225e-08 5.074372429108535e-10 5.074372429108535e-10 0.0 1.4396712409250994e-13 2.635124146255077e-10 2.439248282853459e-10 9.999996980663599e-09 0.0
0.8 5.773815321026049 -8.909279635536173 4.743462385642758e-08 -859614.8045846224 8.452066139075242e-14 1.0258956568456851e-07 1.0258956568449249e-07 8.330499021445986e-08 425.0403813942093 2286.026639126088 400.0 -2.4349689766458655e-13 1.9666293784966297e-08 1.928457547010864e-08 9.230869732978453e-06 20.77641662707682 2.3955913529657734e-08 1.4379339394646466e-09 1.4379339394646464e-09 0.0 4.076661979030778e-13 7.933903172567092e-10 6.445436222079373e-10 9.999997852186072e-09 0.0
1.56 5.773814227433366 -8.909279648327974 2.432256933075247e-07 -859614.805818502 2.809550149558968e-13 6.523579106645071e-07 6.523579106628692e-07 6.176956379209963e-07 425.04068720674127 2286.0271959829806 400.0 -4.662530731066046e-13 3.7327147334405244e-08 3.4662272743510774e-08 3.280706833723508e-05 41.44524550601873 2.2699824523022567e-08 2.7275713733646477e-09 2.7275713733646477e-09 0.0 7.78339074376949e-13 1.648986350355317e-09 1.07858502300933e-09 9.999999038678694e-09 0.0
2.56 5.773819483118681 -8.90927958686246 9.67920004341763e-07 -859614.7998858831 9.087478395464438e-13 2.7787284249139307e-06 2.778728424885811e-06 2.729745511447428e-06 425.03921748438256 2286.024519795392 400.0 -9.57332235171162e-13 5.8004833868660284e-08 4.89829134665031e-08 8.826612528454138e-05 69.46365697713554 2.078487765740436e-08 4.209579628178716e-09 4.209579628178716e-09 0.0 1.2722475964291114e-12 2.858806377215004e-09 1.3507732509637116e-09 9.999996962607281e-09 0.0
3.8 5.773814561825661 -8.909279644446714 3.0555556480697024e-06 -859614.8054327857 2.652940620252254e-12 8.987950855496591e-06 8.987950855140856e-06 8.927947469136377e-06 425.04059365422745 2286.0270257105194 400.0 -1.847190667032259e-12 7.957315847615445e-08 6.000338636021312e-08 0.0001953147510280062 102.74974925799442 1.8975501711641064e-08 5.6483822817211405e-09 5.6483822817211405e-09 0.0 1.984630103185586e-12 4.372241499987968e-09 1.2761407817331715e-09 9.999997035697983e-09 0.0
5.29 5.773814924952029 -8.909279640281675 8.129477916756183e-06 -859614.8049995266 6.858803626561795e-12 2.415392066572067e-05 2.4153920662410584e-05 2.4086181684135743e-05 425.0404919983457 2286.0268408067345 400.0 -3.2481296396868753e-12 1.0075068981429642e-07 6.773898158492493e-08 0.0003757345007362824 138.63105471872427 1.7614366732923592e-08 6.869311606472667e-09 6.869311606472666e-09 0.0 3.0153082991033154e-12 6.019648635225953e-09 8.49662971246712e-10 9.999997017624937e-09 0.0
7.01 5.773814734097221 -8.909279642745192 1.880301669712483e-05 -859614.8051484157 1.569265986897274e-11 5.612017891710581e-05 5.612017889414445e-05 5.604733156225926e-05 425.0405450567407 2286.0269379899105 400.0 -5.229299329213351e-12 1.2057285069220042e-07 7.284735484656481e-08 0.0006457690165250558 174.42595904426173 1.66987166450291e-08 7.792418700038602e-09 7.792418700038602e-09 0.0 4.363530010330672e-12 7.433486089451595e-09 3.58932610587008e-10 9.999997100450245e-09 0.0
8.98 5.77381547526144 -8.909279634653565 3.941338664870782e-05 -859614.8041455692 3.274755902263685e-11 0.00011789920329858054 0.00011789920317048894 0.00011782300961782104 425.0403370131285 2286.026560589542 400.0 -7.890196022646239e-12 1.3905015213133467e-07 7.619368075951028e-08 0.0010246586861557786 209.25880324352178 1.6096995736956394e-08 8.455040912336876e-09 8.455040912336876e-09 0.0 5.991765231461534e-12 8.400993841092326e-09 5.404707124454948e-11 9.999997245785267e-09 0.0
11.19 5.773815417326871 -8.909279636750886 8.134556154457369e-05 -859614.8037916054 1.7663284631955162e-10 0.0002457419174485152 0.00024574191280486517 0.00024566355819087874 425.04034621909204 2229.7943763592802 400.0 -1.1267319549141373e-11 1.5606541402957326e-07 7.835925763649164e-08 0.0015246318120980184 242.27852769675377 1.5705724906633606e-08 8.91197408787478e-09 8.91197408787478e-09 0.0 7.81682206447962e-12 8.911974087874782e-09 0.0 9.999997468807197e-09 0.0
13.64 5.77381504974949 -8.909279644532337 0.00016802310891058002 -859614.8031608228 9.235056349563786e-11 0.0005114992482000609 0.0005114992466527412 0.0005114195024296268 425.0404546847787 2128.646678698823 400.0 -1.5438196839890788e-11 1.7172494922182034e-07 7.974577043398394e-08 0.002157210946538628 273.26344883951236 1.5443566285622484e-08 9.223625263986785e-09 9.223625263986786e-09 0.0 9.76917910344358e-12 9.223625263986785e-09 0.0 9.999997714777166e-09 0.0
16.34 5.773814884528719 -8.909279652779594 0.0002906442560237981 -859614.8014992703 1.5311858239799886e-10 0.0008793505182599235 0.0008793505131643339 0.0008792699449873872 425.0404992810312 2128.5945451728885 400.0 -2.044905780902547e-11 1.8620886951989702e-07 8.05732725363513e-08 0.00293526312249347 302.29993391784893 1.5250340725759958e-08 9.437414819318904e-09 9.437414819318906e-09 0.0 1.1801299266890363e-11 9.437414819318904e-09 0.0 9.999997735327944e-09 0.0
19.27 5.77381750538487 -8.909279633644895 0.0004782828205403203 -859614.7951856698 2.4459594476621285e-10 0.001442296266186134 0.001442296250851753 0.0014422153261834647 425.03976403557607 2128.563688473431 400.0 -2.631492274197873e-11 1.9953420977979567e-07 8.09400026690054e-08 0.0038615088177544024 329.25230547877584 1.5084594613193738e-08 9.584537469275502e-09 9.584537469275502e-09 0.0 1.3857044893595518e-11 9.584537469275497e-09 0.0 9.999997542860393e-09 0.0
22.45 5.7738150339817205 -8.909279682686451 0.0007578172731640751 -859614.7921209728 3.79632729244239e-10 0.002282255777299004 0.002282255734263174 0.0022821748479409576 425.04045169387683 2128.0492652141415 400.0 -3.3096821841434267e-11 2.118999617626165e-07 8.09293580465742e-08 0.004949512488368637 354.4175270203808 1.4921597869135716e-08 9.687960339005213e-09 9.687960339005211e-09 0.0 1.592040489755207e-11 9.687960339005213e-09 0.0 9.999998055972089e-09 0.0
25.87 5.773815986991487 -8.909279705216262 0.0011614699901925925 -859614.7812605381 5.736622794817289e-10 0.003498107241519903 0.0034981071282810775 0.0034980265684794567 425.0401801275973 2126.850846017119 400.0 -4.082203941289165e-11 2.2335924288098058e-07 8.067304044612476e-08 0.006202623062192637 377.8396599308854 1.4762229829167664e-08 9.761533548338452e-09 9.761533548338452e-09 0.0 1.7965164149095474e-11 9.761533548338452e-09 0.0 9.999998101658659e-09 0.0
29.53 5.7738152190391325 -8.909279768568963 0.0017304707171294422 -859614.7663195729 8.464847521762612e-10 0.0052173166899393665 0.005217316408497814 0.0052172363014602605 425.0403874272935 2124.8661987577248 400.0 -4.950170666016099e-11 2.3401418732538446e-07 8.038847910690339e-08 0.007626377664938384 399.6874321816142 1.4630415916004287e-08 9.814738393121596e-09 9.814738393121596e-09 0.0 1.998275455347978e-11 9.814738393121596e-09 0.0 9.999997309789826e-09 0.0
33.43 5.773815078611807 -8.909279855370576 0.002516106602830044 -859614.7416820119 1.222805023422879e-09 0.0076001408881293114 0.0076001402232584265 0.007600060534557759 425.04041574425685 2122.0014402422203 400.0 -5.916447970614501e-11 2.439798872376338e-07 8.035357155210592e-08 0.009225916150427723 420.17172229660883 1.4565987572667922e-08 9.853870227207393e-09 9.853870227207393e-09 0.0 2.1975542701147025e-11 9.853870227207392e-09 0.0 9.999997351537396e-09 0.0
37.58 5.773813867590827 -8.909279999818112 0.00358448772949276 -859614.7050274753 1.7345772269564953e-09 0.010855849688405621 0.010855848184464603 0.010855768839685663 425.04073831805 2118.1249232424784 400.0 -6.986629269662704e-11 2.534047921380477e-07 8.084871995943222e-08 0.011010621982918387 439.58160068300566 1.4612234300580084e-08 9.883211958800736e-09 9.883211958800736e-09 0.0 2.3959524737346575e-11 9.883211958800739e-09 0.0 9.999997513272008e-09 0.0
41.96 5.773814952361016 -8.909280180938586 0.005008053539884459 -859614.6470700667 2.417059960783786e-09 0.015219803788805856 0.015219800528211112 0.015219721703328883 425.0404116254427 2113.074997599318 400.0 -8.157807270747274e-11 2.623781868666978e-07 8.208547697233185e-08 0.012977171037179686 458.0898288015975 1.4802379219278628e-08 9.905499683754286e-09 9.905499683754286e-09 0.0 2.5942981999048964e-11 9.905499683754284e-09 0.0 9.999997348997464e-09 0.0
46.59 5.773816887360783 -8.909280442098845 0.0068882876407939265 -859614.5614808064 3.3198869874267964e-09 0.02102812460517362 0.021028117775100313 0.02102804043059987 425.03983673964575 2106.5646549101375 400.0 -9.438519045342843e-11 2.7107120572686315e-07 8.417457374727034e-08 0.015140258790868928 476.04122837556054 1.5152618656448434e-08 9.922813315977504e-09 9.9228133159775e-09 0.0 2.7955303123999646e-11 9.922813315977504e-09 0.0 9.999997549139162e-09 0.0
51.46 5.773821174803478 -8.909280799304629 0.00933863140642432 -859614.4363052741 4.4991685491604475e-09 0.028673996916205934 0.028673983060795015 0.028673909819194838 425.0385894472245 2098.243327460629 400.0 -1.082751531813785e-10 2.795780550936855e-07 8.709701109887024e-08 0.017501930740799188 493.62428862511257 1.5657165983967164e-08 9.936459906093647e-09 9.936459906093647e-09 0.0 3.001144251760726e-11 9.936459906093647e-09 0.0 9.999997561983242e-09 0.0
56.57 5.773816530846767 -8.909281429121167 0.012501915478662117 -859614.2704059455 6.0260994728913855e-09 0.038673031010790324 0.03867300368675858 0.03867294028077165 425.0398195501652 2087.6876449438664 400.0 -1.233043733039542e-10 2.879887545461513e-07 9.073001866749389e-08 0.020069100315092934 511.0203551086938 1.6292349566920832e-08 9.947383671366468e-09 9.947383671366464e-09 0.0 3.212685909616173e-11 9.947383671366464e-09 0.0 9.999997284486293e-09 0.0
61.92 5.773818296442437 -8.909282210312023 0.016554618467293496 -859614.0279507877 7.989266193637224e-09 0.051689833710683385 0.0516897811416162 0.05168973883512053 425.0392294565753 2074.48971772321 400.0 -1.3951109458318747e-10 2.963706908596631e-07 9.487556285738605e-08 0.022849844575968 528.3652061066442 1.7021592390681236e-08 9.956249411361784e-09 9.956249411361784e-09 0.0 3.431298538105252e-11 9.956249411361784e-09 0.0 9.999997248030331e-09 0.0
67.52 5.77381795216674 -8.909283320314382 0.02172545063326023 -859613.6932092828 1.0503163545006575e-08 0.06860766290584495 0.06860756383219473 0.0686075635954677 425.0391911221128 2058.370809867887 400.0 -1.5695519033619148e-10 3.0477443482562793e-07 9.931037725549833e-08 0.025857718880117262 545.7608838727132 1.7804216493134956e-08 9.963532772739096e-09 9.963532772739096e-09 0.0 3.6578589203249945e-11 9.963532772739094e-09 0.0 9.999997379943009e-09 0.0
73.35 5.773819156094803 -8.909284810228366 0.02826672062798657 -859613.2305025969 1.3693303227953088e-08 0.09043314401360392 0.09043296107658393 0.09043304022598443 425.038668515089 2039.4184134885718 400.0 -1.7563521403390023e-10 3.131838904597084e-07 1.0378761949404628e-07 0.029090614883223915 563.1722203913731 1.8595672606387748e-08 9.969542934236977e-09 9.969542934236977e-09 0.0 3.8915517892179454e-11 9.969542934236977e-09 0.0 9.999997749181364e-09 0.0
79.43 5.773820772826373 -8.909286824729305 0.03653366881101047 -859612.5963670335 1.7732881789696337e-08 0.1185415442784093 0.11854121205698938 0.11854143615790064 425.03796054627225 2017.9474548655928 400.0 -1.9563077504423887e-10 3.2162205538942756e-07 1.0812050866723101e-07 0.032568207104395536 580.6456630906632 1.9362283207562144e-08 9.974545151160147e-09 9.974545151160149e-09 0.0 4.132711938695728e-11 9.974545151160147e-09 0.0 9.999997311865507e-09 0.0
85.75 5.773824573853592 -8.909289502814971 0.046919177908611526 -859611.7333128266 2.2808675436983932e-08 0.15442654894536786 0.15442595558637073 0.15442643680127516 425.03654849408275 1994.6909583171266 400.0 -2.1698576484455624e-10 3.300556642604951e-07 1.1214409271106761e-07 0.03629355724979055 598.1114895560684 2.0074438086386514e-08 9.978714393306998e-09 9.978714393306998e-09 0.0 4.380160218351811e-11 9.978714393307e-09 0.0 9.999997062652525e-09 0.0
92.31 5.773827016706257 -8.90929309208252 0.059901405088930056 -859610.5734453 2.914202255219323e-08 0.19981043786006586 0.1998093951335782 0.19981032210650382 425.0353922151758 1970.5664479262232 400.0 -2.397079513929065e-10 3.3845780901488546e-07 1.1575356203712391e-07 0.040274721634011294 615.5135197142666 2.0713331019589074e-08 9.982194025651175e-09 9.982194025651175e-09 0.0 4.632902960892307e-11 9.982194025651174e-09 0.0 9.99999691053262e-09 0.0
99.11 5.773829348623177 -8.909297838091106 0.07603525772911102 -859609.0250098249 3.698376087073167e-08 0.2565611980299803 0.2565593949260752 0.2565610791372471 425.034103061828 1946.5557314097161 400.0 -2.6385914888879803e-10 3.4679936942165474e-07 1.188927332125239e-07 0.04451946622920704 632.7911661250242 2.126887495803835e-08 9.985099148453674e-09 9.985099148453674e-09 0.0 4.889876834346183e-11 9.985099148453673e-09 0.0 9.999997150658232e-09 0.0
106.16 5.773834618732414 -8.909304039928523 0.0959805535879821 -859606.9699549925 4.662857921900312e-08 0.3267391258644546 0.32673605582167997 0.3267390043144094 425.0317757099854 1923.5346035738307 400.0 -2.895076816987298e-10 3.5506343696650316e-07 1.2155004519659648e-07 0.049041632509027384 649.9092989622516 2.1738960557797653e-08 9.987526360613391e-09 9.987526360613391e-09 0.0 5.150387026470782e-11 9.987526360613391e-09 0.0 9.999997418340084e-09 0.0
113.44 5.773840361660209 -8.909312109731205 0.12037782731135775 -859604.2822074231 5.8357551776986087e-08 0.4121180376279104 0.41211289911880583 0.412117913892492 425.0290365058979 1902.3025697917346 400.0 -3.166049643737482e-10 3.63200575567334e-07 1.2373541838110214e-07 0.05383502817683055 666.7654710132392 2.212533472407939e-08 9.989546434361885e-09 9.989546434361885e-09 0.0 5.4126781774454687e-11 9.989546434361885e-09 0.0 9.999997371225562e-09 0.0
120.97 5.773848010005547 -8.909322542370042 0.15005047420302306 -859600.792858912 7.254013006468356e-08 0.5148682103114072 0.5148597437320499 0.5148680848177147 425.025398925796 1883.3102107357813 400.0 -3.4526534964350956e-10 3.712119256690482e-07 1.254936924378399e-07 0.05891906232220152 683.3619609543296 2.2435950535935537e-08 9.99123128535411e-09 9.99123128535411e-09 0.0 5.676569092885283e-11 9.991231285354108e-09 0.0 9.999997465373594e-09 0.0
128.74 5.773858794117594 -8.909335902415652 0.18577171421868893 -859596.3172627257 8.95264334647653e-08 0.636729545690926 0.6367158215415774 0.6367294188170175 425.0204172648715 1866.8667970871595 400.0 -3.7547505572297336e-10 3.790696258786564e-07 1.2687390839247448e-07 0.06429298232479591 699.641013771245 2.2679524919026065e-08 9.99263338895847e-09 9.99263338895847e-09 0.0 5.940917589584365e-11 9.99263338895847e-09 0.0 9.99999751697171e-09 0.0
136.75 5.773874731251606 -8.909352865625936 0.22838037612029846 -859590.6391977578 1.0970652186467467e-07 0.7794219649843775 0.7794000744873912 0.7794218370486453 425.01340176171504 1853.0454415482507 400.0 -4.0727415665977293e-10 3.867622071113615e-07 1.279357321449936e-07 0.06996212118792665 715.5787914088883 2.2866662757893103e-08 9.993800153346574e-09 9.993800153346574e-09 0.0 6.205085950847511e-11 9.993800153346574e-09 0.0 9.999997826207469e-09 0.0
145.01 5.773894356751822 -8.909374298331109 0.27880237537156066 -859583.5090234163 1.3352054540449533e-07 0.9447157766193851 0.9446813931234157 0.9447156478760914 425.0046078635038 1841.747172278686 400.0 -4.407121159095632e-10 3.94291387803904e-07 1.2874329373096183e-07 0.0759385934715244 731.1788815354681 2.300876728940522e-08 9.994771106022673e-09 9.994771106022673e-09 0.0 6.468883630621135e-11 9.994771106022673e-09 0.0 9.999997190715962e-09 0.0
153.5 5.773912171784922 -8.90940116414406 0.3377860381566213 -859574.6801558973 1.6133048600892393e-07 1.1335804391541058 1.1335273031261803 1.1335803097950332 424.99540758906835 1832.8016954571729 400.0 -4.757312240206121e-10 4.016359299030751e-07 1.2935907251408082e-07 0.08221221001651662 746.3970202429743 2.3116948375873267e-08 9.995579517201134e-09 9.995579517201134e-09 0.0 6.73130326571826e-11 9.995579517201134e-09 0.0 9.999997884111663e-09 0.0
162.24 5.773940874559739 -8.909434472021795 0.40634098349687076 -859563.8192732373 1.9362318981307726e-07 1.3476223038434818 1.3475414112045083 1.3476221739972154 424.98204378301676 1825.92048684018 400.0 -5.124547460693201e-10 4.088148151071221e-07 1.2984626646538872e-07 0.08880252093725936 761.2727034651623 2.320244974591088e-08 9.996252426464917e-09 9.996252426464917e-09 0.0 6.992765082275563e-11 9.996252426464916e-09 0.0 9.999996921473026e-09 0.0
171.22 5.773973926953023 -8.909475511350118 0.48525634852200394 -859550.6181356291 2.307688133202476e-07 1.5875399464856685 1.5874186826559844 1.5875398162203247 424.9661351250703 1820.8249643443703 400.0 -5.508357100869284e-10 4.158230890638983e-07 1.3026534383691353e-07 0.09570596186110567 775.7954026201966 2.3276027203650876e-08 9.996814248644886e-09 9.996814248644886e-09 0.0 7.252849495751277e-11 9.996814248644883e-09 0.0 9.99999650314037e-09 0.0
180.43 5.774013804089762 -8.909525590516479 0.5752580144085806 -859534.7418290818 2.730861346680845e-07 1.8536723653982345 1.853493422768698 1.8536722347261596 424.9467728376423 1817.2261515495848 400.0 -5.908741348168685e-10 4.226606363222668e-07 1.3067207474774157e-07 0.1029186151861215 789.9647731862174 2.3347605045369485e-08 9.997284173014675e-09 9.997284173014676e-09 0.0 7.511308263530552e-11 9.997284173014675e-09 0.0 9.999996902172286e-09 0.0
189.9 5.7740628287823865 -8.909586418259586 0.6774441636208138 -859515.7579709459 3.2103341497290036e-07 2.147252947289129 2.146992685358952 2.147252816171336 424.923047358656 1814.8410042251626 400.0 -6.326963757358717e-10 4.2935840605412283e-07 1.3111779306724689e-07 0.1104680750294098 803.8449601090546 2.342631868563277e-08 9.997678623405093e-09 9.997678623405093e-09 0.0 7.769095725944746e-11 9.997678623405093e-09 0.0 9.99999715139759e-09 0.0
199.6 5.774121013250651 -8.909659535975692 0.7922454251424439 -859493.3272178813 3.747078377684407e-07 2.467386192050382 2.46701353721743 2.4673860604077915 424.89475785435553 1813.4344997499447 400.0 -6.762038225622334e-10 4.359054069765512e-07 1.3164259042895337e-07 0.11833439767759765 817.4131225138012 2.351930418421188e-08 9.998009362176446e-09 9.998009362176446e-09 0.0 8.025582153734259e-11 9.998009362176446e-09 0.0 9.999997199606688e-09 0.0
209.54 5.774190997803977 -8.909746858613552 0.9204418054288142 -859467.0153825457 4.343154611453597e-07 2.814028407584547 2.813502863822845 2.8140282753074657 424.8609428306044 1812.7912454598954 400.0 -7.214649236487519e-10 4.423207256948476e-07 1.3227708091280933e-07 0.12652937094506364 830.708646958184 2.3632001707458947e-08 9.998288899621215e-09 9.998288899621215e-09 0.0 8.281297515774997e-11 9.998288899621213e-09 0.0 9.999998232764935e-09 0.0
219.73 5.774276945698023 -8.909850499781017 1.0627833583255315 -859436.3592235945 4.999864319541344e-07 3.186855540940406 3.186125239757335 3.186855407901497 424.82022904969745 1812.7320339835237 400.0 -7.68534682724695e-10 4.486224322241131e-07 1.330389091398981e-07 0.13506545422684 843.7691594979547 2.3767547850460095e-08 9.998523847149642e-09 9.998523847149642e-09 0.0 8.536761952632952e-11 9.998523847149642e-09 0.0 9.99999772122797e-09 0.0
230.16 5.774372186390957 -8.909972673243395 1.2196645922061236 -859400.9545554711 5.716188681421282e-07 3.5844594439147572 3.583459675496677 3.584459309984452 424.7743350947124 1813.1119009800946 400.0 -8.173869967028265e-10 4.548153674217962e-07 1.3393030519851427e-07 0.14393802662489072 856.6046062890265 2.3926323229837585e-08 9.998721721156452e-09 9.998721721156452e-09 5.261388851366962e-90 8.791965362362756e-11 9.998721721156452e-09 5.261388851366962e-90 9.999996148485027e-09 5.261388851366962e-90
240.83 5.774486160562217 -8.91011564966823 1.3915186614526796 -859360.3482466111 6.490757413291392e-07 4.005452679708489 4.004103992254939 4.005452544770147 424.7204955200788 1813.8089791331838 400.0 -8.680582061138448e-10 4.609106164905485e-07 1.3493834068488665e-07 0.1531514997608837 869.2375849664984 2.4105995501712298e-08 9.998892119903257e-09 9.998892119903259e-09 4.2866568206352636e-86 9.0471399379463e-11 9.998892119903257e-09 4.2866568206352636e-86 9.99999705953521e-09 4.2866568206352636e-86
251.74 5.774617754602353 -8.910281974914831 1.578677227533648 -859314.0994272478 7.321163485730311e-07 4.448127953811787 4.4463345860334575 4.44812781777553 424.65893963190126 1814.7283728010595 400.0 -9.205420214790973e-10 4.6691701227862695e-07 1.3603625688543828e-07 0.16270985746289426 881.6866914093545 2.4301781199440797e-08 9.999036545238232e-09 9.999036545238232e-09 1.9317230501019523e-82 9.302430854077403e-11 9.999036545238232e-09 1.9317230501019523e-82 9.99999700155522e-09 1.9317230501019523e-82
262.89 5.774767859188091 -8.91047431809215 1.781371157298807 -859261.7692643094 8.20411462375578e-07 4.910511899917871 4.908160456266848 4.910511762733002 424.5893808943697 1815.795213745904 400.0 -9.748783501824036e-10 4.7284162682802236e-07 1.371848702143188e-07 0.17261721964180513 893.9664110890913 2.450666785144096e-08 9.9991605258376e-09 9.9991605258376e-09 5.1356336365389146e-79 9.557900484605426e-11 9.9991605258376e-09 5.1356336365389146e-79 9.999997428646382e-09 5.1356336365389146e-79
274.29 5.774942180575595 -8.910695638812777 1.9999278287736149 -859202.867926932 9.136411269653224e-07 5.390842872616329 5.387800653850893 5.390842734280137 424.5102026927811 1816.9513638701708 400.0 -1.0311395960181332e-09 4.786942645775201e-07 1.383361913050575e-07 0.182887036857623 906.0971379521965 2.471207766580975e-08 9.999266486059672e-09 9.999266486059674e-09 8.479698568009804e-76 9.813733586684473e-11 9.999266486059672e-09 8.479698568009802e-76 9.999997322660637e-09 8.479698568009802e-76
285.93 5.7751369272098705 -8.910948764219713 2.2341916010257066 -859137.0286155614 1.011250615340851e-06 5.88633567369396 5.882451206446527 5.886335534259677 424.42254419601755 1818.152877995997 400.0 -1.089304184894355e-09 4.844716410714314e-07 1.394342831065958e-07 0.19351435002511724 918.0720106344605 2.490801195900067e-08 9.999357393295382e-09 9.999357393295382e-09 8.991777389137224e-73 1.0069543400324871e-10 9.999357393295382e-09 8.991777389137225e-73 9.999997001722608e-09 8.991777389137225e-73
297.81 5.775355871555953 -8.91123671525811 2.484088305550227 -859063.8477333407 1.1127204625317483e-06 6.394516999957854 6.389619407269183 6.394516859536211 424.3254456904295 1819.3658206347395 400.0 -1.1493644013563917e-09 4.901736324886193e-07 1.404216418251275e-07 0.20450332217927367 929.8907200269583 2.5084193117701783e-08 9.999435868456391e-09 9.999435868456393e-09 6.35525971763823e-70 1.0325075383003309e-10 9.999435868456391e-09 6.35525971763823e-70 9.999996792460291e-09 6.35525971763823e-70
309.93 5.775603539854761 -8.911562608388076 2.7494498338711812 -858982.9409914854 1.2174991517834673e-06 6.912860242249879 6.9067595292096575 6.912860101007659 424.21777414695123 1820.5647897657611 400.0 -1.2113581554647948e-09 4.957978612472732e-07 1.4124221988561796e-07 0.2158580190158446 941.5482653753612 2.523060413430442e-08 9.999504348175198e-09 9.999504348175197e-09 3.096867585031146e-67 1.0579977020851243e-10 9.999504348175198e-09 3.096867585031146e-67 9.999997230649248e-09 3.096867585031146e-67
322.29 5.775879426902507 -8.911929705612744 3.0300149474337474 -858893.953958731 1.3250107276091326e-06 7.438825429633476 7.431313262216599 7.4388252877884495 424.0998397075511 1821.732639397352 400.0 -1.2753023368339288e-09 5.01339832571561e-07 1.4184502577209848e-07 0.22758203815086908 953.0353291086876 2.5338133694621572e-08 9.99956426138884e-09 9.99956426138884e-09 1.0728272349869397e-64 1.0833806397534677e-10 9.99956426138884e-09 1.07282723498694e-64 9.999998166957732e-09 1.0728272349869397e-64
334.89 5.776183764446645 -8.91234133709169 3.32544129004728 -858796.5568424725 1.434674681063636e-06 7.969917396822387 7.960768254031924 7.969917254635604 423.97177455935474 1822.8573566414977 400.0 -1.3412228674130673e-09 5.067934035802363e-07 1.4218678272066964e-07 0.2396787650350119 964.3394131414693 2.5399054841621223e-08 9.99961455880267e-09 9.999614558802666e-09 2.7166818836766296e-62 1.1086055935700632e-10 9.99961455880267e-09 2.71668188367663e-62 9.99999723409178e-09 2.7166818836766296e-62
347.74 5.7765180103987115 -8.912801260045041 3.6355591213890652 -858690.3603661286 1.546005329002321e-06 8.504140477487065 8.493111600373355 8.504140335253021 423.8333542649067 1823.931549128068 400.0 -1.4091717873252064e-09 5.12155671658695e-07 1.4223404415351032e-07 0.25216109041433815 975.4542041657256 2.5407383972134916e-08 9.999659132957685e-09 9.999659132957687e-09 5.177073581326664e-60 1.1336372919455514e-10 9.999659132957685e-09 5.177073581326664e-60 9.999997188025622e-09 5.177073581326664e-60
360.82 5.776883865719595 -8.913312183319615 3.9594087668316305 -858575.2524255873 1.6582767756574934e-06 9.038376248275698 9.025213876049818 9.038376106311295 423.6844067328657 1824.948137226519 400.0 -1.4790581135551252e-09 5.174105078049752e-07 1.4196440368328138e-07 0.26501243626794724 986.3463413425728 2.535911911207713e-08 9.999698076868157e-09 9.999698076868152e-09 7.532511210936524e-58 1.1583800408327235e-10 9.999698076868157e-09 7.532511210936521e-58 9.999997260554087e-09 7.532511210936521e-58
374.15 5.777281802887578 -8.913878376860714 4.296950734437701 -858450.8115514028 1.7711309094595798e-06 9.571294979613187 9.555730196865998 9.571294838246484 423.5249746650515 1825.9062485795766 400.0 -1.551020711365601e-09 5.225579798598459e-07 1.4136670349658448e-07 0.2782548013182145 997.0159433306193 2.525226525067635e-08 9.999732370817633e-09 9.999732370817633e-09 8.603429874730465e-56 1.1828149808082136e-10 9.999732370817633e-09 8.603429874730465e-56 9.999997585427418e-09 8.603429874730465e-56
387.72 5.7777179797807925 -8.914502917603635 4.647369833573319 -858316.8964578226 1.883995998082137e-06 10.100520461169308 10.082275994265247 10.100520320728055 423.353613333684 1826.8024586176107 400.0 -1.6249937063987608e-09 5.275862990907916e-07 1.4044125219881792e-07 0.29188076348403846 1007.4387255202296 2.508687999831467e-08 9.999761205323172e-09 9.999761205323174e-09 7.82294552492638e-54 1.2068687300009122e-10 9.999761205323172e-09 7.822945524926375e-54 9.999996715453101e-09 7.822945524926375e-54
401.54 5.778187224166106 -8.91518990779719 5.01030830226399 -858173.219970993 1.9964856230982807e-06 10.624615343991382 10.603404247322615 10.624615204793539 423.1719890546415 1827.6394656900582 400.0 -1.7010550217175143e-09 5.324918383792446e-07 1.3919784202794392e-07 0.30590177978106914 1017.6068670526732 2.486470451072429e-08 9.999787899585366e-09 9.999787899585366e-09 5.769869911934356e-52 1.2305072843059195e-10 9.999787899585366e-09 5.769869911934354e-52 9.999997383513719e-09 5.769869911934356e-52
415.59 5.778692049044417 -8.91594185755419 5.3846035890566135 -858019.8238831498 2.108026378157483e-06 11.141220082407655 11.116754268345604 11.141219944750157 422.9797117296843 1828.416529097538 400.0 -1.7790963327508985e-09 5.372611797711269e-07 1.3765749819915177e-07 0.3202989593497883 1027.4928298001369 2.4589499949398232e-08 9.99981035701785e-09 9.999810357017852e-09 3.478775219836839e-50 1.2536510221095e-10 9.99981035701785e-09 3.478775219836839e-50 9.999997042027872e-09 3.4787752198368372e-50
429.89 5.779233732674347 -8.916763364486844 5.770128573530127 -857856.354085487 2.2184054197826894e-06 11.649653824166473 11.621637330890495 11.649653688322042 422.77658486919097 1829.1365933689021 400.0 -1.8592329456182987e-09 5.418960413640504e-07 1.3584443052133804e-07 0.3350936644426028 1037.1000092835293 2.426558620676098e-08 9.999830497915319e-09 9.999830497915319e-09 1.746080087075823e-48 1.2762939064724704e-10 9.999830497915319e-09 1.7460800870758236e-48 9.999997159249039e-09 1.7460800870758233e-48
444.42 5.779811498439218 -8.917656797069052 6.165673286937637 -857682.9292752022 2.32713995042678e-06 12.147978345409394 12.116118968679924 12.147978211616696 422.56311970018857 1829.8010670227115 400.0 -1.9413548208515478e-09 5.463859905678847e-07 1.3379269735350544e-07 0.35026570814008734 1046.4068254889166 2.3899047350613747e-08 9.999848221400332e-09 9.999848221400332e-09 7.336722150495022e-47 1.2983718966562644e-10 9.999848221400332e-09 7.336722150495024e-47 9.999997301297923e-09 7.336722150495024e-47
459.2 5.780428011401012 -8.91862686540489 6.571110233424975 -857499.2213437567 2.4340984528178455e-06 12.635840924875971 12.59984175807993 12.635840793341627 422.33870153587884 1830.4129594853218 400.0 -2.0255764743573105e-09 5.507346005661461e-07 1.3153434351195306e-07 0.36583627736901575 1055.420664009992 2.3495606243673255e-08 9.999864026673666e-09 9.999864026673668e-09 2.6201997618054618e-45 1.3198902922470837e-10 9.999864026673666e-09 2.6201997618054618e-45 9.999997630870557e-09 2.620199761805462e-45
474.22 5.781082925792379 -8.919676445030067 6.985495215735968 -857305.2826604606 2.5389622673895545e-06 13.112024525846364 13.07159356347869 13.112024396739052 422.1036507924457 1830.9745654268884 400.0 -2.111844504030374e-09 5.549372971193667e-07 1.2910731121202673e-07 0.3817948982328899 1064.1321636296495 2.3062042203908338e-08 9.999877100983229e-09 9.999877100983229e-09 8.005611031154891e-44 1.3408153153661013e-10 9.999877100983229e-09 8.005611031154889e-44 9.999997077799848e-09 8.005611031154888e-44
489.48 5.781775313452835 -8.920808979144358 7.408160519684516 -857101.0707206464 2.6415267377109685e-06 13.575824271114055 13.530673383209718 13.575824144565617 421.8583984885719 1831.4889986952626 400.0 -2.2001556022288177e-09 5.589940181675922e-07 1.265484385144754e-07 0.3981411798119353 1072.541037499294 2.2604931641949933e-08 9.999889043550725e-09 9.999889043550725e-09 2.1103943703382228e-42 1.3611357296376856e-10 9.999889043550725e-09 2.1103943703382225e-42 9.999997006901652e-09 2.110394370338221e-42
504.99 5.782507582968834 -8.922028656581338 7.838733858757344 -856886.4159030741 2.7416943431648964e-06 14.026979904531888 13.97682267638865 14.026979780640147 421.60238114017795 1831.958777009553 400.0 -2.2905553548907113e-09 5.629082293152027e-07 1.2389174113641388e-07 0.4148855491790733 1080.654548409792 2.2130351676084708e-08 9.999899366387929e-09 9.999899366387929e-09 4.847729762301783e-41 1.380858992671771e-10 9.999899366387929e-09 4.847729762301786e-41 9.999996720048882e-09 4.847729762301786e-41
520.73 5.783277784773374 -8.923337265613377 8.27601952420496 -856661.58804464 2.8392035738183757e-06 14.464498085553458 14.409060788403188 14.464497964378939 421.3363401259001 1832.386358135081 400.0 -2.3829518090389116e-09 5.666769852901818e-07 1.2117451907140596e-07 0.43200564526440544 1088.4664537310475 2.164496202626967e-08 9.999909393630462e-09 9.999909393630464e-09 9.736061550020095e-40 1.3999605390123302e-10 9.999909393630462e-09 9.736061550020097e-40 9.999997377964758e-09 9.736061550020094e-40
536.72 5.78408802173049 -8.924739766728779 8.719955444459902 -856426.3059912471 2.9340827113623358e-06 14.888655694197741 14.827664871592608 14.888655575773276 421.0597245895738 1832.7746150719634 400.0 -2.477417770574308e-09 5.703079558474002e-07 1.1842446410996893e-07 0.4495224609948251 1095.992836132535 2.1153712178736372e-08 9.999917698536478e-09 9.999917698536478e-09 1.7282092180738416e-38 1.4184703986666728e-10 9.999917698536478e-09 1.7282092180738422e-38 9.999997387599012e-09 1.7282092180738414e-38
552.95 5.784937173320909 -8.9262386122953 9.16966339218343 -856180.7317169722 3.026197682782082e-06 15.298998929806016 15.232192180567264 15.29899881413459 420.7729668381378 1833.1260235632055 400.0 -2.5739281017335917e-09 5.738024204939754e-07 1.1567142607212771e-07 0.467424176045297 1103.2362776588589 2.0661932349769293e-08 9.999925007527767e-09 9.999925007527767e-09 2.7238828490957947e-37 1.436386487478878e-10 9.999925007527767e-09 2.7238828490957943e-37 9.99999734732181e-09 2.7238828490957947e-37
569.42 5.785824577339773 -8.927837009527467 9.624565936583013 -855924.8986418762 3.1155033094051703e-06 15.695459209244772 15.622582397363182 15.695459096304653 420.4763182613444 1833.4432365029738 400.0 -2.672448224271856e-09 5.771646790487587e-07 1.1294012070957504e-07 0.48570973854326255 1110.2057369215026 2.0174037825669335e-08 9.99993104438733e-09 9.99993104438733e-09 3.835836618196573e-36 1.4537226873179782e-10 9.99993104438733e-09 3.835836618196572e-36 9.999996863785883e-09 3.835836618196572e-36
586.14 5.786750905404663 -8.929539147181723 10.084386304328573 -855658.6881059511 3.2020296249904334e-06 16.078281265339985 15.999084966729702 16.078281155089712 420.16960564675577 1833.7287067000584 400.0 -2.7730580577251768e-09 5.804014760205181e-07 1.1025027082733763e-07 0.5043893022575194 1116.915080589997 1.9693549347413782e-08 9.999936859781352e-09 9.999936859781352e-09 4.861868495810622e-35 1.470505872803135e-10 9.999936859781352e-09 4.861868495810622e-35 9.999996882328032e-09 4.861868495810624e-35
603.09 5.787716459143216 -8.931346073707903 10.548051979983702 -855382.4675317567 3.2856760611154536e-06 16.447108259057316 16.361359203658477 16.447108151434342 419.85281700450076 1833.9838592031183 400.0 -2.8756184435359036e-09 5.835141219297541e-07 1.0762297643473114e-07 0.5234395396042819 1123.3670099385906 1.9224235504156557e-08 9.999942646790623e-09 9.999942646790625e-09 5.560448086669631e-34 1.4867353286606703e-10 9.999942646790623e-09 5.56044808666963e-34 9.999997513878805e-09 5.560448086669631e-34
620.29 5.78872073843702 -8.933262966713126 11.015605906614702 -855095.9740707986 3.3665540501449994e-06 16.80253559518743 16.710001687006432 16.802535490117585 419.52604886140716 1834.2115806870625 400.0 -2.9802413231066337e-09 5.865116120493961e-07 1.0506984536561852e-07 0.5428817520298824 1129.580350313771 1.8768172372595912e-08 9.999946997084711e-09 9.999946997084711e-09 5.784874689910848e-33 1.5024510350303704e-10 9.999946997084711e-09 5.7848746899108496e-33 9.99999726629909e-09 5.784874689910849e-33
637.72 5.789763786462879 -8.935290569532732 11.486033973292667 -854799.6046046215 3.4446043278304245e-06 17.14437115910847 17.0448367619408 17.14437105650294 419.1893206103187 1834.4131896078786 400.0 -3.0868083714078308e-09 5.893960738401583e-07 1.0260552636248726e-07 0.562692352270829 1135.559384024551 1.8327974335067648e-08 9.999951026218933e-09 9.999951026218935e-09 5.486732457204192e-32 1.5176571473136343e-10 9.999951026218933e-09 5.48673245720419e-32 9.999997192727378e-09 5.486732457204193e-32
655.4 5.79084550388264 -8.937434136207221 11.959425099422385 -854493.0937224177 3.5199574552370215e-06 17.47326950354852 17.366519601294662 17.473269403312344 418.8425839173632 1834.5911633780304 400.0 -3.1954332451144072e-09 5.921764331336458e-07 1.002361758592189e-07 0.5828929594463638 1141.3225807213473 1.7904740457101152e-08 9.99995505210044e-09 9.99995505210044e-09 4.778605233791039e-31 1.5323941537957743e-10 9.99995505210044e-09 4.778605233791038e-31 9.999997547193065e-09 4.7786052337910385e-31
673.32 5.791965888267322 -8.939695389597068 12.435088174207069 -854176.6851474489 3.5926241103688885e-06 17.789333605277484 17.67516538733148 17.789333507307724 418.4858132479415 1834.7469326202713 400.0 -3.306049051109497e-09 5.948565316718602e-07 9.796975868636241e-08 0.6034713026746575 1146.8780386552683 1.749989528376187e-08 9.999958020768333e-09 9.999958020768331e-09 3.833374672527155e-30 1.5466764358178312e-10 9.999958020768333e-09 3.8333746725271546e-30 9.999997226512597e-09 3.833374672527155e-30
691.49 5.793123902364024 -8.942078478930982 12.912883995636308 -853850.2817286177 3.662700987075793e-06 18.093055925561764 17.97127053315521 18.093055829752224 418.1192241558607 1834.8827229132671 400.0 -3.4187122163302505e-09 5.974433283171369e-07 9.58095408265388e-08 0.6244379006824997 1152.240044265512 1.7114020058533438e-08 9.999961100465985e-09 9.999961100465988e-09 2.847104770807325e-29 1.5605350124539602e-10 9.999961100465985e-09 2.847104770807325e-29 9.999997352255278e-09 2.847104770807326e-29
709.89 5.794321227677174 -8.944583523346461 13.39192324359892 -853514.3195337646 3.7301898957579066e-06 18.384464953967978 18.254879168314496 18.38446486020755 417.74229183223144 1834.999004405822 400.0 -3.533295903217213e-09 5.999393681940625e-07 9.37604259611058e-08 0.6457690116052802 1157.4139171115116 1.6747991243881848e-08 9.999963965635076e-09 9.999963965635075e-09 1.9611108783555478e-28 1.5739779152222527e-10 9.999963965635076e-09 1.9611108783555487e-28 9.999997562583518e-09 1.9611108783555487e-28
728.54 5.795555570951737 -8.947215951475576 13.872368940730126 -853168.5269594032 3.795230642252637e-06 18.66424543827648 18.526675219733324 18.664245346455306 417.35554884714145 1835.0984728241956 400.0 -3.649929364112574e-09 6.023525254529916e-07 9.182117550039718e-08 0.6674867788092613 1162.416098085621 1.6401589064772353e-08 9.999965696205393e-09 9.999965696205396e-09 1.2599825179824775e-27 1.5870423183291512e-10 9.999965696205394e-09 1.2599825179824773e-27 9.99999689999372e-09 1.2599825179824775e-27
747.43 5.796827610173718 -8.949977064239778 14.353638537568612 -852813.1694574227 3.857870012377427e-06 18.932625122501147 18.786897272500386 18.932625032508525 416.95871385070774 1835.1820166969762 400.0 -3.768530188635163e-09 6.046865742304614e-07 8.999261760089857e-08 0.6895789798173433 1167.254164628859 1.6074958110875613e-08 9.999968290283925e-09 9.999968290283925e-09 7.568725860573093e-27 1.5997432514814226e-10 9.999968290283927e-09 7.56872586057309e-27 9.999997333850669e-09 7.568725860573091e-27
766.56 5.798136916350075 -8.952869450042423 14.835428561943564 -852448.3361959014 3.9181906009179286e-06 19.189998977226672 19.03594668715149 19.189998888953347 416.55179467961227 1835.2510615476945 400.0 -3.88910729257879e-09 6.069462714319408e-07 8.827332408039732e-08 0.7120449310181172 1171.938134901964 1.5767845301030192e-08 9.99997050547554e-09 9.999970505475541e-09 4.264654737222695e-26 1.6121019434095452e-10 9.99997050547554e-09 4.264654737222694e-26 9.999997595242662e-09 4.2646547372226937e-26
785.93 5.799483150003921 -8.955895644335245 15.317457086596907 -852074.1166276785 3.97627732713527e-06 19.43676629788788 19.274228676293287 19.43676621122687 416.13476299469636 1835.306933742971 400.0 -4.011657569835965e-09 6.091362142359742e-07 8.666101074029958e-08 0.7348840204634873 1176.47754514667 1.54798426213927e-08 9.999972309787404e-09 9.999972309787402e-09 2.260858681678275e-25 1.6241389264023062e-10 9.999972309787404e-09 2.2608586816782744e-25 9.999997628941446e-09 2.260858681678275e-25
805.54 5.80086626528849 -8.959058131234276 15.799463363893683 -851690.5995563747 4.032217214074134e-06 19.67332777164342 19.502149329533204 19.67332768649072 415.70749541493893 1835.3508053707849 400.0 -4.136164426182084e-09 6.112607409089202e-07 8.515270413435092e-08 0.7580957325031557 1180.8814479958507 1.521041958559973e-08 9.999973248324541e-09 9.99997324832454e-09 1.1309444347294805e-24 1.635873750479359e-10 9.99997324832454e-09 1.1309444347294805e-24 9.9999969596642e-09 1.1309444347294804e-24
825.39 5.802285735385318 -8.962359344900118 16.281204488838824 -851297.8745984308 4.0860963700109054e-06 19.90008136470078 19.720111622651203 19.900081280955852 415.26999930246996 1835.38393672201 400.0 -4.262638945548953e-09 6.133240609268343e-07 8.374492806036694e-08 0.7816795757398063 1185.1583784616748 1.4958952899139185e-08 9.99997484656731e-09 9.999974846567301e-09 5.352595614021814e-24 1.6473252611706044e-10 9.999974846567303e-09 5.352595614021815e-24 9.999997094999388e-09 5.352595614021815e-24
845.49 5.803742306905288 -8.965803409762247 16.76269544792986 -850895.8283392686 4.138027642012112e-06 20.117527068346014 19.928615545041183 20.11752698591285 414.8218910524122 1835.4073738617255 400.0 -4.391141197410875e-09 6.153309725731934e-07 8.243316294452388e-08 0.8056471312073429 1189.3184338818457 1.4724637029937047e-08 9.999975925354885e-09 9.999975925354863e-09 2.404759548241909e-23 1.6585164206895388e-10 9.999975925354862e-09 2.4047595482419084e-23 9.999996839413127e-09 2.4047595482419084e-23
865.83 5.8052348474708495 -8.969391026159228 17.243484857253932 -850484.7455791646 4.188069128421927e-06 20.32593638413444 20.127941096471243 20.325936302920454 414.36335049255865 1835.422223229876 400.0 -4.5216004957861045e-09 6.172841113226435e-07 8.121398817843959e-08 0.8299861958688266 1193.366991079195 1.4506859931248919e-08 9.999977172628295e-09 9.999977172628193e-09 1.0272236472637466e-22 1.6694581387436592e-10 9.999977172628193e-09 1.0272236472637465e-22 9.999996867754092e-09 1.0272236472637465e-22
886.41 5.806763648164029 -8.973124488120119 17.723384145914437 -850064.7114495947 4.236307916716949e-06 20.525691636418728 20.318474100282195 20.52569155633566 413.89412205036075 1835.4293419473754 400.0 -4.654033143112808e-09 6.19186875647627e-07 8.008307044090212e-08 0.8546965517353303 1197.3111688128595 1.4304848382432523e-08 9.999978018978345e-09 9.999978018977925e-09 4.1815540007491346e-22 1.6801660616974534e-10 9.999978018977927e-09 4.1815540007491346e-22 9.999996598388044e-09 4.1815540007491336e-22
907.23 5.808328585223621 -8.977006045126585 18.20221884021549 -849635.8107088775 4.282828458130124e-06 20.71716550506768 20.50059036781425 20.717165426031695 413.4140641359062 1835.4296753183637 400.0 -4.788413725475491e-09 6.210425463089249e-07 7.903598417505712e-08 0.8797779998684955 1201.157601542719 1.4117810001840512e-08 9.999979766120145e-09 9.999979766118519e-09 1.6256487037154894e-21 1.690655117729235e-10 9.999979766118522e-09 1.6256487037154898e-21 9.99999732225609e-09 1.6256487037154894e-21
928.29 5.809927176441252 -8.981037893451365 18.679821281637338 -849198.132634429 4.327705960266927e-06 20.900717248479083 20.674652367308763 20.900717170410818 412.9237252587596 1835.4248694113787 400.0 -4.924757637558215e-09 6.228539755701059e-07 7.80682640780884e-08 0.9052302565486764 1204.9124856305157 1.3944950282565166e-08 9.999980215904247e-09 9.9999802158982e-09 6.04800532210373e-21 1.7009387233984914e-10 9.999980215898197e-09 6.04800532210373e-21 9.999996831687606e-09 6.04800532210373e-21
949.6 5.811562763812155 -8.985224196897358 19.156275542722433 -848751.5415549326 4.3710497144663e-06 21.07678356797904 20.84109404139942 21.076783490803937 412.42192198769857 1835.4149483672597 400.0 -5.063111819018378e-09 6.246248931670329e-07 7.717510011557424e-08 0.9310655712579301 1208.5833094366908 1.3785407354957357e-08 9.99998125987676e-09 9.999981259855174e-09 2.1586946218436712e-20 1.711034810312858e-10 9.999981259855172e-09 2.158694621843671e-20 9.999997009416613e-09 2.1586946218436712e-20
971.15 5.8132331933720005 -8.989565184427715 19.631215290762007 -848296.3277042737 4.412912787112828e-06 21.24561478215572 21.00017240388135 21.245614705803103 411.90910363909023 1835.4011618337058 400.0 -5.203432639586611e-09 6.263570204210107e-07 7.635261619148663e-08 0.9572717617946276 1212.1736350325407 1.3638488808738109e-08 9.999982946981671e-09 9.999982946907667e-09 7.400785012467533e-20 1.7209504573474603e-10 9.999982946907667e-09 7.400785012467533e-20 9.999997897370722e-09 7.400785012467533e-20
992.93 5.814938056586475 -8.994060854896249 20.104304572770285 -847832.781552715 4.453355441927649e-06 21.407469369409704 21.15215190729458 21.407469293812834 411.3851993874554 1835.3841623384496 400.0 -5.3456518095584676e-09 6.280518727062028e-07 7.559686652329332e-08 0.9838366972958796 1215.6869102578196 1.350349303452055e-08 9.999982919285489e-09 9.999982919041487e-09 2.4400098251188107e-19 1.73069216021661e-10 9.999982919041484e-09 2.4400098251188107e-19 9.999997131237676e-09 2.440009825118811e-19
1014.97 5.816678958599223 -8.998719518563682 20.576077329061697 -847360.3401966657 4.492504568184898e-06 21.56288189561866 21.297554843317545 21.562881820715898 410.8495025536073 1835.3649161340586 400.0 -5.489952342054788e-09 6.29714145400119e-07 7.49027613538942e-08 1.010797027403864 1219.132520021318 1.337950721334409e-08 9.999983861042377e-09 9.999983860266235e-09 7.761418579411824e-19 1.740283991335886e-10 9.999983860266234e-09 7.761418579411825e-19 9.999997388193685e-09 7.761418579411821e-19
1037.24 5.818454041669094 -9.003536924523914 21.045788208544916 -846879.717055942 4.530379961653336e-06 21.7119424718673 21.436485628250225 21.711942397599977 410.3023786596266 1835.3440264443109 400.0 -5.6361467650920795e-09 6.313435570428952e-07 7.426732365257747e-08 1.0381162812962617 1222.5100345036358 1.3266001172395558e-08 9.999984591562568e-09 9.999984589180779e-09 2.3817887996531414e-18 1.7497222885795229e-10 9.999984589180779e-09 2.3817887996531414e-18 9.999997482588638e-09 2.3817887996531425e-18
1059.75 5.820262607292241 -9.00851712682248 21.513557362664873 -846390.7744750911 4.567064948673383e-06 21.855016146878597 21.569305647149037 21.85501607319218 409.7438161473566 1835.3226521307454 400.0 -5.784307722987938e-09 6.329427989822529e-07 7.368641668178188e-08 1.0658067297573153 1225.8250226159425 1.3162235884199962e-08 9.9999851816924e-09 9.999985174626836e-09 7.065566598375969e-18 1.7590204487868765e-10 9.999985174626839e-09 7.065566598375967e-18 9.999997478300046e-09 7.065566598375972e-18
1082.51 5.822106625557443 -9.013664364465424 21.979510354237934 -845893.3600700891 4.602646651877905e-06 21.992446153466055 21.696353440182477 21.992446080309808 409.17299775472566 1835.301109669116 400.0 -5.9344876480912984e-09 6.345143409354428e-07 7.315624644534323e-08 1.0938810148785871 1229.0826185857293 1.3067533810246894e-08 9.999985501259436e-09 9.999985480960262e-09 2.0299174916298698e-17 1.7681908643617354e-10 9.999985480960258e-09 2.0299174916298698e-17 9.99999723531186e-09 2.029917491629874e-17
1105.5 5.823983611762521 -9.01897601764031 22.443161648828514 -845387.9812415605 4.637156377433322e-06 22.12438191257129 21.817787658856673 22.12438183989734 408.5904621057443 1835.2803601371024 400.0 -6.086566996998178e-09 6.360585284319724e-07 7.267395133270975e-08 1.1223146280801384 1232.2833684922612 1.2981382185609109e-08 9.999986783733772e-09 9.999986727231159e-09 5.650261362422868e-17 1.7772334192579863e-10 9.999986727231156e-09 5.650261362422869e-17 9.999997969467074e-09 5.650261362422903e-17
1128.74 5.825895805374181 -9.024458593087273 22.90485132813357 -844874.262669096 4.67068959121273e-06 22.251199065938444 21.933974213851503 22.251198993702307 407.9952921921553 1835.2608524065904 400.0 -6.240682408256611e-09 6.375781093303031e-07 7.223613626024372e-08 1.1511326400128976 1235.4332562995132 1.2903177592202461e-08 9.999986698772159e-09 9.999986546067363e-09 1.5270479186909264e-16 1.7861628900913587e-10 9.999986546067365e-09 1.5270479186909264e-16 9.999997309638008e-09 1.5270479186909488e-16
1152.22 5.827842382104701 -9.030111655334116 23.364318064777564 -844352.4875849972 4.703292069241869e-06 22.373087737340565 22.045107083371242 22.37308766549988 407.3875112543857 1835.2432429625271 400.0 -6.396754286131561e-09 6.390739959444331e-07 7.18406878654195e-08 1.1803229679915455 1238.533761695196 1.2832538961159567e-08 9.999988003126418e-09 9.999987602118229e-09 4.010081883316345e-16 1.7949824644603402e-10 9.999987602118229e-09 4.010081883316344e-16 9.999997917753949e-09 4.0100818833164923e-16
1175.94 5.8298209863014705 -9.035936995403615 23.82150224178414 -843822.7246707092 4.735014069021635e-06 22.490283173190313 22.151421303186975 22.490283101703916 406.7676077106173 1835.228900559947 400.0 -6.554790089225042e-09 6.405474123480799e-07 7.148639825058757e-08 1.2098857727897452 1241.5875124671186 1.2769252506254272e-08 9.999989171347344e-09 9.99998814696939e-09 1.0243779540016362e-15 1.8036981280532225e-10 9.999988146969391e-09 1.0243779540016364e-15 9.999998042749658e-09 1.0243779540017281e-15
1199.91 5.831834911260231 -9.041938963583847 24.27655550345183 -843284.8021960093 4.765933632121968e-06 22.60306179439755 22.253186717590992 22.60306172322314 406.13434767302186 1835.2176759519923 400.0 -6.714860075099584e-09 6.420003927734873e-07 7.117440868777766e-08 1.2398340679075994 1244.5980994819683 1.2713518535274756e-08 9.999992993108295e-09 9.999990443872462e-09 2.5492358330932928e-15 1.8123199976944217e-10 9.99999044387246e-09 2.5492358330932936e-15 9.999999945340206e-09 2.54923583309383e-15
1224.11 5.833881040677086 -9.048114298348484 24.72905366401862 -842739.2312552126 4.796074126589617e-06 22.711545157439332 22.350533093457173 22.711545086528194 405.4884747349714 1835.210639828827 400.0 -6.8768412639854545e-09 6.434329812613051e-07 7.091113628075026e-08 1.2701431206914644 1247.5648955945894 1.2666481906153624e-08 1.0000000598377115e-08 9.999994416549052e-09 6.1818280651106985e-15 1.8208468933146745e-10 9.999994416549052e-09 6.181828065110698e-15 1.0000003547439154e-08 6.1818280651136954e-15
1248.56 5.83596213975536 -9.054469857961525 25.179340334580008 -842185.6142478038 4.825516888743055e-06 22.816031846851338 22.44374775019831 22.816031776138505 404.82890094449976 1835.2080550481103 400.0 -7.040855536712379e-09 6.448479237516682e-07 7.071283179456367e-08 1.3008384047047707 1250.4915498071803 1.2631037800934358e-08 1.0000018033033326e-08 1.0000003400254996e-08 1.4632778328576485e-14 1.8292929754236075e-10 1.0000003400254998e-08 1.4632778328576485e-14 1.0000012182074216e-08 1.4632778328592464e-14
1273.25 5.83807628448026 -9.06100481227202 25.627194107595354 -841624.2337554884 4.8542956683053454e-06 22.91667292299249 22.532984812306143 22.916672852375314 404.15599913004894 1835.2108609413692 400.0 -7.206846372850055e-09 6.462465616197209e-07 7.061717824869298e-08 1.3319076651697257 1253.3767227249616 1.2613903202004658e-08 1.0000056515094812e-08 1.0000022686700341e-08 3.382839446893002e-14 1.8376634114113682e-10 1.000002268670034e-08 3.3828394468930027e-14 1.000003113938679e-08 3.3828394469011355e-14
1298.18 5.840223876285012 -9.067720857226261 26.07259173192975 -841055.1413463705 4.8824605004824536e-06 23.01365792839847 22.618431545919012 23.01365785769455 403.46942463206466 1835.2195237386934 400.0 -7.3748120754895535e-09 6.476319406550299e-07 7.070392011578337e-08 1.363351190304076 1256.2178568085747 1.2629289751609671e-08 1.0000141718729426e-08 1.0000065270467061e-08 7.644826236925634e-14 1.8459711934623163e-10 1.0000065270467061e-08 7.644826236925634e-14 1.0000073412410517e-08 7.644826236965245e-14
1323.35 5.842404291883072 -9.074619648215863 26.515510495933142 -840478.3898059921 4.910055176821451e-06 23.107166416452344 22.70026544503472 23.10716634531621 402.76918979905776 1835.2348245233552 400.0 -7.544765340977577e-09 6.490093324891313e-07 7.11361337739377e-08 1.3951690255934392 1259.0075952788736 1.27062562539486e-08 1.0000327812451605e-08 1.0000158787130563e-08 1.690253210421242e-13 1.8542378349028888e-10 1.0000158787130563e-08 1.690253210421242e-13 1.0000166635344296e-08 1.6902532104397302e-13
1348.77 5.844619030912446 -9.081705651158337 26.956108017127246 -839893.7961578324 4.937136764108898e-06 23.19740561581114 22.778686356691008 23.19740554357306 402.0546635156242 1835.2571605857754 400.0 -7.716773860014296e-09 6.503887297778473e-07 7.223807924784176e-08 1.4273736908884673 1261.730373342758 1.2902576313671906e-08 1.0000721701879552e-08 1.000035567436444e-08 3.66027515115309e-13 1.8625039561566415e-10 1.000035567436444e-08 3.66027515115309e-13 1.0000363244544161e-08 3.6602751512359545e-13
1374.42 5.846865913764449 -9.08897490513098 27.394023025247318 -839301.8692255478 4.963724575960629e-06 23.284467873867953 22.853793438066646 23.284467799231116 401.32640047298224 1835.2872298024765 400.0 -7.890700889652662e-09 6.51787188438379e-07 7.463683535272283e-08 1.4599388796111608 1264.3495697671324 1.3329928362004355e-08 1.0001542617221845e-08 1.0000766156851556e-08 7.764603702883498e-13 1.8708319389233002e-10 1.0000766156851557e-08 7.764603702883499e-13 1.0000773463895234e-08 7.764603703240255e-13
1400.32 5.8491465768216315 -9.096434676434548 27.829586836611693 -838702.1938246281 4.98987947974324e-06 23.368577209602222 22.925798597347505 23.368577130075167 400.5837373435424 1835.3256681583962 400.0 -8.066709069086013e-09 6.532400177964477e-07 7.952705363343784e-08 1.4928876844365788 1266.7991153183948 1.4200924402782669e-08 1.0003221046160236e-08 1.0001605445872448e-08 1.6156002877894145e-12 1.879354295665414e-10 1.0001605445872446e-08 1.6156002877894145e-12 1.0001612503689761e-08 1.6156002879373207e-12
1426.46 5.851461233929007 -9.104083758896536 28.2626246905309 -838095.0415093756 5.015634254376536e-06 23.449849064561604 22.994818425037668 23.449848975432573 399.82650394759173 1835.3727018148456 400.0 -8.244768662343117e-09 6.548109477353395e-07 8.912903010498814e-08 1.5262025671604065 1268.9475958458795 1.5910169567887753e-08 1.0006586658488625e-08 1.0003288150932364e-08 3.2985075562578088e-12 1.888297727723914e-10 1.0003288150932369e-08 3.2985075562578096e-12 1.000329497308504e-08 3.2985075568486924e-12
1452.84 5.853807952593082 -9.111923671648533 28.69312567356318 -837480.461007519 5.041016543457021e-06 23.528423122955356 23.06099047077335 23.528423015458596 399.05534343306203 1835.429504803881 400.0 -8.424914747178827e-09 6.566192141030803e-07 1.074967610972418e-07 1.5598733917843814 1270.5516307782325 1.917623837733856e-08 1.0013215151175323e-08 1.0006603274792773e-08 6.611876382551177e-12 1.898076944024151e-10 1.0006603274792772e-08 6.611876382551175e-12 1.0006609874902928e-08 6.611876384828375e-12
1479.46 5.856187032234686 -9.119955961904298 29.12108946709074 -836858.4928811282 5.066059928971251e-06 23.604434674796718 23.124446899470968 23.604434532911675 398.2703287756464 1835.4965571960065 400.0 -8.607250497817463e-09 6.588817231137557e-07 1.4188504362302394e-07 1.5938809476989113 1271.167676960071 2.5278381611542514e-08 1.0026028636500642e-08 1.0013009811219428e-08 1.301882528121314e-11 1.9094271649706015e-10 1.0013009811219428e-08 1.3018825281213138e-11 1.001301620377652e-08 1.3018825289687114e-11
1506.33 5.858601626877663 -9.12818529481912 29.546682458984986 -836228.9356350802 5.0908133974709866e-06 23.678041507128892 23.185336534899303 23.67804130209584 397.47066652127205 1835.573761690314 400.0 -8.792044958581296e-09 6.619889732976569e-07 2.0503305370879144e-07 1.6282019304228892 1270.0059326000292 3.644038231715981e-08 1.005038141666581e-08 1.0025186228289261e-08 2.5195188376547386e-11 1.9236397382728792e-10 1.0025186228289261e-08 2.519518837654739e-11 1.0025192429937535e-08 2.5195188407029082e-11
1533.43 5.861048013646151 -9.13660700651549 29.96958396223751 -835592.3023383522 5.115278784922573e-06 23.749309187966524 23.243732195892097 23.749308869353012 396.6578370786513 1835.6622316762425 400.0 -8.979507274369731e-09 6.66621822475366e-07 3.186135104685753e-07 1.6627445190797037 1265.7045022658608 5.637218232634116e-08 1.0095804410312512e-08 1.0047897833272863e-08 4.790657703965053e-11 1.9429054394967372e-10 1.0047897833272864e-08 4.790657703965053e-11 1.0047903865247847e-08 4.790657714555322e-11
1560.78 5.8635281398989525 -9.145228805356343 30.390111715341295 -834948.1600351272 5.1395004978164314e-06 23.818407094593923 23.299790551651828 23.818406575908398 395.83156560236347 1835.7625617277856 400.0 -9.170362091727623e-09 6.739569271247771e-07 5.186855234806656e-07 1.6974168502542413 1255.9966123523247 9.102058611110416e-08 1.0179022814255078e-08 1.0089507235731635e-08 8.951557852344174e-11 1.9709283259429142e-10 1.0089507235731633e-08 8.951557852344178e-11 1.0089513127233833e-08 8.951557887894367e-11
1588.37 5.866041239796044 -9.154049083349637 30.80811592842107 -834296.7789525451 5.16349042855363e-06 23.885419266327144 23.35359751980004 23.885418404076972 394.9927640832523 1835.8752540326457 400.0 -9.365630733063169e-09 6.859511472333558e-07 8.622501687421349e-07 1.7320052538064488 1237.3358734290102 1.491222767368129e-07 1.0328383395987012e-08 1.0164187392875256e-08 1.641960031117544e-10 2.013715250146702e-10 1.0164187392875258e-08 1.6419600311175444e-10 1.0164193187095954e-08 1.641960042623244e-10
1616.2 5.868588633638491 -9.16306933765521 31.22361003781619 -833638.189739133 5.187270811592915e-06 23.95045229275414 23.405256380460816 23.95045085867371 394.1418629912934 1836.0004767940056 400.0 -9.56715431210336e-09 7.057534058027248e-07 1.4340804309990585e-06 1.7661821540878881 1204.6571957488402 2.4188326562146265e-07 1.0590324675284858e-08 1.0295158243296729e-08 2.951664319881303e-10 2.0807057100832075e-10 1.0295158243296732e-08 2.951664319881303e-10 1.0295164006415755e-08 2.9516643556666583e-10
1644.27 5.871167223049506 -9.172290920621053 31.636592632349373 -832972.4356097899 5.210841414374681e-06 24.01360279973596 23.454863175017913 24.013600451298775 393.28081791721496 1836.1397658391202 400.0 -9.777943322630052e-09 7.381746441908744e-07 2.3484371813916866e-06 1.7994491746213117 1151.8052468690464 3.8006945368446643e-07 1.1037165876564704e-08 1.051857876934742e-08 5.185871072172842e-10 2.1859695779889488e-10 1.051857876934742e-08 5.185871072172842e-10 1.0518584604042016e-08 5.185871178562313e-10
1672.59 5.873781293723788 -9.181718712390387 32.04723147685958 -832299.3005015247 5.234235443109145e-06 24.07499062359827 23.502528765155034 24.07498688486787 392.40936981461346 1836.2927197764666 400.0 -1.0002975776951376e-08 7.900970773880192e-07 3.7387303998157505e-06 1.8311337638422918 1073.3387795904778 5.671820736773138e-07 1.1774520811769082e-08 1.0887255946264411e-08 8.872648655046771e-10 2.3491167774083404e-10 1.0887255946264406e-08 8.87264865504677e-10 1.0887262010990543e-08 8.872648955240597e-10
1701.14 5.876427110407147 -9.191347412309803 32.4552422121871 -831619.2969701741 5.257433783696431e-06 24.134660342121727 23.548306822411767 24.134654614082866 391.53004233565326 1836.4603970326489 400.0 -1.0249425936126799e-08 8.704294336893187e-07 5.728038861843001e-06 1.8604065548849384 968.032414910736 7.905509092798531e-07 1.2942485936615314e-08 1.147123826927015e-08 1.4712476673451645e-09 2.5947701935481823e-10 1.1471238269270143e-08 1.4712476673451647e-09 1.1471244803951588e-08 1.4712477469771588e-09
1729.94 5.87910749644125 -9.201185197606716 32.860928064000625 -830931.9757936745 5.280457447497115e-06 24.192739829708067 23.59231378689084 24.19273142597043 390.643473602592 1836.6432023628531 400.0 -1.0528012440395048e-08 9.897797498060863e-07 8.40373764134832e-06 1.8865229959548264 841.60836692283 1.0203006959540736e-06 1.471248019359081e-08 1.235623541577304e-08 2.3562447778177663e-09 2.9512877377684463e-10 1.235623541577304e-08 2.3562447778177663e-09 1.2356242776962518e-08 2.3562449750143984e-09
1758.98 5.881821383608605 -9.211230101530624 33.264159382576636 -830237.6045091589 5.303293802133386e-06 24.24928804911734 23.634612953297754 24.24927623858717 389.75177082397386 1836.8417133719663 400.0 -1.0852776376822753e-08 1.1595099619425614e-06 1.1810530167564612e-05 1.9089599607186507 706.159228601031 1.2212577929740395e-06 1.727442633151477e-08 1.3637207680864593e-08 3.6372186506501714e-09 3.447789875133616e-10 1.3637207680864593e-08 3.6372186506501705e-09 1.3637216389267478e-08 3.6372191045913137e-09
1788.26 5.884568643700525 -9.221483495320248 33.66495141700863 -829536.2116640928 5.325934096765938e-06 24.304380777789767 23.675280139135047 24.30436479196865 388.85692930566387 1837.0565625511115 400.0 -1.1241785332725017e-08 1.3913651144574956e-06 1.598582111954191e-05 1.92758625296934 575.0648188128708 1.370729298627536e-06 2.0831706193871104e-08 1.5415847105891428e-08 5.415859087979686e-09 4.1130788041139106e-10 1.5415847105891425e-08 5.415859087979685e-09 1.541585791695385e-08 5.415860060743989e-09
1817.79 5.887350453728995 -9.231950316485372 34.06345556881318 -828827.5835029974 5.348375730685057e-06 24.358107882778384 23.71440057405461 24.358086881521665 387.96058979628975 1837.2883562119275 400.0 -1.1717464382279463e-08 1.6977760526993037e-06 2.1001256716545443e-05 1.942628148723641 457.97121310850275 1.4650064245526665e-06 2.5606330286433334e-08 1.7803158035211323e-08 7.80317225122201e-09 4.976494842910432e-10 1.780315803521133e-08 7.803172251222012e-09 1.7803172047143e-08 7.80317420379123e-09
1847.55 5.890165647055175 -9.242624855587799 34.45942192024168 -828112.2238832132 5.370595664441729e-06 24.410501716678922 23.75201678814416 24.41047474125406 387.0649128674602 1837.5373188060412 400.0 -1.230628040393322e-08 2.0921372850313282e-06 2.697542486503799e-05 1.9545156866483167 359.27794710433403 1.5131476012338804e-06 3.184407135298867e-08 2.0922027404882274e-08 1.0922043948106395e-08 6.068613643958902e-10 2.0922027404882277e-08 1.0922043948106395e-08 2.0922046215781956e-08 1.0922047648416485e-08
1877.56 5.893014518597675 -9.253515565460397 34.853128568239754 -827389.6825364518 5.392587587558763e-06 24.46165988036281 23.788218950399543 24.461625794811265 386.17161232773594 1837.8047114605774 400.0 -1.3040723828921123e-08 2.5904265971849035e-06 3.4085551541789734e-05 1.9637733097660879 279.07823947011457 1.5281871113143811e-06 3.9841472553793136e-08 2.4920724459872365e-08 1.4920748093920784e-08 7.425531086927806e-10 2.4920724459872365e-08 1.4920748093920778e-08 2.4920750409825766e-08 1.4920754776358427e-08
1907.81 5.895897576376453 -9.264601167697734 35.24447034462206 -826658.3676564824 5.414332020559074e-06 24.51162441587859 23.823055203030666 24.511581869326285 385.2825761647043 1838.0922115107378 400.0 -1.3958865710210729e-08 3.2110685292210232e-06 4.2546552303070386e-05 1.970893101480182 215.3615381410874 1.5216130864914945e-06 4.994611665871708e-08 2.997304436714772e-08 1.9973072291569337e-08 9.088100928749762e-10 2.997304436714772e-08 1.9973072291569343e-08 2.997308087657714e-08 1.9973083882623928e-08
1938.3 5.898814289928049 -9.275693251305249 35.63351158288323 -825899.908494327 5.435809108149955e-06 24.560435768905002 23.85656868532503 24.56038315622505 384.3997801483133 1838.4147907673125 400.0 -1.510634919825254e-08 3.975979806408761e-06 5.2612679952317795e-05 1.9763074538857095 165.34491294933105 1.501837395247093e-06 6.25761873357238e-08 3.628807532114635e-08 2.6288112014577437e-08 1.1104365435578786e-09 3.628807532114635e-08 2.6288112014577433e-08 3.628812738185637e-08 2.6288131458452016e-08
1969.03 5.90176569337214 -9.286999300425471 36.02022377563431 -825134.3106788221 5.4570185365503155e-06 24.608173100518428 23.888838727054267 24.608108526530028 383.52373590304194 1838.7540540719897 400.0 -1.65376075062921e-08 4.910944920465148e-06 6.457398840094874e-05 1.9803725851350218 126.296583654558 1.474434414187938e-06 7.823007395838085e-08 4.4115013558617497e-08 3.411506039976335e-08 1.3530048584886086e-09 4.41150135586175e-08 3.411506039976335e-08 4.4115088427402274e-08 3.411509211984089e-08
2000.0 5.904751846485026 -9.29852061498783 36.40462719083072 -824361.5953801059 5.477957723892518e-06 24.65488945127234 23.919919135208417 24.654810693939016 382.6549965433205 1839.110417534616 400.0 -1.8317357874445722e-08 6.04606494957663e-06 7.875733331933881e-05 1.9833734672679548 95.85387929957675 1.4429072723598057e-06 9.749765470928404e-08 5.374879699966373e-08 4.3748857709620315e-08 1.6429197490986658e-09 5.3748796999663726e-08 4.374885770962031e-08 5.3748905171528466e-08 4.374890825676476e-08
