#Found quasiharmonic mode : None
#T(K), volume, F(eV), S(J/K), H(J/K), a(-6/K), Cp(J/mol), Cv, Cpion, Bt(GPa), T_ph-D(K), T-D(K), F_el_atom, S_el_atom, C_el_atom, M_el, Seebeck_coefficients(μV/K), Lorenz_number(WΩK^{−2}), Q_el, Q_p, Q_e, C_mu, W_p, W_e, Y_p, Y_e
0.0 29.195141178068116 -4.192572513981387 0.0 -404521.75144867756 0.0 0.0 0.0 0.0 51.454069028560745 400.0 400.0 0.0 0.0 0.0 0.0 0.0 2.443004551768e-08 0.0 0.0 0.0 0.0 0.0 0.0 0.0 0.0 0.0
0.28 29.19514117933465 -4.192572514449703 0.0003266103984561674 -404521.75140241213 1.0229379466538725e-10 0.000328719075149726 0.00032871907512587096 3.163015028089448e-06 51.454069024739056 238.0524121628218 400.0 -4.724094800046787e-10 0.00032555606012142255 0.0003255560601216366 8.806818323138716e-13 5.5148976426920836e-06 2.4430045089931452e-08 1.190181261375975e-05 5.945490403486536e-06 5.934611430164232e-06 0.000325556060121591 1.0229379466538725e-10 5.950906486213776e-06 5.950906127545973e-06 8.24972103136001e-06 8.249721084974939e-06
0.8 29.19514118913951 -4.19257251785362 0.0009547511536736979 -404521.75105849025 3.4057002368186515e-10 0.0010039331176977366 0.0010039331169422504 7.377294565047138e-05 51.45406895717081 238.05241195866088 400.0 -3.856198777907381e-09 0.0009301601720420362 0.0009301601720472653 6.3550438864524656e-12 1.575685253376381e-05 2.4430045090066528e-08 3.400517890618162e-05 1.69971740547562e-05 1.6986293994171462e-05 0.0009301601720462015 3.4057002368186515e-10 1.7002590879760404e-05 1.700258802642122e-05 2.3570598490770238e-05 2.3570598516698723e-05
1.56 29.195141229534183 -4.1925725293124385 0.001996152915731787 -404521.7498139005 9.383061469627364e-10 0.0023608545507412086 0.0023608545395587465 0.0005470422130569948 51.45406861793091 238.04877732483126 400.0 -1.4663122139277132e-08 0.0018138123376211072 0.0018138123376842139 2.394768758471411e-11 3.072564178821134e-05 2.4430045090843105e-08 6.631009894508405e-05 3.314963570735997e-05 3.3138752372512856e-05 0.0018138123376763267 9.383061469627364e-10 3.3155054895428566e-05 3.31550440496555e-05 4.596266050026499e-05 4.596266049138881e-05
2.56 29.19514137462316 -4.192572559023273 0.00378306729292081 -404521.7461099065 2.5711159266050808e-09 0.005401479382978156 0.0054014792451915535 0.0024249668107536176 51.45406746413152 237.80428499929522 400.0 -3.9487239026854486e-08 0.002976512567193319 0.002976512572224538 6.449995374827067e-11 5.037465595280517e-05 2.4430045134740167e-08 0.0001088165730931364 5.440287651489665e-05 5.4391985711174584e-05 0.002976512572189726 2.5711159266050808e-09 5.4408301146753576e-05 5.44082719463828e-05 7.542590228682287e-05 7.542590227315212e-05
3.8 29.19514185556273 -4.192572629093652 0.007078042692640645 -404521.73565876036 6.765137563776995e-09 0.012515156594450324 0.012515155178459168 0.008096895605096638 51.45406359797349 236.1705520652142 400.0 -8.700491717635704e-08 0.004418260915835866 0.004418260989353686 1.4182136419187976e-10 7.416461098106323e-05 2.443004554035854e-08 0.0001615246031199276 8.075689863097926e-05 8.074599362106527e-05 0.0044182609892411875 6.765137563776995e-09 8.076233364232108e-05 8.076226947760654e-05 0.00011196032418561191 0.00011196032417175492
5.29 29.19514333258699 -4.192572790955808 0.013552502257870323 -404521.7064799095 1.7039376550790624e-08 0.02965616219197866 0.02965614968689287 0.023505477227665897 51.45405175973892 230.46997903353608 400.0 -1.6861177831121813e-07 0.006150684608181593 0.006150684964312762 2.72627930447888e-10 0.00010108523270917661 2.4430046682945793e-08 0.00022485926107695042 0.00011242423954357295 0.0001124133106645154 0.006150684964020676 1.7039376550790624e-08 0.0001124296921108569 0.00011242956896609347 0.00015586056324026342 0.00015586056322748767
7.01 29.195147907060225 -4.192573164841764 0.027236342625119495 -404521.6233203953 4.9064362670334176e-08 0.07776470674560808 0.07776456934973035 0.06961417528955581 51.454015085318176 212.66729816530773 400.0 -2.9608241919782727e-07 0.008150530415460142 0.008150531456052263 4.716813724456808e-10 0.0001300062657942813 2.4430048627312663e-08 0.00029797044481407603 0.00014897984936244356 0.00014896888458034823 0.008150531455416582 4.9064362670334176e-08 0.00014898532861456988 0.00014898511619950626 0.00020653737301336075 0.00020653737300003498
8.98 29.195164738003722 -4.1925741226685185 0.062279968101315274 -404521.34738927614 1.6693942911445353e-07 0.24001802866561472 0.24001599107628735 0.22957696909972192 51.45388014371417 183.02685847580352 400.0 -4.85880499962526e-07 0.010441055992813985 0.010441059565892797 7.586239988404632e-10 0.00016081922826754105 2.443005437518704e-08 0.0003817084134908543 0.00019084885924660182 0.00019083784336439163 0.010441059564669994 1.6693942911445353e-07 0.00019085437686423956 0.00019085403662661468 0.0002645801074703194 0.0002645801074568952
11.19 29.195225141821435 -4.192576810708621 0.15712977047620663 -404520.4077377001 5.009976425439118e-07 0.6983389936285642 0.6983161260207957 0.6853283186931711 51.45339584904684 158.31926268206763 400.0 -7.544626473619357e-07 0.013010650690217711 0.013010674935393048 1.1519805233904008e-09 0.00019509780057978943 2.443009437790895e-08 0.00047564865660604017 0.0002378190154846272 0.00023780793021093924 0.013010674933259601 5.009976425439118e-07 0.00023782458546260337 0.00023782407114343666 0.00032969451502463086 0.00032969451501221214
13.64 29.195399998900687 -4.192584115883772 0.37877648419821086 -404517.70435083786 1.1845548981235003e-06 1.649805884637137 1.649650060472461 1.633946371055825 51.45199393636004 143.6044050734297 400.0 -1.1210076719455398e-06 0.015859368940359313 0.015859513581312146 1.6910794904915874e-09 0.00024699268021437915 2.4430286846894318e-08 0.000579792895947328 0.0002898911830178416 0.00028988000193046535 0.01585951357787082 1.1845548981235003e-06 0.00028989682417145937 0.00028989607177586866 0.0004018817659953721 0.00040188176598373584
16.34 29.19580218871033 -4.1926016895950085 0.8036687786345006 -404511.43451960466 2.2640499524032438e-06 3.168075322036579 3.167393434306226 3.1490757968482574 51.44876927331644 135.42451308514612 400.0 -1.608752790104719e-06 0.018998969054285428 0.018999525188321844 2.4904777515327437e-09 0.00034784194382572736 2.443082922550962e-08 0.0006945701781550013 0.00034727989829684883 0.0003472685686554965 0.01899952518312315 2.2640499524032438e-06 0.0003472856435129361 0.0003472845346420651 0.00048143915442810795 0.0004814391544199653
19.27 29.196559238880646 -4.192637999675806 1.4813668438723455 -404499.5239185712 3.659096022034737e-06 5.1368429075795525 5.134742622920384 5.114435028003588 51.442699123448904 130.71291059430993 400.0 -2.237479203041855e-06 0.022406421519531903 0.02240787957596435 3.770925237799844e-09 0.0005204146423654256 2.443181055200127e-08 0.0008191373004600668 0.0004095635862283915 0.00040955200264573745 0.022407879568572653 3.659096022034737e-06 0.00040956949550683254 0.0004095678049532343 0.0005677819683942064 0.0005677819683929226
22.45 29.197799117718514 -4.192704547020535 2.4322308153752235 -404479.8871185053 5.240812442049998e-06 7.3647841726299506 7.359765407046184 7.338676016010376 51.432756755345565 127.79842645579994 400.0 -3.0370058866458853e-06 0.02610528897303195 0.026108156619574982 5.835634669775287e-09 0.0007509154724033048 2.4433066689339542e-08 0.0009543547112029916 0.0004771725063666792 0.00047716049262268057 0.026108156609568185 5.240812442049998e-06 0.0004771786771350928 0.0004771760340678988 0.0006615061999022946 0.0006615061999083018
25.87 29.19961564377025 -4.192814288312096 3.636453098832387 -404451.00408360723 6.86307967663257e-06 9.637367018942587 9.627451354322199 9.607278254724317 51.41818849854702 125.89774400038368 400.0 -4.033031395600768e-06 0.030084270291959994 0.03008876421826964 8.904869988917923e-09 0.0009851072626421258 2.443421472513168e-08 0.0010998097307395175 0.000549900342184556 0.0005498876754217733 0.030088764205189137 6.86307967663257e-06 0.0005499068990952915 0.0005499028316442258 0.0007623253165561763 0.0007623253165697597
29.53 29.20207105220097 -4.192981104123658 5.055350472633311 -404411.8899047986 8.417769803973915e-06 11.799372452784185 11.782350280255 11.765022946966688 51.39849298691889 124.59781718974973 400.0 -5.25533812126044e-06 0.03434366861799773 0.03434950581749617 1.3001424519961848e-08 0.0011595256516958971 2.4434866078460573e-08 0.001255515628184782 0.0006277537223043928 0.0006277401915043535 0.034349505800665474 8.417769803973915e-06 0.0006277607929767459 0.000627754835208036 0.000870248177443888 0.0008702481774630523
33.43 29.205197052101887 -4.193218936500974 6.642286872606317 -404362.07009001845 9.83945725167268e-06 13.760467584616913 13.734148509004132 13.721577458915364 51.37341264048252 123.67230196485585 400.0 -6.735826530015014e-06 0.03888374423682195 0.038890125701549545 1.791197347963113e-08 0.00123215529548094 2.4434789498983995e-08 0.0014214851848467639 0.0007107389954422954 0.0007107244734463546 0.038890125679972534 9.83945725167268e-06 0.0007107466813701189 0.000710738503476645 0.000985283664146734 0.000985283664166573
37.58 29.209011788956527 -4.193542127611008 8.355675683670839 -404301.2986495672 1.1101520335954243e-05 15.487126778452412 15.44948141468542 15.443404648408324 51.34279757423975 122.98826877265297 400.0 -8.513049957605999e-06 0.04371637177177676 0.04372213004408824 2.3271639675059883e-08 0.0011979172548145446 2.443395702481921e-08 0.0015981557393483343 0.0007990747640394144 0.0007990592574204553 0.04372213001658505 1.1101520335954243e-05 0.000799083121894837 0.000799072617453497 0.001107735396863545 0.0011077353968817155
41.96 29.213489631798318 -4.193961837561777 10.147063200112802 -404230.0300238768 1.219323205526772e-05 16.96886333275477 16.918184646825903 16.920041021897372 51.306848362059725 122.46859430278649 400.0 -1.06146164883623e-05 0.04881848228418235 0.048822310857393796 2.8650779297644117e-08 0.001088436553586978 2.443250921799709e-08 0.0017846861491733557 0.0008923403830424044 0.0008923240459770058 0.048822310823022054 1.219323205526772e-05 0.0008923494165253408 0.000892336732648015 0.001237021311443966 0.0012370213114557826
46.59 29.218634479237885 -4.194491803786292 11.991593664962457 -404148.24641408765 1.3129510133852506e-05 18.229918260242087 18.16471511957425 18.175703999710212 51.265527669621456 122.05965117949594 400.0 -1.3088452047659573e-05 0.05421361259951335 0.054214260531875905 3.3798482389719764e-08 0.0009604775557187519 2.4430656623769808e-08 0.0019819376673095943 0.0009909664330091667 0.0009909495115440934 0.054214260490285056 1.3129510133852506e-05 0.0009909761148927348 0.00099096155241686 0.0013737395598478184 0.0013737395598512534
51.46 29.224415580694178 -4.195142059925754 13.859258083575734 -404056.4775215365 1.392447929185581e-05 19.29274375406892 19.21179713887231 19.232856943653303 51.21907574706415 121.72912209525077 400.0 -1.5970515965731133e-05 0.05989039225262316 0.05988681041561749 3.8687354248938015e-08 0.0008840116758267846 2.4428624311801953e-08 0.002189494030069706 0.0010947447797092183 0.0010947275246806266 0.059886810367407034 1.392447929185581e-05 0.001094755079230816 0.00109473895083889 0.0015176028688233044 0.0015176028688172673
56.57 29.230810660807478 -4.195922621131629 15.730488759439561 -403955.1139005847 1.4597246629356622e-05 20.185647804101187 20.08793354686138 20.11980727707335 51.167664355971596 121.45428545661913 400.0 -1.9303440292710373e-05 0.06584914191768118 0.0658405270278393 4.3654864579500436e-08 0.0009302450357112818 2.4426590674801353e-08 0.002407365523365489 0.0012036806245440577 0.0012036631699083972 0.06584052697482033 1.4597246629356622e-05 0.0012036915523903824 0.0012036739709751062 0.001668619419176902 0.0016686194191611137
61.92 29.237798068585732 -4.196842694485878 17.590897878761286 -403844.5328362128 1.5166464187784624e-05 20.93556981720472 20.8202096186837 20.863493823547838 51.11145979657622 121.21944886638165 400.0 -2.3132005093793573e-05 0.0720902259044737 0.07207599365687946 4.944125839917119e-08 0.0011650432164701401 2.4424670163127438e-08 0.0026355637382020564 0.0013177798842194126 0.001317762121537975 0.0720759936025911 1.5166464187784624e-05 0.0013177915422413501 0.0013177721959607056 0.0018267979638321395 0.0018267979638075316
67.52 29.245371531918636 -4.1979127712499364 19.43337682647654 -403724.8663415161 1.5649854621371222e-05 21.56754265259238 21.433728009648636 21.48893723366807 51.0505042409815 121.01320432782067 400.0 -2.7511306226505126e-05 0.07862571919422164 0.07860541892430968 5.722737720052888e-08 0.00164721520107021 2.44229116205661e-08 0.0028745286499725496 0.001437262727440773 0.0014372441862604284 0.0786054188751796 1.5649854621371222e-05 0.0014372753631666478 0.001437253286805902 0.001992443832968351 0.001992443832934749
73.35 29.25348607712015 -4.199136881076122 21.24417563563839 -403596.8563050965 1.606045239672594e-05 22.09997857016781 21.947035284055666 22.014572604909947 50.985151098004756 120.8283242518657 400.0 -3.247483473401306e-05 0.08543271241643179 0.08540596525786336 6.858211233716955e-08 0.002424460717187545 2.4421323409730722e-08 0.0031234215565147366 0.0015617100341243477 0.0015616897820202856 0.08540596522538423 1.606045239672594e-05 0.001561724088783222 0.0015616974677315147 0.002164975667888306 0.002164975667846859
79.43 29.262153816946658 -4.200526513807765 23.0247148887284 -403460.34265999636 1.641225442890873e-05 22.55211822831727 22.379347963027154 22.459616855465953 50.915293901055435 120.65834107405156 400.0 -3.809095374188726e-05 0.09253501086296802 0.0925013728513165 8.557377446324598e-08 0.0035415138217799336 2.4419869337588952e-08 0.0033831124650411633 0.001691557089542922 0.0016915336307514407 0.09250137285586463 1.641225442890873e-05 0.0016915732601652635 0.0016915392048758996 0.002344996333061415 0.0023449963330120197
85.75 29.27134750739392 -4.202086470655378 24.768774363102207 -403315.78631650686 1.671499997118897e-05 22.93739613617994 22.744155561321012 22.837515808160113 50.841142827068516 120.49926452670846 400.0 -4.4405052499463814e-05 0.09992141088762187 0.09988032801983017 1.1064390068251493e-07 0.005033033192454348 2.441850463863132e-08 0.003653191917029751 0.001826599484113673 0.001826570683528644 0.09988032809633224 1.671499997118897e-05 0.0018266187699716705 0.0018265731470580788 0.002532221653271197 0.002532221653214694
92.31 29.281055744333795 -4.203823137664083 26.474629746660966 -403163.39853934525 1.6977395935633516e-05 23.267677664066255 23.05333113843506 23.160134529759983 50.762780232530204 120.34784277343933 400.0 -5.147287206754399e-05 0.10759239334453344 0.10754313430627517 1.466706547965899e-07 0.006929068565822321 2.441717711898926e-08 0.00393367820011328 0.001966846721655148 0.001966809724172138 0.10754313451241564 1.6977395935633516e-05 0.0019668704787705344 0.001966807721342746 0.0027266639461260692 0.0027266639460625263
99.11 29.291269039889162 -4.205742535152096 28.141500959030953 -403003.3611553112 1.7206602660096507e-05 23.552668005483017 23.316577631794612 23.437177934562644 50.680272794192014 120.20160254668515 400.0 -5.9352355170420686e-05 0.11554844858106936 0.11549007092037547 1.9694316048907583e-07 0.009254127555733455 2.441583835602602e-08 0.0042245903222258175 0.002112308704242794 0.0021122598585455693 0.11549007134764155 1.7206602660096507e-05 0.0021123386968180434 0.0021122516254077745 0.0029283360921572117 0.002928336092086291
106.16 29.301994922541283 -4.207853442266433 29.771533519960006 -402835.5908908831 1.7408766598307017e-05 23.800616533612587 23.542103369957545 23.676883426001954 50.59354919863681 120.05844209228258 400.0 -6.811651634795773e-05 0.12380178657530537 0.12373310761063465 2.6525551130208345e-07 0.012031174198999918 2.4414446364871502e-08 0.004526376058079728 0.00226320976749626 0.0022631445257381023 0.12373310839911338 1.7408766598307017e-05 0.002263248231130561 0.0022631278269491673 0.003137548329345782 0.0031375483292683027
113.44 29.313196692420902 -4.2101552895180365 31.360492014715938 -402660.6971717731 1.758814344390466e-05 24.01730420959656 23.73573893738875 23.885055062274866 50.50289556340946 119.91728340702001 400.0 -7.780289748996139e-05 0.13232950392630494 0.13224914732169388 3.554737148490647e-07 0.015265038387958835 2.4412975431803563e-08 0.004838199356431191 0.0024191323329333676 0.002419045253006835 0.1322491486758566 1.758814344390466e-05 0.0024191819842691075 0.002419017372162084 0.0033537210242084786 0.003353721024122932
120.97 29.324900169456896 -4.2126595663727455 32.913479961588706 -402478.3136990161 1.7749207864307143e-05 24.20864432766323 23.903316882138025 24.06758242803961 50.40809190355099 119.77656783307692 400.0 -8.850277606808717e-05 0.14115555135186034 0.14106189962362164 4.7225055921006425e-07 0.018970987433267375 2.4411402289288355e-08 0.005160937421345193 0.0025805155352493277 0.0025804001097087573 0.14106190183545916 1.7749207864307143e-05 0.0025805796703977637 0.002580357750947428 0.003577462402136753 0.003577462402043907
128.74 29.3370862718087 -4.215368140679414 34.42922311693803 -402288.7768774456 1.7894973160628767e-05 24.37867971467185 24.048892275753442 24.228519694572505 50.30928124565979 119.63556077488238 400.0 -0.00010027023027314414 0.15026875646377882 0.15016002009934537 6.201852602456224e-07 0.023144878619056224 2.4409719176059442e-08 0.0054941830850817755 0.002747156307582642 0.002747004994975248 0.1501600235693954 1.7894973160628767e-05 0.002747238796469612 0.0027469442886121635 0.003808490427649679 0.0038084904275499662
136.75 29.349752270175276 -4.218285765559074 35.90884054523707 -402092.16912247456 1.8028146287978527e-05 24.530998434987104 24.17603219120472 24.371454531895903 50.20647392469244 119.49351247746823 400.0 -0.000113174452749053 0.1596696745703666 0.15954390309119937 8.042414066094619e-07 0.027780697979992417 2.4407924284048073e-08 0.00583795788778003 0.002919065971752572 0.002918870127127726 0.15954390835438848 1.8028146287978527e-05 0.0029191713044149537 0.0029187865833650763 0.004046820381785664 0.004046820381677516
145.01 29.36291235156673 -4.221420892777319 37.35524611700655 -401888.31261849945 1.815111006459418e-05 24.66871588748088 24.287798644347934 24.499490172001195 50.09954236977471 119.34964074792825 400.0 -0.00012730451432191209 0.16937062954414508 0.16922571547968188 1.0298842883974544e-06 0.032873226442448604 2.440601969128999e-08 0.006192713588366053 0.003096471009753285 0.003096220783091181 0.16922572323536209 1.815111006459418e-05 0.0030966043598436035 0.00309610922852245 0.0042927659012179775 0.004292765901103446
153.5 29.376533667456954 -4.224770356568128 38.76619798993061 -401677.7595927524 1.826543135925967e-05 24.793950470318926 24.386350255079883 24.614767962640318 49.98874087353914 119.20379265683401 400.0 -0.00014269996943887915 0.17934873042332447 0.17918250767860514 1.3018957885312685e-06 0.03839373043530339 2.4404018984870464e-08 0.006557613995257884 0.0032789538358769985 0.0032786383570081556 0.1791825188083968 1.826543135925967e-05 0.003279120977131284 0.0032784930181265996 0.004545747775972004 0.0045457477758503225
162.24 29.390648049272045 -4.228346328759953 40.146305670138396 -401460.06321686355 1.8372940848113854e-05 24.909038679027255 24.473937457594083 24.719600399510178 49.87379745289674 119.05520713736964 400.0 -0.00015947317651687822 0.18962810580962874 0.18943827951707282 1.6263562742181258e-06 0.04433482007927102 2.4401929515683084e-08 0.006933542233675208 0.003466956668181015 0.003466563756025197 0.18943829512618002 1.8372940848113854e-05 0.0034671641371438427 0.003466378096531365 0.004806378818265542 0.0048063788181375924
171.22 29.405239911928298 -4.2321490940330255 41.495147442950255 -401235.51177395164 1.8474807241833176e-05 25.01552872172792 24.552116302440037 24.81554681957976 49.75482525052868 118.90370549722803 400.0 -0.00017768495186459363 0.20019765727935965 0.19998190214815903 2.0084749588394252e-06 0.0506667446275023 2.4399767515536332e-08 0.007320093011676462 0.003660277400365445 0.003659793794508633 0.1999819235804967 1.8474807241833176e-05 0.003660532389743133 0.0036595606219333304 0.005074378618419785 0.005074378618687055
180.43 29.420293870461396 -4.236178251826296 42.812588763331426 -401004.39015641325 1.8572032488807537e-05 25.11474500180872 24.622218899009166 24.903942732980997 49.631935903084006 118.74915581384586 400.0 -0.0001973940787331563 0.21104627982284288 0.210802268827727 2.453263813751839e-06 0.05735669981559301 2.4397550117808952e-08 0.007716860595479306 0.003858713672339958 0.0038581250987743216 0.21080229768561695 1.8572032488807537e-05 0.003859024008036664 0.0038578365874426413 0.005349466447686501 0.005349466447940116
189.9 29.435860657964394 -4.24045107397611 44.1040485847455 -400765.97138495254 1.8665858717262237e-05 25.208196565584466 24.68563495522368 24.986261235020756 49.504700548092785 118.59079737077201 400.0 -0.00021874954867224538 0.22221003383443713 0.22193533056371334 2.9677754925330775e-06 0.06440014548268143 2.4395284949841828e-08 0.00812516411853319 0.004062925786213661 0.004062216500137249 0.22193536876719586 1.8665858717262237e-05 0.0040633001831062695 0.004061863935426917 0.0056325574665273955 0.005632557466767927
199.6 29.451893163307098 -4.244958078477332 45.366528108582 -400521.0310268894 1.875677584299985e-05 25.296588053615782 24.74313936978646 25.06324148072947 49.37348891676357 118.42890664534177 400.0 -0.00024177090299503095 0.23365430859856454 0.23334657288631142 3.5559474792720446e-06 0.07174798780692408 2.4392993666589323e-08 0.008543737896733562 0.004272281258519197 0.004271434797983993 0.23334662264150693 1.875677584299985e-05 0.004272728934598456 0.004271008962135107 0.005922774687068284 0.005922774687295902
209.54 29.468410314297728 -4.249707473154208 46.60257105747923 -400269.3342207456 1.884556901406347e-05 25.380882087972445 24.795637876030302 25.13583354995283 49.238130815681615 118.26311579665975 400.0 -0.0002665679258303191 0.24539166151560904 0.2450485380196147 4.223707051215708e-06 0.07938072964724743 2.439068765388361e-08 0.008973041244167902 0.004487010329238114 0.0044860090664110485 0.24504860187449914 1.884556901406347e-05 0.004487541255261318 0.004485499988906585 0.006220437081832022 0.00622043708204782
219.73 29.48543183650998 -4.254707915931846 47.81444258071966 -400010.63887401565 1.8932911149205866e-05 25.461888248203984 24.843882066025838 25.20483439773917 49.098448158843276 118.09307761052109 400.0 -0.000293257647475563 0.25743472411923385 0.2570538504648168 4.9771662914435185e-06 0.08727986004949088 2.4388377715618943e-08 0.009413536132547506 0.004707344577986493 0.00470616969750379 0.2570539313364916 1.8932911149205866e-05 0.004707969502818374 0.004705566629729131 0.006525865453373589 0.006525865453577433
230.16 29.502944552479896 -4.25995830393028 49.00193621392896 -399745.20613306714 1.9019223934646795e-05 25.540148120312786 24.88841902304163 25.27079648808264 48.95453204361536 117.91879479724157 400.0 -0.00032190844949689786 0.2697725374710069 0.26935163223014497 5.820941953139345e-06 0.09541213176325289 2.43860785851066e-08 0.009864821595547432 0.004933083934601674 0.004931715795106573 0.26935173339056645 1.9019223934646795e-05 0.004933814200958734 0.004931007394588698 0.006838782230287166 0.006838782230479361
240.83 29.520952259612006 -4.2654621825891335 50.16606985834986 -399473.04072842625 1.9104955973186417e-05 25.616202778500295 24.929762704677245 25.33425995091587 48.8063339294113 117.74011297040926 400.0 -0.00035261547701243484 0.2824059825122515 0.28194282758442174 6.760189262875707e-06 0.10375268988109108 2.4383802160545624e-08 0.010326929632771688 0.005164244868068219 0.0051626628898369335 0.28194295268694186 1.9104955973186417e-05 0.005165092481918876 0.005161837150852809 0.007159209997087004 0.007159209997267924
251.74 29.539459143170745 -4.271223038747895 51.30781461953705 -399194.14419986407 1.9190502391753545e-05 25.690519662393037 24.968352651894975 25.395691222699458 48.65380136625164 117.55689002816577 400.0 -0.000385476328503858 0.29533597835021136 0.2948284396935781 7.799952884846258e-06 0.1122772452809026 2.438156012831547e-08 0.010799893555151516 0.005400844485083107 0.005399027185926988 0.29482859278331525 1.9190502391753545e-05 0.005401822104250853 0.005398071450900663 0.007487172203148963 0.007487172203319332
262.89 29.558469765724993 -4.277244305600848 52.42809611264581 -398908.51519722317 1.9276214098165266e-05 25.763504666431512 25.004565981880372 25.455495129389114 48.49687807962032 117.36899000376968 400.0 -0.00042059107842470315 0.3085634838552391 0.30800953704239675 8.94515413227656e-06 0.12096171785895807 2.4379364296006225e-08 0.011283748034399516 0.005642900554574269 0.005640825586159039 0.30800972256242864 1.9276214098165266e-05 0.005644021475833149 0.005639726558566368 0.0078226931963402 0.007822693196499739
274.29 29.578006241021743 -4.283534943393448 53.52874279838928 -398615.8927987721 1.9362480685816755e-05 25.8355743636484 25.03875615047085 25.514075263650117 48.33536190991047 117.17611257183101 400.0 -0.00045809591091811145 0.3221013809900912 0.3214990999982844 1.0201713791690298e-05 0.12978946468954605 2.4377225116224725e-08 0.011778963781869527 0.0058906489734355865 0.00588829290498184 0.3214993228248824 1.9362480685816755e-05 0.005891927260371074 0.005887036521498452 0.008166099653053639 0.008166099653203798
285.93 29.598056864385608 -4.290092945049426 54.609576023323505 -398316.5265564139 1.944950962778579e-05 25.906974160957695 25.071170543444616 25.571687623163466 48.16932915108879 116.978298502438 400.0 -0.0004980652241656086 0.3359388577688841 0.33528653779422507 1.1573261472456018e-05 0.13872740912158044 2.4375157716568968e-08 0.012285144657783397 0.006143891953452354 0.0061412307908376386 0.33528680316878706 1.944950962778579e-05 0.006145342152392526 0.00613980250539087 0.008517117093619112 0.008517117093759673
297.81 29.61862730283722 -4.296921603270064 55.67140158615999 -398010.40787874075 1.9537561103084144e-05 25.977979621845588 25.10205265311997 25.62860645424549 47.998712043358964 116.77542258218836 400.0 -0.0005406067662592934 0.35007700551643545 0.34937316760009895 1.3064220219915063e-05 0.14774879661854373 2.4373176321496188e-08 0.012802329774674444 0.006402649420431732 0.006399658430449532 0.349373481140261 1.9537561103084144e-05 0.006404286662452044 0.0063980431122224 0.00887577280716712 0.008875772807298274
309.93 29.63972358975911 -4.304024173814307 56.71498650665265 -397697.5260949752 1.9626874911106405e-05 26.04883555888676 25.131613925444178 25.685075150374526 47.823438972784615 116.5673606515644 400.0 -0.0005858308649998808 0.3645169641774528 0.3637604085122387 1.4678776193903047e-05 0.15682475367415935 2.4371296500329027e-08 0.013330559830079127 0.006666942064574298 0.006663595831150108 0.363760776183852 1.9626874911106405e-05 0.00666878203867761 0.006661777791401516 0.009242095134048252 0.00924209513417061
322.29 29.661352128108575 -4.311403878938044 57.74106107009702 -397377.86859051196 1.9717674382130845e-05 26.119760915455913 25.160038525704245 25.741311123827707 47.64343426348734 116.35398858885316 400.0 -0.0006338504572201521 0.37925992515120344 0.37844979162820863 1.642082813216976e-05 0.1659236850916017 2.4369535321758746e-08 0.013869877173753865 0.00693679136829674 0.00693306386027555 0.37845021970300724 1.9717674382130845e-05 0.006938850288299087 0.006931026885454778 0.009616113510452814 0.009616113510566703
334.89 29.683519695853853 -4.319063910648456 58.75032083742721 -397051.42092117626 1.9810169701018285e-05 26.190952884415676 25.187487332278053 25.797509914728867 47.4586182312444 116.13518141871361 400.0 -0.0006847811198309816 0.39430713434236003 0.3934429696868089 1.8293926668024537e-05 0.17501074091448915 2.436791141916369e-08 0.0144203258810233 0.007212219635601072 0.007208084289144695 0.3934434646832704 1.9810169701018285e-05 0.0072145141994251726 0.007205811681598127 0.009997858516412191 0.00999785851651796
347.74 29.706251192188386 -4.3270136732839 59.7441888095612 -396717.90713794145 1.990463442929825e-05 26.262645887712615 25.214121539409387 25.853892238843258 47.26875871757945 115.91063721528663 400.0 -0.0007387839385943136 0.40967185989075955 0.40875364886935495 2.0302805109725697e-05 0.18405432527148377 2.436644389886476e-08 0.014982389510519141 0.007493469035165133 0.007488898507698483 0.40875421753383984 1.990463442929825e-05 0.007496016577028705 0.0074863729334904375 0.010387665471875569 0.010387665471974089
360.82 29.729518792109154 -4.335243933427184 60.72175112645039 -396377.8284964912 2.000111380589453e-05 26.334892086044356 25.24002363978875 25.91053216455465 47.0740629859952 115.68057642334735 400.0 -0.0007958958527316475 0.42533155303476333 0.4243599214897118 2.2446969820318628e-05 0.1929978005448201 2.4365156649653095e-08 0.015555241043408838 0.0077801258749835255 0.007775093189123134 0.42436057052293513 2.000111380589453e-05 0.007782943710230802 0.007772297333178035 0.010784960710232135 0.010784960710322512
374.15 29.753366034138892 -4.343770391468183 61.68510835939594 -396030.6455811622 2.009994230005677e-05 26.40795310431296 25.265342614930642 25.967665386144443 46.874140641574925 115.44451513054508 400.0 -0.0008563279590296469 0.44131158864037656 0.44028771816851475 2.47317438168889e-05 0.2018080653048515 2.436407055045939e-08 0.01613980619292891 0.008072653449139579 0.008067130752549409 0.44028845434083513 2.009994230005677e-05 0.008075759610278566 0.008064046582650341 0.011190386076478251 0.011190386076561705
387.72 29.777783560676507 -4.352589904555337 62.63407953942473 -395676.59720415506 2.0201229701322655e-05 26.48191409174079 25.290154956286727 26.025386757874205 46.66904255298855 115.20249280370555 400.0 -0.0009201640080538624 0.45760150117176257 0.4565273338665837 2.715688796267921e-05 0.2104271613651674 2.4363210488110116e-08 0.01673569917669046 0.008370858693317822 0.008364818479907861 0.4565281636901772 2.0201229701322655e-05 0.008374271232054132 0.008361427944636329 0.011603673770145933 0.011603673770222476
401.54 29.802798340658967 -4.361712204628951 63.569884331781495 -395315.39932089817 2.0305233306040184e-05 26.556961213054517 25.314563771324384 26.083868077330788 46.45851351992484 114.95418901892336 400.0 -0.0009875830743944721 0.4742148910726045 0.47309313572372846 2.972487668236777e-05 0.218805873833865 2.436260058795478e-08 0.01734341412810969 0.00867498877726358 0.008668403334855024 0.4730940654172879 2.0305233306040184e-05 0.008678726110313537 0.008664688017796147 0.012025166179133583 0.012025166179202856
415.59 29.82838344133123 -4.371127157286477 64.49169804924573 -394947.5507172512 2.0411984051844586e-05 26.63311078229239 25.338609990803196 26.143147107517496 46.24275090096633 114.69981816873681 400.0 -0.001058619904259637 0.4911293619388398 0.48996367477489433 3.243169110696013e-05 0.22687306116124062 2.436226649684193e-08 0.017962127982450737 0.008984631565545794 0.008977474388098676 0.4899647098547732 2.0411984051844586e-05 0.008988711656336195 0.008973416326114543 0.012454292032962106 0.012454292033025909
429.89 29.854585025194325 -4.38085121918139 65.40134096452874 -394572.50238378206 2.0521817396659275e-05 26.710590691221928 25.362395906162345 26.20342504599471 46.021334881469514 114.43886775486206 400.0 -0.0011335108820291124 0.5083707165550584 0.5071656452272206 3.5279892385408196e-05 0.23457764617363958 2.4362232421808168e-08 0.018592780319363008 0.009300256921081756 0.009292501356346754 0.5071667905916083 2.0521817396659275e-05 0.009304698115423001 0.009288082203940009 0.012891702487703913 0.012891702487761444
444.42 29.88137667835289 -4.390873839163842 66.29802579104727 -394190.7520466856 2.063476413719931e-05 26.789407402659496 25.3859490170557 26.264729585577935 45.79445686505741 114.17154645282193 400.0 -0.0012122894556636655 0.5259166472891568 0.5246778170815638 3.8263124224794415e-05 0.24184329875595897 2.436252259619285e-08 0.01923455047059381 0.009621453619891994 0.00961307479533811 0.5246790764820399 2.063476413719931e-05 0.009626273518796786 0.009608276951797024 0.013336827722554003 0.013336827722605617
459.2 29.908806031358747 -4.401211854582859 67.18345280940429 -393801.7459898298 2.0751175099619203e-05 26.869782082602942 25.40935630053565 26.32725480979332 45.561680458558094 113.89732340693458 400.0 -0.0012952053025490511 0.5437931971321417 0.542527272809621 4.138193107635441e-05 0.2486119367170326 2.436316074592686e-08 0.01988838585792023 0.009948695178289732 0.009939668610511434 0.5425286489255937 2.0751175099619203e-05 0.009953911516045431 0.009934474341874798 0.013790324128987305 0.013790324129033664
474.22 29.936866004659223 -4.411861454696722 68.05744317261555 -393405.7170225219 2.0871149409608506e-05 26.95176767248683 25.432650443067853 26.39106257941699 45.323030791685696 113.6162117506761 400.0 -0.0013823494817986023 0.5619902800002886 0.5607050930698385 4.462944797787801e-05 0.25480837261355477 2.4364168878556254e-08 0.02055391199377131 0.010281793352768482 0.010272096557804365 0.560706587032664 2.0871149409608506e-05 0.01028742305876992 0.01026648893500139 0.014251931117891322 0.01425193111793074
489.48 29.965568472963223 -4.42282567767527 68.92042659914125 -393002.6340076149 2.0994963086899055e-05 27.035483741472454 25.455875728926806 26.456269205730926 45.07837094378252 113.32803364865484 400.0 -0.0014738694639977253 0.5805099665655509 0.5792145357415257 4.799947032630544e-05 0.26036139442087836 2.4365567503278634e-08 0.021231198656875904 0.010620782069698416 0.010610394489568029 0.5792161469750352 2.0994963086899055e-05 0.010626841353799496 0.01060435730307641 0.014721696112566532 0.014721696112600097
504.99 29.9949449249321 -4.434114889263551 69.77335842649165 -392592.1994770368 2.1122635324261846e-05 27.121052306084046 25.47908706745266 26.522981145389107 44.82739454119459 113.0324113681353 400.0 -0.001569978877237065 0.599366589591518 0.5980711606949414 5.1486618759920764e-05 0.26520208467606166 2.4367376527065408e-08 0.02192076366053026 0.010965919316974949 0.010954822231185653 0.598072886761374 2.1122635324261846e-05 0.010972423777162208 0.010948339883368048 0.015199977161232418 0.015199977161258937
520.73 30.024970607889284 -4.445717577406684 70.6155366095361 -392174.90858912206 2.125525600046265e-05 27.208634879990875 25.502290898210422 26.59138071656859 44.5702739573905 112.72953072981396 400.0 -0.0016707077313458394 0.6185380943169875 0.6172541634222862 5.5077235275350046e-05 0.2692525105416428 2.436961006930355e-08 0.0226217938591284 0.01131679672099969 0.011304975010660141 0.6172559995947211 2.125525600046265e-05 0.011323760287763152 0.01129803357136525 0.015686209025594783 0.01568620902561345
536.72 30.055697383203633 -4.45765153604164 71.44841513097722 -391750.1955611077 2.1389120592077324e-05 27.297918756874036 25.52554983520531 26.66112721321104 44.30984879107233 112.41880266413735 400.0 -0.0017763413103568189 0.6380511992047239 0.6367915436629945 5.876514199820374e-05 0.2724468448870258 2.437228502623978e-08 0.023335259344025177 0.01167389824159542 0.011661338959495306 0.6367934830350012 2.1389120592077324e-05 0.011681334134450572 0.011653925209574601 0.016181063175422155 0.016181063175432324
552.95 30.087105441976817 -4.469690717289244 72.28483591709553 -391289.6933109758 2.150845810543286e-05 27.387948515023275 25.54888790529006 26.73127393255618 44.08773671308133 112.09044366805333 400.0 -0.0018869765424871122 0.6578959110490049 0.6566745824670914 6.253603740673747e-05 0.27471302636293427 2.437541179764731e-08 0.024060787529715685 0.01203703561905632 0.012023729751899855 0.6566766156078668 2.150845810543286e-05 0.01204495530427634 0.01201583222543935 0.016684279664035538 0.016684279664035854
569.42 30.119178770392146 -4.4819935183870445 73.11594606504615 -390812.9511729028 2.1619501641367003e-05 27.47869287184709 25.57232441230138 26.80178636424383 43.87794018187673 111.75145153483686 400.0 -0.0020027756999372176 0.6780741763834544 0.6769065076032599 6.637663662887405e-05 0.2759841275331221 2.4378999686329455e-08 0.0247984422226656 0.012406238820135782 0.01239218122759314 0.6769086225482862 2.1619501641367003e-05 0.012414652134828336 0.012383790087837264 0.017195901043665814 0.0171959010436538
586.14 30.15194674592312 -4.494630702239369 73.93902616671934 -390327.3152649534 2.1735932853265884e-05 27.571869326172074 25.59589615004644 26.874365929307306 43.66307802131861 111.40412468004322 400.0 -0.002123979273456981 0.6986007677632171 0.6975033968647659 7.027380928172603e-05 0.27619477502127165 2.4383057453110173e-08 0.02554875595134918 0.012781772150716275 0.012766961609151794 0.6975055791148785 2.1735932853265884e-05 0.012790687328526845 0.012758068622822341 0.0177162947747642 0.017716294774738774
603.09 30.18538263496538 -4.507590076156962 74.75342417778793 -389833.2829714384 2.185536222559414e-05 27.667035231014122 25.619598315164488 26.948590768579788 43.44324798356772 111.04866472438272 400.0 -0.002250612850546037 0.7194537499271738 0.7184444624343326 7.420570391699159e-05 0.27528253244982787 2.4387583535728754e-08 0.02631091942050448 0.013163228116849227 0.013147669095275686 0.7184466948806452 2.185536222559414e-05 0.013172650662986686 0.013138268757517793 0.018244897527827663 0.018244897527786796
620.29 30.219538944316596 -4.520889862143141 75.56042352281881 -389330.18471985275 2.1978757964427166e-05 27.76451463340044 25.643480463680607 27.02475630928475 43.218067794909516 110.68442796421208 400.0 -0.0023830000565941635 0.7406604431186398 0.7397583241156919 7.815808079981295e-05 0.2731875697282063 2.4392583652929747e-08 0.027085923686835715 0.013551100082399644 0.013534801378777262 0.7397605872974695 2.1978757964427166e-05 0.013561033751565855 0.013524889935269865 0.01878239448741752 0.018782394487357672
637.72 30.254389628570785 -4.534517538133632 76.35939754848762 -388818.5156661667 2.210598554023671e-05 27.86425889597574 25.667534764256814 27.102834737060416 42.9876706471933 110.3116026261323 400.0 -0.002521164791485916 0.7621989996297136 0.7614241589153253 8.210581716544263e-05 0.26985733381109867 2.4398049499953018e-08 0.027872962916413804 0.013944981891932247 0.013927958781175767 0.7614264311305144 2.210598554023671e-05 0.013955427278162458 0.01391753563825134 0.01932822447537906 0.0193282244752975
655.4 30.28998901237897 -4.548491695608232 77.15156610679355 -388297.59546942974 2.2237433348661152e-05 27.966492184728796 25.691807317719892 27.18302135118111 42.75165727670908 109.92951357452021 400.0 -0.00266544723236196 0.7840970449347707 0.7834708335476833 8.603126118660871e-05 0.2652369733408903 2.4403982024785004e-08 0.02867303929724674 0.014345372045787641 0.014327644990111027 0.7834730911932207 2.2237433348661152e-05 0.014356327544499234 0.014316711752747511 0.019883080106616317 0.019883080106510242
673.32 30.32633220946222 -4.562807528477759 77.93676022129328 -387767.6203926118 2.2373222827779883e-05 28.071259654197704 25.71630148695885 27.265369671593994 42.510017727052734 109.53811338382641 400.0 -0.002815954797424797 0.8063452483648691 0.8058899826037133 8.990832898418712e-05 0.2592811329966578 2.441037014141085e-08 0.029485804754967322 0.014752093092118727 0.01473368938306538 0.8058922005450363 2.2373222827779883e-05 0.014763553800923734 0.014722250954043586 0.020446717435430216 0.020446717435295452
691.49 30.363455511230658 -4.577476138645465 78.71569069161364 -387228.19255223894 2.2513654705056763e-05 28.1787305946188 25.74104690029278 27.350032336650408 42.26246652342299 109.13690598677147 400.0 -0.002972964589040425 0.8289591860749547 0.8286982579683914 9.371370500997694e-05 0.25194270199851004 2.4417207027920227e-08 0.03031182139020184 0.015165422863670138 0.015146376227902174 0.828700410001241 2.2513654705056763e-05 0.015177380935277795 0.01513444045492404 0.021019523604692378 0.021019523604526327
709.89 30.401334636523355 -4.592484387169167 79.4877797292238 -386679.801399953 2.2658806668858707e-05 28.288900729630992 25.76603130597142 27.437026068343403 42.00912012470293 108.72604403707489 400.0 -0.0031364973321638353 0.8519171868607165 0.8518746612875906 9.741629309817082e-05 0.2431912564662609 2.4424471993429876e-08 0.031150291091620336 0.015584958384725258 0.015565310389020608 0.8518767208520267 2.2658806668858707e-05 0.015597402001297047 0.015552889090323289 0.021600942421294674 0.021600942421095053
728.54 30.440028191436113 -4.607851616161625 80.25413987782605 -386121.74247844174 2.2809085451023395e-05 28.402009884450507 25.79129591171534 27.526561366779568 41.749539116027044 108.30477587682222 400.0 -0.00330692851698877 0.8752475335486036 0.8754485176709427 0.00010099171874768354 0.23298295743733477 2.4432157433197756e-08 0.032002240624995855 0.016011209628449263 0.01599100865899905 0.8754504583843642 2.2809085451023395e-05 0.01602412387173817 0.015978116753257686 0.022191683057038874 0.0221916830572078
747.43 30.479534010015964 -4.623572765013788 81.01461439175912 -385554.20057850954 2.296467858800739e-05 28.51812503581089 25.816840325523213 27.618713625353692 41.48368782137391 107.87300113749525 400.0 -0.0034843725416498915 0.8989412040997993 0.8994114104571981 0.00010440809312041396 0.22129194979366495 2.444024183268338e-08 0.03286733466425577 0.01644400486473963 0.01642330744186894 0.8994132070732369 2.296467858800739e-05 0.016457370719703573 0.0164099639445522 0.022791510098262142 0.022791510098371517
766.56 30.519871401020616 -4.639650916493218 81.76946494259569 -384977.0585523144 2.31258704330484e-05 28.63737988957464 25.84267698600478 27.71361237023353 41.211384533428834 107.43037880742101 400.0 -0.0036690358086600367 0.9230017508699774 0.9237675193411086 0.00010763422340540575 0.2080919127017763 2.4448705574441742e-08 0.03374569758313619 0.016883402233865193 0.01686227297108823 0.9237691486305007 2.31258704330484e-05 0.01689719666595012 0.016848500917186062 0.023400506856869008 0.023400506856935503
785.93 30.56106070929113 -4.656089184999529 82.51894810085632 -384390.1945141137 2.3292965856157338e-05 28.759916167698478 25.86881764331153 27.811395120774844 40.932437727335696 106.97654776273495 400.0 -0.0038611292142338707 0.9474328431068305 0.9485210469236312 0.00011063761512411606 0.19336026911090204 2.44575272726777e-08 0.03463745849017123 0.017329462103254294 0.017307973987753078 0.9485224887077242 2.3292965856157338e-05 0.01734365787207517 0.017293800618096065 0.024018759896109073 0.024018759896111574
805.54 30.603123391526918 -4.6728907198224 83.26331590942806 -383793.48156484944 2.3466292400766454e-05 28.88588453124104 25.895273430140183 27.912208310624692 40.64664546863749 106.51112511631156 400.0 -0.004060868279586289 0.9722382712921773 0.9736762206163457 0.00011338453653463384 0.17707796515242938 2.446668396834302e-08 0.03554275142118504 0.01778224717271861 0.017760481827865833 0.9736774589094804 2.3466292400766454e-05 0.01779681265198008 0.01774593876920497 0.02464635918174867 0.02464635918173419
825.39 30.646082099656226 -4.690058708619234 84.0028164544273 -383186.7874901054 2.3646202643440138e-05 29.015445567505758 25.922054926622884 28.016208271644274 40.353794464303476 106.03370439427454 400.0 -0.004268473290988121 0.9974219521441783 0.9992372958614827 0.00011584008261848637 0.15922922188508312 2.4476151323870994e-08 0.036461715551811776 0.018241822589555135 0.018219870519753153 0.9992383201214764 2.3646202643440138e-05 0.018256721593074628 0.01820499395873716 0.025283398248337835 0.0252833982483184
845.49 30.68998271575296 -4.707605150879757 84.73805695286781 -382569.6666993759 2.3833171110104632e-05 29.148837839236542 25.94918572243094 28.12361632566135 40.05350894106031 105.54353481748737 400.0 -0.004484278217265368 1.02300067980207 1.0252215135751959 0.00011796920627801978 0.1397912593041165 2.4485908706172773e-08 0.037394960419769065 0.018708488576419057 0.018686449378455264 1.0252223199536092 2.3833171110104632e-05 0.018723680324173424 0.01867128009559564 0.025930296687106454 0.025930296687082882
865.83 30.73482904635248 -4.72552471328205 85.46890410416196 -381942.2801617799 2.4027519690965353e-05 29.286180712731703 25.976661990137146 28.234560361923528 39.74569682543691 105.04054563587565 400.0 -0.004708410268406964 1.048965977020339 1.051620350808179 0.00011973348815115089 0.11876270221896505 2.4495924820935047e-08 0.03834217404778848 0.019182084419357336 0.019160067140656288 1.0516209438404933 2.4027519690965353e-05 0.019197523057606868 0.019144650990181616 0.02658683534524085 0.026586835345213004
886.41 30.78064794447097 -4.743820721370962 86.195598369456 -381304.4774685458 2.422969387607712e-05 29.42767198028856 26.00449300522724 28.349233797901967 39.430105160570214 104.52416829785079 400.0 -0.004941105116291826 1.0753221807061888 1.0784381823865934 0.00012109485267170264 0.09613594798893596 2.4506172269789688e-08 0.03930351268816738 0.019662683479010873 0.019640806698000585 1.0784385764579132 2.422969387607712e-05 0.01967831810300121 0.019625194585166164 0.02725311972955669 0.027253119729526636
907.23 30.827467889792892 -4.7624965559367745 86.91837855257283 -380656.1013456652 2.444017707399706e-05 29.573524688252302 26.032687703927113 28.467845250979078 39.106465703569654 103.99387893890182 400.0 -0.005182603871034907 1.1020737825426696 1.105679437273224 0.00012201431147544667 0.07190550594911078 2.4516622994110943e-08 0.04027913885826919 0.02015036215541855 0.02012875416780009 1.1056796582957733 2.444017707399706e-05 0.020166136659192813 0.020113002199076375 0.02792925977769755 0.027929259777665187
928.29 30.87531912693721 -4.781555658106888 87.63748242552721 -379996.98716191563 2.4659494956439474e-05 29.72396888959136 26.061254728960034 28.59062028107541 38.77449346837347 103.44911743823657 400.0 -0.005433153282684332 1.1292254387459322 1.1333486085159525 0.00012245202788506868 0.0460676841731358 2.4527248428247508e-08 0.041269221709437254 0.020645200077810563 0.020623999072154706 1.1333486957124015 2.4659494956439474e-05 0.020661053009529685 0.020608168699907576 0.028615370135628742 0.028615370135594075
949.6 30.924256908964757 -4.80101070413022 88.35348072337763 -379326.6470047599 2.4888329529940606e-05 29.879327335736654 26.090216077673755 28.717863850050875 38.43372429745407 102.88901895800501 400.0 -0.005693129485470216 1.1567949413083762 1.1614634856857766 0.00012236721316120276 0.018607084988908215 2.4538024697402958e-08 0.04227440994128054 0.021147516418430747 0.0211268709384038 1.1614634934578119 2.4888329529940606e-05 0.02116338082983439 0.021111029111446147 0.029311897865770868 0.02931189786573456
971.15 30.97429291934588 -4.820856262723008 89.06626756211968 -378645.2118686589 2.5127204730290943e-05 30.03979997588071 26.11956639183724 28.849784358323877 38.08399161695449 102.31319600514095 400.0 -0.005962673874136097 1.184774443780332 1.190015617556837 0.00012171815819516677 -0.010465333303628633 2.4548917551318962e-08 0.043294418069657184 0.02165716340078473 0.021637232058896796 1.1900156176034187 2.5127204730290943e-05 0.02167296666572186 0.021621451403935316 0.03001864283593772 0.030018642835899716
992.93 31.02544011105868 -4.841086663209542 89.77575900119622 -377952.8101364175 2.5376690067286156e-05 30.20560442565655 26.149300029318674 28.986607993518298 37.72511670000505 101.72123045881692 400.0 -0.006241921878635146 1.2131561175926604 1.2189964321382498 0.00012046354411872207 -0.041135332355652005 2.455989261973549e-08 0.044328962164773646 0.0221739940893367 0.022154945439372555 1.2189965154341866 2.5376690067286156e-05 0.02218965790931998 0.022139304255453678 0.030735406267512873 0.030735406267472495
1014.97 31.077808419278586 -4.861398332138468 90.41605587030132 -377284.0484173145 2.5637888187379393e-05 30.377212713462548 26.179385326178227 29.128761896789353 37.356233006869196 101.44034868129837 400.0 -0.006531534759964885 1.241984574169258 1.248450816673196 0.00011855859228209696 -0.0734456036088572 2.4570935610526242e-08 0.04537967035527906 0.02269881661510067 0.02268083107741372 1.2484510959493924 2.5637888187379393e-05 0.02271425656477965 0.02266541379049941 0.03146331426987241 0.0314633142698311
1037.24 31.131368808115184 -4.882044110202146 91.04186696133091 -376613.3813103731 2.5911278499779038e-05 30.554819861842496 26.2098630799937 29.27647607442505 36.97744431479357 101.20202306679592 400.0 -0.006831401964413648 1.2712263305661655 1.2783437874174433 0.00011596230913389586 -0.10735233767201403 2.4582002126476186e-08 0.046445324989660516 0.023231017472810974 0.023214284826791984 1.2783443991449004 2.5911278499779038e-05 0.023246143374618552 0.02319918161504196 0.03220152161343729 0.03220152161339326
1059.75 31.186189744249948 -4.903086317836124 91.66358026918849 -375935.4325991738 2.6197892414734175e-05 30.73890133975177 26.240766688360008 29.43020748003611 36.58816165873755 100.95751501993621 400.0 -0.007141939430060875 1.3009003831924266 1.308693859715655 0.00011263038034358066 -0.14286923043640126 2.4593068008757678e-08 0.0475266219241127 0.02377093894799903 0.0237556602581403 1.3086949668407395 2.6197892414734175e-05 0.023785654427014767 0.023740967497097934 0.03295050901105802 0.03295050901101106
1082.51 31.2423442479661 -4.924538119881652 92.28164619178587 -375249.8912153115 2.649887752692614e-05 30.92996749330083 26.27211730710114 29.59044752084231 36.18775303935272 100.70645229699184 400.0 -0.007463584010573003 1.331026218943357 1.3395199724585147 0.00010851686057324824 -0.18001247499543133 2.4604109082324202e-08 0.048624275389583325 0.024318932268699064 0.024305320374340175 1.339521767316486 2.649887752692614e-05 0.024333134476994877 0.02429114091258846 0.03371077008873694 0.033710770088686656
1105.5 31.29983486604691 -4.9463844649864654 92.89570300273651 -374557.34822790243 2.681509408569836e-05 31.128320462918754 26.303894814505437 29.75751984895204 35.776080778628724 100.44877401741502 400.0 -0.007796355078048453 1.361583899335381 1.3708006139667182 0.0001035810921076192 -0.2187495668892553 2.461508689900874e-08 0.04973756386391335 0.024874631824859245 0.0248629092632889 1.3708033201219794 2.681509408569836e-05 0.024888212033476846 0.024849351830436496 0.0344818043604399 0.03448180436038484
1128.74 31.358767628564014 -4.968648264900335 93.50646730223761 -373857.188123643 2.7148070900957213e-05 31.33465428441885 26.336134396124145 29.932085467202647 35.35225819589863 100.18395175820825 400.0 -0.008140852810021304 1.3926068848208992 1.4025688172162054 9.77742955359409e-05 -0.2591150925391811 2.4625982555038998e-08 0.050867712088303325 0.025438643497993615 0.02542904578462568 1.4025726938245329 2.7148070900957213e-05 0.025451486003369952 0.02541622608493336 0.03526445966307004 0.035264459663009
1152.22 31.419178304828932 -4.991324081602049 94.11385376969244 -373149.6971414127 2.7499074813411287e-05 31.549464246836784 26.368829955304893 30.114647138077295 34.915890814162225 99.91176708591526 400.0 -0.00849725407476397 1.4240891670415075 1.4348171087594905 9.10538570766049e-05 -0.30109432569783634 2.4636763129306112e-08 0.052014507580966776 0.026010855678829707 0.026003629065825727 1.434822452570458 2.7499074813411287e-05 0.0260228384977821 0.025991669083184683 0.03605858881417323 0.0360585888141042
1175.94 31.481132616222194 -5.014416072329832 94.71804858037159 -372434.8580790076 2.78696786993588e-05 31.77339869671275 26.401989404307812 30.305846784433026 34.46635829417855 99.63186208884717 400.0 -0.00886588851238568 1.4560384194007983 1.4675519122797256 8.337521825164319e-05 -0.34469029023517306 2.4647400922038602e-08 0.053178237093634055 0.026591405894196816 0.026586808331765008 1.4675590613137568 2.78696786993588e-05 0.026602400432377847 0.026575836661256194 0.0368643908090411 0.036864390808963976
1199.91 31.5447287710367 -5.037938392299198 95.31949000943757 -371712.3497238628 2.826182122716511e-05 32.00728378472697 26.435634990975664 30.506489858740558 34.0027906154981 99.34372570609335 400.0 -0.009247257174096659 1.488476346362869 1.500793925986418 7.469017537022236e-05 -0.3899264429810635 2.4657872999570194e-08 0.0543596991852448 0.027180686846703286 0.027178989438734463 1.500803264076332 2.826182122716511e-05 0.027190557329360706 0.027169141855884094 0.03768241945128682 0.03768241945128063
1224.11 31.6099916615875 -5.061875880460827 95.91786953857437 -370982.752195616 2.8677181455956923e-05 32.251744169253925 26.469747162929583 30.717221528010487 33.5248385392384 99.04717263957171 400.0 -0.009641393235138383 1.5213845455495159 1.5345226412434338 6.496192789800553e-05 -0.43677081248686295 2.4668143889640517e-08 0.055558232448894684 0.0277783629939957 0.027779846522181052 1.5345345990116261 2.8677181455956923e-05 0.02778696783708256 0.02777126461181212 0.03851221818678881 0.03851221818677418
1248.56 31.67706054042503 -5.086252966405458 96.513880278329 -370245.4363496554 2.9118374546593652e-05 32.507906313896356 26.50436304896648 30.93913265153679 33.03130141007511 98.74149123049456 400.0 -0.01004898603316386 1.5547994668163814 1.5687736623595618 5.4138933884341186e-05 -0.4852693898836701 2.4678195913215093e-08 0.0567751741030087 0.028385095474693645 0.02839005566185175 1.5687887252755979 2.9118374546593652e-05 0.028392285254454072 0.02838288884855463 0.03935471478158387 0.0393547147815611
1273.25 31.746002339295977 -5.111064647648406 97.10747815839235 -369500.6734499742 2.958786176984439e-05 32.77673642137919 26.539478024284787 31.173195022244144 32.52148990229622 98.42628978899155 400.0 -0.010470251463073869 1.5887174638828507 1.6035413991350425 4.218231578519037e-05 -0.5354118788615029 2.4687999237657317e-08 0.058010401893280494 0.02900081752663166 0.029009561365585322 1.603560108694786 2.958786176984439e-05 0.02900643649608648 0.02900396539719402 0.04020982712529286 0.04020982712526906
1298.18 31.816920266687077 -5.136316002121765 97.69887591115561 -368748.42860764515 3.0088532068497087e-05 33.059398126367135 26.575102135214923 31.4205632841934 31.99442908895728 98.10100223929219 400.0 -0.01090558079506339 1.6231492096566689 1.6388348421737358 2.9050507649324244e-05 -0.5872086214784864 2.4697529068478785e-08 0.05926431597896902 0.02962572285408821 0.029638570088325482 1.6388578015172972 3.0088532068497087e-05 0.029629608450642473 0.029634707528326542 0.041077835459128825 0.041077835459111416
1323.35 31.889928484487964 -5.1620123656507175 98.28829569762264 -367988.66139590746 3.062420164350741e-05 33.35743711135186 26.6112461551033 31.68277333530482 31.449040503842095 97.76500149477921 400.0 -0.011355381129861841 1.6581062385188194 1.6746637760470342 1.470346857221915e-05 -0.6406713950931598 2.4706761430506088e-08 0.06053734882452674 0.03026002120578901 0.030277304545758898 1.6746916548998714 3.062420164350741e-05 0.030262004089047504 0.03027534473547925 0.04195904311001891 0.041959043110009434
1348.77 31.965183734341668 -5.1881696978012695 98.87620099274484 -367221.0227742911 3.119773102848246e-05 33.6719713903489 26.647936199954923 31.96091811593893 30.883900547787906 97.4174514463529 400.0 -0.011820262074042966 1.6936150851629215 1.7110532744099705 -9.031849934352053e-07 -0.6958351797777194 2.4715676690388332e-08 0.06183048014512568 0.030904194881470764 0.030926262153262017 1.7110868167302484 3.119773102848246e-05 0.030904098166191597 0.030926381978934086 0.04285413300501335 0.04285413300501321
