#Found quasiharmonic mode : None
#T(K), volume, F(eV), S(J/K), H(J/K), a(-6/K), Cp(J/mol), Cv, Cpion, Bt(GPa), T_ph-D(K), T-D(K), F_el_atom, S_el_atom, C_el_atom, M_el, Seebeck_coefficients(μV/K), Lorenz_number(WΩK^{−2}), Q_el, Q_p, Q_e, C_mu, W_p, W_e, Y_p, Y_e
0.0 20.548342427067308 -5.36438401276984 0.0 -517584.3730913163 0.0 0.0 0.0 0.0 87.22361589389482 400.0 400.0 0.0 0.0 0.0 0.0 0.0 2.443004551768e-08 0.0 0.0 0.0 0.0 0.0 0.0 0.0 0.0
0.28 20.54834235279152 -5.364384012118464 8.095862344000008e-08 -517584.3730284454 -1.4356521168884272e-09 2.428759071625475e-07 2.428703010638538e-07 2.4287544821420046e-07 87.2236129299963 560.0779482568598 400.0 -7.90583735872936e-13 2.0094014978517057e-12 4.589483470585545e-13 -0.05323625222505993 895.1928029921776 1.4857421426135384e-08 2.7588745994696303e-14 2.810974685110367e-14 -5.219346787474855e-16 1.4226931331944403e-11 2.811068067344379e-14 -5.219346787474855e-16 2.8131975742652867e-14 -5.094176048980609e-16
0.8 20.5483422731807 -5.364384011813705 1.8882033942126934e-06 -517584.3729975528 -7.674083854153602e-09 5.6650608327424375e-06 5.664603168129334e-06 5.665060373865181e-06 87.22361117602702 560.0779489919805 400.0 -7.905838159133668e-13 2.491128667596458e-12 4.588772567138352e-13 -0.05270391319908559 1112.201301226854 1.4852387300660766e-08 2.759382213086769e-14 2.807396768551221e-14 -4.802608203880874e-16 2.272924717201358e-11 2.8074082951255765e-14 -4.802608203880871e-16 2.8076684907569214e-14 -4.676961929061072e-16
1.56 20.548342192496747 -5.364384011654167 1.4000776408780954e-05 -517584.37296182907 2.382250651508059e-08 4.2010921409440946e-05 4.2002321304217074e-05 4.201092095137169e-05 87.22360986444582 560.0779497370105 400.0 -7.905838970326892e-13 2.793398348523739e-12 4.580692549871467e-13 -0.05180224727731479 1248.4021887589217 1.485187022801626e-08 2.7546193284456888e-14 2.8022602571181935e-14 -4.764395853643158e-16 2.9148669173100434e-11 2.802263286982119e-14 -4.764395853643158e-16 2.8023314195917282e-14 -4.638702983185142e-16
2.56 20.548344319685658 -5.364384026089091 6.187257650872972e-05 -517584.3742180349 -3.515178773447154e-09 0.00018561802811242943 0.00018561772082878957 0.00018561802764888632 87.22367740599742 560.0779300946997 400.0 -7.90581758353458e-13 3.0536475547201957e-12 4.635430898817059e-13 -0.05050533608407509 1347.7982436426753 1.4851755127932462e-08 2.7875580751663918e-14 2.8369785840647075e-14 -4.942164813576131e-16 3.480018325501592e-11 2.836979723302152e-14 -4.942164813576131e-16 2.837005633409181e-14 -4.816462034474212e-16
3.8 20.548340557835147 -5.364384002207885 0.00020244996899469666 -517584.37130293273 -3.3065296113147184e-08 0.0006079506442963459 0.0006079102860413098 0.0006079506438389896 87.22355521298358 559.824713306183 400.0 -7.905855405071127e-13 3.196347356694934e-12 4.573562800309764e-13 -0.04876877745391036 1431.7527418894877 1.4851789728997435e-08 2.7503467298573506e-14 2.7987895969660015e-14 -4.844337748284809e-16 3.894968451498429e-11 2.7987901073401982e-14 -4.844337748284809e-16 2.7988015581374376e-14 -4.718630965789011e-16
5.29 20.5483423084462 -5.364384019789036 0.0005471754496682874 -517584.37087400764 2.9589798597682406e-08 0.0016465533632583065 0.001646508370360771 0.001646553362799033 87.2236122660311 559.091203330361 400.0 -7.905837804575667e-13 3.3584304796266588e-12 4.592735325381762e-13 -0.046570752437152044 1501.9318013702596 1.485778320746757e-08 2.7607621606717265e-14 2.8100751302300304e-14 -4.931323424045417e-16 4.308586554917692e-11 2.8100753949121808e-14 -4.931323424045417e-16 2.8100813612018807e-14 -4.80561553607596e-16
7.01 20.548342290092567 -5.364384035164925 0.0012783679471157449 -517584.36629075423 -2.384048979697795e-08 0.0038618822791936726 0.003861843575481454 0.003861882278729073 87.22360920659911 557.6154030838729 400.0 -7.906004840105125e-13 3.5078942830944344e-12 4.645995497882247e-13 -0.04392618437412384 1561.1637349504233 1.493442783093547e-08 2.778444901971624e-14 2.829243279129718e-14 -5.079852900027308e-16 4.6921424499919896e-11 2.8292434309718967e-14 -5.079852900027308e-16 2.829246878280381e-14 -4.954144396912172e-16
8.98 20.548339528363964 -5.3643840553729305 0.0027079561594775727 -517584.3528844434 -4.1721068441944256e-10 0.008241970284760267 0.008241970269576102 0.008241970284294112 87.22351317613496 554.8142730624468 400.0 -7.905865755208024e-13 3.5576426305286414e-12 4.661561166980944e-13 -0.040789437624584625 1613.5367430648034 1.5280490712223467e-08 2.7246183599609044e-14 2.7772265052855215e-14 -5.26082360708231e-16 4.9423094961087135e-11 2.777226596031727e-14 -5.260823607082308e-16 2.7772286161662294e-14 -5.135114406013161e-16
11.19 20.548342356078514 -5.364384162834611 0.005313277956330008 -517584.3281147853 1.424794528020705e-08 0.0164165299765487 0.0164165079097808 0.016416529976051634 87.22359022194193 549.4794603655849 400.0 -7.905837325682017e-13 3.707988442218993e-12 4.970668953727769e-13 -0.037240094406089025 1654.4867517688183 1.609265456374513e-08 2.758663596198624e-14 2.808443988717664e-14 -4.978045132962241e-16 5.3234367019025394e-11 2.808444047528247e-14 -4.978045132962237e-16 2.808445364973865e-14 -4.852336111313515e-16
13.64 20.54834201284584 -5.364384346636037 0.009875486865922063 -517584.27060286637 2.588724952840108e-09 0.03143798370526358 0.03143798281731025 0.03143798370472716 87.22354874800814 539.3588188529649 400.0 -7.902266797076843e-13 3.8110860742827724e-12 5.364192223054967e-13 -0.033116952586936914 1700.2809039336714 1.735676835509391e-08 2.7602413504164673e-14 2.8121084502868814e-14 -5.186713916971214e-16 5.64098380418706e-11 2.81210848958618e-14 -5.186713916971214e-16 2.812109363698072e-14 -5.061004746750906e-16
16.34 20.54834426307425 -5.364384736406642 0.017779927183106226 -517584.15238764335 6.460340210340801e-09 0.059382835111587186 0.05938282848687722 0.05938283511101138 87.2235571155691 522.6930560667951 400.0 -7.902244133327342e-13 3.869054108096592e-12 5.757977184995864e-13 -0.028385197507089815 1749.071400015679 1.8846995089485744e-08 2.728597112161741e-14 2.7789168268390658e-14 -5.031974130281554e-16 5.902560523538544e-11 2.7789168534645565e-14 -5.031974130281554e-16 2.7789174294175144e-14 -4.906265184933885e-16
19.27 20.54834277202984 -5.3643854497612224 0.03131512758550147 -517583.9082973986 -1.0502801189749885e-08 0.11042316371125532 0.1104231430624421 0.1104231637106292 87.22337329867639 501.2756819648024 400.0 -7.905833143716487e-13 4.006739614790233e-12 6.261347957291424e-13 -0.023191680303294167 1792.2258412834876 2.0280763449716124e-08 2.7573705477085163e-14 2.8083726833615786e-14 -5.100215448592877e-16 6.284394861733141e-11 2.808372702194446e-14 -5.100215448592877e-16 2.8083731034350165e-14 -4.974506261776669e-16
22.45 20.54834175414239 -5.3643868199948415 0.054314479575209657 -517583.4245872865 -5.664042830244423e-09 0.19956370718535577 0.19956370018901431 0.19956370718468872 87.22307649242157 479.44270942453625 400.0 -7.902436252869701e-13 4.1318715611517775e-12 6.670309786964871e-13 -0.01753002034938395 1829.75619567046 2.1468615634017656e-08 2.7749397391834292e-14 2.8235125013845236e-14 -4.857277561835478e-16 6.661114633307904e-11 2.8235125148017845e-14 -4.857277561835478e-16 2.8235127920210545e-14 -4.731568206709126e-16
25.87 20.548338610473255 -5.364389344667423 0.0919155410981879 -517582.5096861773 -2.6680113631905995e-08 0.34276830977754275 0.34276813089398 0.342768309776852 87.22250029541678 461.31587265025803 400.0 -7.902301064408918e-13 4.20769081585123e-12 6.906926129945984e-13 -0.011227835901340216 1869.832824779662 2.2346670980098963e-08 2.7604734171499648e-14 2.8101453719067215e-14 -4.9671964344124e-16 6.962605601067064e-11 2.810145381494088e-14 -4.9671964344124e-16 2.8101455704984627e-14 -4.841486640834615e-16
29.53 20.54832917344057 -5.364393825042882 0.1502459741155172 -517580.883068124 -5.6827201525585775e-08 0.553201948116486 0.5532010217792908 0.5532019481157812 87.22142754455183 448.8337220964479 400.0 -7.902396107069036e-13 4.279686474391696e-12 7.048508739707194e-13 -0.004230025864076103 1912.2219927790134 2.2917530713290928e-08 2.7468883873730147e-14 2.7963816281164162e-14 -4.949324767387304e-16 7.255141799212093e-11 2.796381635046888e-14 -4.949324767387308e-16 2.7963817649397377e-14 -4.823613703670363e-16
33.43 20.548311326334044 -5.364401466522153 0.23554695921247099 -517578.1827875586 -9.322143436599272e-08 0.8375104778650728 0.8375076558969513 0.8375104778643465 87.21970550989738 442.17727036278086 400.0 -7.902575836180019e-13 4.438914725905448e-12 7.263668865092103e-13 0.0032969183290487048 1950.0253004812625 2.3225303089275858e-08 2.7932270555680932e-14 2.837593796458624e-14 -4.436674604832741e-16 7.690679153591976e-11 2.837593801616421e-14 -4.436674604832741e-16 2.8375938951183325e-14 -4.310961155404578e-16
37.58 20.54828086171469 -5.3644139332316385 0.3536062291723716 -517573.97145491786 -1.4892178715535956e-07 1.1955048368628125 1.1954967413581974 1.195504836862097 87.21712471045599 440.6427175223944 400.0 -7.936082256096608e-13 4.432448199679004e-12 7.155519558339198e-13 0.011518161530758238 1987.6655538056327 2.336619649039725e-08 2.735046670777842e-14 2.787603776195828e-14 -5.255710917023851e-16 7.845537171030443e-11 2.7876037799480813e-14 -5.255710917023851e-16 2.7876038436822973e-14 -5.129993411170003e-16
41.96 20.54823196275161 -5.364433224820402 0.5079181543719731 -517567.8090866018 -2.0978056057159685e-07 1.6178142585563913 1.6177963229006753 1.6178142585556732 87.21344154910422 443.2818511860116 400.0 -7.936576236890755e-13 4.528410135676531e-12 7.183234916806767e-13 0.020286197002987505 2021.6288807680667 2.3368935675938626e-08 2.7453184531981485e-14 2.7945594369290467e-14 -4.924098654485143e-16 8.171246547376103e-11 2.794559439743e-14 -4.924098654485143e-16 2.794559485527933e-14 -4.798374641266826e-16
46.59 20.54816373971723 -5.364461939233543 0.7015871604580962 -517559.2049062419 -2.7092731863265803e-07 2.0949377714852035 2.0949045572866156 2.0949377714844797 87.20854492416439 449.2041048834309 400.0 -7.937265209017105e-13 4.648010284029421e-12 7.237619046396566e-13 0.02981729388944634 2056.2338286066515 2.3306419439822968e-08 2.7735228929693013e-14 2.822657473995781e-14 -4.913458317363349e-16 8.532534613791799e-11 2.8226574761429345e-14 -4.913458317363349e-16 2.8226575099905237e-14 -4.787725233583685e-16
51.46 20.548072258098163 -5.364502887785427 0.9351426910909038 -517547.7203437926 -3.35996388701316e-07 2.6138435019372657 2.6137870822066986 2.613843501936541 87.20221383798601 457.64072491682674 400.0 -7.938355112866552e-13 4.7441684238756106e-12 7.245409938951442e-13 0.039874720553382606 2086.466223283047 2.3212852660956495e-08 2.7877000349377187e-14 2.832528674456441e-14 -4.482864116079791e-16 8.855651876183458e-11 2.8325286760985165e-14 -4.482864116079791e-16 2.8325287010882498e-14 -4.357118877623019e-16
56.57 20.5479573881612 -5.364559241327406 1.2082345181080323 -517532.9302502006 -3.918489333415789e-07 3.164179954801651 3.1640956070216837 3.164179954800927 87.19429521611222 467.9467923718872 400.0 -7.943080969291636e-13 4.825795424748261e-12 7.240204133210423e-13 0.05053468020021118 2114.3827926735057 2.3126735270353204e-08 2.7960702250206265e-14 2.8444291284414845e-14 -4.835890469011278e-16 9.146291096868347e-11 2.844429129710739e-14 -4.835890469011278e-16 2.8444291484543233e-14 -4.710129981339319e-16
61.92 20.54781979771554 -5.364634418703105 1.5197602710022151 -517514.43003497174 -4.410016012747956e-07 3.7386866234277223 3.7385696976656644 3.7386866234270184 87.1845978119757 479.56456319041087 400.0 -7.944465452525471e-13 4.77626473116526e-12 7.041050611807497e-13 0.061951952168501925 2142.7353060590726 2.3058369270324205e-08 2.7272218577890834e-14 2.777108796196627e-14 -4.988693936965168e-16 9.196889843674386e-11 2.7771087971587345e-14 -4.988693936965168e-16 2.77710881060934e-14 -4.862915199617004e-16
67.52 20.54766255344203 -5.364732251636319 1.8689211031781083 -517491.7834811191 -4.6125121114021225e-07 4.334449318349453 4.334309859895916 4.334449318348738 87.17290835853906 492.0215398323193 400.0 -7.946046407095786e-13 4.910412237791927e-12 7.145340075914864e-13 0.07414287917089409 2171.0977997419054 2.302812116264181e-08 2.7712518143986313e-14 2.8236006899031977e-14 -5.234887627148461e-16 9.575355531806506e-11 2.8236006906701166e-14 -5.234887627148461e-16 2.823600701295082e-14 -5.10908805445883e-16
73.35 20.54749451395746 -5.364856244958304 2.2529951969692092 -517464.67937316035 -4.834156327663163e-07 4.948083939391802 4.9479175572280845 4.948083939391091 87.15914944564311 504.83278554143686 400.0 -7.947568771590144e-13 4.94948670033967e-12 7.118875048089221e-13 0.08668142005381319 2193.94816183802 2.3044278348353884e-08 2.7590517771409712e-14 2.8117091195609753e-14 -5.265734302288704e-16 9.78157257873514e-11 2.8117091201638582e-14 -5.265734302288706e-16 2.8117091282828935e-14 -5.139912488021479e-16
79.43 20.547311111588275 -5.36501076855037 2.6719682223233705 -517432.6113950598 -4.7481805927248437e-07 5.582024146954751 5.581850359537442 5.5820241469540335 87.14267772957434 517.6593953301012 400.0 -7.949409530584059e-13 5.029061711578006e-12 7.17754635181159e-13 0.10030056723196541 2221.067053463555 2.3123528951029298e-08 2.7722569750848963e-14 2.822947091884391e-14 -5.069011728153729e-16 1.0059851170283455e-10 2.8229470923664332e-14 -5.069011728153729e-16 2.822947098755494e-14 -4.943165667491701e-16
85.75 20.54713787182876 -5.365199938764206 3.12406844694425 -517395.20911254274 -4.2082250569426e-07 6.236021566037528 6.235874228478443 6.236021566036808 87.12377388619713 530.1621090386484 400.0 -7.95114656501003e-13 5.07483761775313e-12 7.209672834624727e-13 0.11435772891551586 2244.183177922232 2.3274203606072097e-08 2.7666378936493153e-14 2.8164721826109745e-14 -4.983428934720944e-16 1.0274405565194557e-10 2.8164721829965253e-14 -4.983428934720944e-16 2.816472188002435e-14 -4.857559998572356e-16
92.31 20.54697776127188 -5.365428090697293 3.6083418722223466 -517352.0252586809 -3.6448967409540305e-07 6.910429662792875 6.910310706228995 6.910429662792156 87.10194209314203 542.0962017803093 400.0 -7.952750464755406e-13 5.072582815572069e-12 7.197142122334431e-13 0.1293541737140415 2269.4296202253618 2.349761210396601e-08 2.7355706869647762e-14 2.7863432207335026e-14 -5.077253407685596e-16 1.0391519430638946e-10 2.786343221041633e-14 -5.077253407685598e-16 2.786343224937998e-14 -4.951363353327105e-16
99.11 20.546843035913934 -5.365699789101896 4.123923124374484 -517302.6041868537 -2.7473414372227195e-07 7.604415637003189 7.604343095847504 7.604415637002456 87.07694944024556 553.2896912134198 400.0 -7.987348875402087e-13 5.159462096099252e-12 7.337002685571413e-13 0.1445486152045532 2288.8267246860487 2.3783393011678127e-08 2.7552211170820868e-14 2.8083193400203436e-14 -5.309822319042106e-16 1.0683191049665758e-10 2.8083193402725077e-14 -5.309822319042106e-16 2.8083193434379724e-14 -5.183914512297571e-16
106.16 20.54674717975227 -5.366020264124359 4.670717811506468 -517246.40394381934 -1.644216969942294e-07 8.316777007136828 8.316749185844605 8.316777007136087 87.04857111332957 563.6516939857186 400.0 -7.988475536006513e-13 5.214951449781915e-12 7.397874712998319e-13 0.1608377422920538 2311.846212809663 2.3963497081739547e-08 2.757200625325943e-14 2.8049780804981217e-14 -4.777745537799035e-16 1.0916066071151773e-10 2.804978080703933e-14 -4.777745537799037e-16 2.8049780832500785e-14 -4.651825109938638e-16
113.44 20.546701926310416 -5.366393498534059 5.246190816313876 -517183.1311064648 -3.3752100411927616e-08 9.041910794323142 9.041909542030844 9.041910794322472 87.01664806092077 573.1054127281235 400.0 -7.988833719915509e-13 5.225182310280638e-12 6.70082508905631e-13 0.17813757684417042 2338.9621779504637 2.1873369713580728e-08 2.7360509529886746e-14 2.7839818254887045e-14 -4.793087266806325e-16 1.1052906655608593e-10 2.7839818256567378e-14 -4.793087266806324e-16 2.7839818276957438e-14 -4.667160883328042e-16
120.97 20.546721544311584 -5.366825575968939 5.850764865490407 -517112.18110169494 1.212683339008372e-07 9.777124658878247 9.777107426992169 9.777124658877876 86.98099379242242 581.6744589791231 400.0 -7.988636914869031e-13 5.341151187103998e-12 3.718864069182425e-13 0.19534033937041156 2358.125243160015 1.1980224398224158e-08 2.7724067304817233e-14 2.822759296187804e-14 -5.035256584681097e-16 1.1406555036542392e-10 2.822759296328533e-14 -5.035256584681092e-16 2.8227592980371618e-14 -4.909332782604365e-16
128.74 20.54681975801262 -5.367321191077963 6.482289799281569 -517033.23772711173 2.880526411523423e-07 10.516006500349766 10.515903075979658 10.516006500350173 86.94160103866484 589.3751372513166 400.0 -7.988418185988452e-13 5.290105663513559e-12 -4.0814925784883275e-13 0.2140387882313572 2371.1544967912264 -1.3406398693455892e-08 2.7190580102525837e-14 2.7850838268783897e-14 -6.602581674157326e-16 1.1418670744808364e-10 2.7850838269941563e-14 -6.602581674157321e-16 2.7850838283399662e-14 -6.476670801675372e-16
136.75 20.547004874273085 -5.367885569551447 7.139185870460522 -516945.93829254125 4.6394453720087434e-07 11.252835511015894 11.25255066336502 11.252835511018157 86.89829204138849 596.2588543639832 400.0 -7.986463809023211e-13 5.219943841373137e-12 -2.263052810738279e-12 0.23260245800518256 2357.6721494321514 -7.63443084652158e-08 2.647461273503853e-14 2.745366525261478e-14 -9.790525185384446e-16 1.1426379950649599e-10 2.7453665253576973e-14 -9.790525185384442e-16 2.7453665261422195e-14 -9.664638712632606e-16
145.01 20.547289220956383 -5.368524833608674 7.820505470226971 -516849.8500669631 6.534909442814808e-07 11.982840631816343 11.982241668760764 11.982840631824976 86.85103329740069 602.3958807551968 400.0 -8.011939249931072e-13 4.996142757350874e-12 -8.63245498452463e-12 0.25193683380519144 2291.0052204803424 -3.1216115785626817e-07 2.4698299471820483e-14 2.6724000511215072e-14 -2.02570104020867e-15 1.1202412105173579e-10 2.672400051202916e-14 -2.025701040208671e-15 2.6724000491538117e-14 -2.0131161525443704e-15
153.5 20.547681758133635 -5.369242763147206 8.5226636036674 -516744.9423720017 8.44989464878376e-07 12.698970904066368 12.697911438700245 12.698970904090702 86.79996563019398 607.8400482339856 400.0 -8.014144825396748e-13 4.059054656976628e-12 -2.4335457008711224e-11 0.27167877833969134 2132.404124190448 -1.1837093935748513e-06 1.8361409028079067e-14 2.346406845776912e-14 -5.102659430370335e-15 9.751877521989161e-11 2.34640684584494e-14 -5.102659430370333e-15 2.3464068245590873e-14 -5.0900797875404975e-15
162.24 20.54818939629131 -5.370046351169442 9.245260970296542 -516630.75455255696 1.0406358272939637e-06 13.398238518651587 13.396541187304708 13.39823851869641 86.74494476772277 612.6735128047264 400.0 -8.000025480766895e-13 2.090574943096784e-12 -4.4821924393823694e-11 0.2886608314739592 1796.4061886065397 -9.808019436669254e-06 4.0815091429728054e-15 1.6326446231156687e-14 -1.2244937088776159e-14 6.974596426981869e-11 1.6326446231748967e-14 -1.2244937088776159e-14 1.632644484914077e-14 -1.2232364520556768e-14
171.22 20.548820453951567 -5.370940079074224 9.985350506305469 -516507.24561240594 1.2362920571521894e-06 14.075820783948922 14.07329424095773 14.075820783944847 86.68615347641331 616.9559943868663 400.0 -7.958079307806123e-13 3.3831671482578337e-13 4.074917100802911e-12 0.30162070522300194 970.9376308694164 2.443004551768e-08 -1.603917377120091e-14 6.1621479597378936e-15 -2.2201321731602107e-14 6.93893032823267e-11 6.16214796040118e-15 -2.2201321731602107e-14 6.16214037934739e-15 -2.218875946925795e-14
180.43 20.549576534067068 -5.371928025575777 10.739975124606676 -516374.4459606819 1.4266661485152714e-06 14.72784400396459 14.724300881113134 14.72784400372766 86.62364617077225 620.7458643725557 400.0 -8.000817083090941e-13 5.41599150001876e-12 2.369309800541433e-10 0.3069276406454252 279.86060086072416 2.443004551768e-08 -1.4950017219640758e-14 6.657241515608979e-15 -2.1607258736478046e-14 2.5618815914605083e-10 6.657241516837154e-15 -2.1607258736477982e-14 6.657205134945037e-15 -2.1594715933302914e-14
189.9 20.550466288779024 -5.373018662478771 11.509466822262127 -516231.84238667483 1.6213582383120897e-06 15.354026281814305 15.34921343502826 15.354026280864707 86.55736243762989 624.1112194977095 400.0 -8.031521015389778e-13 3.223877218313789e-11 9.495954569066875e-10 0.3083893854134959 71.20585701277686 1.0988696201632191e-05 7.717987203306809e-14 5.2639207617009495e-14 2.454066441319936e-14 9.542134859325689e-10 5.263920761986894e-14 2.4540664413199195e-14 5.263905172286488e-14 2.455315418728859e-14
199.6 20.551492066232576 -5.374213685840601 12.289318573155171 -516079.84437497804 1.8033081652872914e-06 15.95057601978446 15.944322977386525 15.950576016828728 86.48766428613276 627.0914909210104 400.0 -8.077255609891181e-13 1.207155107880931e-10 2.9557307871383944e-09 0.30878978732776113 17.955720554063962 5.608732924011423e-06 4.706647872084195e-13 2.4975051268602043e-13 2.2091427451559743e-13 2.956229511031523e-09 2.49750512692822e-13 2.2091427451559769e-13 2.497499124664746e-13 2.209265885522304e-13
209.54 20.552648951727285 -5.375519057974323 13.078372065852419 -515918.2995433634 1.9721510753327976e-06 16.517159332978895 16.509314309538325 16.517159324908675 86.41432230475344 629.7360337201982 400.0 -8.260823913301147e-13 3.6859473405258493e-10 8.070220246175582e-09 0.3089231555696513 0.8128343604423793 4.178146447512261e-06 1.7250962132214895e-12 8.766259451988654e-13 8.484702680070617e-13 8.06940471486533e-09 8.766259452144276e-13 8.484702680070623e-13 8.766238455255471e-13 8.48481986881759e-13
219.73 20.5539436985883 -5.376941017437751 13.875540110324726 -515747.0674286905 2.150986927692852e-06 17.054055102619856 17.044277037664127 17.054055082535392 86.33749538338887 632.0869011841374 400.0 -8.900882439318055e-13 9.94380503326981e-10 2.008446310684129e-08 0.30895503913562855 -3.92593242628533 3.4641141765545484e-06 5.178209554952702e-12 2.603216291320396e-12 2.5749932635984142e-12 2.0083309970249322e-08 2.603216291354287e-12 2.5749932635984126e-12 2.60320955459219e-12 2.575003064339063e-12
230.16 20.555382938337395 -5.378482986724599 14.678280547431802 -515566.3642250956 2.3170723005777067e-06 17.560572617778956 17.54869784483839 17.56057257138342 86.25758813786116 634.1763259650883 400.0 -1.0626914667208097e-12 2.4504915280033062e-09 4.63955315890568e-08 0.3089638132661536 -5.011266021604543 3.0099054938643566e-06 1.3766859757478695e-11 6.897804339533777e-12 6.869055417874801e-12 4.639439659017388e-08 6.897804339603898e-12 6.869055417874799e-12 6.897784396026525e-12 6.869059464041014e-12
240.83 20.556957590214537 -5.3801494083145585 15.48497585295001 -515376.25578178576 2.471639475122829e-06 18.037165228603254 18.0230394843027 18.037165127922247 86.1743978660877 636.0354604622967 400.0 -1.4879242089993882e-12 5.620768216207993e-09 1.006810023975356e-07 0.30897363681514434 -4.984728781148318 2.681199947831836e-06 3.353744097764312e-11 1.6782991015686786e-11 1.6754449961818096e-11 1.0068016584221578e-07 1.678299101582503e-11 1.6754449961818103e-11 1.6782936201359776e-11 1.6754437971683927e-11
251.74 20.558672358933478 -5.381944685076924 16.294149005413693 -515176.831320493 2.6192409408547627e-06 18.484647974246837 18.46808130589202 18.48464776728193 86.08818909226427 637.6911374088024 400.0 -2.4430277221576037e-12 1.2141400461648121e-08 2.0696490432276203e-07 0.30899087821203913 -4.537478530776762 2.4244264584388135e-06 7.624287858640515e-11 3.813563212833298e-11 3.8107246457811496e-11 2.0696468494122777e-07 3.8135632128593636e-11 3.8107246457811496e-11 3.8135491523999866e-11 3.810719288339888e-11
262.89 20.560520522042466 -5.3838730028265545 17.10445344683099 -514968.1850029844 2.757587190060115e-06 18.903988302623002 18.88483018865564 18.90398789706372 85.99885380655196 639.1670780253853 400.0 -4.494252816442943e-12 2.4900838606756468e-08 4.0555928062514305e-07 0.30901803623911384 -3.9977112152160057 2.213874530176082e-06 1.636111634581981e-10 8.181983252519079e-11 8.179133093253556e-11 4.0556011192141045e-07 8.18198325256625e-11 8.179133093253557e-11 8.181949452677007e-11 8.179117681608997e-11
274.29 20.562508732256344 -5.385940348122965 17.915383256942935 -514750.2327936058 2.8930196744799412e-06 19.296772426224262 19.274793384233085 19.296771664485462 85.90659356887129 640.4847198834016 400.0 -8.688293566697578e-12 4.8810295200375e-08 7.617388008220141e-07 0.3090558653547126 -3.483153040399376 2.035453315169446e-06 3.3423853939807415e-10 1.6713366387660245e-10 1.6710487552064914e-10 7.617412848593041e-07 1.6713366387742498e-10 1.6710487552064917e-10 1.6713289956172038e-10 1.671044942271955e-10
285.93 20.564630892128033 -5.388148966146034 18.72511641810899 -514523.2699732048 3.0170948611909803e-06 19.663769616587704 19.638875466614348 19.6637682404359 85.81146497756556 641.6607282503788 400.0 -1.6883848854732424e-11 9.182436122876232e-08 1.3761518059823888e-06 0.30910382194031233 -3.0366564879577784 1.8810327769920318e-06 6.53403676888725e-10 3.2671627228081784e-10 3.2668740460652167e-10 1.3761567725204835e-06 3.267162722822033e-10 3.2668740460652167e-10 3.267146449929317e-10 3.2668654500982934e-10
297.81 20.566886756597924 -5.390502688948288 19.532687591225468 -514287.4125453859 3.1365067969425457e-06 20.006432372721864 19.978439765134606 20.006429973082152 85.71358200665257 642.7107648370152 400.0 -3.229445523917001e-11 1.6644091857486312e-07 2.399639711015592e-06 0.30916121484623277 -2.6702032818123556 1.7452803267066997e-06 1.2279832415165048e-09 6.140062788710893e-10 6.139769626431546e-10 2.3996483066269873e-06 6.140062788733498e-10 6.139769626431549e-10 6.140030166232994e-10 6.139751679846348e-10
309.93 20.569274717058928 -5.393005214484269 20.337243430447085 -514042.7773880081 3.2481523535401245e-06 20.326088096038507 20.294878466074753 20.326084045143475 85.61302253395705 643.6485498738082 400.0 -6.02530134531567e-11 2.9164607194968734e-07 4.050895033138216e-06 0.3092271698215622 -2.3825069448000455 1.624573889828685e-06 2.2270148539732616e-09 1.1135226429134077e-09 1.113492211056271e-09 4.050908909582434e-06 1.1135226429169892e-09 1.1134922110562714e-09 1.113516499532716e-09 1.1134887355812254e-09
322.29 20.571792796019167 -5.39566011226794 21.13803470686629 -513789.4807331328 3.35293471227086e-06 20.624128706494908 20.58958422896119 20.62412206866407 85.50983156463708 644.4860986458065 400.0 -1.0935609749648588e-10 4.954309749844928e-07 6.637830833261399e-06 0.3093008059637929 -2.168655093555721 1.5163289156071938e-06 3.90970829870687e-09 1.954870261139673e-09 1.9548380375616752e-09 6.637852469729364e-06 1.9548702611451954e-09 1.954838037561675e-09 1.9548594613080803e-09 1.9548318437805143e-09
334.89 20.574439114061235 -5.398470842433305 21.934408078945605 -513527.63825075555 3.451736811150534e-06 20.901927728846402 20.86392825723682 20.901917146388705 85.4040789969369 645.2339378810736 400.0 -1.9303803811125696e-10 8.179412697028737e-07 1.0582457697140262e-05 0.3093812554711365 -2.020951252494743 1.4186229186072974e-06 6.66240703507477e-09 3.331221109196989e-09 3.331185925869475e-09 1.0582490960798205e-05 3.331221109205296e-09 3.3311859258694747e-09 3.3312036251496934e-09 3.3311759827459348e-09
347.74 20.57721528489191 -5.401443109357444 22.726406990506977 -513257.1515667596 3.547809128969683e-06 21.161071532214795 21.119434225098495 21.161055077798157 85.2957666738768 645.9017538141375 400.0 -3.3189916999911314e-10 1.3157796040827584e-06 1.6454416640546908e-05 0.3094678256489655 -1.9314808572518185 1.3299101532175732e-06 1.1050241792459844e-08 5.525140632228322e-09 5.525101160219308e-09 1.6454467773597677e-05 5.525140632240534e-09 5.5251011602193076e-09 5.5251153352067294e-09 5.525087537970476e-09
360.82 20.580116421940495 -5.404575535198859 23.512313185542805 -512978.55263768113 3.6342190520379635e-06 21.402270784690902 21.35698957736629 21.402245802400984 85.18516226840818 646.4965912884138 400.0 -5.561464817219344e-10 2.06489546040547e-06 2.4982289919400308e-05 0.30955967536041273 -1.8926510162102277 1.2491534729833517e-06 1.7861915771524163e-08 8.930980261533375e-09 8.93093550997322e-09 2.4982369138187474e-05 8.930980261550942e-09 8.930935509973219e-09 8.93095008487597e-09 8.930922304013865e-09
374.15 20.58314030220981 -5.407876012324081 24.2929113367819 -512691.5203362133 3.7145676371485147e-06 21.62718018381501 21.578184950282427 21.627143059750058 85.07197101306177 647.0266947728267 400.0 -9.103559290518084e-10 3.1691093167808778e-06 3.7124064953365764e-05 0.30965605173866106 -1.8971406000823312 1.1752715045302398e-06 2.821167747780849e-08 1.4105864032474944e-08 1.410581344530877e-08 3.712418923760225e-05 1.4105864032499723e-08 1.4105813445308764e-08 1.4105843165648364e-08 1.4105815445839029e-08
387.72 20.5862876340315 -5.411345258507424 25.067246010459847 -512396.37185990065 3.7958668561549816e-06 21.836954005564543 21.783998862631815 21.836899945191092 84.95648798339118 647.4977598529125 400.0 -1.457304711726414e-09 4.762536916023842e-06 5.406037345135673e-05 0.3097564371419385 -1.9383822437969611 1.107537612080167e-06 4.359454512522902e-08 2.179730008384242e-08 2.1797245041352296e-08 5.406057086265861e-05 2.1797300083876716e-08 2.1797245041352303e-08 2.1797328926663145e-08 2.179730160954063e-08
401.54 20.589559927700275 -5.41498890110357 25.83557469739298 -512092.9858851006 3.8693895546024435e-06 22.032583029557955 21.975665224489365 22.032505757283648 84.83868792533973 647.9156397546544 400.0 -2.285427285451558e-09 7.020209723189371e-06 7.727227430495465e-05 0.3098603619033975 -2.0104561864417962 1.0452408834656432e-06 6.60265946957423e-08 3.3013325018694706e-08 3.3013269677000906e-08 7.72725909384009e-05 3.30133250187414e-08 3.301326967700091e-08 3.3013499193164913e-08 3.301347182163424e-08
415.59 20.59294796244027 -5.418804509191759 26.596543704114506 -511781.8951647275 3.937767575591909e-06 22.214874718471883 22.1539411862564 22.21476621934674 84.71867878985839 648.2847848276236 400.0 -3.5136807627818228e-09 1.0157928585338283e-05 0.00010849912514366765 0.30996704078027826 -2.107975013511287 9.87900081695399e-07 9.809001656040698e-08 4.90450302915528e-08 4.904498626879168e-08 0.00010849963520731256 4.904503029161531e-08 4.9044986268791674e-08 4.904555316785344e-08 4.9045525831292844e-08
429.89 20.59645687644646 -5.4228003063508226 27.35104367280658 -511462.74841419404 4.004439376160357e-06 22.385151301402402 22.320051660704603 22.385001398756017 84.59639837797806 648.6100662682004 400.0 -5.305656845349134e-09 1.4452986631612684e-05 0.00014990264638425316 0.3100762327845955 -2.2264194721410164 9.34940982651233e-07 1.431979153117721e-07 7.159896195425698e-08 7.159895335743273e-08 0.0001499034678430976 7.159896195433939e-08 7.159895335743272e-08 7.160023802403973e-08 7.160021078205239e-08
444.42 20.60008120638335 -5.426973411438986 28.09786625591396 -511136.0782876467 4.068251123658502e-06 22.544041093227268 22.4746690237492 22.543837179449945 84.47208327836724 648.8949095419841 400.0 -7.873080320766334e-09 2.0233656345288216e-05 0.00020391377732306758 0.31018740356776503 -2.3615679473531332 8.860092192372162e-07 2.05551155062301e-07 1.0277554133133053e-07 1.0277561373086334e-07 0.00020391509271384828 1.0277554133143771e-07 1.027756137308633e-07 1.0277833024854853e-07 1.0277830305583392e-07
459.2 20.603824857307856 -5.431332197308393 28.837922365060525 -510801.51696131396 4.126208908161839e-06 22.692488571356897 22.61884954652493 22.692215072914735 84.3456060909992 649.143182314926 400.0 -1.1499342204485685e-08 2.7912537238777845e-05 0.0002734984421609055 0.31030034500840314 -2.5100941716203042 8.406611276628902e-07 2.9056646092851144e-07 1.452831126536118e-07 1.452833482747621e-07 0.0002735005295904762 1.4528311265374943e-07 1.4528334827476212e-07 1.4528878656020895e-07 1.4528875953779252e-07
474.22 20.6076813401871 -5.435876364219382 29.570604076408884 -510459.36449985055 4.181463976954008e-06 22.8312594544171 22.75326590142261 22.830897512452843 84.21696328326824 649.3578744916297 400.0 -1.6543515046964387e-08 3.7969726134939167e-05 0.0003619419642601728 0.31041454087228126 -2.668886744079499 7.985992721839324e-07 4.0478240065346043e-07 2.0239092963556753e-07 2.0239147101771865e-07 0.0003619452366639717 2.023909296357419e-07 2.023914710177186e-07 2.0240187208619084e-07 2.0240184577203475e-07
489.48 20.611652909265995 -5.440608432117074 30.295855992617764 -510109.6959164218 4.235964807650693e-06 22.961149939204883 22.878646644804444 22.96067693466644 84.0863343147179 649.5416486869949 400.0 -2.3463862638442187e-08 5.097570440043461e-05 0.000473004538442242 0.31052983436531384 -2.835370932991022 7.595296107430048e-07 5.562015449185349e-07 2.7810022979438897e-07 2.781013151239274e-07 0.00047300959657831966 2.7810022979460745e-07 2.781013151239274e-07 2.7812045345318164e-07 2.781204269689355e-07
504.99 20.615740309134058 -5.445534033428757 31.014101449179904 -509752.3486953155 4.286694310268792e-06 23.082786573042725 22.995738415306008 23.08217557030096 83.9536206100174 649.6971068708021 400.0 -3.2842919171912975e-08 6.760838740305952e-05 0.0006110027417644 0.3106460082038544 -3.007478209198044 7.231671741188832e-07 7.545986908361893e-07 3.77298333060396e-07 3.7730035777552256e-07 0.0006110104439538246 3.7729833306066673e-07 3.7730035777552256e-07 3.773344177564753e-07 3.773343917474089e-07
520.73 20.619937530818614 -5.450649189294971 31.724402711672834 -509387.84907468467 4.334700752146936e-06 23.196669779984525 23.105015178234886 23.19588933384429 83.81903887781932 649.8262663373023 400.0 -4.538386053058726e-08 8.861599388016998e-05 0.0007804461402385098 0.3107626936214624 -3.1831506831575167 6.89324185889916e-07 1.0111859190869155e-06 5.055911588572929e-07 5.055947602292908e-07 0.0007804576822150558 5.055911588576249e-07 5.055947602292908e-07 5.056535750997828e-07 5.056535491704374e-07
536.72 20.624248710308674 -5.4559627065760665 32.42766945669662 -509015.7950275277 4.3817753793564855e-06 23.303589495561354 23.207194650397415 23.302602783041106 83.68242569828358 649.9313013903472 400.0 -6.19823806165981e-08 0.00011490652026411437 0.0009867125202497706 0.3108798254031512 -3.361078612918289 6.577468827512476e-07 1.3398106735177092e-06 6.699022386821432e-07 6.69908434835163e-07 0.000986729548877979 6.699022386825462e-07 6.69908434835163e-07 6.700073490105003e-07 6.700073224432596e-07
552.95 20.628671543046796 -5.461473640750526 33.12346901013262 -508636.47590328724 4.4236875889483e-06 23.403813238681643 23.302740408649044 23.40257790008757 83.54394786047564 650.0138797307724 400.0 -8.370264352797628e-08 0.00014746771165441539 0.0012353385940699943 0.3109971968020454 -3.5398835337442596 6.282682219508079e-07 1.7561132070386064e-06 8.780514081165162e-07 8.780617989216054e-07 0.0012353633282386617 8.780514081170011e-07 8.780617989216054e-07 8.782241549030034e-07 8.782241292850764e-07
569.42 20.63320213122798 -5.467184170368995 33.81183679279836 -508249.9443327039 4.468306366990849e-06 23.49818554348781 23.392147226611304 23.496653116227133 83.40348133626878 650.0757258157228 400.0 -1.1183656094498142e-07 0.00018742427134251855 0.0015324272606814897 0.31111452730150163 -3.7185182507230703 6.007168921793241e-07 2.2783561710557953e-06 1.1391695569364842e-06 1.1391866141187324e-06 0.00153246264563397 1.1391695569370625e-06 1.1391866141187328e-06 1.1394472420801567e-06 1.1394472166580519e-06
586.14 20.637850776174172 -5.473100100448534 34.49323040003731 -507856.01885110425 4.509433375369143e-06 23.58692836924529 23.47592230757335 23.585043616031722 83.26136096259383 650.1180403644299 400.0 -1.4795172949932399e-07 0.0002360614348485797 0.0018847532135638308 0.31123206727441344 -3.8962519234149346 5.74924532420179e-07 2.9278932916297066e-06 1.4639328960894242e-06 1.4639603955395982e-06 0.0018848031100583108 1.4639328960901084e-06 1.4639603955395984e-06 1.4643703880351968e-06 1.464370362388232e-06
603.09 20.64260095156018 -5.479216376792671 35.16688772109764 -507455.2135564672 4.544763536279342e-06 23.670226099841166 23.55438734804372 23.667927196533164 83.11728126699148 650.1424397067018 400.0 -1.9383786735067856e-07 0.0002947128043789263 0.002298903308000573 0.31134914962557403 -4.072175747800248 5.507809363933584e-07 3.7278068151512517e-06 1.8638816075229674e-06 1.863925207627481e-06 0.0022989726735675275 1.86388160752377e-06 1.863925207627481e-06 1.8645578435501648e-06 1.8645578184443255e-06
620.29 20.64746472984722 -5.485542346280049 35.83367775993788 -507047.10316144273 4.586012428449034e-06 23.749158523517178 23.628027896520916 23.746375739484723 82.97143207397839 650.1499056614548 400.0 -2.517056493149376e-07 0.00036497714275750845 0.002782784032451973 0.31146607701689083 -4.245963494331914 5.281312942968145e-07 4.705970422706046e-06 2.3529511617618925e-06 2.353019260943219e-06 0.0027828792012980176 2.3529511617628272e-06 2.3530192609432196e-06 2.353978531507246e-06 2.3539785064824954e-06
637.72 20.65243634847188 -5.492072684343867 36.49290171719352 -506632.20369300933 4.6208494092812554e-06 23.823359667844105 23.697120321346006 23.820016015197908 82.82403135182543 650.1414921940523 400.0 -3.240063644409652e-07 0.00044844471282228356 0.0033436526461974795 0.31158263126427443 -4.416987322730065 5.068866271317495e-07 5.891446168701285e-06 2.9456706759978824e-06 2.945775492702321e-06 0.003343781545868099 2.9456706759989628e-06 2.9457754927023227e-06 2.947205796603383e-06 2.947205772021014e-06
655.4 20.657517649850348 -5.498816842609642 37.14539657854723 -506210.0764086613 4.6576768681411596e-06 23.893688902253217 23.762078678842574 23.88969854150921 82.67475829562858 650.1182818170183 400.0 -4.1374865298864e-07 0.0005470304517450479 0.003990360744006402 0.3116987280488734 -4.585107265558618 4.869171645602645e-07 7.319285163405857e-06 3.659563003142838e-06 3.6597221602617787e-06 0.003990533268734325 3.6595630031440784e-06 3.6597221602617774e-06 3.6618223836343225e-06 3.6618223590915974e-06
673.32 20.66270918287278 -5.5057730924360655 37.790870480832645 -505780.99648889905 4.68514542704909e-06 23.959765559630167 23.82317264229629 23.955034402608092 82.52391803077278 650.081031663314 400.0 -5.242685728487744e-07 0.0006626547800730481 0.004731157022077378 0.3118143690890428 -4.749977366308039 4.6814007101117575e-07 9.026162297592623e-06 4.512961916672788e-06 4.513200380918421e-06 0.004731385315046649 4.512961916674204e-06 4.5132003809184196e-06 4.516239528536788e-06 4.516239504679167e-06
691.49 20.66800294757741 -5.512947225753692 38.429756029306326 -505344.75204017264 4.722446313822571e-06 24.023012620193082 23.88071894459035 24.017437183744 82.37088050483852 650.0308760905621 400.0 -6.595194988461082e-07 0.0007975145436070115 0.0055754364490851775 0.31192914407787414 -4.911478855933907 4.504576556541281e-07 1.105443347536196e-05 5.527040353658997e-06 5.527393121701357e-06 0.005575735333148263 5.527040353660602e-06 5.527393121701356e-06 5.5317316574482895e-06 5.531731634000357e-06
709.89 20.673416586871234 -5.5203334639606325 39.061463221645774 -504901.8655569776 4.756618937238063e-06 24.082887022764805 23.934923115565216 24.076355634934366 82.21713585053891 649.9677893681214 400.0 -8.237538292640156e-07 0.0009537129350932187 0.00653138783043681 0.3120437744913577 -5.0693342725673105 4.3381126233218707e-07 1.3446716320061955e-05 6.723100553596874e-06 6.723615766463271e-06 0.006531775092834346 6.7231005535986836e-06 6.7236157664632695e-06 6.729727862203245e-06 6.729727838319861e-06
728.54 20.678929509955303 -5.527941409630415 39.68675959596329 -504451.8710120485 4.7812957122423674e-06 24.13926878720325 23.98608841095964 24.131659225953854 82.0610475387726 649.8932649743526 400.0 -1.0221652701920492e-06 0.0011338411973160808 0.007609561249394972 0.31215733062968415 -5.223573414655991 4.18107520208221e-07 1.6254859907583308e-05 8.12705821852223e-06 8.127801689059051e-06 0.007610058252830066 8.127058218524259e-06 8.12780168905905e-06 8.136308694134914e-06 8.13630867115219e-06
747.43 20.68455493356193 -5.535769082146423 40.305411251938345 -503995.04489848897 4.813642921427561e-06 24.193438810824592 24.034415228630866 24.184619709674152 81.90372848108566 649.8073810255667 400.0 -1.2603113987823657e-06 0.0013403679507175996 0.008819101150437159 0.31227032530951476 -5.37406704428795 4.032898734560176e-07 1.953073554481822e-05 9.76483768579992e-06 9.765897859016044e-06 0.008819733162816366 9.76483768580218e-06 9.765897859016044e-06 9.777600768556476e-06 9.777600745451111e-06
766.56 20.690286119178634 -5.543818176972522 40.91751697969868 -503531.406202129 4.8449575307193115e-06 24.245063190628628 24.08011567599256 24.23489327881728 81.74473031079904 649.7109151537331 400.0 -1.5445361540135274e-06 0.0015759961199946252 0.010169911811346655 0.3123824675196938 -5.520757964230704 3.892962610102071e-07 2.333181623550802e-05 1.1665160881782567e-05 1.1666655353722951e-05 0.010170708543337636 1.1665160881785071e-05 1.166665535372295e-05 1.1682577691649625e-05 1.1682577668247885e-05
785.93 20.69613157324583 -5.552090547259425 41.52318761866023 -503060.9815675046 4.871545006097511e-06 24.294078043687396 24.123388028171178 24.282406026383626 81.58460672032938 649.6040749191156 400.0 -1.8819183138156658e-06 0.0018435588535914047 0.011672017303773576 0.31249404615976994 -5.663630370414827 3.760706863566367e-07 2.7719668538574513e-05 1.38587926129231e-05 1.3860875925648646e-05 0.011673013429438259 1.385879261292586e-05 1.3860875925648646e-05 1.3882312424457075e-05 1.3882312402087772e-05
805.54 20.702072643407117 -5.56058773807441 42.12251511568472 -502583.7838642204 4.888714901241046e-06 24.340298688110753 24.164414326774427 24.32696298796285 81.42231640426135 649.4879579518571 400.0 -2.28036338188196e-06 0.002146048764132262 0.01333570014790317 0.3126043329719784 -5.802633583779668 3.6356002489582606e-07 3.2760557988382236e-05 1.6378842463224685e-05 1.6381715525154515e-05 0.013336935844158697 1.6378842463227717e-05 1.638171552515452e-05 1.6410289446818314e-05 1.6410289424857385e-05
825.39 20.70812046625732 -5.569311553306875 42.71561323444156 -502099.83489299123 4.92492080854174e-06 24.385949256514188 24.20336624043859 24.370778014474624 81.25845793449484 649.3626003497906 400.0 -2.7486059327268315e-06 0.0024865688948964163 0.015171242039566112 0.31271372399888464 -5.937773723884424 3.5171719036553437e-07 3.8524688400033e-05 1.9260383604921752e-05 1.9264304795107946e-05 0.015172763545880982 1.9260383604925062e-05 1.9264304795107943e-05 1.9302032407820265e-05 1.9302032385816586e-05
845.49 20.714295930319807 -5.578268371955339 43.30288965543636 -501608.91634782776 4.960678615433072e-06 24.429849687491085 24.240421744153625 24.412659680170453 81.09420065816253 649.2277031002166 400.0 -3.2965660773553824e-06 0.0028685388666389246 0.01719000732063332 0.312822914576466 -6.069135495299422 3.4049372161822664e-07 4.508982462351906e-05 2.254226281671249e-05 2.2547561806802983e-05 0.017191867692073738 2.2542262816716085e-05 2.2547561806802983e-05 2.2596932286057573e-05 2.2596932264246945e-05
865.83 20.720575073096136 -5.5874552414063245 43.88413320473635 -501111.2756200672 4.967490127483964e-06 24.469886172803296 24.275707265969604 24.45048446364815 80.92825584437479 649.0843996240845 400.0 -3.934688728269704e-06 0.003295186489426164 0.019401709155149452 0.312931050719226 -6.196606393323963 3.298539076579901e-07 5.253272742985142e-05 2.6262817719879243e-05 2.6269909709968283e-05 0.01940396852816 2.6262817719883143e-05 2.6269909709968283e-05 2.6333960724803755e-05 2.633396070359243e-05
886.41 20.726943898575374 -5.596873637038918 44.45943931883593 -500606.92009676306 5.003292079071463e-06 24.510672278341993 24.30936015454702 24.48885528883887 80.75973529162297 648.9334966663062 400.0 -4.674671561586106e-06 0.0037700239897480933 0.021816989503123243 0.31303760446229395 -6.320154755449081 3.197595566112329e-07 6.093725437007997e-05 3.0463925275874677e-05 3.0473329094201097e-05 0.021819715802375118 3.046392527587888e-05 3.0473329094201097e-05 3.0555745581265145e-05 3.055574556018522e-05
907.23 20.733449161110087 -5.606525703273157 45.02894713119917 -500095.8828137893 5.024157468429695e-06 24.548907784635496 24.34151220814358 24.524461664209337 80.59175863572834 648.7736781160851 400.0 -5.529167051833654e-06 0.004296590556605803 0.024446120426157018 0.31314429181326214 -6.439847730281099 3.10178382542446e-07 7.038984562003643e-05 3.518874390374014e-05 3.520110171629178e-05 0.024449389943153564 3.518874390374465e-05 3.5201101716291786e-05 3.530631570576628e-05 3.530631568522587e-05
928.29 20.740036389345274 -5.616412386103285 45.59272095465787 -499578.14746105776 5.056201128969053e-06 24.586817731997023 24.372280444514036 24.559517675153664 80.42063627374777 648.6070976269446 400.0 -6.512194636476703e-06 0.0048786868420705905 0.02730005684335457 0.31324910055300487 -6.555582532197087 3.010756898365564e-07 8.098404292744271e-05 4.048397110312528e-05 4.0500071824312626e-05 0.02730395476882754 4.048397110313009e-05 4.0500071824312626e-05 4.0633387197112116e-05 4.0633387176961955e-05
949.6 20.746778542980508 -5.6265408805819135 46.151174377539085 -499053.51036079205 5.086275094988919e-06 24.62347955217941 24.401794643986594 24.593089194466735 80.25122088209383 648.4315110347604 400.0 -7.639218520494242e-06 0.005520327814303508 0.03039035771267652 0.313354634161544 -6.6675090555383605 2.924211749308995e-07 9.281936374337005e-05 4.639927878285339e-05 4.642008496051156e-05 0.030394979055613412 4.639927878285852e-05 4.6420084960511567e-05 4.658780889392463e-05 4.658780887358147e-05
971.15 20.75358926111152 -5.636907041390245 46.70407826402323 -498522.1824119983 5.082076083872644e-06 24.65606678119448 24.43014063531853 24.622339836142846 80.07763253189569 648.2501063851474 400.0 -8.926428109703821e-06 0.006225331634360448 0.033726945051636883 0.3134578006820344 -6.775417354897595 2.841880561670823e-07 0.00010599436476250957 5.2983845347181663e-05 5.301051941532246e-05 0.03373239446548266 5.2983845347187105e-05 5.3010519415322475e-05 5.322009361369032e-05 5.322009359470582e-05
992.93 20.76051995968225 -5.647508172222828 47.25132532277889 -497984.4431945869 5.146444872431157e-06 24.69385411521649 24.457407632975567 24.656535875220772 79.90389246678357 648.0612967093282 400.0 -1.039063961609699e-05 0.006997250864626778 0.03731823999571599 0.31356055263400523 -6.879329171161464 2.7635683108365214e-07 0.0001206042305080516 6.02851492478574e-05 6.031908126018843e-05 0.037324632097485384 6.028514924786315e-05 6.0319081260188455e-05 6.057920054320249e-05 6.0579200524470364e-05
1014.97 20.767575735093775 -5.658360421942678 47.79375824439479 -497439.55376048933 5.079785393948186e-06 24.71876452928316 24.48372431813923 24.67758463590898 79.72949587456402 647.8651698821692 400.0 -1.2053070777089252e-05 0.007841311196588416 0.04117989337417674 0.31366287254530495 -6.979354261457614 2.6889320857212026e-07 0.00013677822931725005 6.836768597935624e-05 6.84105433378878e-05 0.04118735497246888 6.83676859793623e-05 6.841054333788779e-05 6.87314281304638e-05 6.873142811294111e-05
1037.24 20.774609070360817 -5.669448761629997 48.330627741850854 -496888.1863842356 5.1581195321047135e-06 24.756304406569242 24.50913497196471 24.710985687870146 79.54381778507316 647.6669568120354 400.0 -1.3932818217645772e-05 0.008760981962968968 0.04531871869909679 0.31375967098418106 -7.075112547974943 2.617804756938517e-07 0.0001546151203384671 7.728068679789994e-05 7.733443354056082e-05 0.04532738631830281 7.728068679790629e-05 7.733443354056082e-05 7.772789829635197e-05 7.772789827828578e-05
1059.75 20.781982421925978 -5.680784356821551 48.86254487670386 -496330.2834369411 5.2550575526064104e-06 24.795399393034923 24.533747646688717 24.745656212880565 79.3752075824031 647.4542735579985 400.0 -1.6050741825776538e-05 0.009759945899708685 0.04974318015435588 0.31386393084211567 -7.167192064550402 2.550085814708511e-07 0.00017421692512584628 8.707499359353678e-05 8.714193153230286e-05 0.04975320245662245 8.70749935935434e-05 8.714193153230284e-05 8.762151349912612e-05 8.762151348174559e-05
1082.51 20.78936933003063 -5.692369374236069 49.38959105237342 -495765.42341277894 5.201578950703493e-06 24.819001220991787 24.55763563096035 24.764531969383487 79.1974826263982 647.2386186974061 400.0 -1.843324481495442e-05 0.010843954998857255 0.05446925160829791 0.3139638605407566 -7.255089026860969 2.4854327300827243e-07 0.00019573161877803645 9.782439164581317e-05 9.790722713221639e-05 0.054480789449365484 9.782439164582007e-05 9.790722713221639e-05 9.848863224671853e-05 9.848863222954261e-05
1105.5 20.79686884938799 -5.704196482164264 49.91147527562612 -495194.15614215 5.240904246527869e-06 24.851308945347178 24.58085402441531 24.791806844009827 79.0191449571545 647.0166630933193 400.0 -2.110287730614474e-05 0.012016208966021551 0.05950210133734995 0.3140631899576849 -7.338870944660746 2.4237668346678674e-07 0.00021925679299974305 0.00010957746837798265 0.00010967932462175322 0.05951532615261419 0.00010957746837798983 0.00010967932462175319 0.00011038035978221593 0.00011038035976606557
1128.74 20.804470356739113 -5.7162771763749625 50.42873166952953 -494615.97526784934 5.247952476569726e-06 24.879842410282727 24.60349021640122 24.814985680615536 78.83864256295023 646.7889429812957 400.0 -2.408899354658088e-05 0.01328230430302797 0.06485672966719168 0.3141614259229102 -7.41856628419293 2.3648651360002392e-07 0.0002449403082911864 0.00012240790377651513 0.00012253240451466388 0.06487182626680106 0.00012240790377652253 0.00012253240451466388 0.00012337344101476344 0.00012337344099893951
1152.22 20.81218323442129 -5.728607908343971 50.94123165988683 -494031.13067867176 5.278336080223315e-06 24.910423368114063 24.625598271507172 24.839882095696176 78.65706068582843 646.5552381858319 400.0 -2.7419063617825888e-05 0.014646296779353427 0.0705412724178882 0.3142590094068543 -7.494142845561477 2.3086073569869237e-07 0.0002729007986748398 0.00013637475155225362 0.00013652604712257856 0.07055843684376095 0.00013637475155226119 0.00013652604712257856 0.00013753008866407854 0.00013753008864773463
1175.94 20.820020277735836 -5.741190267055412 51.449074496652166 -493439.6250173598 5.29708791896831e-06 24.939430881069494 24.64723887437728 24.862864901736476 78.47552780004969 646.3152170186515 400.0 -3.1123420346079945e-05 0.016112789467089772 0.07656597933301831 0.31435642791297247 -7.5656106452440115 2.2548554608372305e-07 0.00030326949381812517 0.00015154333282179326 0.0001517261609963241 0.07658541947928482 0.0001515433328218011 0.00015172616099632405 0.00015291913237287382 0.00015291913235749628
1199.91 20.827961808561025 -5.754030681616403 51.9525393126767 -492841.1898977547 5.315617774836657e-06 24.968126430929225 24.66847720741171 24.885182096103296 78.29189580863354 646.0696829725103 400.0 -3.523640244529099e-05 0.01768727287322509 0.08294433482592706 0.314452952399101 -7.6329584951197145 2.2034488782369374e-07 0.00033619816795370244 0.00016798920346268196 0.00016820896449101243 0.08296627129958538 0.00016798920346268995 0.0001682089644910124 0.00016962009334054362 0.0001696200933258949
1224.11 20.836023497657955 -5.767120142098165 52.45130924372227 -492236.3301279502 5.341501078355147e-06 24.997422531214355 24.689350180073035 24.90774132656743 78.1083360505978 645.8181617930574 400.0 -3.978860450352251e-05 0.019373124194454187 0.08968120464692572 0.3145493297310604 -7.6961673545654525 2.1543135721352863e-07 0.00037179548255216084 0.00018576635962752673 0.00018602912292462593 0.08970586742922126 0.00018576635962753491 0.00018602912292462598 0.00018769088817668824 0.00018769088816287347
1248.56 20.84420203103456 -5.780470675709829 52.945874312100536 -491624.5321246675 5.360248830566317e-06 25.025737629948114 24.70992611045219 24.928944769065563 77.92377123128936 645.5608887362954 400.0 -4.482015168203002e-05 0.021176629100193183 0.09679286088255772 0.3146453368883635 -7.755285710743491 2.1072901388404927e-07 0.00041023299183877963 0.0002049601796300907 0.00020527281220868068 0.0968204932924547 0.00020496017963009898 0.00020527281220868068 0.00020722163837005845 0.00020722163835608563
1273.25 20.8524949331247 -5.794078260530668 53.43611082187662 -491006.03719261906 5.378865343687078e-06 25.053899665080408 24.73024507168411 24.949612440883243 77.73834843674035 645.2980118793378 400.0 -5.036756405755654e-05 0.02310202160390387 0.10428722419716237 0.314741014572007 -7.810307702068453 2.06229140699443e-07 0.00045164028072630804 0.00022563505343650803 0.0002260052272897917 0.10431807918448247 0.0002256350534365164 0.0002260052272897917 0.00022828145503199396 0.0002282814550189916
1298.18 20.860906334194734 -5.807944298671497 53.92210401266455 -490380.83760461904 5.41198521865894e-06 25.083757137158283 24.750353584200354 24.9715821453202 77.5524497802104 645.0294700406641 400.0 -5.6471221952507014e-05 0.02515425613248201 0.1121749918380877 0.31483655949333966 -7.861268854513199 2.019217099595756e-07 0.0004961632847525463 0.00024786350787837046 0.00024829977687416727 0.11220933262878789 0.00024786350787837897 0.0002482997768741673 0.00025094804540127836 0.00025094804538793486
1323.35 20.86945179252936 -5.822070378200152 54.40394609816273 -489748.9319976521 5.421638048156944e-06 25.110704422890464 24.770296170337065 24.990237627350016 77.36773180074897 644.754791183665 400.0 -6.317346961572613e-05 0.027338278845632176 0.12046679554044679 0.31493256215986115 -7.908232064923388 1.9779761168559016e-07 0.0005439486554008942 0.0002717183983313878 0.0002722302570694977 0.12050489519472048 0.0002717183983313963 0.00027223025706949773 0.00027529977718574605 0.0002752997771727967
1348.77 20.878079865973415 -5.836462564854465 54.88186163535794 -489110.02045800834 5.433838762865186e-06 25.137922547872456 24.79012211459061 25.00874444421548 77.17822028803333 644.4758504325084 400.0 -7.052314533837713e-05 0.029660453352864057 0.12917810365697607 0.3150272319566167 -7.951180198299887 1.9384501744250537e-07 0.0005951766096329502 0.0002972893074294985 0.00029788730220344336 0.12922024585801925 0.000297289307429507 0.0002978873022034433 0.0003014324958551819 0.0003014324958435582
1374.42 20.88684406951939 -5.851111865878892 55.35559721463477 -488464.6317268595 5.465655645315405e-06 25.167712492725265 24.80985728232604 25.029400206793877 76.9904946666038 644.1908200176574 400.0 -7.856061256145998e-05 0.032123767275638516 0.13831228593138714 0.31512262827532744 -7.990231650819034 1.9006019888897246e-07 0.0006499518324703956 0.00032462808402053704 0.0003253237484498503 0.13835876010845669 0.00032462808402054555 0.0003253237484498502 0.0003294037654181782 0.00032940376540669726
1400.32 20.89572707133865 -5.866030575814452 55.82558053189342 -487812.2314031113 5.482808080575402e-06 25.195702561087355 24.82955569928233 25.047814240517273 76.8017360920767 643.9003808075842 400.0 -8.734217643601619e-05 0.0347355255164223 0.1478883205700837 0.31521805713327355 -8.025452430770487 1.864317123726265e-07 0.0007084768784116496 0.00035383540099507513 0.00035464147741656613 0.1479394275048093 0.00035383540099508354 0.0003546414774165661 0.0003593214701136326 0.0003593214701031043
1426.46 20.904733485760126 -5.881214444945016 56.29170617075525 -487153.0618051258 5.505261768854957e-06 25.224527516901794 24.849247234324878 25.066613264178468 76.61294450339011 643.6044156916239 400.0 -9.691672955510268e-05 0.03750004850020545 0.15791425272332435 0.3153138175175031 -8.056922613692453 1.829538404439273e-07 0.0007708881893970212 0.0003849789044866166 0.00038590928491039636 0.15797029912840474 0.00038497890448662493 0.00038590928491039636 0.0003912600453526127 0.00039126004534277797
1452.84 20.913857926801715 -5.89666464172981 56.754043627851516 -486487.1016132738 5.523464348920235e-06 25.25293597466885 24.868968028327483 25.084533857207916 76.42342670337261 643.3031629315177 400.0 -0.00010733899680541372 0.04042275630859118 0.16840211746093559 0.31540978970977296 -8.084729135048992 1.7961946213180118e-07 0.0008373475408574749 0.0004181388584176348 0.0004192086824398321 0.16846341697644426 0.00041813885841764293 0.00041920868243983215 0.0004253071989207522 0.00042530719890948436
1479.46 20.92310721788334 -5.912382555163086 57.21267011701184 -485814.33752409025 5.5529659155715644e-06 25.283138867507496 24.88875313601101 25.10377485968667 76.23393870776513 642.9964289386188 400.0 -0.00011866601334468207 0.04350905817038727 0.1793640078208276 0.3155062682470651 -8.108989573157245 1.7642212901622233e-07 0.0009080166949559342 0.00045339549347393467 0.0004546212014819915 0.17943088060463197 0.00045339549347394264 0.0004546212014819915 0.0004615509469381598 0.00046155094692838414
1506.33 20.932491189446267 -5.928375573876085 57.66782910080159 -485134.50516811927 5.562179401656669e-06 25.31070979406633 24.908643900198154 25.119893135115834 76.0453731635806 642.6839166611547 400.0 -0.00013096220232397638 0.04676567767019189 0.1908166589504942 0.31560356420255326 -8.129839709018 1.7335461901186524e-07 0.0009830881526617303 0.0004908443485632552 0.0004922438040984673 0.19088943350285043 0.0004908443485632629 0.0004922438040984673 0.0005000954158537084 0.0005000954158446816
1533.43 20.941962515183636 -5.944632200866193 58.11922116244212 -484448.0549246976 5.578592019557742e-06 25.33951741212292 24.928658284165245 25.136752250227254 75.85234162538659 642.3673157104182 400.0 -0.000144282312642418 0.05019614249544044 0.20276516189566607 0.31570031592225123 -8.147326576917294 1.704124713184676e-07 0.0010626825689371852 0.0005305451013193382 0.0005321374676178395 0.20284416736752905 0.0005305451013193458 0.0005321374676178397 0.0005410082387400772 0.000541008238731319
1560.78 20.951580476149026 -5.961166723826995 58.56728678009156 -483754.5013105087 5.604123759370143e-06 25.3699988148724 24.948843480106422 25.154768278521082 75.6615055208832 642.0445911834006 400.0 -0.00015870012754199732 0.0538082738375748 0.2152305363513172 0.3157984109033469 -8.161688659537583 1.6758901385626942e-07 0.0011470172130600821 0.0005726055941498338 0.0005744116189102409 0.2153161124964069 0.0005726055941498411 0.0005744116189102409 0.0005844068728371899 0.0005844068728296876
1588.37 20.96131119878389 -5.97797378721938 59.011902391097145 -483054.0508635692 5.622967542358845e-06 25.399812014430424 24.969223349017813 25.171589430907588 75.46888035506007 641.7169613480824 400.0 -0.00017428036470222815 0.057606892102472475 0.2282225835228399 0.315896858107611 -8.173017630442311 1.6487942633927996e-07 0.001236242706646155 0.0006171004081926757 0.0006191422984534723 0.2283150724589781 0.0006171004081926827 0.0006191422984534722 0.0006303749754289669 0.0006303749754221359
1616.2 20.971181731387233 -5.9950551893310084 59.45315405700819 -482346.70343339525 5.64986262207459e-06 25.43125261410381 24.989828697135334 25.18949789671592 75.27810297319829 641.3835050269898 400.0 -0.0001910935441077083 0.06159765853883636 0.24175471738788598 0.31599661584687355 -8.18151918029374 1.6227919523476e-07 0.0013305270392372287 0.0006641127649839952 0.0006664142742532268 0.24185446676622396 0.0006641127649840018 0.0006664142742532268 0.000679005330598646 0.0006790053305919288
1644.27 20.98117473190598 -6.012411772180455 59.891093482227504 -481632.41840100684 5.6656462614801385e-06 25.461359260799448 25.010689602703092 25.205517667304402 75.08670780933785 641.0448609798027 400.0 -0.00020921487951570651 0.06578672742251004 0.2558415934950481 0.31609716366371854 -8.187330910652785 1.5978317852312972e-07 0.0014300515334264782 0.0007137325186788433 0.0007163190147476288 0.2559489556730797 0.0007137325186788495 0.0007163190147476288 0.0007303979916938282 0.000730397991689209
1672.59 20.991294643894822 -6.030051015119458 60.3259371371512 -480910.91569811635 5.686663773095672e-06 25.492723240763727 25.031843185683087 25.22222006783045 74.89462998550592 640.7009032764852 400.0 -0.00022872927178488263 0.07018178240134434 0.2705031729332807 0.31619862098031193 -8.190629769271096 1.5738599904627577e-07 0.0015350335122847562 0.0007660674493328649 0.0007689660629518854 0.2706185083317606 0.0007660674493328707 0.0007689660629518853 0.0007846719184335574 0.0007846719184246651
1701.14 21.00154143263482 -6.047961820279099 60.75744565044534 -480182.68378491007 5.708745474481387e-06 25.52471915357173 25.053303696914128 25.238975057763014 74.70296120797153 640.3516480094922 400.0 -0.0002497037427919913 0.0747858685089083 0.28574409580871923 0.3163012014538506 -8.191608352733866 1.5508511783047146e-07 0.00164557899066828 0.0008211698319269206 0.0008244091587413542 0.2858677649448964 0.0008211698319269259 0.000824409158741354 0.0008418887979969677 0.0008418887979920549
1729.94 21.01191845292125 -6.06615784957376 61.185979843972035 -479447.18083718827 5.724254112705675e-06 25.55611802134658 25.07511496937466 25.254527367503137 74.51090927421211 639.9970073419839 400.0 -0.0002722376856846827 0.07960858211384911 0.3015906538434413 0.3164048988529985 -8.190447720050333 1.5287468306248987e-07 0.0017619513062975699 0.0008791703498378611 0.0008827809564597041 0.30172302893723485 0.0008791703498378658 0.0008827809564597041 0.000902192026424016 0.0009021920264201239
1758.98 21.02241696524646 -6.084633902171923 61.6114438992964 -478704.62528968527 5.747598251922836e-06 25.58933834437876 25.097297986414638 25.27128470710838 74.3174772226438 639.6373056957154 400.0 -0.0002964123241170044 0.0846548512921135 0.31805363727037955 0.31650955401950853 -8.187328427410337 1.5075144479834805e-07 0.0018843018576481425 0.0009401438734306661 0.000944157984217472 0.31819509400506174 0.0009401438734306705 0.0009441579842174721 0.0009656673791529686 0.0009656673791493749
1788.26 21.033060137550205 -6.103391757645502 62.03391446259647 -477955.0129180141 5.772850893229031e-06 25.623475752256375 25.119880930720278 25.288326757463974 74.12659262766294 639.2717424457342 400.0 -0.0003223180855450924 0.08993100656812064 0.33514899479239985 0.316615961734095 -8.182492901410438 1.487119769542963e-07 0.002012813640340577 0.0010041810069374654 0.0010086326334031075 0.3352999172734475 0.0010041810069374693 0.0010086326334031075 0.0010324171362080241 0.0010324171362020326
1817.79 21.043833765090028 -6.122438608183687 62.453577560175326 -477198.03374180256 5.788880840149149e-06 25.656589483011803 25.14289956684177 25.30368956360235 73.93495897963307 638.9008392734944 400.0 -0.0003500609355573626 0.0954458413916402 0.35289991940945414 0.3167236121492182 -8.176100509827874 1.4675166086536218e-07 0.0021477321928555643 0.0010714035091070858 0.001076328683748475 0.3530607026438167 0.0010714035091070892 0.0010763286837484753 0.0011025765203189768 0.0011025765203207826
1847.55 21.054728349729714 -6.141762642675847 62.87020470853082 -476434.1616715419 5.804620742124292e-06 25.69020956897859 25.166366018928777 25.31889798274363 73.74195503236503 638.5249406236096 400.0 -0.00037972147553036727 0.10120248591879379 0.3713115862349674 0.3168323944590747 -8.168348483666575 1.4486827530830463e-07 0.0022891634547795342 0.0011418635700845773 0.0011472998846949547 0.3714826276734367 0.00114186357008458 0.0011472998846949545 0.0011762083738010801 0.0011762083738006371
1877.56 21.06575632877942 -6.161378167696765 63.28413624190795 -475662.8559847828 5.833057685494206e-06 25.726773346179744 25.19032358377872 25.336359517410436 73.54822940911018 638.1436265497089 400.0 -0.00041142256441844215 0.10721172821610415 0.39041382876930925 0.316942575865833 -8.159440157383361 1.4305725896034173e-07 0.002437400442494656 0.0012157065711289729 0.0012216938713656813 0.3905955435209344 0.001215706571128975 0.0012216938713656813 0.001253473102662193 0.001253473102661034
1907.81 21.076943433997357 -6.1812807228328825 63.69530872136351 -474884.3765377798 5.862743964417073e-06 25.764329053507808 25.21479179682863 25.354111020917568 73.35996614474745 637.7559929791985 400.0 -0.0004452598083287379 0.11347843755469138 0.4102180325902391 0.3170550856690997 -8.149643099713296 1.4131645979953782e-07 0.002592588504849405 0.001293004306988324 0.0012995841978610794 0.4104108466074973 0.0012930043069883255 0.0012995841978610792 0.001334454328076479 0.0013344543280749096
1938.3 21.088260138280113 -6.201470625288455 64.10375482531477 -474098.64493547316 5.871922909375179e-06 25.798722729295932 25.239797860185675 25.367979776726894 73.17076329493275 637.3630966687992 400.0 -0.0004813465489447219 0.12001020757328534 0.4307429525690379 0.3171689909489617 -8.139085171311992 1.3964227484522214e-07 0.0027549445268575507 0.0013738642122976584 0.0013810803145598918 0.43094730315544566 0.0013738642122976595 0.0013810803145598916 0.0014192734763970225 0.0014192734763964969
1969.03 21.099690005335415 -6.221948447483582 64.509516148984 -473305.58980613784 5.8873993622443366e-06 25.83494523096837 25.265368797434675 25.382937833916365 72.97652837000801 636.9655311236576 400.0 -0.0005197998598352433 0.1268146395309516 0.4520073970520054 0.31728378324603457 -8.127914367857983 1.3803144492053717e-07 0.0029246850197423924 0.0014583935205349722 0.0014662914992074202 0.4522237346507363 0.0014583935205349722 0.0014662914992074204 0.0015080519974767768 0.0015080519974769674
2000.0 21.111270515738806 -6.242716556021696 64.91265126182768 -472505.2777151205 5.928170795966275e-06 25.87688166557645 25.291520115834103 25.40285189607416 72.78552157358737 636.5910175314917 400.0 -0.0005607372236194896 0.1338988321177637 0.4740297695022892 0.3174006665093598 -8.116406714668901 1.3648162159881658e-07 0.00310200887167209 0.0015466906567988522 0.0015553182148732377 0.47425856471539846 0.0015466906567988522 0.0015553182148732377 0.001600901967215885 0.0016009019672158357
