#Found quasiharmonic mode : None
#T(K), volume, F(eV), S(J/K), H(J/K), a(-6/K), Cp(J/mol), Cv, Cpion, Bt(GPa), T_ph-D(K), T-D(K), F_el_atom, S_el_atom, C_el_atom, M_el, Seebeck_coefficients(μV/K), Lorenz_number(WΩK^{−2}), Q_el, Q_p, Q_e, C_mu, W_p, W_e, Y_p, Y_e
0.0 16.644930780590652 -3.707610081908321 0.0 -357729.99012438476 0.0 0.0 0.0 0.0 75.57266601374488 400.0 400.0 0.0 0.0 0.0 0.0 0.0 2.443004551768e-08 0.0 0.0 0.0 0.0 0.0 0.0 0.0 0.0
0.22 16.644930781001555 -3.707610082139766 0.00020440199201398574 -357729.9901017474 7.485638516178673e-11 0.0002045294657241904 0.00020452946571578574 1.9121048374772565e-07 75.57266600546285 476.5777467693556 400.0 -2.329915454793722e-10 0.00020433825518887137 0.0002043382552404427 -4.952180284320266e-11 -0.00044989564493027104 2.4430045096080518e-08 7.470282144874112e-06 3.7190531912208908e-06 3.7348928544763986e-06 0.00020433825518894239 3.7351320131104883e-06 3.735150131763624e-06 5.178016921600563e-06 5.178016907953008e-06
0.55 16.644930783174438 -3.7076100833554264 0.0005118415262638804 -357729.98998249636 1.8960237738329197e-10 0.0005138333029923417 0.0005138333028575416 2.9876638164502275e-06 75.57266596015799 476.5777465346139 400.0 -1.456033030103578e-09 0.0005108456383699971 0.0005108456391758915 -3.0941042798572895e-10 -0.0011247390760817674 2.4430045128461902e-08 1.8675705376723546e-05 9.321745351515707e-06 9.337623811836975e-06 0.0005108456383712001 9.337796075060363e-06 9.337909301663182e-06 1.2945017307398853e-05 1.2945017266848898e-05
1.01 16.644930789464222 -3.707610086799221 0.0009442655345151217 -357729.9896425767 3.609431838700913e-10 0.0009565998970962605 0.0009565998961991639 1.8501535935620052e-05 75.57266581797637 476.57774585511305 400.0 -4.909999046627872e-09 0.0009380983561689473 0.0009380983611606404 -1.043076183953687e-09 -0.0020654297374102046 2.4430045219937206e-08 3.4295386312950165e-05 1.7131531175082633e-05 1.7147518909181385e-05 0.0009380983561774733 1.7147502243894477e-05 1.7147884069055677e-05 2.3771752911014472e-05 2.3771752897327555e-05
1.59 16.64493080341899 -3.707610094086796 0.001500869315234235 -357729.9889130468 6.104144495655382e-10 0.0015489913491783934 0.0015489913451392722 7.218301906860027e-05 75.57266545065644 476.5777443475453 400.0 -1.2168333718044977e-08 0.0014768083102244085 0.0014768083301097933 -2.585014287810274e-09 -0.0032515109600065786 2.4430045419419553e-08 5.398976682474325e-05 2.6978606644781692e-05 2.699482394739716e-05 0.0014768083106681562 2.6994410276598742e-05 2.699535654814451e-05 3.7422856239657364e-05 3.742285621664303e-05
2.29 16.64493083107346 -3.7076101073849443 0.0021988589494035924 -357729.9875471183 9.886549703259676e-10 0.0023426259117098197 0.0023426258964494473 0.00021565033205883657 75.57266455497954 476.5777413599656 400.0 -2.524103916245056e-08 0.002126975510470771 0.002126975579650983 -5.362050220238057e-09 -0.0046827970342440345 2.4430045896231277e-08 7.775884724151024e-05 3.8862940122799536e-05 3.887957088474207e-05 0.0021269755215676794 3.887844219320511e-05 3.888040504830511e-05 5.389832666297039e-05 5.389832663944691e-05
3.11 16.644930883109634 -3.707610129543035 0.003069072118929543 -357729.9851756217 1.5850351067304167e-09 0.0034321453980749356 0.003432145344805476 0.000543545214291365 75.57266245378723 475.587186377737 400.0 -4.6553977525407076e-08 0.0028885999811780077 0.0028886001837835702 -9.888877286200835e-09 -0.006357646800650174 2.443004686521453e-08 0.00010560262829180051 5.278449367756092e-05 5.280179837960307e-05 0.0028886000382762 5.279950416779814e-05 5.2803124124002386e-05 7.319816432877526e-05 7.31981643050102e-05
4.05 16.64493097868138 -3.7076101643656543 0.0041621315277599 -357729.98122367525 2.542835891469796e-09 0.0049727146665488825 0.004972714488010418 0.001211032689461462 75.57265777476746 474.1889077249227 400.0 -7.894887756084647e-08 0.003761681743426452 0.0037616819770874207 -1.6764386874415962e-08 -0.00826867009097572 2.4430046646598614e-08 0.0001375211112161601 6.874322345693953e-05 6.876155152415881e-05 0.003761681655472271 6.875748726436054e-05 6.876362395179956e-05 9.532236980944378e-05 9.532236978566378e-05
5.11 16.64493115154421 -3.7076102170593046 0.005556033123304525 -357729.97477314307 4.079058540825159e-09 0.007202764545993829 0.0072027639663238205 0.002456545181478229 75.57264798714893 472.6369282754587 400.0 -1.2568331960764317e-07 0.004746220652821162 0.0047462193645155994 -2.6661094320867184e-08 -0.010399068705729703 2.4430037719188557e-08 0.0001735142958857384 8.673907974395059e-05 8.675887990635741e-05 0.004746218716905482 8.675226850142698e-05 8.676202738431146e-05 0.00012027094311176033 0.00012027094308811354
6.29 16.644931459313284 -3.7076102949191068 0.007364026948151025 -357729.9643570717 6.507473163508225e-09 0.010467094075021308 0.010467092259023297 0.004624887138188953 75.57262873543269 471.1566145579148 400.0 -1.9043075464317988e-07 0.005842215956477438 0.005842206936832355 -4.031217541519109e-08 -0.01273211425474715 2.443000337333244e-08 0.00021358217359275183 0.00010677200452312237 0.00010679383283379203 0.0058422057239842055 0.00010678370965163612 0.00010679846394111573 0.00014804388011363664 0.00014804388009000922
7.6 16.64493200221968 -3.7076104093153432 0.009764467060949333 -357729.9475044104 1.0304765528819644e-08 0.015294345394623243 0.01529433989250931 0.008235424873472228 75.57259249159397 469.6777520059834 400.0 -2.780116052077675e-07 0.007058953615848599 0.0070589205211510145 -5.866929579383668e-08 -0.015291946957206334 2.4429917819953156e-08 0.00025806426993072964 0.00012901169097317497 0.0001290362427211984 0.007058918373082658 0.00012902139967614415 0.0001290428702545854 0.00017887652879765243 0.00017887652877408717
9.02 16.644932924998955 -3.707610573404594 0.012937647542497424 -357729.9208489851 1.6030540657213485e-08 0.022291609204175538 0.02229159340107547 0.01391384362346162 75.57252823593296 468.0288593409081 400.0 -3.916054030144606e-07 0.008377853309962009 0.008377765580713918 -8.235746530011355e-08 -0.018079279427215048 2.4429759062864142e-08 0.00030628139267977627 0.0001531184967910051 0.00015314655965172356 0.008377761986712005 0.00015312562799897137 0.00015315576468080493 0.00021229812420100333 0.0002122981241767761
10.57 16.64493448104974 -3.70761081090712 0.017222186875711396 -357729.87842356076 2.462977991367356e-08 0.032512701904653926 0.03251265818921317 0.022695402888089234 75.5724166234234 465.91955435475336 400.0 -5.377560438376853e-07 0.009817484891704538 0.009817299016564692 -1.1278521353488966e-07 -0.021202784364867167 2.4429523915882142e-08 0.00035891252013969165 0.00017943180449408381 0.0001794643794076043 0.009817293263950711 0.00017943562511376585 0.0001794768950259258 0.0002487793255371639 0.00024877932551355066
12.23 16.644937017555755 -3.7076111490219006 0.022956486076492876 -357729.8123273682 3.7222120880285164e-08 0.04717901892901385 0.04717890340653667 0.035820074642034315 75.57223000271296 463.01998027085733 400.0 -7.199258480908549e-07 0.011359266138466178 0.011358944286979533 -1.5085878239631853e-07 -0.02470188972833345 2.4429257372605098e-08 0.0004152783566295146 0.0002076118934327248 0.00020765012695747102 0.011358935493880513 0.0002076115754992797 0.00020766678113023492 0.00028784931554539 0.0002878493155210551
14.02 16.644941131495603 -3.7076116348659767 0.030749098722546914 -357729.7088596559 5.581179763321753e-08 0.06847366396279106 0.06847336622349164 0.055452359903370246 75.57191918408388 458.83557680108987 400.0 -9.460850677142989e-07 0.013021769701328664 0.013021304059420816 -1.9860789330217242e-07 -0.02869432716767455 2.4429037977002042e-08 0.0004760578253092249 0.00023799806550504213 0.00023804342356302337 0.01302129110322052 0.0002379925672859811 0.0002380652580232437 0.00032997872447975064 0.00032997872445571534
15.93 16.6449476892683 -3.707612327874294 0.041322750818100724 -357729.54855573707 8.318866543441769e-08 0.09935772877237659 0.09935697718849244 0.08456258445664215 75.57140954474094 452.9385477743997 400.0 -1.2214194886023874e-06 0.014795711166678379 0.014795144315734433 -2.57686899321947e-07 -0.033226382369725055 2.4428947904497323e-08 0.0005409112762908275 0.00027042036155515924 0.0002704745784919302 0.014795125888281519 0.0002704084720625134 0.00027050280422831415 0.00037493214070180906 0.00037493214067769315
17.95 16.64495799723562 -3.70761330992309 0.05566096552408497 -357729.3024661307 1.2339710828354076e-07 0.14407744027424715 0.14407557688607384 0.12740621675873204 75.57058802517544 445.1960409914655 400.0 -1.5508195343482237e-06 0.0166718129673577 0.016671223515515123 -3.298881532026247e-07 -0.03833332224010863 2.4429011697234992e-08 0.0006094992416704706 0.0003047089026940066 0.0003047740027290963 0.016671198155908083 0.0003046892301676118 0.0003048100115028587 0.0004224742436677804 0.00042247424364370216
20.1 16.6449742612726 -3.707614716672161 0.07539003364288206 -357728.921971437 1.8279053817390807e-07 0.20934353795491942 0.2093389594334342 0.19067542116500955 75.56927163461356 435.82856949089347 400.0 -1.9445701297000786e-06 0.018668663089943496 0.018668116789909855 -4.1842588549406206e-07 -0.04412381508104943 2.4429172425571708e-08 0.0006825010866763945 0.0003412031198095244 0.00034128163061428115 0.018668082796215065 0.0003411739422623838 0.0003413271444140106 0.000473075887367541 0.0004730758873440624
22.37 16.644999606835643 -3.7076167270554095 0.10246297020251707 -357728.33918696514 2.6878813662537234e-07 0.30300958080149304 0.30299856295247746 0.28223311421179575 75.56721876873594 425.61048031395535 400.0 -2.408589786399992e-06 0.020776983317670205 0.020776466589697267 -5.258174185065754e-07 -0.05062442095637647 2.442930282279099e-08 0.000759577706494256 0.00037973326208497107 0.0003798281081491427 0.020776422136404623 0.00037969260633896173 0.00037988510015529427 0.0005265019476936729 0.0005265019476692507
24.77 16.64503878206879 -3.7076196182969596 0.1396475141345993 -357727.4511770847 3.9064645545524567e-07 0.435005004701462 0.4349792362994918 0.4119995834089543 75.56409418178654 415.42080998629524 400.0 -2.953130543192233e-06 0.02300606230134743 0.02300542129250762 -6.558292660557285e-07 -0.05790163196559818 2.4429246630772587e-08 0.0008410691616587362 0.0004204690676777448 0.0004205837577098251 0.023005364353656656 0.0004204145790635009 0.00042065458259523547 0.0005829880764662794 0.0005829880764421987
27.28 16.645097699959532 -3.7076237380118826 0.1897807291809563 -357726.13051978033 5.562653170222531e-07 0.6139244851656775 0.6138669441735773 0.5885882610240741 75.55953104338666 406.14231938104274 400.0 -3.5819508307997883e-06 0.025337314334034338 0.02533622414160346 -8.108763393416378e-07 -0.06590663851733325 2.4428865963937635e-08 0.0009262968317984364 0.0004630710389617893 0.0004632094565495921 0.025336152641972785 0.00046300012742088974 0.00046329670437754656 0.0006420638697316899 0.00064206386970765
29.91 16.645184561909186 -3.7076296032216405 0.25656838037841034 -357724.1996845267 7.742007507642573e-07 0.8492213638859518 0.8490991676834415 0.8214433893292045 75.55306607705408 398.2242942356717 400.0 -4.305905993104387e-06 0.027780008015638187 0.027777974556747433 -9.951949414618223e-07 -0.07465472103279149 2.4428073081321667e-08 0.0010156006215973831 0.0005077088039234439 0.0005078754813641708 0.027777886187229324 0.0005076184514928471 0.0005079821701045362 0.0007039649985445617 0.0007039649985209667
32.66 16.645309313608028 -3.707637883585015 0.34383044965269144 -357721.4430759084 1.0509141352481856e-06 1.1482015483736736 1.1479557171307346 1.1178710342828766 75.54420371603958 391.84159309651335 400.0 -5.134114527091704e-06 0.030334119762775932 0.030330514090796894 -1.2126745836601905e-06 -0.08410955616491926 2.4426843755654617e-08 0.0011089807557111682 0.0005543821800658964 0.0005545822393035977 0.03033040630037185 0.0005542689783181997 0.000554711777392969 0.0007686917835435042 0.0007686917835204281
35.54 16.645484365543705 -3.7076494806953093 0.4558487855368971 -357717.5906635945 1.3918719592195353e-06 1.5171668210904592 1.5166976416059634 1.4841637984356875 75.53238012688759 386.91967029469134 400.0 -6.079533307376322e-06 0.033008915709071496 0.03300302265477187 -1.4682252572803362e-06 -0.09425803164121423 2.442520992343415e-08 0.0012067769472942954 0.00060326065537869 0.0006034999555298729 0.03300289249124498 0.0006031206980466309 0.0006036562492476642 0.0008364799680778018 0.0008364799680557196
38.53 16.645721781744072 -3.707665374488016 0.5955261412593744 -357712.3794250777 1.7963480340452583e-06 1.9557290960987492 1.9548820215153864 1.9199521717513082 75.51715713959814 383.3047732905517 400.0 -7.1455628032962655e-06 0.03578580942245905 0.03577692434744107 -1.7640815648604593e-06 -0.1049818682148557 2.4423272754988528e-08 0.0013083102257202205 0.0006540045871449609 0.0006542893021304724 0.035776768605743504 0.0006538337488134259 0.0006544764769067944 0.0009068592723324671 0.0009068592723104126
41.65 16.646037678942122 -3.7076869482322508 0.7671123063849365 -357705.4563696171 2.2661302628932522e-06 2.466181989482466 2.4647251084935653 2.4275111373145912 75.497929958729 380.7408545065344 400.0 -8.349730554425832e-06 0.038683381093896976 0.03867085216787469 -2.1062556592911217e-06 -0.11632050010298572 2.442114626031405e-08 0.0014142601055387655 0.0007069532912832694 0.0007072904777328299 0.0386706669807105 0.0007067468310142354 0.00070751327452453 0.000980301119088909 0.0009803011190673465
44.89 16.64644674266903 -3.7077156506645323 0.9729797207622293 -357696.49890122435 2.796716651516983e-06 3.0439127223786078 3.0415218276525278 3.002237014973295 75.47427584563808 379.01671200163975 400.0 -9.699445114456945e-06 0.041692372579855835 0.04167570740531308 -2.497905398904788e-06 -0.12823520692008505 2.4418985184363693e-08 0.0015242877582065514 0.0007619371358781523 0.0007623342857055939 0.04167548843839571 0.0007616899939415185 0.0007625977642650328 0.0010565710611508412 0.0010565710611308977
48.25 16.646964771334027 -3.7077531869701517 1.2153085844554186 -357685.15902460355 3.3829582981341334e-06 3.683484547084564 3.679725705705064 3.6386927770630777 75.44577441154047 377.9357771889111 400.0 -1.120595868550725e-05 0.044812841832658275 0.04479177002148641 -2.9432764430232426e-06 -0.14076236123228172 2.4416945604746917e-08 0.0016383945014876225 0.0008189564798714617 0.0008194216848672837 0.04479151238128347 0.000818663163310882 0.0008197313381767405 0.0011356703869573207 0.001135670386940526
51.72 16.647605580851675 -3.707801307859725 1.49476396889993 -357671.1314313445 4.016386289428684e-06 4.375708065790357 4.370031102737865 4.327697927155051 75.41216516352434 377.3374085834522 400.0 -1.2875967981701978e-05 0.048035591489314446 0.048010138635305614 -3.4454000500818285e-06 -0.1539451149450731 2.4415184125598386e-08 0.001756242768665724 0.0008778423282708883 0.000878384103490812 0.04800983705455567 0.0008774970364896135 0.0008787457321761104 0.0012173653752976725 0.0012173653752820632
55.32 16.648388330155687 -3.707862373862099 1.8137938482424505 -357653.9935216515 4.693060555122407e-06 5.116221029373149 5.107934443632847 5.064871209595157 75.37295317909714 377.0896298260775 400.0 -1.4731191148537494e-05 0.05137932119807537 0.0513498197779912 -4.012183443604466e-06 -0.1679867213586522 2.4413829547684643e-08 0.0018785147455171267 0.0009389351797246755 0.0009395632286998396 0.051349468361283894 0.0009385313009898082 0.0009399834445273185 0.0013021291025042511 0.0013021291024892174
59.04 16.649326165890802 -3.707938509681611 2.171818822994604 -357633.4544038585 5.4030147147774056e-06 5.893966338212521 5.882250722663267 5.839164272047414 75.32799172977094 377.0942202793989 400.0 -1.6779517408314716e-05 0.05483490410761433 0.054802066165107036 -4.647946222669601e-06 -0.18301920865586507 2.4413007076982302e-08 0.002004874760486035 0.0010020668594663074 0.001002791563702256 0.05480165898153703 0.0010015973447725286 0.0010032774157135065 0.001389728902620566 0.0013897289026068335
62.89 16.65043607897803 -3.7080323688949335 2.5694878919140933 -357609.1395310156 6.139805836312767e-06 6.701655707727348 6.685550289363616 6.643278963831015 75.2769678290425 377.2744456855731 400.0 -1.9039970194098727e-05 0.05841182703973379 0.05837674389633355 -5.3612224024612604e-06 -0.19928998004455653 2.4412812279370853e-08 0.0021356675488930655 0.001067409049370093 0.001068242161940718 0.05837627500593437 0.0010668659806624106 0.001068801568230655 0.0014804036404561759 0.0014804036404438548
66.85 16.65172512693308 -3.7081459723293193 3.0037810423831734 -357580.8929269514 6.891392829484775e-06 7.525804080287132 7.504251385459852 7.463748185243146 75.22003126066181 377.5704292869781 400.0 -2.1514221046512245e-05 0.062091737200775717 0.062055895043986405 -6.1560329543134055e-06 -0.2169430884478875 2.4413314286552777e-08 0.002270219734915071 0.0011346246860117516 0.0011355787110151883 0.06205535939030945 0.0011339997460443117 0.0011362199888707595 0.0015736861912889588 0.001573686191278695
70.93 16.65320757164897 -3.7082821399221473 3.474295374920292 -357548.4020941096 7.651915388406903e-06 8.35967161283194 8.331498749741742 8.293822187477467 75.15699363977299 377.93822428487255 400.0 -2.4221796910006406e-05 0.06588418281488564 0.06584942535447193 -7.0431668138982975e-06 -0.23626034197237658 2.4414551716076505e-08 0.0024088781245641343 0.0012038862452464095 0.0012049755410798613 0.06584881878226977 0.0012031700251377122 0.0012057080994264222 0.001669816536032258 0.0016698165360223168
75.14 16.65489785153051 -3.708443946712336 3.980485707646824 -357511.3521508708 8.41600321500084e-06 9.197050095956666 9.160976702687124 9.127282833028037 75.08767119007182 378.34588858255216 400.0 -2.7184219500673828e-05 0.06979874867417511 0.06976726292862787 -8.035528762406591e-06 -0.25753499946490804 2.4416542801451844e-08 0.0025519908152569558 0.0012753666458257585 0.0012766078307970999 0.06976658274368776 0.0012745484344220317 0.0012774423808349239 0.0017690354185442123 0.0017690354185366812
79.46 16.65679681204691 -3.708633336961043 4.517887784045962 -357469.72786466987 9.173616170247241e-06 10.026629664025656 9.981345352892149 9.952838271625334 75.0124197250716 378.7672326358838 400.0 -3.040215365454072e-05 0.07381714594672623 0.07379139240032138 -9.140420227183687e-06 -0.2808966201020671 2.441926547772584e-08 0.0026988870020545528 0.0013487297443098526 0.0013501409186685571 0.0737906385514362 0.0013477981105303033 0.0013510888915242495 0.00187087705914689 0.0018708770591401916
83.91 16.658920764736973 -3.7088539288153157 5.086715859804261 -357423.17677851644 9.922678662358557e-06 10.84585566277085 10.789960645269701 10.767914655808475 74.93095131338828 379.1865890920705 400.0 -3.390569425911109e-05 0.07795830471027655 0.07794100696237251 -1.0376608447301762e-05 -0.3066638905573576 2.4422697493448032e-08 0.002850256698584713 0.0014243188884316075 0.0014259214705863413 0.0779401820800745 0.0014232605104658746 0.001426996188118839 0.001975819013227332 0.001975819013222989
88.47 16.66126639734269 -3.7091074744324573 5.6820190831723885 -357371.7783111018 1.0655122570239393e-05 11.645657045020444 11.577772689649755 11.563459069853987 74.84371751718771 379.58959549146914 400.0 -3.769472968993955e-05 0.08220395243161213 0.08219797516645659 -1.1753791228248328e-05 -0.334902984810019 2.4426770776379805e-08 0.0030054302637154565 0.0015017982664140418 0.0015036156571973955 0.08219708599011295 0.0015005988687636087 0.0015048313949518467 0.002083396124463734 0.0020833961244602953
93.16 16.663849002288526 -3.709397822383181 6.303938944366793 -357315.2059057888 1.137031438794426e-05 12.425132931046612 12.343820504661656 12.338551492380338 74.75044136651682 379.96935785096275 400.0 -4.1801977393904684e-05 0.08657306009893316 0.08658143866627428 -1.3294888483569081e-05 -0.36588598167559916 2.4431436655545207e-08 0.003165099628622879 0.0015815117989447136 0.0015835714889880887 0.08658049627234464 0.0015801548041592223 0.0015849448244636569 0.002194087117490002 0.0021940871174879867
97.97 16.666667501640223 -3.709727161939682 6.948697729773421 -357253.49337774934 1.2063583270755545e-05 13.179018332993605 13.082873472672059 13.087935843937476 74.65142958080416 380.31917979343575 400.0 -4.6235914865704915e-05 0.09105667571440446 0.0910824890561286 -1.5015436874268928e-05 -0.3996637261327925 2.44366109690466e-08 0.0033289364785662285 0.001663293841255803 0.0016656262959872281 0.09108151014845269 0.0016617611321960418 0.0016671753463701874 0.002307663367826162 0.002307663367783224
102.9 16.669724770009072 -3.710098171325349 7.613846757204006 -357186.5894268147 1.2732667233503664e-05 13.904723149511993 13.792364876274387 13.809021648440204 74.54680971948336 380.63543474281755 400.0 -5.101356459643818e-05 0.09565515848649024 0.0957015010717885 -1.6935295053883313e-05 -0.43630772407327734 2.444221314004343e-08 0.0034969531637103007 0.0017471487371080944 0.0017497880845998078 0.09570050869345112 0.0017454202196849225 0.001751532944025379 0.002424132408376535 0.0024241324083342517
107.95 16.673022795320847 -3.71051348316049 8.297009728635494 -357114.4635582717 1.3375990236530921e-05 14.600444229411835 14.470526184520304 14.500005421493842 74.43671309784857 380.91607861208536 400.0 -5.615240837554909e-05 0.10036886826013977 0.10043880791799183 -1.9075619026645098e-05 -0.4758504476330944 2.4448161754612074e-08 0.0036691623804230365 0.0018330809048430431 0.0018360651328536409 0.10043783231359316 0.0018311343800548404 0.0018380280003681953 0.002543502015282952 0.0025435020152414847
113.12 16.676562798924166 -3.710975677156334 8.995910373138203 -357037.10331826145 1.3992577944081553e-05 15.265067502996379 15.116286339546255 15.159772794223016 74.32127123462787 381.1602167286701 400.0 -6.167038947322849e-05 0.10519816382826114 0.10529470877336311 -2.1458711021325537e-05 -0.5182869791312221 2.445437792153531e-08 0.0038455770827510094 0.0019210948155243084 0.0019244659237332806 0.10529378823442445 0.0019189058662407764 0.0019266712165102327 0.002665780165691221 0.0026657801656497495
118.41 16.680345352372367 -3.711487274627565 9.708392386691767 -356954.5116090861 1.4581971717781125e-05 15.898068060303364 15.729169157772766 15.787798582695485 74.20061305071825 381.36777553413566 400.0 -6.758591483578602e-05 0.11014340190229319 0.11026947760787974 -2.410785594446594e-05 -0.563577801885238 2.4460787971213915e-08 0.004026210404813161 0.0020111949775657354 0.0020149990829457266 0.11026865928636138 0.002008736871262105 0.0020174735335510563 0.00279097500105568 0.002790975001015133
123.82 16.684370487933798 -3.712050734601874 10.432432729906024 -356866.70415373484 1.5144144935521824e-05 16.499413097026938 16.309193872566805 16.384049724448392 74.07486274122915 381.53925540933386 400.0 -7.391785727494242e-05 0.11520493669049299 0.1153633725785473 -2.704715129055924e-05 -0.6116524262889923 2.446732546060154e-08 0.0042110755957974816 0.0021033859276893036 0.0021076733229591343 0.11536271325467053 0.0021006295357557806 0.0021104460600417005 0.0029190947965640193 0.0029190947965239446
129.36 16.68864565113692 -3.7126696063381814 11.167469498729824 -356773.5361650134 1.5680358278239696e-05 17.07046322045089 16.857733177411035 16.94987714209841 73.94389999205502 381.6757585790383 400.0 -8.069806650697848e-05 0.1203924878590384 0.12058607835248314 -3.0307454897180603e-05 -0.662506701383122 2.4473944349277834e-08 0.004400528075169231 0.0021978427745237453 0.0022026689546107633 0.12058564561602622 0.002194755888297395 0.002205772186871836 0.003050385008114782 0.003050385008075126
135.01 16.69315464949337 -3.713343984653541 11.90910930093737 -356675.3787883816 1.618928814642818e-05 17.60984795240107 17.373550780350268 17.483928958148184 73.80830846798418 381.77793685914105 400.0 -8.7921888851749e-05 0.12568767801635325 0.125918994252885 -3.390223391576506e-05 -0.7158371062474408 2.448057204148913e-08 0.004593897249509259 0.0022942291123017526 0.0022996517902544858 0.12591886586969553 0.0022907782059853783 0.002303119043523881 0.0031843801479146026 0.0031843801478749763
140.79 16.697912405817053 -3.714078519403934 12.65837911481653 -356571.92626887147 1.66735729728159e-05 18.12042061831925 17.859467838753194 17.989039356890043 73.66771152069137 381.8474534791376 400.0 -9.56352045254719e-05 0.1311096007530275 0.1313812614292065 -3.786979552083809e-05 -0.771694137614802 2.4487192635476236e-08 0.004791880978263557 0.0023928907651815583 0.0023989738651774713 0.13138152782412033 0.002389038478885574 0.002402842499377983 0.0033215631086543273 0.003321563108614469
146.68 16.7029012502177 -3.7148728648170746 13.411231949410242 -356463.5826431118 1.7132531068812266e-05 18.601534228613833 18.314970861110957 18.46457996956136 73.52269016910905 381.88543811339355 400.0 -0.00010383209575361935 0.13663984452819342 0.13695425905247222 -4.22221334496209e-05 -0.829733214682235 2.4493753026455577e-08 0.00499380754283603 0.0024934910193106594 0.0025003001746421926 0.1369550213380455 0.0024891988212181865 0.0025046087216178425 0.003461467849047109 0.003461467849006336
152.7 16.70813677428965 -3.7157318487563487 14.168903898930193 -356350.0298707513 1.756883688744944e-05 19.0560776470733 18.742906449891557 18.91342043590268 73.37283846708918 381.8934188386877 400.0 -0.00011256165854920608 0.14229753891844277 0.14265721117062197 -4.699981021757973e-05 -0.8899902290675654 2.4500253662308193e-08 0.005200375956123189 0.002596376214159418 0.002603983392074341 0.1426585846259971 0.0025916015101342172 0.0026087744459889714 0.0036045781517684023 0.0036045781517269446
158.84 16.7136091999316 -3.716656228880076 14.92891574686571 -356231.50164212874 1.7982878020800768e-05 19.484543912473033 19.14385136292872 19.336062926354845 73.21847952905586 381.8726908057794 400.0 -0.0001218320216628373 0.1480736533192279 0.148480986118188 -5.222142212309359e-05 -0.9522003827486426 2.4506668857896107e-08 0.005411256911702364 0.0027013804303713624 0.0027098601304123096 0.14848309808959378 0.0026960787823947616 0.002715178129307603 0.0037506653943725357 0.0037506653943269637
165.09 16.71930786250657 -3.7176463865163356 15.68899317755052 -356108.25042406475 1.837528766663066e-05 19.88770192313508 19.518656291632652 19.73328549229083 73.05993832635386 381.82469579257054 400.0 -0.00013164940927141527 0.1539591245372944 0.15441643084425025 -5.7903108537649325e-05 -1.0160915061966969 2.4512980634242984e-08 0.005626119866632223 0.002808337405057382 0.002817766109608537 0.15441942025107905 0.00280246277417651 0.002823657092455713 0.003899500235293043 0.0038995002352474307
171.47 16.72524957400706 -3.718707434737098 16.450613931931745 -355979.9351268138 1.8748575067487445e-05 20.268244509562223 19.86995489393735 20.107761596349253 72.8967698801465 381.75056345149267 400.0 -0.00014206795194029496 0.15997314959183218 0.16048291321296856 -6.408828567149603e-05 -1.081699005627641 2.4519206226233632e-08 0.005845665839641753 0.0029175944448460505 0.0029280550417630957 0.16048693503548442 0.0029110964376510722 0.002934569401990681 0.0040515679422145085 0.004051567942167506
177.97 16.731423934872918 -3.7198397160777503 17.211701447778402 -355846.8039322672 1.9103342729334513e-05 20.626900550269028 20.1985482040759 20.46022920971148 72.72928192485917 381.65156533797017 400.0 -0.0001530954679824564 0.16610668673439674 0.1666713405575498 -7.079306012751413e-05 -1.1487542996487656 2.452533625304753e-08 0.006069564778798924 0.0030289856665648247 0.003040562758121216 0.1666765618553317 0.003021812286211587 0.0030477524925873385 0.004206639603549342 0.004206639603500897
184.6 16.73783939909242 -3.7210469225863037 17.97263985977091 -355708.6988417298 1.9441316927326365e-05 20.965536768699145 20.506278743805904 20.79254509767186 72.55726244628889 381.5286402844934 400.0 -0.00016477361108650622 0.17236956505775144 0.17299167102728688 -7.805318949611115e-05 -1.2171980958002988 2.4531383230660157e-08 0.0062981753746322675 0.0031426879834956564 0.0031554710359308707 0.17299827449948346 0.003134783646049003 0.0031633917285832642 0.0043649633841245485 0.004364963384123321
191.34 16.744475395863848 -3.7223271919606375 18.73047088330758 -355566.08707681706 1.9762682120552755e-05 21.284471489605515 20.793576374796054 21.10504621416784 72.38127231000871 381.3832221279707 400.0 -0.00017709137591092453 0.17874327822771674 0.179425275437675 -8.587080806575814e-05 -1.286666799961529 2.4537334020408144e-08 0.006530821886807279 0.003258363941082123 0.003272441589420313 0.17943345304803135 0.003249672856521903 0.0032811490302853763 0.004526071091126261 0.004526071091124795
198.2 16.751340415491875 -3.7236840345744042 19.485772703325882 -355418.8106360538 2.0069126417339095e-05 21.58552461797569 21.062228744049552 21.399542487665006 72.20108881239418 381.21612315472487 400.0 -0.0001900907613297901 0.18523766227553484 0.18598213031068248 -9.428006260619116e-05 -1.357113101599795 2.4543203550274566e-08 0.006767863042953639 0.003376190708386762 0.003391655977158049 0.18599208934500172 0.003366653653062887 0.0034012093898907517 0.004690210974450641 0.0046902109744479045
205.18 16.758433485332166 -3.7251191318162995 20.23803804994786 -355266.91597277345 2.03617638902573e-05 21.869930798159658 21.31348082759795 21.677268103811357 72.01674231852414 381.02824825967 400.0 -0.00020379698523993026 0.19185312125125822 0.19266269434830127 -0.0001033039329905856 -1.4283932699983928 2.45489972202615e-08 0.007009313191099313 0.0034961742379930106 0.0035131225945916 0.19267465533215591 0.0034857296746917408 0.0035235835164075724 0.004857392782410731 0.00485739278240696
212.29 16.765764151101955 -3.7266362923820466 20.98786973798878 -355110.22549424955 2.0642040392021813e-05 22.139231145850726 21.548832607115788 21.93975412434353 71.82799197754699 380.8201192530872 400.0 -0.00021825646577043988 0.19859956279591792 0.19947702150719548 -0.00011297878261667944 -1.500471463885318 2.455472746481121e-08 0.007255533464510099 0.003618492822200426 0.0036370242826886225 0.19949122132240305 0.0036070755501086643 0.0036484579144014347 0.005027866354077037 0.005027866354072532
219.51 16.773311094909563 -3.728232841886012 21.73277875036859 -354949.2217065699 2.0910179695024063e-05 22.393784641508937 21.768741952993313 22.187378234342546 71.63538937400989 380.59308275158264 400.0 -0.0002334547846879879 0.20545843268030567 0.20640640716639266 -0.00012329923046755143 -1.573014798136064 2.4560381270688915e-08 0.007505846226825116 0.003742808815560868 0.0037630210505424136 0.2064230892362629 0.0037303541622280213 0.003775492064597095 0.005201162322012153 0.005201162322007914
226.86 16.781094667024647 -3.729914754696324 22.47450373303696 -354783.49796928646 2.116788562433252e-05 22.63535383228643 21.974875746960628 22.42188332570243 71.43841739293288 380.3472007720628 400.0 -0.0002494608305938151 0.2124491632008581 0.21347050658399747 -0.0001343150909452166 -1.646100338845117 2.456597570232364e-08 0.007760960187450003 0.003869473269675932 0.003891470555956851 0.21348993375992578 0.003855911537258943 0.0039050486501910602 0.005377771126378799 0.005377771126374276
234.33 16.789104080210027 -3.7316813716346147 23.211725878202856 -354613.3127831437 2.141568429987844e-05 22.8645703063087 22.16791087391587 22.643910123672544 71.23735462675911 380.0834054629315 400.0 -0.00026628123814389316 0.21956270213773466 0.2206601826361569 -0.00014603301179461176 -1.7195090469168541 2.4571502337240143e-08 0.00802054454999869 0.003998321024387169 0.004022207162708689 0.2206826266723032 0.003983581823573372 0.00403696272642532 0.005557463512466167 0.005557463512460856
241.92 16.79733908668019 -3.7335341698182276 23.944213430996182 -354438.7002430536 2.165443118734884e-05 23.08236978781677 22.34877782990639 22.854393908255602 71.03220986420334 379.80226409795864 400.0 -0.0002839438607190184 0.2267995002371348 0.22797587956116774 -0.0001584729286348688 -1.7931280918390464 2.457695877699392e-08 0.008284615398965304 0.004129359292648321 0.004155239742341088 0.2280016239665026 0.004113370201495547 0.004171245197469757 0.005740250364032204 0.0057402503640259245
249.62 16.805788563375707 -3.7354720379495703 24.670840713677215 -354259.92494758946 2.188463860285633e-05 23.28936842670309 22.518134083968413 23.053960055873265 70.82326039893114 379.50468099056354 400.0 -0.0003024526607786424 0.2341504638631327 0.23540837082982202 -0.00017163664229748456 -1.866754259917528 2.4582333913998173e-08 0.008552840656132099 0.004262422661620687 0.004290401629479066 0.2354377055254307 0.004245111042010731 0.004307729614121366 0.0059259015714043 0.005925901571397789
257.45 16.81447452920129 -3.7375014204837456 25.393337186162928 -354076.55119576835 2.210765800310332e-05 23.486922278171544 22.677227974837862 23.24394489572239 70.60996576521524 379.1903393306331 400.0 -0.0003218846251135039 0.2416351534017615 0.24297738244915512 -0.00018557687579105086 -1.940474296870936 2.458763582896572e-08 0.008825933886658218 0.00439786449443259 0.00442805302615335 0.24301061729881196 0.004379152370496075 0.004446781516162142 0.006114910736630103 0.006114910736623346
265.41 16.82339756723198 -3.7396239225130685 26.11151428234692 -353888.5991618929 2.2324156553203166e-05 23.675749426840962 22.82676482402181 23.4250660613038 70.3923222817054 378.8596029347421 400.0 -0.000342271583881527 0.2492540809167676 0.25068336553716397 -0.0002003135424630463 -2.014182081597292 2.4592856605404922e-08 0.009103913694956186 0.004535693321688128 0.004568204006175072 0.2507208212744387 0.00451550067036263 0.0045884130245935585 0.006307290386943805 0.006307290386936999
273.48 16.83253564219612 -3.741835562739574 26.823469184903626 -353696.56465666747 2.2534254426502715e-05 23.85609070387625 22.96707016238228 23.59758334849809 70.17087355071318 378.5136646454179 400.0 -0.0003635923441418482 0.2569885857441367 0.258507355378162 -0.0002158266178386566 -2.08759300894848 2.4597974735110184e-08 0.009386099341486463 0.0046755711299168775 0.0047105118434801726 0.25854935122477646 0.004653819887300733 0.004732279454185729 0.006502569090588134 0.006502569090580577
281.67 16.84190045031063 -3.744140295283117 27.53004019199832 -353500.23347338627 2.2738851091501672e-05 24.028856443838375 23.098989245113177 23.762397031637388 69.94534091756363 378.15243395915553 400.0 -0.00038590268853755215 0.2648487222402838 0.26645941220098696 -0.0002321504304953316 -2.1607027058592023 2.460298771826437e-08 0.009672857916870496 0.004817679535427263 0.0048551620123827915 0.26650628067696036 0.004794288130183497 0.004878569786686999 0.006701000581253966 0.006701000581246065
289.98 16.8514926923552 -3.7465394197702864 28.231174962255633 -353299.6241016533 2.2938528619343014e-05 24.194667081050955 23.223124943236563 23.920127167246505 69.71571634178692 377.77618895900935 400.0 -0.00040923374739684743 0.2728349863232167 0.27453991380445114 -0.00024930027396838665 -2.2334143946086646 2.4607885942959873e-08 0.009964207906194957 0.004962027356041569 0.005002164180149626 0.27459199453295235 0.004936912615550652 0.005027295290644306 0.006902597327847485 0.006902597327840419
298.42 16.861324926606237 -3.749037207351897 28.927656576536243 -353094.5088060152 2.3134060194682662e-05 24.354284890286333 23.34016974634089 24.07152591331196 69.48171191330957 377.38470112325814 400.0 -0.00043364656885237383 0.2809575111220361 0.2827589769743747 -0.0002673122022278395 -2.3057165163588924 2.4612665219949207e-08 0.010260519499289453 0.0051087976709751366 0.005151705457396121 0.282816622254931 0.005081872728372459 0.0051786467709169955 0.00710761514303561 0.007107615143018336
306.97 16.87137486338625 -3.751628992104642 29.617818920107577 -352885.3874203318 2.3325494672362887e-05 24.507870844769805 23.450364751108037 24.216773351936766 69.24386994093874 376.97910480482386 400.0 -0.00045911558154508033 0.2891975582078813 0.29109749283304226 -0.00028615690632290976 -2.377341489240483 2.4617304663847923e-08 0.010561109786073114 0.005257652033125475 0.00530344138114818 0.2911610463950955 0.005228832889859624 0.005332276896213494 0.007315581221214939 0.007315581221197194
315.65 16.881667171912408 -3.754322067452982 30.30327646840369 -352671.78234639444 2.35137615643573e-05 24.656287755939847 23.554448994647938 24.356712422791745 69.00161997902104 376.5586256433171 400.0 -0.00048573323172881893 0.29757491855676543 0.299575333148101 -0.00030589078021838573 -2.4483603537656564 2.462180601291114e-08 0.010866701524375227 0.00540894825864333 0.005457736893084294 0.29964515571582584 0.005378145163820938 0.005488556360554289 0.00752699533060065 0.007526995330583104
324.44 16.892179453162264 -3.7571114401260886 30.982462335033 -352454.1950324391 2.3698878595097377e-05 24.799661876058956 23.65262717911748 24.491488544023404 68.75550430223562 376.12437583117116 400.0 -0.0005134716253860767 0.3060708118953014 0.3081733320355483 -0.0003264795617537626 -2.5185126844063794 2.462615046711255e-08 0.011176610550875068 0.005562347613772267 0.005614246563644033 0.30824977151438565 0.00552947417071771 0.005647136380157355 0.007741383905237707 0.007741383905219694
333.36 16.902937092012827 -3.76000464900698 31.65694669869949 -352232.13758070406 2.3881692547552746e-05 24.938757020877688 23.745535152088856 24.621845595288928 68.50494531899648 375.6754826314115 400.0 -0.0005424279157652393 0.3147050984420118 0.31691142558875834 -0.00034798010898294665 -2.587860835363731 2.4630340352611913e-08 0.01149156232317701 0.005718209275445717 0.005773336673498258 0.31699484488003377 0.005683173272737139 0.00580838905043987 0.007959248589533351 0.007959248589515437
342.4 16.913929797489303 -3.7629997304094047 32.32598374500231 -352005.8619217331 2.4062391135819006e-05 25.073815094687625 23.833439521283296 24.748034874721682 68.25020334034706 375.2125239624176 400.0 -0.0005726056432662376 0.32346865651511614 0.32578021996594464 -0.0003703780964706279 -2.6562263035500973 2.4634364061581765e-08 0.01181122518683635 0.005876369251347561 0.005934839560520965 0.3258709727448971 0.005839079813258811 0.00597214537357754 0.008180359775751456 0.008180359775733956
351.56 16.925159338946404 -3.7660978421024893 32.989617638745834 -351775.37111459655 2.424135302778011e-05 25.205217877539692 23.916694150581268 24.870437771854416 67.99125757217219 374.7355630039806 400.0 -0.0006040400564490436 0.33236203007624415 0.3347801056852777 -0.0003936809534345685 -2.7235111958865517 2.463821617076031e-08 0.012135620129117676 0.006036838226922433 0.006098765526533598 0.33487854189618504 0.005997203618705351 0.006138416510412323 0.008404731862306851 0.008404731862288533
360.84 16.936627637527252 -3.7693001263343646 33.647900253247414 -351540.66622194735 2.4418936167874513e-05 25.333322238902955 23.995626618067163 24.98941075322412 67.72808571701152 374.24463885971255 400.0 -0.0006367670110716612 0.34138577077950494 0.34391148567883506 -0.00041789471492746806 -2.789617636333079 2.464189243556535e-08 0.012464768458801487 0.006199627160535715 0.0062651249219526075 0.34401794957351095 0.006157554921026746 0.00630721353777474 0.008632379524628489 0.00863237952461099
370.24 16.948336766385975 -3.7726077107817773 34.30089015840978 -351301.7463610031 2.459547962737912e-05 25.458462151463007 24.070540222242894 25.10528737408328 67.46066402486098 373.739767787304 400.0 -0.0006708229767779406 0.350540438384836 0.3531747773797281 -0.0004430239531646347 -2.8544480762456064 2.4645389810855387e-08 0.01279869180288032 0.006364747288445161 0.006433928137513938 0.35328960549263094 0.006320144369368289 0.006478547433512029 0.00886331771774256 0.008863317717724868
379.76 16.960288951206813 -3.776021709449523 34.94865172263463 -351058.6087503797 2.4771305341928845e-05 25.580950572138057 24.141715846412858 25.21838015762796 67.1889673358857 373.22094428706646 400.0 -0.0007062450440061438 0.3598266012101602 0.36257041451009736 -0.0004690717107359184 -2.9179056692559837 2.464870643780916e-08 0.013137412105453706 0.0065322101306702655 0.006605185597298619 0.36269393358962543 0.006484983042421116 0.006652429063032589 0.009097561679579886 0.00909756167956219
389.4 16.972486571029773 -3.7795432235260833 35.5912543166517 -350811.2487529054 2.494671974128099e-05 25.70108119616981 24.209413687616046 25.328982347609976 66.91296911586998 372.68814205887276 400.0 -0.0007430709311167 0.3692448366132722 0.37209884855983305 -0.0004960394366165877 -2.979894697584781 2.465184160189892e-08 0.013480951628916334 0.006702027497675022 0.006778907753238133 0.37223137347721647 0.006652082461271182 0.006828869167645152 0.009335126935056861 0.00933512693503913
399.17 16.984944960319638 -3.783177094552606 36.22941824159516 -350559.4015571873 2.5122193820674257e-05 25.819249331563938 24.273938927203734 25.437478874778186 66.63235380414004 372.1407508204992 400.0 -0.0007813787092641941 0.3788055252127713 0.38177045678575305 -0.0005239557924512617 -3.040381742141344 2.4654798583445323e-08 0.013829690197942172 0.006874388047198824 0.006955285772267175 0.38191229806970806 0.006821628240751392 0.007008061957190779 0.009576276323812801 0.00957627632379552
409.05 16.997641305793376 -3.786916961354166 36.86191476904465 -350303.5744908402 2.529764854520396e-05 25.93547331080619 24.3353832322209 25.54390737980686 66.34766663171908 371.5798256860889 400.0 -0.000821128970339731 0.38848969266509914 0.39156593099933146 -0.0005527617025246557 -3.099150906706162 2.4657572693268724e-08 0.014182936836430723 0.007048951362780312 0.00713396909474795 0.3917173640550273 0.006993285759032802 0.007189651077397919 0.009820532313854272 0.009820532313837222
419.06 17.010604156846302 -3.7907714607385543 37.49010558783781 -350043.23973273765 2.5473708464248128e-05 26.050234357717137 24.394078879568315 25.648728746648626 66.05830078172386 371.0041472340625 400.0 -0.0008624418583482339 0.398317550547197 0.4015056110685098 -0.0005825117603781109 -3.1562316417507623 2.4660171819273003e-08 0.014541429884755668 0.007226083553018043 0.007315329952454839 0.4016669126152763 0.007167415445448355 0.007374014439307313 0.010068405782892767 0.010068405782876053
429.18 17.023810621882493 -3.794733948811526 38.11281895148437 -349778.9057205211 2.565028079618019e-05 26.16353528010175 24.450101065042876 25.751965110969877 65.76480259174834 370.414763423892 400.0 -0.0009052751509079565 0.40827008166111683 0.4115701691318742 -0.000613141023411255 -3.211423510595395 2.466259382033031e-08 0.014904476675580319 0.007405443764577211 0.007499016531386583 0.41174157615233775 0.007343682818218474 0.007560793857361847 0.010319418215185255 0.01031941821516953
439.43 17.03728997211985 -3.7988133039636693 38.73137163819285 -349510.0366558381 2.5827965091816093e-05 26.275820297314276 24.5037394762645 25.854040248935856 65.46655891017569 369.81038959587636 400.0 -0.0009497545031489696 0.4183675858014363 0.42178004837841804 -0.0006447026426342963 -3.2647527674120256 2.466484722581114e-08 0.015272818663362308 0.007587399860855425 0.00768540242260213 0.42196179592295785 0.007522450179201942 0.0077503684841603625 0.010574082745482077 0.010574082745466716
449.8 17.051032546078808 -3.8030066817892276 39.34523045220953 -349236.878089609 2.6006829357693664e-05 26.387185606379163 24.55510351193326 25.95505972113375 65.16382486575183 369.1914672314952 400.0 -0.0009958798158316007 0.42860087989690376 0.43212588524541284 -0.0006771573378724759 -3.3160848542611663 2.466693385799623e-08 0.01564612176418783 0.0077717884924284955 0.00787431689161153 0.432318174780492 0.007703557937818295 0.007942563826369533 0.010832168941752221 0.010832168941736378
460.29 17.06504185111746 -3.8073151131622325 39.95448506259206 -348959.41324949294 2.6187110114576076e-05 26.497830646187765 24.60434769214068 26.055222371825796 64.85656475002916 368.5578418738959 400.0 -0.0010436934695061673 0.43897061977126445 0.4426082743619697 -0.0007104939076711887 -3.365345526176869 2.4668858488566078e-08 0.01602441071892549 0.007958623752421177 0.008065770586157584 0.44281128210133525 0.007887021098596306 0.008137389620329182 0.011093694538258918 0.011093694538243904
470.89 17.079308056546513 -3.811735420395493 40.55866163298385 -348677.88981407124 2.636886692758339e-05 26.607842830547746 24.651572197543498 26.154625016923703 64.5450359478445 367.90995685308945 400.0 -0.0010931912806669696 0.4494675628669539 0.4532178136240396 -0.0007446667509922495 -3.412422338889112 2.4670624653138032e-08 0.01640734908735634 0.0081477415245022 0.00825959118235138 0.4534316788463184 0.008072679925156326 0.008334669162200008 0.011358427646431002 0.011358427646416373
481.62 17.09386193557417 -3.8162769610125906 41.15899165489946 -348391.75648437144 2.6552668824930168e-05 26.717611912141937 24.69699951105333 26.25363675617366 64.22861236481211 367.2464013829907 400.0 -0.0011445104048721441 0.46011219715579665 0.46397515596827893 -0.0007797252669019527 -3.457340129372165 2.467224104640731e-08 0.016795684957692333 0.008339513445740472 0.00845615513133394 0.4642000105119624 0.008260900802086486 0.008534784155605851 0.011626886194169314 0.011626886194155656
492.48 17.108707844115354 -3.820940932816825 41.75553662530606 -348100.98823650327 2.6738738152880275e-05 26.827308877516533 24.74074744578803 26.35242787148172 63.907251332493814 366.56694852068296 400.0 -0.001197698755152757 0.47090527283138484 0.47488100603481387 -0.0008156536572891007 -3.5000328973563173 2.4673712727442202e-08 0.017189446322460677 0.008533955654641618 0.008655474287124806 0.4751169526767522 0.008451701190328995 0.008737745132131686 0.011899090338435222 0.011899090338422052
503.45 17.12382266804396 -3.82571975178125 42.347291216013865 -347806.0970859557 2.692695211418925e-05 26.936900625583753 24.78285117444763 26.45098467194649 63.58150367580021 365.8726272637683 400.0 -0.0012527036108058902 0.4818276247891031 0.4859159536372621 -0.0008523666957256944 -3.540369598513052 2.4675042591377487e-08 0.017587934515162 0.008730725641491893 0.008857192492935931 0.48616304481827655 0.008644746927637927 0.008943187587524076 0.012174557976047924 0.012174557976035203
514.54 17.139224440846338 -3.8306186820545065 42.93490319533719 -347506.790672977 2.7117699699766024e-05 27.04665194042031 24.823459651381857 26.549561215068437 63.25103164151023 365.1625762606274 400.0 -0.0013096193214595776 0.4928899088444098 0.49709072535187543 -0.0008898762512293207 -3.578344562871579 2.46762376653526e-08 0.01799153875282454 0.0089300182496274 0.009061504122456335 0.497348993200316 0.008840231343247663 0.009151307409576877 0.012453559104947274 0.012453559104935678
525.75 17.15491777703016 -3.835638719694046 43.518466226553315 -347203.0421434013 2.73111974509821e-05 27.156721108367062 24.862673204231196 26.648315076070098 62.915791485355726 364.4365389037992 400.0 -0.0013684925835740116 0.5040928669656611 0.5084060322969612 -0.0009281593404994506 -3.6139178794875026 2.4677303482126658e-08 0.018400286517203872 0.009131849832450464 0.00926842030403575 0.508675477953488 0.009038172784661697 0.009362113732542173 0.01273611370726864 0.012736113707256996
537.09 17.170921665196566 -3.840785425323247 44.09858126974042 -346894.5503498041 2.7507835398314818e-05 27.26735953970372 24.900618112264436 26.747486815464143 62.575437359371044 363.6935821129885 400.0 -0.0014294251938771609 0.5154472793440861 0.5198727242395746 -0.0009672256078229265 -3.6470841355264256 2.4678246229387206e-08 0.018814571508155544 0.009336417713375332 0.00947813741411147 0.5201533273967655 0.009238767222531202 0.009575804285624337 0.013022494967303639 0.013022494967292787
548.54 17.187212911371816 -3.8460507102769554 44.674319242095976 -346581.82905437466 2.7707483478737135e-05 27.378522811495493 24.9373147973293 26.84705148676407 62.230522895062855 362.9347241017263 400.0 -0.001492357924983969 0.5269338951261263 0.5314713247314264 -0.0010069792335109854 -3.677757999700135 2.467906949940579e-08 0.019233691645929907 0.009543378264148685 0.009690297001182444 0.5317630141624873 0.00944168037440565 0.00979201127152426 0.013312218639909465 0.013312218639899679
560.12 17.20382522459746 -3.851444756282646 45.24678018704867 -346264.2999333939 2.791070857680038e-05 27.490553093559246 24.97290901965461 26.947330235512 61.8803974650116 362.1583288275052 400.0 -0.0015574497392819098 0.5385735699657377 0.5432228580472505 -0.001047460758646589 -3.705972884078699 2.4679779793982247e-08 0.019658408191415705 0.009753110565171653 0.009905281245731135 0.5435255508251063 0.009647286756538911 0.01001112143487679 0.013605812081882213 0.013605812081873529
571.82 17.220749916627483 -3.856963976859504 45.815551418669564 -345942.2016699416 2.8117557090288815e-05 27.603498897981524 25.007444376826832 27.048380912268875 61.52531203744213 361.3647258037126 400.0 -0.0016246961389431319 0.5503570908151678 0.5551179857126504 -0.0010886047507640867 -3.731687253726044 2.4680381179133253e-08 0.020088385247404153 0.009965452038718322 0.010122916828268701 0.5554315584780443 0.009855429977490756 0.0102329552699134 0.01390304426260791 0.013903044262599654
583.64 17.237992705030525 -3.8626093520697538 46.38072725117109 -345615.49853139475 2.832825199652378e-05 27.717504328907236 25.04099219735388 27.150346821842863 61.16521531401364 360.55356626530823 400.0 -0.001694147776135012 0.5622852845947948 0.5671575070643707 -0.0011303784648445804 -3.7548941712302666 2.4680878245768372e-08 0.020523653229317915 0.010180421090184688 0.010343215758815113 0.5674818064088907 0.010066131261041434 0.010457521968276475 0.014203937409080125 0.014203937409072834
595.57 17.25554477685199 -3.868376996823727 46.94193517622505 -345284.4309710012 2.8542839040684463e-05 27.832615807244874 25.07359234633197 27.2532837833781 60.8003607862189 359.7251799592598 400.0 -0.0017657954116050464 0.5743488740564565 0.5793320238667703 -0.0011727117285422898 -3.775576992807743 2.468127503179192e-08 0.020963873819612577 0.010397854083728857 0.010566003355660358 0.5796668584377499 0.01027923357327009 0.010684640246342483 0.01450825888006944 0.014508258880062623
607.63 17.273441772730543 -3.8742775579703164 47.50020976944169 -344948.4044436227 2.8761908594928764e-05 27.94916860869714 25.105361808346533 27.357505829374364 60.43008219130408 358.87778890291077 400.0 -0.0018398114473624895 0.5865689464510764 0.5916627793227766 -0.001215639049728171 -3.7937762994373148 2.468157625672314e-08 0.021409816754704485 0.010618134757925746 0.010791665616637728 0.5920079471875556 0.010495116490153323 0.010914700264551162 0.014816542061481829 0.014816542061475646
619.82 17.29169056337551 -3.8803121862986387 48.05562255816582 -344607.37405030517 2.898570207968457e-05 28.067305742026438 25.13635613670288 27.4631550586287 60.054319517209926 358.01095717436476 400.0 -0.0019162530143217384 0.5989464471036141 0.6041506833977346 -0.0012591223767383724 -3.8094976177686064 2.4681785464952726e-08 0.02186151679298609 0.010841283960131625 0.011020216452774146 0.6045059547001599 0.0107138040423414 0.01114771275064469 0.015128812306012568 0.01512881230600693
632.12 17.31026797272753 -3.886471957502195 48.60790130530462 -344261.5110215567 2.9214094201588514e-05 28.18677915596498 25.16638201952131 27.570003037733034 59.67363106377932 357.2161602643284 400.0 -0.001995048727710137 0.6114619715217062 0.6167761182319438 -0.0013030504580319876 -3.8227333776620824 2.468190590436306e-08 0.022318266023750866 0.011066955650855992 0.011251293992843565 0.6171412207148482 0.010934960845455352 0.011383305178295515 0.015444581547492663 0.015444581547488552
644.54 17.32919595754095 -3.8927627703651098 49.15743917493074 -343910.57291723904 2.9447516039620152e-05 28.3079030914949 25.195590116422736 27.678352846892597 59.28764912040587 356.46829224096393 400.0 -0.0020763155017707825 0.6241266003476663 0.6295502446023074 -0.0013474217105069895 -3.8335204392822546 2.4681942211016332e-08 0.022780468878501832 0.011295353424323059 0.011485099074117867 0.6299248900855217 0.011158790045760075 0.011621678832741759 0.01576413048606916 0.015764130486066265
657.08 17.34848187368567 -3.899185602909114 49.70394870668603 -343554.74727801903 2.9686223694106478e-05 28.430964328426484 25.224169707202325 27.788490286255513 58.89631165566303 355.70432609107775 400.0 -0.0021601091026003188 0.6369413087011825 0.6424740421709731 -0.0013922012143215464 -3.8418866449871976 2.4681899288158335e-08 0.023248160890702165 0.011526498747499168 0.011721645763089554 0.6428579196632721 0.011385316223529793 0.01186284466717237 0.01608748458028962 0.016087484580286658
669.75 17.368148990285 -3.9057466409764032 50.24795002141312 -343193.69730434124 2.9930676066093075e-05 28.556208942227222 25.252186783129744 27.900650085828975 58.499240534583244 354.9232422624644 400.0 -0.002246555158615933 0.6499173550593386 0.6555588563982453 -0.0014373888954118937 -3.847869378273689 2.4681781488573208e-08 0.023721752951153023 0.01176059867633391 0.01196113789460551 0.6559516405820704 0.011614745939274009 0.012107007011879015 0.016414928766586404 0.0164149287665847
682.53 17.38817427300602 -3.912436508722351 50.788678349253864 -342827.9393087731 3.018076151394507e-05 28.683588952261836 25.279638672289206 28.014803883650067 58.09699632421913 354.12585692292134 400.0 -0.002335574867382685 0.663035293892847 0.6687850686117719 -0.0014828769025516419 -3.851498380742638 2.4681593055753642e-08 0.02420053537592058 0.011997306357986027 0.012203212637568352 0.6691864006434641 0.011846742978442395 0.012353792397478193 0.016745973161139207 0.016745973161138124
695.44 17.408597426138396 -3.9192666581199234 51.32707406146322 -342456.84479023935 3.0437156333794116e-05 28.813456936540828 25.306607452697282 28.131282492392412 57.68888105793748 353.31047615700123 400.0 -0.002427366186130537 0.6763167253124693 0.6821744441484141 -0.0015286991664181181 -3.8528238352737665 2.468133737966342e-08 0.02468529660873108 0.012237015540729224 0.012448264687425034 0.6825839609054485 0.012081697050423543 0.012603599558307534 0.017081163669942303 0.01708116366994245
708.46 17.429395540002613 -3.9262274940256106 51.86239696729747 -342080.9299842848 3.0699759562740726e-05 28.945768778403455 25.333088087354064 28.250061438852725 57.275456217512435 352.4779036108081 400.0 -0.002521846533097824 0.689742179597422 0.695707339550728 -0.0015747468746072503 -3.8518929940825872 2.4681018203596982e-08 0.025175326148056388 0.012479378808494987 0.012695930958710536 0.6961246494782055 0.012319271488805416 0.012856054659250963 0.017420009724512155 0.017420009724512405
721.61 17.450609684696747 -3.933330697768298 52.39556357858505 -341699.5560780228 3.0969283708197e-05 29.080889521836355 25.35915589426556 28.371483844318018 56.856013511652826 351.62637444814544 400.0 -0.002619221701431297 0.703333422520382 0.7094056775183379 -0.0016210523860680543 -3.848758405011006 2.468063810416339e-08 0.025671418622201812 0.012724793058359168 0.01294660918264767 0.7098303872305293 0.012559859263857436 0.013111559358344382 0.01776306146943216 0.01776306146943363
734.88 17.47223349869532 -3.9405719434265905 52.92625429295893 -341312.9469494588 3.124585179411804e-05 29.218885204744847 25.38482293151266 28.49562495607239 56.430793956076634 350.7560134097696 400.0 -0.002719481591823585 0.7170813367668035 0.7232602486724559 -0.0016675414458561053 -3.8434781947666155 2.4680200135494392e-08 0.026173241478468053 0.012973097665736268 0.013200127431116117 0.7236919468199035 0.01280330689643802 0.01336993458203003 0.01811008959819874 0.018110089598200894
748.27 17.49427694747392 -3.947952227865116 53.45456378474197 -340921.03545625083 3.1529802104786795e-05 29.359928875476324 25.410120002558976 28.622656608432248 55.99971907265521 349.86628369878554 400.0 -0.0028226890121744188 0.7309871454787676 0.7372722670440783 -0.0017141749009505507 -3.836114535955292 2.4679706938663048e-08 0.02668083963081522 0.013224318611077368 0.013456504637617687 0.737710532518938 0.013049643854270406 0.013631195776544817 0.018461125782720668 0.018461125782723603
761.78 17.5167504515211 -3.9554725528639523 53.98058702321481 -340523.75137207814 3.1821489445720314e-05 29.50420022175902 25.435076180248036 28.752757231023764 55.562707575958854 348.95662089725926 400.0 -0.002928907880548672 0.7450521151785018 0.7514429907352559 -0.0017609133527854942 -3.826733169900446 2.4679161007771488e-08 0.02719425961493272 0.013478482595397046 0.013715760636819398 0.7518873947360984 0.013298900338676202 0.01389535927625652 0.01881620279369192 0.01881620279369556
775.41 17.539664912206693 -3.9631339256839766 54.50441937006851 -340121.0212319131 3.212128662495483e-05 29.651886334412247 25.459718929826213 28.88611260910084 55.11967522897008 348.02643127014403 400.0 -0.00303820325902297 0.7592775583729825 0.7657737253114076 -0.0018077172421951085 -3.8154030849037066 2.467856473012615e-08 0.027713549676327054 0.013735617069443462 0.013977916223471196 0.7662238334209353 0.013551107295590179 0.014162442380736873 0.01917535456674693 0.019175354566752373
789.16 17.563031739688824 -3.970937359650833 55.02615668490086 -339712.76816417015 3.242958605347203e-05 29.80318252240976 25.484074223365866 29.022916695027426 54.6705346877374 347.07508992224723 400.0 -0.0031506413899451986 0.7736648363950613 0.780265827382332 -0.0018545469315143256 -3.80219620886965 2.467792042164708e-08 0.028238759866055296 0.013995750267124034 0.014242993214713662 0.7807212016487491 0.013806296401806011 0.014432463464249291 0.019538616274039435 0.019538616274045288
803.03 17.58686288304559 -3.978883874760598 55.545895439149966 -339298.9117086882 3.274680147932759e-05 29.95829318663592 25.508166646280646 29.163372478273555 54.21519533414798 346.10193879401214 400.0 -0.003266289734908489 0.7882153625024445 0.7949207083623623 -0.001901362783442266 -3.787187120411639 2.4677230356756454e-08 0.028769942145162188 0.014258911243705907 0.014511014516314558 0.7953809093762922 0.01406450017767589 0.014705441967486297 0.019906024401859408 0.01990602440186561
817.03 17.61118833673724 -3.9869803083083326 56.064100751509024 -338879.0669660241 3.307360574337135e-05 30.117547514432566 25.532036393636115 29.307797069784073 53.753232268729604 345.1055676460397 400.0 -0.0033853028463627925 0.8029411377271615 0.8097504446484945 -0.0019481584908224733 -3.77044027596422 2.4676496255101146e-08 0.02930753501173294 0.014525320494441805 0.014782198131094985 0.810215036575765 0.014325939032591472 0.014981595979141466 0.020277882812179432 0.020277882812186464
831.14 17.63598648284417 -3.995216129142605 56.58013051673045 -338453.7454338297 3.340999444583863e-05 30.280943593625576 25.5556714854231 29.45620820914715 53.28520768020152 344.08666842391233 400.0 -0.0035075807553763346 0.8178226533651634 0.8247353844784261 -0.0019948277696914033 -3.7520587665217104 2.4675721423328666e-08 0.029850826631556204 0.01479462828044725 0.01505618196371812 0.8252039278746859 0.014590273752241922 0.015260552879314281 0.020653699668286493 0.020653699668294143
845.38 17.661306256999563 -4.003604054454229 57.09481557225339 -338022.2516825233 3.375693472826109e-05 30.44895095211257 25.579126459636583 29.609052582543782 52.81035650325578 343.0430246610623 400.0 -0.003633368213297754 0.8328825949330404 0.8398983695687864 -0.002041397525825008 -3.732097737730954 2.4674907033860577e-08 0.030400645557613615 0.015067248159728678 0.01533338100914505 0.8403704352935585 0.014857914234352641 0.01554273132326097 0.02103404866684027 0.021034048666848323
859.73 17.687126562491102 -4.012133356657074 57.607533400173935 -337585.0947366567 3.411445930975507e-05 30.62158474034952 25.602388354342928 29.76636496438153 52.3292399558888 341.9752871876494 400.0 -0.003762561366023971 0.8481014694465873 0.8552197759679866 -0.0020877634146783644 -3.7106680720504395 2.4674056512061838e-08 0.03095628045740229 0.015342830089634439 0.015613433977513021 0.8556949366249971 0.015128520770307775 0.015827759687094514 0.02141843829203193 0.021418438292041334
874.21 17.713498590981274 -4.0208169862634975 58.11910046706209 -337141.5634940607 3.448361954359123e-05 30.7993515407425 25.62550864142112 29.928628833621733 51.841077394549984 340.8811061156352 400.0 -0.0038954145790305737 0.8635022195966137 0.8707227071207674 -0.002133951432955176 -3.687824453997661 2.4673170966998544e-08 0.03151856925916476 0.015621792128213732 0.01589676073899872 0.8712005483064345 0.01540250777328506 0.016116061485879705 0.021807448803573957 0.021807448803583825
888.81 17.740420449466967 -4.029650100085988 58.62926091473853 -336691.854840559 3.486475810393429e-05 30.982414468662217 25.64848916363571 30.096016136561417 51.3460884349109 339.7603080206581 400.0 -0.004031914531210909 0.8790760647794722 0.8863983321008013 -0.0021798908226101504 -3.6636674749797833 2.4672253277288274e-08 0.03208719165489185 0.01590397770271825 0.01618319755832649 0.8868784477289762 0.015679725380782165 0.01640746627410969 0.022200859217274604 0.022200859217284655
903.53 17.76790896547274 -4.038633783777826 59.13811992355694 -336235.8564443244 3.5258502998722684e-05 31.17107347411643 25.671347283594823 30.268824905313203 50.844153439522046 338.61192761473 400.0 -0.00417213867441335 0.8948248982015491 0.902248568803228 -0.0022255437818507104 -3.638284660830614 2.467130572192005e-08 0.03266221698635994 0.016189423257290225 0.016472777333113413 0.9027305653293813 0.01596021319269895 0.016702003793660995 0.022598718127522822 0.02259871812753309
918.36 17.795962818483176 -4.047762953420843 59.645444237560014 -335773.76273383654 3.566524708009023e-05 31.365515325784365 25.69408437055466 30.44725071483836 50.335491578107046 337.4357418161543 400.0 -0.004316068173969151 0.9107399543531757 0.9182646109460039 -0.002270842693955771 -3.6117830888995868 2.4670331202592488e-08 0.033243325361636676 0.016477971707643032 0.01676533725569686 0.918748108359833 0.016243820526505137 0.01699950483513154 0.02300080482588638 0.023000804825897996
933.32 17.824638511607663 -4.057051032695611 60.15202715354839 -335304.82633447525 3.60862558394082e-05 31.566342902033533 25.716746988941495 30.6318727375193 49.81928651433437 336.2290799733976 400.0 -0.004463977983842435 0.9268447750028116 0.9344701645142335 -0.0023158118840524568 -3.5842172838527455 2.466933057172207e-08 0.03383137648501863 0.016770051484135528 0.01706130859999126 0.9349548010785819 0.016530972155503143 0.017300404329515493 0.023407714837622752 0.02340771483763458
948.41 17.85395651500549 -4.066499306196448 60.65797004826224 -334828.9107506415 3.652231971735367e-05 31.773930223382703 25.739349881442184 30.823062683020545 49.29539565816197 334.9907489228162 400.0 -0.004615956306110096 0.9431416455134171 0.9508675403621549 -0.0023604136550406693 -3.555677467206814 2.466830585793479e-08 0.03442645390283929 0.017065705532084138 0.017360731966991304 0.951352971683007 0.016821714060088613 0.017604739842750683 0.023819506710600527 0.02381950671061299
963.61 17.88389878375434 -4.076096393491838 61.16271669407828 -334346.50884561345 3.697368560823207e-05 31.988392593614893 25.76187778662095 31.020955265926336 48.76437066673886 333.721165041928 400.0 -0.004771886380078871 0.9596112626099742 0.9674373276885593 -0.0024045532598208088 -3.5262948753681433 2.466726033353237e-08 0.035027852783021514 0.017364584667948834 0.017663251708139892 0.9679232281812205 0.01711570639446923 0.017912146388552284 0.024235693429957305 0.024235693429970433
978.93 17.91450660442485 -4.085849688408231 61.666721200272924 -333857.16079388355 3.74415247936832e-05 32.21028472545768 25.784359916060396 31.2260919113373 48.22571601542921 332.4182118775375 400.0 -0.00493195467704359 0.9762668254534808 0.9841928141203794 -0.0024482255101722504 -3.4961459008409377 2.4666195040759328e-08 0.035636055069664226 0.017666929024728915 0.017969109634508915 0.9846788804379952 0.017413188742742027 0.018222866326922202 0.02465660925241904 0.02465660925243221
994.37 17.945803243664272 -4.095760367793744 62.17010399918247 -333360.7130568457 3.792679130953517e-05 32.44005700634459 25.806809932240736 31.438920443594586 47.67927502773386 331.08050122450993 400.0 -0.005096250037482367 0.9931108822394481 1.0011365627500057 -0.002491396043230722 -3.465327541669254 2.466511144590295e-08 0.036251153761185345 0.01797278521972202 0.018278352127190405 1.0016225148603097 0.01771421034219133 0.018536943418994013 0.025082319325455783 0.025082319325469365
1009.94 17.977834072985274 -4.105836125159271 62.67331094666461 -332856.67850881175 3.8430842686280005e-05 32.67834994409502 25.829255413883264 31.660067642961554 47.12452572905392 329.7056606135605 400.0 -0.005264972936353268 1.0101570914653832 1.0182823011334687 -0.0025340582597816012 -3.433918721548897 2.466400999554437e-08 0.03687364756520276 0.018282401363255776 0.01859122978344106 1.0187678836981546 0.01801901875055633 0.01885462881464644 0.025513169642732876 0.025513169642746136
1025.62 18.010584092699755 -4.116065234722768 63.17582379316772 -332345.53280106344 3.895414358833743e-05 32.92538156802835 25.851680362649095 31.889770723641842 46.562007794472116 328.29387344137245 400.0 -0.0054380002245550795 1.0273864033510298 1.03561084438651 -0.002576124282551405 -3.402061517489822 2.466289288622712e-08 0.03750284073724964 0.018595431094798075 0.018907393219297894 1.0360958292330718 0.01832727619021397 0.01917556454703567 0.025948679501191757 0.02594867950120577
1041.43 18.0441228501941 -4.126461982516673 63.67841621579864 -331826.4418640557 3.949856606113186e-05 33.182034339568354 25.874125874943786 32.12888705159609 45.99082168772381 326.8416449626462 400.0 -0.005615648799772526 1.044823810510714 1.0531472879722632 -0.002617615320803562 -3.3698199875353234 2.4661759027770662e-08 0.03813964590238178 0.018912327754974884 0.019227301719148094 1.0536314745330657 0.018639432164742818 0.01950021373763898 0.026389481470902896 0.026389481470917436
1057.36 18.078459155921397 -4.137021133596221 64.18090409465128 -331299.5373089698 4.0065088368855565e-05 33.44876833630126 25.8965897828143 32.377884579098286 45.411133056417256 325.3480511954937 400.0 -0.0057979083012543045 1.0624615463377256 1.0708837572029712 -0.002658472430904277 -3.3373224444710137 2.4660608938441162e-08 0.03878377939851179 0.019232949142537432 0.019550813822115553 1.0713669752405894 0.018955349653887225 0.01982842974462456 0.026835380126612504 0.026835380126626767
1073.41 18.113624451720796 -4.147743975894684 64.68343052094963 -330764.6139074354 4.065513064154046e-05 33.726252031651114 25.919084005272804 32.637428447869205 44.8227394969972 323.8111441133747 400.0 -0.00598488067469268 1.0803030126220263 1.0888235837819096 -0.002698664387842842 -3.304680759848661 2.4659441813648147e-08 0.039435365478309586 0.019557355537043946 0.019877993501267854 1.0893056946989106 0.01927509091594516 0.020160274562364435 0.027286462416882627 0.027286462416897053
1089.57 18.149629782000503 -4.1586250650920675 65.1912156799719 -330215.92769953783 4.126985218253536e-05 34.01491561840299 25.941490450475698 32.907956576207326 44.225798006713816 322.40200555177864 400.0 -0.0061765513634233285 1.098340645208529 1.106959042195665 -0.002738136411768871 -3.272031315453839 2.4658256878364723e-08 0.04009412799208293 0.019885407326852882 0.020208704218510225 1.1074399414224743 0.019598521013981997 0.020495606978100933 0.027742538108612658 0.027742538108626504
1105.86 18.186555471158865 -4.169679212335254 65.70176139245555 -329655.9337825661 4.1911700436231774e-05 34.31598878161696 25.963926926035445 33.19067248283349 43.61934366316245 321.0137662974363 400.0 -0.006373266086804921 1.116600627923941 1.1253162987834613 -0.0027769071989656394 -3.239454972395715 2.465705034498229e-08 0.04076102345607744 0.020217578248884024 0.020543428753107024 1.125795915102067 0.019926109658746423 0.020834913797331024 0.028204270412714522 0.028204270412727838
1122.28 18.224440959148716 -4.180907951360155 66.2133092325632 -329086.4195646123 4.258256306730543e-05 34.63040184879228 25.986446932261032 33.4865024104724 43.00312793136662 319.5831716373722 400.0 -0.006575143576561589 1.1350872313557485 1.143899438319883 -0.002814945118047242 -3.207079607827729 2.4655818941005122e-08 0.04143620828193677 0.020553943153256333 0.020882248666523277 1.1443777369230885 0.020257933388944268 0.021178274892992503 0.028671768696020193 0.02867176869603358
1138.81 18.263281079690433 -4.192299015383497 66.7254156857547 -328507.79220853146 4.328364679820988e-05 34.95872443447145 26.009033994628194 33.79603442653717 42.3776468833887 318.10984624627764 400.0 -0.006782054196561506 1.1537823562819285 1.162690007934277 -0.0028521744085205146 -3.175078543362749 2.465455986437428e-08 0.04211902207766192 0.02089416921703908 0.021224836389636025 1.1631669937627263 0.02059366631791445 0.02152535575974747 0.02914457676185255 0.02914457676186539
1155.46 18.30314264201522 -4.203860663026191 67.23858224944993 -327919.40001233603 4.401757589661481e-05 35.30219134788526 26.031712754877812 34.12048760833247 41.74225628995483 316.59064101314124 400.0 -0.006994240356882906 1.1727019734702462 1.1817037395527874 -0.0028885893212732706 -3.143573383821449 2.4653266875391545e-08 0.04281004907315626 0.021238542948803778 0.021571489643701192 1.1821794565273733 0.020933593469852674 0.021876455603303577 0.029623100225746914 0.02962310022575853
1172.23 18.344072868537076 -4.215594380170103 67.75300862145252 -327320.91455759265 4.4786799720876524e-05 35.66195631242492 26.054494105576655 34.461010958206415 41.09666809471847 315.02307901644 400.0 -0.007211827358820091 1.1918511750132064 1.2009453542185025 -0.0029241606411483886 -3.1127143613790094 2.465193312477423e-08 0.04350947654154141 0.021587152341145503 0.021922307709166613 1.2014198877263649 0.02127780398387585 0.022231672557665554 0.03010746990865317 0.0301074699086643
1189.13 18.38614775257658 -4.227508771708429 68.26921119836874 -326711.6207661849 4.559451221800871e-05 36.03952258396549 26.077402521978335 34.8190911434739 40.44018468065784 313.4035019082106 400.0 -0.007435078978160196 1.2112469534179804 1.2204314404915964 -0.0029588791659138666 -3.082644265581802 2.4650549395222597e-08 0.044217926876308454 0.02194030142196449 0.022277608951528756 1.2209049185403749 0.02162660032679578 0.022591326549512673 0.030598118046101182 0.030598118046111372
1206.14 18.429372378479815 -4.239591312364894 68.78680399356453 -326091.86005779554 4.644275677760117e-05 36.43585751594287 26.10042192010406 35.19571320829468 39.7732541649894 311.73090178838015 400.0 -0.007663867230331481 1.2308722814446913 1.2401443076481962 -0.0029926739284502927 -3.053570463765196 2.464910719151704e-08 0.044934780396209656 0.022297674070684836 0.022637089810032592 1.2406169044973014 0.021979672371214364 0.022955108024995303 0.031094616714463074 0.031094616714472292
1223.28 18.473856937356512 -4.251857833111487 69.30663548190427 -325460.4941024815 4.7335865972311925e-05 36.85300061921626 26.12359054225071 35.5928877402023 39.09473988251852 310.0001214444913 400.0 -0.007898603677300543 1.2507566534131997 1.2601128790139557 -0.0030255539742560225 -3.0256437865262678 2.464759269474371e-08 0.04566111733607109 0.022659800467428087 0.0230013003392599 1.260584814778727 0.022337545938023087 0.023323571398048002 0.031597715411315716 0.031597715411323946
1240.53 18.519613818849745 -4.264295699131964 69.82835534675577 -324817.8171303242 4.8276513576769616e-05 37.2922193507647 26.146892718777764 36.011899343484416 38.40505520317301 308.2096948726697 400.0 -0.008139163861111666 1.2708838303050558 1.280320007280279 -0.003057449034846186 -2.999096700878825 2.464599330093598e-08 0.046396348177502614 0.023026377090011624 0.02336995454289914 1.2807915516452726 0.022699923029161746 0.023696425148340854 0.03210700721031627 0.03210700721032265
1257.91 18.566765960669834 -4.27692106867147 70.35284357283192 -324162.6043030911 4.926994972043328e-05 37.755987886838774 26.170367100188532 36.45519215338939 37.7029929337436 306.35372320570303 400.0 -0.008385983932248424 1.2912847310398183 1.3007957334493814 -0.0030883624258481817 -2.974115631989241 2.464429019509816e-08 0.047141606944191825 0.023397958292849574 0.02374363209007176 1.3012672065211661 0.02306735356768996 0.024074253376501854 0.03262327915896851 0.03262327915897288
1275.41 18.615363270632596 -4.289728560247738 70.88009354005533 -323494.7047382305 5.0320313466153546e-05 38.246265919330334 26.19401214185429 36.92473042169481 36.9885108265711 304.42902547156643 400.0 -0.008639091618819176 1.3119560022539374 1.3215354976355242 -0.0031182392200106946 -2.950953465188329 2.4642464356363264e-08 0.047896776830100726 0.023774473143058486 0.024122287107480895 1.3220072728951875 0.023439769411424803 0.02445700741867593 0.033146452017267486 0.03314645201726987
1293.03 18.665488903450157 -4.302720045877976 71.41042519508382 -322813.55055591895 5.143287043345821e-05 38.765544447325446 26.21784021533621 37.42299745969602 36.26113260060738 302.4309648354772 400.0 -0.008898662523877268 1.332906710978628 1.3425469876294278 -0.0031470400806239652 -2.9298699110194777 2.4640492458380038e-08 0.0486621960424401 0.02415607568813268 0.024506103754673617 1.3430194939293827 0.023817324863255347 0.02484487117918476 0.0336767619048359 0.033676761904836316
1310.77 18.717233940061174 -4.315897474303171 71.94418540279209 -322118.52130359283 5.261357992006531e-05 39.31664474457098 26.241864182691042 37.95280621915428 35.52034125301273 300.3544105392991 400.0 -0.009164883161105378 1.3541468182730108 1.363838525416696 -0.003174721377129705 -2.9111508324454087 2.463834724540941e-08 0.049438237010788935 0.024542934872232764 0.02489528551687738 1.3643122494529232 0.024200189083129736 0.025238047927659206 0.03421446887400984 0.03421446887400781
1328.63 18.770698458362805 -4.329262878504963 72.48175168386436 -321408.9369276059 5.3869216134510167e-05 39.90277635783226 26.266097494327788 38.51735721110078 34.765573807142275 298.19366484715107 400.0 -0.009437952401839225 1.3756873060739403 1.3854191467314818 -0.003201233867420503 -2.895112337479846 2.463599690121151e-08 0.05022531132197289 0.02493523665546991 0.025290058020590717 1.3858946357036854 0.02458854825944275 0.02563676306253014 0.034759860382598214 0.03475986038259354
1346.61 18.825992795473297 -4.3428183842391945 73.02353661896505 -320684.04949369596 5.520751624819687e-05 40.52760796697238 26.290554301317922 39.12030927272595 33.99621514459723 295.94237588774524 400.0 -0.009718083189322185 1.3975403276559453 1.4072986942464323 -0.0032265210321726135 -2.882105642418188 2.4633404289549722e-08 0.051023875579489814 0.02533318652695564 0.025690672379954944 1.4077765587298263 0.024982608192989444 0.02604126738650037 0.035313255419987886 0.03531325541997962
1364.71 18.88323904488301 -4.3565662197665205 73.56999307064623 -319943.033373504 5.6637362554496e-05 41.19535460794859 26.315249585513357 39.76586668057231 33.21159071824121 293.593432979628 400.0 -0.010005504582292825 1.4197193872247242 1.4294879273762733 -0.003250516961173943 -2.872522891517916 2.4630526034089405e-08 0.05183443840499914 0.02573701250421658 0.026097409198823793 1.4299688444278982 0.025382597392240847 0.0264518410127583 0.03587500944033526 0.03587500944032316
