#T volume alpha alpha_xx alpha_yy alpha_zz alpha_yz alpha_zx alpha_xz alpha_zx alpha_xy alpha_yx
0.0  10.982620   0.0000e+00   1.2570e-12   1.2570e-12   1.2570e-12   1.5401e-29   1.6064e-28   1.5401e-29   1.6442e-28   1.6442e-28   1.6442e-28
0.09  10.982620   1.0440e-10   1.0479e-10   1.0479e-10   1.0479e-10   4.3968e-28   4.3968e-28   4.3968e-28  -4.3968e-28  -4.3968e-28  -4.3968e-28
0.24  10.982620   2.7830e-10   2.7820e-10   2.7820e-10   2.7820e-10   4.9075e-27   4.9075e-27   4.9075e-27  -4.9075e-27  -4.9075e-27  -4.9075e-27
0.44  10.982620   5.0942e-10   5.0945e-10   5.0945e-10   5.0945e-10  -3.1146e-26   6.8639e-26  -3.1146e-26   3.2953e-26   3.2953e-26   3.2953e-26
0.69  10.982620   7.9634e-10   7.9635e-10   7.9635e-10   7.9635e-10  -1.4359e-26  -1.4359e-26  -1.4359e-26   1.4359e-26   1.4359e-26   1.4359e-26
0.99  10.982620   1.1361e-09   1.1361e-09   1.1361e-09   1.1361e-09   3.6524e-26   3.6524e-26   3.6524e-26  -3.6524e-26  -3.6524e-26  -3.6524e-26
1.34  10.982620   1.5236e-09   1.5236e-09   1.5236e-09   1.5236e-09  -9.9105e-27  -9.9105e-27  -9.9105e-27   9.9105e-27   9.9105e-27   9.9105e-27
1.75  10.982620   1.9610e-09   1.9610e-09   1.9610e-09   1.9610e-09   1.9406e-26   1.9406e-26   1.9406e-26  -1.9406e-26  -1.9406e-26  -1.9406e-26
2.21  10.982620   2.4240e-09   2.4241e-09   2.4241e-09   2.4241e-09   3.9029e-26   3.9029e-26   3.9029e-26  -3.9029e-26  -3.9029e-26  -3.9029e-26
2.72  10.982620   2.8943e-09   2.8943e-09   2.8943e-09   2.8943e-09  -3.2107e-25   2.4584e-25  -3.2107e-25   2.4441e-25   2.4441e-25   2.4441e-25
3.28  10.982620   3.3461e-09   3.3461e-09   3.3461e-09   3.3461e-09  -8.0953e-26  -8.0953e-26  -8.0953e-26   8.0953e-26   8.0953e-26   8.0953e-26
3.9  10.982620   3.7546e-09   3.7546e-09   3.7546e-09   3.7546e-09  -5.7406e-25   1.6135e-25  -5.7406e-25   2.0635e-25   2.0635e-25   2.0635e-25
4.56  10.982620   4.0750e-09   4.0750e-09   4.0750e-09   4.0750e-09   5.3415e-26   5.3415e-26   5.3415e-26  -5.3415e-26  -5.3415e-26  -5.3415e-26
5.28  10.982620   4.2908e-09   4.2907e-09   4.2907e-09   4.2907e-09   1.2915e-26   1.2915e-26   1.2915e-26  -1.2915e-26  -1.2915e-26  -1.2915e-26
6.06  10.982620   4.3819e-09   4.3818e-09   4.3818e-09   4.3818e-09   4.4112e-27   4.4112e-27   4.4112e-27  -4.4112e-27  -4.4112e-27  -4.4112e-27
6.88  10.982620   4.3476e-09   4.3475e-09   4.3475e-09   4.3475e-09  -8.9120e-26  -8.9120e-26  -8.9120e-26   8.9120e-26   8.9120e-26   8.9120e-26
7.76  10.982621   4.2074e-09   4.2074e-09   4.2074e-09   4.2074e-09   4.1678e-26   4.5219e-25   4.1678e-26   3.7345e-25   3.7345e-25   3.7345e-25
8.68  10.982621   4.0041e-09   4.0040e-09   4.0040e-09   4.0040e-09  -1.5577e-25   2.1490e-25  -1.5577e-25   5.9082e-25   5.9082e-25   5.9082e-25
9.67  10.982621   3.7918e-09   3.7918e-09   3.7918e-09   3.7918e-09  -2.5678e-26  -2.5678e-26  -2.5678e-26   2.5678e-26   2.5678e-26   2.5678e-26
10.7  10.982621   3.6603e-09   3.6602e-09   3.6602e-09   3.6602e-09   9.4698e-26   3.9804e-25   9.4698e-26   3.7402e-25   3.7402e-25   3.7402e-25
11.78  10.982621   3.7135e-09   3.7134e-09   3.7134e-09   3.7134e-09  -9.1680e-27  -9.1680e-27  -9.1680e-27   9.1680e-27   9.1680e-27   9.1680e-27
12.92  10.982621   4.0901e-09   4.0899e-09   4.0899e-09   4.0899e-09  -1.1568e-25  -1.1568e-25  -1.1568e-25   1.1568e-25   1.1568e-25   1.1568e-25
14.11  10.982621   4.9626e-09   4.9624e-09   4.9624e-09   4.9624e-09  -6.1485e-26  -6.1485e-26  -6.1485e-26   6.1485e-26   6.1485e-26   6.1485e-26
15.35  10.982622   6.5518e-09   6.5514e-09   6.5514e-09   6.5514e-09  -6.4243e-26  -6.4243e-26  -6.4243e-26   6.4243e-26   6.4243e-26   6.4243e-26
16.65  10.982622   9.1712e-09   9.1708e-09   9.1708e-09   9.1708e-09   2.0810e-25   2.0810e-25   2.0810e-25  -2.0810e-25  -2.0810e-25  -2.0810e-25
17.99  10.982622   1.3166e-08   1.3166e-08   1.3166e-08   1.3166e-08  -2.4997e-25  -2.4997e-25  -2.4997e-25   2.4997e-25   2.4997e-25   2.4997e-25
19.39  10.982623   1.9112e-08   1.9112e-08   1.9112e-08   1.9112e-08   5.4381e-25   5.4381e-25   5.4381e-25  -5.4381e-25  -5.4381e-25  -5.4381e-25
20.84  10.982624   2.7657e-08   2.7656e-08   2.7656e-08   2.7656e-08  -1.8436e-25  -1.8436e-25  -1.8436e-25   1.8436e-25   1.8436e-25   1.8436e-25
22.34  10.982626   3.9646e-08   3.9645e-08   3.9645e-08   3.9645e-08   9.6721e-25   9.6721e-25   9.6721e-25  -9.6721e-25  -9.6721e-25  -9.6721e-25
23.9  10.982628   5.6228e-08   5.6228e-08   5.6228e-08   5.6228e-08  -7.3427e-25  -7.3427e-25  -7.3427e-25   7.3427e-25   7.3427e-25   7.3427e-25
25.51  10.982632   7.8549e-08   7.8549e-08   7.8549e-08   7.8549e-08  -4.1799e-25  -4.1799e-25  -4.1799e-25   4.1799e-25   4.1799e-25   4.1799e-25
27.17  10.982637   1.0796e-07   1.0796e-07   1.0796e-07   1.0796e-07   1.3498e-24   1.3498e-24   1.3498e-24  -1.3498e-24  -1.3498e-24  -1.3498e-24
28.88  10.982644   1.4589e-07   1.4589e-07   1.4589e-07   1.4589e-07  -5.2966e-24  -5.2966e-24  -5.2966e-24   5.2966e-24   5.2966e-24   5.2966e-24
30.64  10.982654   1.9381e-07   1.9381e-07   1.9381e-07   1.9381e-07  -5.9379e-24  -5.9379e-24  -5.9379e-24   5.9379e-24   5.9379e-24   5.9379e-24
32.46  10.982667   2.5348e-07   2.5348e-07   2.5348e-07   2.5348e-07  -2.0942e-23   2.8707e-23  -2.0942e-23   2.2587e-23   2.2587e-23   2.2587e-23
34.33  10.982685   3.2597e-07   3.2597e-07   3.2597e-07   3.2597e-07   3.6201e-24   4.0999e-23   3.6201e-24   4.3865e-23   4.3865e-23   4.3865e-23
36.25  10.982708   4.1240e-07   4.1240e-07   4.1240e-07   4.1240e-07  -5.3456e-24   4.8962e-23  -5.3456e-24   4.4366e-23   4.4366e-23   4.4366e-23
38.22  10.982738   5.1365e-07   5.1365e-07   5.1365e-07   5.1365e-07   4.3025e-24   4.3025e-24   4.3025e-24  -4.3025e-24  -4.3025e-24  -4.3025e-24
40.25  10.982777   6.3093e-07   6.3093e-07   6.3093e-07   6.3093e-07  -1.4356e-23  -1.4356e-23  -1.4356e-23   1.4356e-23   1.4356e-23   1.4356e-23
42.32  10.982824   7.6339e-07   7.6339e-07   7.6339e-07   7.6339e-07   2.3162e-23   6.6809e-23   2.3162e-23   6.0894e-23   6.0894e-23   6.0894e-23
44.45  10.982883   9.1229e-07   9.1229e-07   9.1229e-07   9.1229e-07  -1.6468e-23   1.0929e-22  -1.6468e-23   8.5940e-23   8.5940e-23   8.5940e-23
46.63  10.982954   1.0767e-06   1.0767e-06   1.0767e-06   1.0767e-06   2.8470e-23   2.8470e-23   2.8470e-23  -2.8470e-23  -2.8470e-23  -2.8470e-23
48.87  10.983040   1.2569e-06   1.2569e-06   1.2569e-06   1.2569e-06  -1.7661e-23   1.2265e-22  -1.7661e-23   1.0632e-22   1.0632e-22   1.0632e-22
51.15  10.983142   1.4504e-06   1.4504e-06   1.4504e-06   1.4504e-06   5.2402e-23   5.2402e-23   5.2402e-23  -5.2402e-23  -5.2402e-23  -5.2402e-23
53.49  10.983262   1.6578e-06   1.6578e-06   1.6578e-06   1.6578e-06   3.1951e-23   3.1951e-23   3.1951e-23  -3.1951e-23  -3.1951e-23  -3.1951e-23
55.88  10.983401   1.8770e-06   1.8770e-06   1.8770e-06   1.8770e-06   4.9954e-23   4.9954e-23   4.9954e-23  -4.9954e-23  -4.9954e-23  -4.9954e-23
58.32  10.983561   2.1068e-06   2.1068e-06   2.1068e-06   2.1068e-06  -9.5484e-23   1.0542e-22  -9.5484e-23   1.0091e-22   1.0091e-22   1.0091e-22
60.82  10.983744   2.3465e-06   2.3465e-06   2.3465e-06   2.3465e-06  -8.5613e-23   1.6225e-22  -8.5613e-23   2.7932e-22   2.7932e-22   2.7932e-22
63.37  10.983952   2.5938e-06   2.5938e-06   2.5938e-06   2.5938e-06  -8.6486e-23   2.0983e-22  -8.6486e-23   2.5597e-22   2.5597e-22   2.5597e-22
65.97  10.984185   2.8472e-06   2.8472e-06   2.8472e-06   2.8472e-06   7.8831e-23   2.1303e-22   7.8831e-23   2.7759e-22   2.7759e-22   2.7759e-22
68.62  10.984445   3.1052e-06   3.1052e-06   3.1052e-06   3.1052e-06   5.1622e-24   5.1622e-24   5.1622e-24  -5.1622e-24  -5.1622e-24  -5.1622e-24
71.32  10.984733   3.3664e-06   3.3664e-06   3.3664e-06   3.3664e-06  -6.2876e-23  -6.2876e-23  -6.2876e-23   6.2876e-23   6.2876e-23   6.2876e-23
74.08  10.985051   3.6304e-06   3.6304e-06   3.6304e-06   3.6304e-06  -7.4464e-23  -7.4464e-23  -7.4464e-23   7.4464e-23   7.4464e-23   7.4464e-23
76.89  10.985399   3.8949e-06   3.8949e-06   3.8949e-06   3.8949e-06  -1.2999e-22   2.0944e-22  -1.2999e-22   1.7203e-22   1.7203e-22   1.7203e-22
79.75  10.985779   4.1588e-06   4.1588e-06   4.1588e-06   4.1588e-06  -2.9895e-23  -2.9895e-23  -2.9895e-23   2.9895e-23   2.9895e-23   2.9895e-23
82.66  10.986191   4.4210e-06   4.4210e-06   4.4210e-06   4.4210e-06  -5.1660e-24  -5.1660e-24  -5.1660e-24   5.1660e-24   5.1660e-24   5.1660e-24
85.62  10.986635   4.6807e-06   4.6807e-06   4.6807e-06   4.6807e-06   1.5008e-22   1.5008e-22   1.5008e-22  -1.5008e-22  -1.5008e-22  -1.5008e-22
88.64  10.987113   4.9378e-06   4.9378e-06   4.9378e-06   4.9378e-06   6.2556e-23   6.2556e-23   6.2556e-23  -6.2556e-23  -6.2556e-23  -6.2556e-23
91.71  10.987626   5.1908e-06   5.1908e-06   5.1908e-06   5.1908e-06  -2.4154e-23  -2.4154e-23  -2.4154e-23   2.4154e-23   2.4154e-23   2.4154e-23
94.83  10.988173   5.4390e-06   5.4390e-06   5.4390e-06   5.4390e-06   1.7376e-22   3.9224e-22   1.7376e-22   5.6403e-22   5.6403e-22   5.6403e-22
98.0  10.988754   5.6819e-06   5.6819e-06   5.6819e-06   5.6819e-06  -8.8517e-23  -8.8517e-23  -8.8517e-23   8.8517e-23   8.8517e-23   8.8517e-23
101.23  10.989372   5.9199e-06   5.9199e-06   5.9199e-06   5.9199e-06   3.4133e-23   3.4133e-23   3.4133e-23  -3.4133e-23  -3.4133e-23  -3.4133e-23
104.51  10.990024   6.1519e-06   6.1519e-06   6.1519e-06   6.1519e-06  -1.2844e-22  -1.2844e-22  -1.2844e-22   1.2844e-22   1.2844e-22   1.2844e-22
107.84  10.990712   6.3776e-06   6.3776e-06   6.3776e-06   6.3776e-06  -4.0564e-23  -4.0564e-23  -4.0564e-23   4.0564e-23   4.0564e-23   4.0564e-23
111.22  10.991435   6.5969e-06   6.5969e-06   6.5969e-06   6.5969e-06  -3.0174e-23   8.3880e-22  -3.0174e-23   6.5448e-22   6.5448e-22   6.5448e-22
114.65  10.992194   6.8097e-06   6.8097e-06   6.8097e-06   6.8097e-06  -8.0029e-22   5.3391e-22  -8.0029e-22   5.5671e-22   5.5671e-22   5.5671e-22
118.14  10.992989   7.0164e-06   7.0164e-06   7.0164e-06   7.0164e-06  -1.6602e-22  -1.6602e-22  -1.6602e-22   1.6602e-22   1.6602e-22   1.6602e-22
121.68  10.993820   7.2166e-06   7.2166e-06   7.2166e-06   7.2166e-06  -2.4290e-23  -2.4290e-23  -2.4290e-23   2.4290e-23   2.4290e-23   2.4290e-23
125.27  10.994686   7.4101e-06   7.4101e-06   7.4101e-06   7.4101e-06  -6.7837e-23  -6.7837e-23  -6.7837e-23   6.7837e-23   6.7837e-23   6.7837e-23
128.92  10.995590   7.5977e-06   7.5977e-06   7.5977e-06   7.5977e-06   4.3601e-23   4.3601e-23   4.3601e-23  -4.3601e-23  -4.3601e-23  -4.3601e-23
132.61  10.996526   7.7784e-06   7.7784e-06   7.7784e-06   7.7784e-06  -3.2638e-22   3.5078e-22  -3.2638e-22   4.1132e-22   4.1132e-22   4.1132e-22
136.36  10.997499   7.9532e-06   7.9532e-06   7.9532e-06   7.9532e-06  -1.0726e-21   4.8592e-22  -1.0726e-21   1.1404e-21   1.1404e-21   1.1404e-21
140.16  10.998507   8.1220e-06   8.1220e-06   8.1220e-06   8.1220e-06   3.6709e-22   3.6709e-22   3.6709e-22  -3.6709e-22  -3.6709e-22  -3.6709e-22
144.01  10.999549   8.2848e-06   8.2848e-06   8.2848e-06   8.2848e-06   2.1045e-22   9.8700e-22   2.1045e-22   6.7183e-22   6.7183e-22   6.7183e-22
147.92  11.000628   8.4422e-06   8.4422e-06   8.4422e-06   8.4422e-06  -2.1736e-22   5.9009e-22  -2.1736e-22   1.0842e-21   1.0842e-21   1.0842e-21
151.87  11.001739   8.5937e-06   8.5937e-06   8.5937e-06   8.5937e-06  -3.7022e-23  -3.7022e-23  -3.7022e-23   3.7022e-23   3.7022e-23   3.7022e-23
155.88  11.002886   8.7401e-06   8.7401e-06   8.7401e-06   8.7401e-06   2.0336e-22   2.0336e-22   2.0336e-22  -2.0336e-22  -2.0336e-22  -2.0336e-22
159.94  11.004067   8.8814e-06   8.8814e-06   8.8814e-06   8.8814e-06  -5.3136e-22   1.2094e-21  -5.3136e-22   5.0803e-22   5.0803e-22   5.0803e-22
164.06  11.005284   9.0180e-06   9.0180e-06   9.0180e-06   9.0180e-06   1.5504e-22   1.5504e-22   1.5504e-22  -1.5504e-22  -1.5504e-22  -1.5504e-22
168.22  11.006532   9.1495e-06   9.1495e-06   9.1495e-06   9.1495e-06   2.2262e-22   2.2262e-22   2.2262e-22  -2.2262e-22  -2.2262e-22  -2.2262e-22
172.44  11.007816   9.2768e-06   9.2768e-06   9.2768e-06   9.2768e-06  -3.6116e-22   6.1025e-22  -3.6116e-22   1.1460e-21   1.1460e-21   1.1460e-21
176.71  11.009133   9.3997e-06   9.3997e-06   9.3997e-06   9.3997e-06   2.3000e-22   2.3000e-22   2.3000e-22  -2.3000e-22  -2.3000e-22  -2.3000e-22
181.03  11.010483   9.5184e-06   9.5184e-06   9.5184e-06   9.5184e-06  -2.8616e-22  -2.8616e-22  -2.8616e-22   2.8616e-22   2.8616e-22   2.8616e-22
185.41  11.011868   9.6334e-06   9.6334e-06   9.6334e-06   9.6334e-06  -2.5293e-22   7.8861e-22  -2.5293e-22   1.0027e-21   1.0027e-21   1.0027e-21
189.83  11.013283   9.7444e-06   9.7443e-06   9.7443e-06   9.7443e-06   8.3921e-23   8.3921e-23   8.3921e-23  -8.3921e-23  -8.3921e-23  -8.3921e-23
194.31  11.014734   9.8520e-06   9.8520e-06   9.8520e-06   9.8520e-06  -4.0770e-22  -4.0770e-22  -4.0770e-22   4.0770e-22   4.0770e-22   4.0770e-22
198.84  11.016216   9.9561e-06   9.9561e-06   9.9561e-06   9.9561e-06   1.4567e-22   1.4567e-22   1.4567e-22  -1.4567e-22  -1.4567e-22  -1.4567e-22
203.43  11.017734   1.0057e-05   1.0057e-05   1.0057e-05   1.0057e-05   2.7913e-22   2.7913e-22   2.7913e-22  -2.7913e-22  -2.7913e-22  -2.7913e-22
208.06  11.019281   1.0155e-05   1.0155e-05   1.0155e-05   1.0155e-05  -3.0328e-23   1.1139e-21  -3.0328e-23   7.2874e-22   7.2874e-22   7.2874e-22
212.75  11.020863   1.0250e-05   1.0250e-05   1.0250e-05   1.0250e-05   4.1189e-22   4.1189e-22   4.1189e-22  -4.1189e-22  -4.1189e-22  -4.1189e-22
217.49  11.022477   1.0343e-05   1.0343e-05   1.0343e-05   1.0343e-05  -2.5543e-22   9.2582e-22  -2.5543e-22   9.3536e-22   9.3536e-22   9.3536e-22
222.28  11.024123   1.0433e-05   1.0433e-05   1.0433e-05   1.0433e-05   9.5810e-23   9.5810e-23   9.5810e-23  -9.5810e-23  -9.5810e-23  -9.5810e-23
227.13  11.025803   1.0520e-05   1.0520e-05   1.0520e-05   1.0520e-05   3.8978e-22   3.8978e-22   3.8978e-22  -3.8978e-22  -3.8978e-22  -3.8978e-22
232.02  11.027512   1.0605e-05   1.0605e-05   1.0605e-05   1.0605e-05   3.1756e-22   7.0354e-22   3.1756e-22   1.1835e-21   1.1835e-21   1.1835e-21
236.97  11.029255   1.0688e-05   1.0688e-05   1.0688e-05   1.0688e-05   3.3693e-22   3.3693e-22   3.3693e-22  -3.3693e-22  -3.3693e-22  -3.3693e-22
241.97  11.031031   1.0769e-05   1.0769e-05   1.0769e-05   1.0769e-05   9.5433e-23   9.5433e-23   9.5433e-23  -9.5433e-23  -9.5433e-23  -9.5433e-23
247.03  11.032841   1.0848e-05   1.0848e-05   1.0848e-05   1.0848e-05  -2.0219e-22  -2.0219e-22  -2.0219e-22   2.0219e-22   2.0219e-22   2.0219e-22
252.13  11.034679   1.0925e-05   1.0925e-05   1.0925e-05   1.0925e-05  -8.3241e-23   1.2130e-21  -8.3241e-23   7.0565e-22   7.0565e-22   7.0565e-22
257.29  11.036551   1.1001e-05   1.1001e-05   1.1001e-05   1.1001e-05  -2.3944e-22  -2.3944e-22  -2.3944e-22   2.3944e-22   2.3944e-22   2.3944e-22
262.5  11.038456   1.1075e-05   1.1075e-05   1.1075e-05   1.1075e-05   3.9042e-22   3.9042e-22   3.9042e-22  -3.9042e-22  -3.9042e-22  -3.9042e-22
267.76  11.040391   1.1147e-05   1.1147e-05   1.1147e-05   1.1147e-05   2.6355e-23   2.6355e-23   2.6355e-23  -2.6355e-23  -2.6355e-23  -2.6355e-23
273.07  11.042358   1.1218e-05   1.1218e-05   1.1218e-05   1.1218e-05   2.0578e-22   2.0578e-22   2.0578e-22  -2.0578e-22  -2.0578e-22  -2.0578e-22
278.44  11.044360   1.1288e-05   1.1288e-05   1.1288e-05   1.1288e-05   2.8074e-22   2.8074e-22   2.8074e-22  -2.8074e-22  -2.8074e-22  -2.8074e-22
283.86  11.046394   1.1357e-05   1.1357e-05   1.1357e-05   1.1357e-05  -1.1514e-21   1.0774e-21  -1.1514e-21   8.8400e-22   8.8400e-22   8.8400e-22
289.33  11.048459   1.1424e-05   1.1424e-05   1.1424e-05   1.1424e-05  -3.5759e-23  -3.5759e-23  -3.5759e-23   3.5759e-23   3.5759e-23   3.5759e-23
294.85  11.050555   1.1491e-05   1.1491e-05   1.1491e-05   1.1491e-05  -1.4291e-22  -1.4291e-22  -1.4291e-22   1.4291e-22   1.4291e-22   1.4291e-22
300.43  11.052687   1.1556e-05   1.1556e-05   1.1556e-05   1.1556e-05  -2.6798e-22  -2.6798e-22  -2.6798e-22   2.6798e-22   2.6798e-22   2.6798e-22
306.06  11.054851   1.1621e-05   1.1621e-05   1.1621e-05   1.1621e-05  -6.1797e-23   1.3724e-21  -6.1797e-23   1.4623e-21   1.4623e-21   1.4623e-21
311.74  11.057046   1.1685e-05   1.1685e-05   1.1685e-05   1.1685e-05   2.2752e-22   2.2752e-22   2.2752e-22  -2.2752e-22  -2.2752e-22  -2.2752e-22
317.47  11.059273   1.1748e-05   1.1748e-05   1.1748e-05   1.1748e-05   3.6603e-22   9.7834e-22   3.6603e-22   1.0219e-21   1.0219e-21   1.0219e-21
323.25  11.061533   1.1810e-05   1.1810e-05   1.1810e-05   1.1810e-05   1.8604e-22   1.8604e-22   1.8604e-22  -1.8604e-22  -1.8604e-22  -1.8604e-22
329.09  11.063828   1.1872e-05   1.1872e-05   1.1872e-05   1.1872e-05   1.9787e-22   1.9787e-22   1.9787e-22  -1.9787e-22  -1.9787e-22  -1.9787e-22
334.98  11.066155   1.1933e-05   1.1933e-05   1.1933e-05   1.1933e-05   3.6790e-22   3.6790e-22   3.6790e-22  -3.6790e-22  -3.6790e-22  -3.6790e-22
340.92  11.068514   1.1994e-05   1.1994e-05   1.1994e-05   1.1994e-05   3.1502e-22   3.1502e-22   3.1502e-22  -3.1502e-22  -3.1502e-22  -3.1502e-22
346.91  11.070906   1.2054e-05   1.2054e-05   1.2054e-05   1.2054e-05   3.4150e-22   3.4150e-22   3.4150e-22  -3.4150e-22  -3.4150e-22  -3.4150e-22
352.96  11.073334   1.2113e-05   1.2113e-05   1.2113e-05   1.2113e-05  -3.7549e-22  -3.7549e-22  -3.7549e-22   3.7549e-22   3.7549e-22   3.7549e-22
359.05  11.075791   1.2173e-05   1.2173e-05   1.2173e-05   1.2173e-05  -3.9149e-22  -3.9149e-22  -3.9149e-22   3.9149e-22   3.9149e-22   3.9149e-22
365.2  11.078285   1.2232e-05   1.2232e-05   1.2232e-05   1.2232e-05   8.2744e-23   8.2744e-23   8.2744e-23  -8.2744e-23  -8.2744e-23  -8.2744e-23
371.4  11.080812   1.2291e-05   1.2291e-05   1.2291e-05   1.2291e-05  -2.7656e-22  -2.7656e-22  -2.7656e-22   2.7656e-22   2.7656e-22   2.7656e-22
377.66  11.083376   1.2349e-05   1.2349e-05   1.2349e-05   1.2349e-05  -2.2919e-22  -2.2919e-22  -2.2919e-22   2.2919e-22   2.2919e-22   2.2919e-22
383.96  11.085969   1.2408e-05   1.2408e-05   1.2408e-05   1.2408e-05   1.0113e-22   1.0113e-22   1.0113e-22  -1.0113e-22  -1.0113e-22  -1.0113e-22
390.32  11.088600   1.2466e-05   1.2466e-05   1.2466e-05   1.2466e-05   1.0343e-22   1.0343e-22   1.0343e-22  -1.0343e-22  -1.0343e-22  -1.0343e-22
396.73  11.091265   1.2524e-05   1.2524e-05   1.2524e-05   1.2524e-05   1.9670e-22   1.9670e-22   1.9670e-22  -1.9670e-22  -1.9670e-22  -1.9670e-22
403.2  11.093967   1.2582e-05   1.2582e-05   1.2582e-05   1.2582e-05  -6.1977e-23  -6.1977e-23  -6.1977e-23   6.1977e-23   6.1977e-23   6.1977e-23
409.71  11.096700   1.2640e-05   1.2640e-05   1.2640e-05   1.2640e-05  -1.3098e-22  -1.3098e-22  -1.3098e-22   1.3098e-22   1.3098e-22   1.3098e-22
416.28  11.099472   1.2698e-05   1.2698e-05   1.2698e-05   1.2698e-05  -2.2038e-22  -2.2038e-22  -2.2038e-22   2.2038e-22   2.2038e-22   2.2038e-22
422.9  11.102277   1.2756e-05   1.2756e-05   1.2756e-05   1.2756e-05  -1.6190e-21   8.8868e-22  -1.6190e-21   1.2122e-21   1.2122e-21   1.2122e-21
429.57  11.105118   1.2815e-05   1.2815e-05   1.2815e-05   1.2815e-05  -2.6471e-22  -2.6471e-22  -2.6471e-22   2.6471e-22   2.6471e-22   2.6471e-22
436.29  11.107994   1.2873e-05   1.2873e-05   1.2873e-05   1.2873e-05  -3.8057e-22  -3.8057e-22  -3.8057e-22   3.8057e-22   3.8057e-22   3.8057e-22
443.07  11.110910   1.2932e-05   1.2932e-05   1.2932e-05   1.2932e-05  -8.1424e-24   1.6876e-21  -8.1424e-24   1.2779e-21   1.2779e-21   1.2779e-21
449.9  11.113861   1.2990e-05   1.2990e-05   1.2990e-05   1.2990e-05  -1.4587e-22  -1.4587e-22  -1.4587e-22   1.4587e-22   1.4587e-22   1.4587e-22
456.78  11.116848   1.3049e-05   1.3049e-05   1.3049e-05   1.3049e-05   1.4356e-23   1.4356e-23   1.4356e-23  -1.4356e-23  -1.4356e-23  -1.4356e-23
463.71  11.119871   1.3108e-05   1.3108e-05   1.3108e-05   1.3108e-05   2.3782e-22   2.3782e-22   2.3782e-22  -2.3782e-22  -2.3782e-22  -2.3782e-22
470.7  11.122935   1.3168e-05   1.3168e-05   1.3168e-05   1.3168e-05  -6.4232e-23   1.6789e-21  -6.4232e-23   1.3103e-21   1.3103e-21   1.3103e-21
477.73  11.126031   1.3228e-05   1.3228e-05   1.3228e-05   1.3228e-05  -1.2399e-23  -1.2399e-23  -1.2399e-23   1.2399e-23   1.2399e-23   1.2399e-23
484.82  11.129169   1.3288e-05   1.3288e-05   1.3288e-05   1.3288e-05  -1.8204e-23   9.0194e-22  -1.8204e-23   1.2522e-21   1.2522e-21   1.2522e-21
491.96  11.132345   1.3348e-05   1.3348e-05   1.3348e-05   1.3348e-05   2.2359e-22   1.1559e-21   2.2359e-22   1.0043e-21   1.0043e-21   1.0043e-21
499.16  11.135562   1.3409e-05   1.3409e-05   1.3409e-05   1.3409e-05  -2.1878e-22   1.5728e-21  -2.1878e-22   1.4406e-21   1.4406e-21   1.4406e-21
506.4  11.138813   1.3471e-05   1.3471e-05   1.3471e-05   1.3471e-05   2.4740e-22   2.4740e-22   2.4740e-22  -2.4740e-22  -2.4740e-22  -2.4740e-22
513.7  11.142107   1.3532e-05   1.3532e-05   1.3532e-05   1.3532e-05  -3.8244e-22  -3.8244e-22  -3.8244e-22   3.8244e-22   3.8244e-22   3.8244e-22
521.05  11.145440   1.3595e-05   1.3595e-05   1.3595e-05   1.3595e-05  -1.9988e-22  -1.9988e-22  -1.9988e-22   1.9988e-22   1.9988e-22   1.9988e-22
528.46  11.148817   1.3658e-05   1.3658e-05   1.3658e-05   1.3658e-05   2.1296e-22   2.1296e-22   2.1296e-22  -2.1296e-22  -2.1296e-22  -2.1296e-22
535.91  11.152228   1.3721e-05   1.3721e-05   1.3721e-05   1.3721e-05   2.9257e-23   2.9257e-23   2.9257e-23  -2.9257e-23  -2.9257e-23  -2.9257e-23
543.42  11.155684   1.3785e-05   1.3785e-05   1.3785e-05   1.3785e-05  -6.9379e-23  -6.9379e-23  -6.9379e-23   6.9379e-23   6.9379e-23   6.9379e-23
550.98  11.159181   1.3849e-05   1.3849e-05   1.3849e-05   1.3849e-05  -3.5878e-22  -3.5878e-22  -3.5878e-22   3.5878e-22   3.5878e-22   3.5878e-22
558.59  11.162718   1.3915e-05   1.3915e-05   1.3915e-05   1.3915e-05  -1.1288e-22  -1.1288e-22  -1.1288e-22   1.1288e-22   1.1288e-22   1.1288e-22
566.25  11.166296   1.3980e-05   1.3980e-05   1.3980e-05   1.3980e-05   1.1236e-22   1.1236e-22   1.1236e-22  -1.1236e-22  -1.1236e-22  -1.1236e-22
573.97  11.169921   1.4047e-05   1.4047e-05   1.4047e-05   1.4047e-05  -4.1135e-22  -4.1135e-22  -4.1135e-22   4.1135e-22   4.1135e-22   4.1135e-22
581.74  11.173588   1.4114e-05   1.4114e-05   1.4114e-05   1.4114e-05  -3.1814e-22  -3.1814e-22  -3.1814e-22   3.1814e-22   3.1814e-22   3.1814e-22
589.56  11.177297   1.4182e-05   1.4182e-05   1.4182e-05   1.4182e-05  -1.5960e-21   1.1982e-21  -1.5960e-21   1.0459e-21   1.0459e-21   1.0459e-21
597.43  11.181050   1.4251e-05   1.4251e-05   1.4251e-05   1.4251e-05   3.9289e-22   3.9289e-22   3.9289e-22  -3.9289e-22  -3.9289e-22  -3.9289e-22
605.35  11.184845   1.4321e-05   1.4321e-05   1.4321e-05   1.4321e-05  -1.2573e-22  -1.2573e-22  -1.2573e-22   1.2573e-22   1.2573e-22   1.2573e-22
613.33  11.188690   1.4391e-05   1.4391e-05   1.4391e-05   1.4391e-05   2.6777e-22   2.6777e-22   2.6777e-22  -2.6777e-22  -2.6777e-22  -2.6777e-22
621.36  11.192580   1.4463e-05   1.4463e-05   1.4463e-05   1.4463e-05   9.7522e-23   9.7522e-23   9.7522e-23  -9.7522e-23  -9.7522e-23  -9.7522e-23
629.44  11.196514   1.4535e-05   1.4535e-05   1.4535e-05   1.4535e-05   2.7598e-22   2.7598e-22   2.7598e-22  -2.7598e-22  -2.7598e-22  -2.7598e-22
637.57  11.200494   1.4608e-05   1.4608e-05   1.4608e-05   1.4608e-05  -1.7936e-22  -1.7936e-22  -1.7936e-22   1.7936e-22   1.7936e-22   1.7936e-22
645.76  11.204525   1.4683e-05   1.4683e-05   1.4683e-05   1.4683e-05   4.2804e-23   4.2804e-23   4.2804e-23  -4.2804e-23  -4.2804e-23  -4.2804e-23
654.0  11.208603   1.4758e-05   1.4758e-05   1.4758e-05   1.4758e-05  -1.0351e-22  -1.0351e-22  -1.0351e-22   1.0351e-22   1.0351e-22   1.0351e-22
662.29  11.212728   1.4834e-05   1.4834e-05   1.4834e-05   1.4834e-05  -1.7996e-22  -1.7996e-22  -1.7996e-22   1.7996e-22   1.7996e-22   1.7996e-22
670.63  11.216901   1.4912e-05   1.4912e-05   1.4912e-05   1.4912e-05  -1.1052e-21   1.8361e-21  -1.1052e-21   1.3286e-21   1.3286e-21   1.3286e-21
679.03  11.221128   1.4990e-05   1.4990e-05   1.4990e-05   1.4990e-05   5.8642e-23   5.8642e-23   5.8642e-23  -5.8642e-23  -5.8642e-23  -5.8642e-23
687.47  11.225399   1.5070e-05   1.5070e-05   1.5070e-05   1.5070e-05  -4.0811e-22  -4.0811e-22  -4.0811e-22   4.0811e-22   4.0811e-22   4.0811e-22
695.97  11.229725   1.5151e-05   1.5151e-05   1.5151e-05   1.5151e-05   2.2837e-22   2.2837e-22   2.2837e-22  -2.2837e-22  -2.2837e-22  -2.2837e-22
704.52  11.234102   1.5233e-05   1.5233e-05   1.5233e-05   1.5233e-05  -3.4834e-22  -3.4834e-22  -3.4834e-22   3.4834e-22   3.4834e-22   3.4834e-22
713.13  11.238535   1.5316e-05   1.5316e-05   1.5316e-05   1.5316e-05  -6.0414e-23  -6.0414e-23  -6.0414e-23   6.0414e-23   6.0414e-23   6.0414e-23
721.78  11.243015   1.5401e-05   1.5401e-05   1.5401e-05   1.5401e-05  -7.1892e-22   2.3213e-21  -7.1892e-22   8.9288e-22   8.9288e-22   8.9288e-22
730.49  11.247553   1.5487e-05   1.5487e-05   1.5487e-05   1.5487e-05   6.0993e-23   6.0993e-23   6.0993e-23  -6.0993e-23  -6.0993e-23  -6.0993e-23
739.25  11.252145   1.5574e-05   1.5574e-05   1.5574e-05   1.5574e-05  -9.0593e-23  -9.0593e-23  -9.0593e-23   9.0593e-23   9.0593e-23   9.0593e-23
748.06  11.256791   1.5663e-05   1.5663e-05   1.5663e-05   1.5663e-05   6.3987e-22   6.3987e-22   6.3987e-22  -6.3987e-22  -6.3987e-22  -6.3987e-22
756.93  11.261497   1.5754e-05   1.5754e-05   1.5754e-05   1.5754e-05  -3.2186e-22  -3.2186e-22  -3.2186e-22   3.2186e-22   3.2186e-22   3.2186e-22
765.84  11.266254   1.5846e-05   1.5846e-05   1.5846e-05   1.5846e-05   2.8777e-22   2.8777e-22   2.8777e-22  -2.8777e-22  -2.8777e-22  -2.8777e-22
774.81  11.271073   1.5939e-05   1.5939e-05   1.5939e-05   1.5939e-05  -1.9311e-22  -1.9311e-22  -1.9311e-22   1.9311e-22   1.9311e-22   1.9311e-22
783.83  11.275950   1.6035e-05   1.6035e-05   1.6035e-05   1.6035e-05   7.8145e-22   7.8145e-22   7.8145e-22  -7.8145e-22  -7.8145e-22  -7.8145e-22
792.91  11.280891   1.6132e-05   1.6132e-05   1.6132e-05   1.6132e-05   5.5772e-22   5.5772e-22   5.5772e-22  -5.5772e-22  -5.5772e-22  -5.5772e-22
802.03  11.285886   1.6230e-05   1.6230e-05   1.6230e-05   1.6230e-05   4.0119e-22   4.0119e-22   4.0119e-22  -4.0119e-22  -4.0119e-22  -4.0119e-22
811.21  11.290948   1.6331e-05   1.6331e-05   1.6331e-05   1.6331e-05   4.6678e-22   2.0011e-21   4.6678e-22   1.3071e-21   1.3071e-21   1.3071e-21
820.44  11.296071   1.6433e-05   1.6433e-05   1.6433e-05   1.6433e-05   7.0293e-22   7.0293e-22   7.0293e-22  -7.0293e-22  -7.0293e-22  -7.0293e-22
829.72  11.301256   1.6538e-05   1.6538e-05   1.6538e-05   1.6538e-05  -6.7572e-22  -6.7572e-22  -6.7572e-22   6.7572e-22   6.7572e-22   6.7572e-22
839.06  11.306511   1.6644e-05   1.6644e-05   1.6644e-05   1.6644e-05   2.6142e-22   2.6142e-22   2.6142e-22  -2.6142e-22  -2.6142e-22  -2.6142e-22
848.44  11.311825   1.6753e-05   1.6753e-05   1.6753e-05   1.6753e-05   2.0530e-22   2.0530e-22   2.0530e-22  -2.0530e-22  -2.0530e-22  -2.0530e-22
857.88  11.317211   1.6863e-05   1.6863e-05   1.6863e-05   1.6863e-05  -6.0895e-22  -6.0895e-22  -6.0895e-22   6.0895e-22   6.0895e-22   6.0895e-22
867.37  11.322664   1.6976e-05   1.6976e-05   1.6976e-05   1.6976e-05  -7.6352e-23  -7.6352e-23  -7.6352e-23   7.6352e-23   7.6352e-23   7.6352e-23
876.92  11.328191   1.7092e-05   1.7092e-05   1.7092e-05   1.7092e-05   9.1933e-23   9.1933e-23   9.1933e-23  -9.1933e-23  -9.1933e-23  -9.1933e-23
886.51  11.333782   1.7209e-05   1.7209e-05   1.7209e-05   1.7209e-05   7.8072e-23   7.8072e-23   7.8072e-23  -7.8072e-23  -7.8072e-23  -7.8072e-23
896.16  11.339449   1.7329e-05   1.7329e-05   1.7329e-05   1.7329e-05  -3.8559e-23  -3.8559e-23  -3.8559e-23   3.8559e-23   3.8559e-23   3.8559e-23
905.86  11.345189   1.7452e-05   1.7452e-05   1.7452e-05   1.7452e-05   7.7907e-23   7.7907e-23   7.7907e-23  -7.7907e-23  -7.7907e-23  -7.7907e-23
915.61  11.351003   1.7577e-05   1.7577e-05   1.7577e-05   1.7577e-05  -8.1387e-22  -8.1387e-22  -8.1387e-22   8.1387e-22   8.1387e-22   8.1387e-22
925.42  11.356898   1.7705e-05   1.7705e-05   1.7705e-05   1.7705e-05  -5.5483e-22  -5.5483e-22  -5.5483e-22   5.5483e-22   5.5483e-22   5.5483e-22
935.27  11.362863   1.7836e-05   1.7836e-05   1.7836e-05   1.7836e-05   6.7797e-22   2.5174e-21   6.7797e-22   9.4342e-22   9.4342e-22   9.4342e-22
945.18  11.368913   1.7970e-05   1.7970e-05   1.7970e-05   1.7970e-05  -3.9456e-23  -3.9456e-23  -3.9456e-23   3.9456e-23   3.9456e-23   3.9456e-23
955.14  11.375042   1.8107e-05   1.8107e-05   1.8107e-05   1.8107e-05  -2.1721e-21   1.4163e-21  -2.1721e-21   2.0719e-21   2.0719e-21   2.0719e-21
965.15  11.381253   1.8247e-05   1.8247e-05   1.8247e-05   1.8247e-05  -5.8997e-22  -5.8997e-22  -5.8997e-22   5.8997e-22   5.8997e-22   5.8997e-22
975.22  11.387553   1.8391e-05   1.8391e-05   1.8391e-05   1.8391e-05   6.7467e-22   6.7467e-22   6.7467e-22  -6.7467e-22  -6.7467e-22  -6.7467e-22
985.34  11.393938   1.8538e-05   1.8538e-05   1.8538e-05   1.8538e-05  -8.3436e-22  -8.3436e-22  -8.3436e-22   8.3436e-22   8.3436e-22   8.3436e-22
995.51  11.400411   1.8688e-05   1.8688e-05   1.8688e-05   1.8688e-05   9.5664e-23   9.5664e-23   9.5664e-23  -9.5664e-23  -9.5664e-23  -9.5664e-23
1005.73  11.406972   1.8843e-05   1.8843e-05   1.8843e-05   1.8843e-05  -9.2533e-23  -9.2533e-23  -9.2533e-23   9.2533e-23   9.2533e-23   9.2533e-23
1016.0  11.413623   1.9001e-05   1.9001e-05   1.9001e-05   1.9001e-05  -1.6884e-22  -1.6884e-22  -1.6884e-22   1.6884e-22   1.6884e-22   1.6884e-22
1026.33  11.420375   1.9163e-05   1.9163e-05   1.9163e-05   1.9163e-05   1.0800e-22   1.0800e-22   1.0800e-22  -1.0800e-22  -1.0800e-22  -1.0800e-22
1036.71  11.427221   1.9329e-05   1.9329e-05   1.9329e-05   1.9329e-05  -7.4594e-22  -7.4594e-22  -7.4594e-22   7.4594e-22   7.4594e-22   7.4594e-22
1047.14  11.434165   1.9500e-05   1.9500e-05   1.9500e-05   1.9500e-05  -3.6733e-22  -3.6733e-22  -3.6733e-22   3.6733e-22   3.6733e-22   3.6733e-22
1057.62  11.441208   1.9675e-05   1.9675e-05   1.9675e-05   1.9675e-05   3.8219e-22   2.5948e-21   3.8219e-22   2.7467e-21   2.7467e-21   2.7467e-21
1068.16  11.448361   1.9855e-05   1.9855e-05   1.9855e-05   1.9855e-05  -2.1102e-22   2.0381e-21  -2.1102e-22   1.6275e-21   1.6275e-21   1.6275e-21
1078.75  11.455618   2.0040e-05   2.0040e-05   2.0040e-05   2.0040e-05   2.1838e-22   2.1838e-22   2.1838e-22  -2.1838e-22  -2.1838e-22  -2.1838e-22
1089.39  11.462983   2.0230e-05   2.0230e-05   2.0230e-05   2.0230e-05  -2.5057e-22  -2.5057e-22  -2.5057e-22   2.5057e-22   2.5057e-22   2.5057e-22
1100.08  11.470458   2.0425e-05   2.0425e-05   2.0425e-05   2.0425e-05  -6.3335e-22  -6.3335e-22  -6.3335e-22   6.3335e-22   6.3335e-22   6.3335e-22
1110.82  11.478046   2.0626e-05   2.0626e-05   2.0626e-05   2.0626e-05  -1.7625e-22  -1.7625e-22  -1.7625e-22   1.7625e-22   1.7625e-22   1.7625e-22
1121.62  11.485758   2.0834e-05   2.0834e-05   2.0834e-05   2.0834e-05  -1.8985e-22   2.2581e-21  -1.8985e-22   1.5070e-21   1.5070e-21   1.5070e-21
1132.47  11.493589   2.1047e-05   2.1047e-05   2.1047e-05   2.1047e-05   1.4696e-22   1.4696e-22   1.4696e-22  -1.4696e-22  -1.4696e-22  -1.4696e-22
1143.37  11.501543   2.1266e-05   2.1266e-05   2.1266e-05   2.1266e-05   7.0788e-22   7.0788e-22   7.0788e-22  -7.0788e-22  -7.0788e-22  -7.0788e-22
1154.32  11.509624   2.1493e-05   2.1493e-05   2.1493e-05   2.1493e-05   4.9475e-22   4.9475e-22   4.9475e-22  -4.9475e-22  -4.9475e-22  -4.9475e-22
1165.32  11.517834   2.1726e-05   2.1726e-05   2.1726e-05   2.1726e-05   4.4472e-22   4.4472e-22   4.4472e-22  -4.4472e-22  -4.4472e-22  -4.4472e-22
1176.38  11.526186   2.1967e-05   2.1967e-05   2.1967e-05   2.1967e-05  -6.1272e-23   2.6172e-21  -6.1272e-23   2.9572e-21   2.9572e-21   2.9572e-21
1187.49  11.534676   2.2216e-05   2.2216e-05   2.2216e-05   2.2216e-05   4.1769e-22   1.4528e-21   4.1769e-22   2.4529e-21   2.4529e-21   2.4529e-21
1198.65  11.543308   2.2473e-05   2.2473e-05   2.2473e-05   2.2473e-05  -4.5197e-22  -4.5197e-22  -4.5197e-22   4.5197e-22   4.5197e-22   4.5197e-22
1209.87  11.552095   2.2739e-05   2.2739e-05   2.2739e-05   2.2739e-05   6.5544e-22   6.5544e-22   6.5544e-22  -6.5544e-22  -6.5544e-22  -6.5544e-22
1221.13  11.561025   2.3014e-05   2.3014e-05   2.3014e-05   2.3014e-05  -2.4866e-21   2.0989e-21  -2.4866e-21   1.8879e-21   1.8879e-21   1.8879e-21
1232.45  11.570120   2.3299e-05   2.3299e-05   2.3299e-05   2.3299e-05  -2.7928e-22   2.6701e-21  -2.7928e-22   3.0397e-21   3.0397e-21   3.0397e-21
1243.82  11.579376   2.3593e-05   2.3593e-05   2.3593e-05   2.3593e-05  -3.5866e-22  -3.5866e-22  -3.5866e-22   3.5866e-22   3.5866e-22   3.5866e-22
1255.25  11.588808   2.3899e-05   2.3899e-05   2.3899e-05   2.3899e-05   4.4982e-22   1.8274e-21   4.4982e-22   2.2495e-21   2.2495e-21   2.2495e-21
1266.72  11.598405   2.4216e-05   2.4216e-05   2.4216e-05   2.4216e-05   3.2750e-22   3.2750e-22   3.2750e-22  -3.2750e-22  -3.2750e-22  -3.2750e-22
1278.25  11.608190   2.4545e-05   2.4545e-05   2.4545e-05   2.4545e-05   3.0722e-22   3.0722e-22   3.0722e-22  -3.0722e-22  -3.0722e-22  -3.0722e-22
1289.83  11.618161   2.4887e-05   2.4887e-05   2.4887e-05   2.4887e-05  -6.2737e-22  -6.2737e-22  -6.2737e-22   6.2737e-22   6.2737e-22   6.2737e-22
1301.46  11.628325   2.5242e-05   2.5242e-05   2.5242e-05   2.5242e-05  -1.4629e-22   3.1988e-21  -1.4629e-22   2.7089e-21   2.7089e-21   2.7089e-21
1313.14  11.638690   2.5612e-05   2.5612e-05   2.5612e-05   2.5612e-05   8.1866e-22   8.1866e-22   8.1866e-22  -8.1866e-22  -8.1866e-22  -8.1866e-22
1324.88  11.649272   2.5997e-05   2.5997e-05   2.5997e-05   2.5997e-05  -3.0748e-21   2.1182e-21  -3.0748e-21   2.1724e-21   2.1724e-21   2.1724e-21
1336.67  11.660070   2.6398e-05   2.6398e-05   2.6398e-05   2.6398e-05  -6.7776e-22  -6.7776e-22  -6.7776e-22   6.7776e-22   6.7776e-22   6.7776e-22
1348.51  11.671095   2.6817e-05   2.6817e-05   2.6817e-05   2.6817e-05   5.8358e-23   5.8358e-23   5.8358e-23  -5.8358e-23  -5.8358e-23  -5.8358e-23
1360.4  11.682355   2.7255e-05   2.7255e-05   2.7255e-05   2.7255e-05   2.3118e-22   2.3118e-22   2.3118e-22  -2.3118e-22  -2.3118e-22  -2.3118e-22
1372.34  11.693861   2.7712e-05   2.7712e-05   2.7712e-05   2.7712e-05   6.1173e-22   2.7663e-21   6.1173e-22   3.3932e-21   3.3932e-21   3.3932e-21
1384.34  11.705633   2.8192e-05   2.8192e-05   2.8192e-05   2.8192e-05   6.4742e-22   6.4742e-22   6.4742e-22  -6.4742e-22  -6.4742e-22  -6.4742e-22
1396.39  11.717674   2.8694e-05   2.8694e-05   2.8694e-05   2.8694e-05   4.9678e-23   4.9678e-23   4.9678e-23  -4.9678e-23  -4.9678e-23  -4.9678e-23
1408.49  11.729997   2.9221e-05   2.9221e-05   2.9221e-05   2.9221e-05  -4.2701e-22  -4.2701e-22  -4.2701e-22   4.2701e-22   4.2701e-22   4.2701e-22
1420.65  11.742626   2.9775e-05   2.9775e-05   2.9775e-05   2.9775e-05  -5.9478e-22   3.6748e-21  -5.9478e-22   2.6952e-21   2.6952e-21   2.6952e-21
1432.85  11.755554   3.0358e-05   3.0358e-05   3.0358e-05   3.0358e-05   9.6752e-23   9.6752e-23   9.6752e-23  -9.6752e-23  -9.6752e-23  -9.6752e-23
1445.11  11.768819   3.0973e-05   3.0973e-05   3.0973e-05   3.0973e-05   1.0425e-21   1.0425e-21   1.0425e-21  -1.0425e-21  -1.0425e-21  -1.0425e-21
1457.42  11.782428   3.1622e-05   3.1622e-05   3.1622e-05   3.1622e-05   1.2247e-21   1.2247e-21   1.2247e-21  -1.2247e-21  -1.2247e-21  -1.2247e-21
1469.78  11.796401   3.2308e-05   3.2308e-05   3.2308e-05   3.2308e-05   5.4146e-22   5.4146e-22   5.4146e-22  -5.4146e-22  -5.4146e-22  -5.4146e-22
1482.2  11.810768   3.3036e-05   3.3036e-05   3.3036e-05   3.3036e-05   4.9363e-22   4.9363e-22   4.9363e-22  -4.9363e-22  -4.9363e-22  -4.9363e-22
1494.67  11.825543   3.3808e-05   3.3808e-05   3.3808e-05   3.3808e-05   1.5078e-21   4.9070e-21   1.5078e-21   1.8748e-21   1.8748e-21   1.8748e-21
1507.18  11.840738   3.4630e-05   3.4630e-05   3.4630e-05   3.4630e-05  -1.2038e-21  -1.2038e-21  -1.2038e-21   1.2038e-21   1.2038e-21   1.2038e-21
1519.76  11.856417   3.5506e-05   3.5506e-05   3.5506e-05   3.5506e-05  -1.3430e-21   2.4033e-21  -1.3430e-21   4.5521e-21   4.5521e-21   4.5521e-21
1532.38  11.872575   3.6443e-05   3.6443e-05   3.6443e-05   3.6443e-05  -1.2704e-21  -1.2704e-21  -1.2704e-21   1.2704e-21   1.2704e-21   1.2704e-21
1545.06  11.889270   3.7448e-05   3.7448e-05   3.7448e-05   3.7448e-05  -1.4365e-21  -1.4365e-21  -1.4365e-21   1.4365e-21   1.4365e-21   1.4365e-21
1557.78  11.906514   3.8527e-05   3.8527e-05   3.8527e-05   3.8527e-05   7.8842e-22   7.8842e-22   7.8842e-22  -7.8842e-22  -7.8842e-22  -7.8842e-22
1570.56  11.924377   3.9691e-05   3.9691e-05   3.9691e-05   3.9691e-05   2.2110e-22   2.2110e-22   2.2110e-22  -2.2110e-22  -2.2110e-22  -2.2110e-22
1583.4  11.942909   4.0952e-05   4.0952e-05   4.0952e-05   4.0952e-05   2.2273e-22   2.2273e-22   2.2273e-22  -2.2273e-22  -2.2273e-22  -2.2273e-22
1596.28  11.962134   4.2322e-05   4.2322e-05   4.2322e-05   4.2322e-05  -6.4488e-22  -6.4488e-22  -6.4488e-22   6.4488e-22   6.4488e-22   6.4488e-22
1609.22  11.982146   4.3817e-05   4.3817e-05   4.3817e-05   4.3817e-05  -1.6751e-21  -1.6751e-21  -1.6751e-21   1.6751e-21   1.6751e-21   1.6751e-21
1622.21  12.003001   4.5456e-05   4.5456e-05   4.5456e-05   4.5456e-05   1.4937e-21   1.4937e-21   1.4937e-21  -1.4937e-21  -1.4937e-21  -1.4937e-21
1635.25  12.024782   4.7262e-05   4.7262e-05   4.7262e-05   4.7262e-05  -1.0140e-21  -1.0140e-21  -1.0140e-21   1.0140e-21   1.0140e-21   1.0140e-21
1648.34  12.047587   4.9266e-05   4.9266e-05   4.9266e-05   4.9266e-05   7.0173e-22   3.8775e-21   7.0173e-22   4.4867e-21   4.4867e-21   4.4867e-21
1661.49  12.071547   5.1504e-05   5.1504e-05   5.1504e-05   5.1504e-05  -7.9840e-23  -7.9840e-23  -7.9840e-23   7.9840e-23   7.9840e-23   7.9840e-23
1674.69  12.096785   5.4024e-05   5.4024e-05   5.4024e-05   5.4024e-05   1.7666e-22   1.7666e-22   1.7666e-22  -1.7666e-22  -1.7666e-22  -1.7666e-22
1687.94  12.123465   5.6886e-05   5.6887e-05   5.6887e-05   5.6887e-05  -5.8695e-22  -5.8695e-22  -5.8695e-22   5.8695e-22   5.8695e-22   5.8695e-22
1701.24  12.151791   6.0172e-05   6.0170e-05   6.0170e-05   6.0170e-05  -4.2546e-22  -4.2546e-22  -4.2546e-22   4.2546e-22   4.2546e-22   4.2546e-22
1714.59  12.182020   6.3994e-05   6.4003e-05   6.4003e-05   6.4003e-05  -1.5816e-21  -1.5816e-21  -1.5816e-21   1.5816e-21   1.5816e-21   1.5816e-21
1728.0  12.214501   6.8513e-05   6.8480e-05   6.8480e-05   6.8480e-05  -2.9401e-21  -2.9401e-21  -2.9401e-21   2.9401e-21   2.9401e-21   2.9401e-21
