#Found quasiharmonic mode : None
#T(K), volume, F(eV), S(J/K), H(J/K), a(-6/K), Cp(J/mol), Cv, Cpion, Bt(GPa), T_ph-D(K), T-D(K), F_el_atom, S_el_atom, C_el_atom, M_el, Seebeck_coefficients(μV/K), Lorenz_number(WΩK^{−2}), Q_el, Q_p, Q_e, C_mu, W_p, W_e, Y_p, Y_e
0.0 22.53254891725046 -9.936676148446331 0.0 -958743.4983517267 0.0 0.0 0.0 0.0 107.37048980456555 400.0 400.0 0.0 0.0 0.0 0.0 0.0 2.443004551768e-08 0.0 0.0 0.0 0.0 0.0 0.0 0.0 0.0
0.28 22.53254816157785 -9.936676144313054 0.0004554847479357188 -958743.4978253903 -2.024730227378273e-08 0.0004578935206286515 0.00045789201547467314 3.611624593153249e-06 107.37046813255533 227.78885958421006 400.0 -6.590580054195933e-10 0.0004542813747893272 0.0004542818960354983 -2.1693546269959109e-10 -0.0015833925799425452 2.4430075980838572e-08 1.66078037734932e-05 8.286381873541376e-06 8.299535135369004e-06 0.0004542818958018244 8.303839728888265e-06 8.303964044604937e-06 1.1511661805175496e-05 1.1511661697218975e-05
0.8 22.532549041608167 -9.936676154489327 0.0013260304309785354 -958743.4978739627 7.606304570766099e-10 0.0013822080070606745 0.0013822080009915495 8.420105340711085e-05 107.37049237597996 227.78884979484567 400.0 -5.380829569670508e-09 0.0012979634151992067 0.0012980069536535639 -2.3365656471698464e-09 -0.00727024432540687 2.443098230085538e-08 4.7451252770420226e-05 2.3707833613634896e-05 2.372153234687354e-05 0.0012980069497506006 2.372493047515761e-05 2.3726322295262625e-05 3.289063683940908e-05 3.2890636778549424e-05
1.56 22.53254993506388 -9.93667617559204 0.0027392430141080742 -958743.4966976704 1.0023691793698439e-08 0.003155700177190463 0.0031556981219208954 0.000624335834782164 107.37051350394795 227.78963283973204 400.0 -2.046133920299962e-08 0.0025311302730271932 0.002531364342408299 -1.233413723511177e-08 -0.01931522792275975 2.4432649832443144e-08 9.253279496440721e-05 4.624729517013271e-05 4.626361297918491e-05 0.0025313643301741453 4.6262685034961e-05 4.627010992944624e-05 6.413829253438853e-05 6.41382924977283e-05
2.56 22.532549013560324 -9.936676209047114 0.0050733815646494575 -958743.4912109567 1.6065870401608852e-09 0.006911354659042473 0.006911354572398749 0.002756760023289521 107.37047901728327 227.85327957619916 400.0 -5.510392401073692e-08 0.004153908988546607 0.004154594635752953 -4.007631188219974e-08 -0.036236001864702175 2.4434704138497016e-08 0.00015185642237602138 7.590559086825152e-05 7.59289446920272e-05 0.004154594631660373 7.591623986561729e-05 7.594018251040412e-05 0.00010525697561659861 0.0001052569755947601
3.8 22.532549348411564 -9.936676298832168 0.009167339633318316 -958743.4780258636 5.026165907740234e-09 0.015139955204674007 0.015139953945905666 0.008971942449329674 107.37046465828146 228.22843965241668 400.0 -1.2142067477278878e-07 0.006166459905927943 0.006168012755344335 -9.81681896628975e-08 -0.057479501206725396 2.4437158329336978e-08 0.00022542711517624118 0.00011268375287409354 0.00011272147548585973 0.00616801284233804 0.00011268447093095014 0.00011274264424529105 0.00015624966574770825 0.00015624966573627835
5.29 22.532550019148655 -9.936676493346035 0.016643146813221498 -958743.4435872426 9.028544562142254e-09 0.032632746143502936 0.03263274048919307 0.024044490822277505 107.37042828883303 228.73475007740387 400.0 -2.3532334943669444e-07 0.008585214381493943 0.008588255321225433 -2.0288381172598274e-07 -0.08308481689035194 2.4440053797126573e-08 0.0003138443989924869 0.0001568796447881136 0.00015694286738763855 0.008588255740604504 0.00015686245812856212 0.00015698194086392471 0.00021753129663856893 0.00021753129663467865
7.01 22.532551626897195 -9.936676899897002 0.030089273352049573 -958743.359929888 1.8365403213879653e-08 0.06772556783252959 0.06772553682928861 0.056342260937394036 107.3703467619117 228.20315556395417 400.0 -4.1325943137314224e-07 0.011377940604193603 0.011383306895135543 -3.712242044783148e-07 -0.11265661947216672 2.444337344272421e-08 0.00041592870562139484 0.00020790150048530175 0.0002080053183186138 0.011383308219170994 0.00020785552679264697 0.00020807317882874792 0.00028828360385065233 0.00028828360385195224
8.98 22.532555752043603 -9.936677745117663 0.05445619930450115 -958743.1633904207 3.806081696826051e-08 0.13892523151531957 0.13892506093847187 0.12433895219316463 107.37017707704116 224.53759714281352 400.0 -6.782309812432861e-07 0.01457739179223909 0.01458627932215495 -6.264695430204803e-07 -0.14645310480601115 2.4447267326905556e-08 0.0005328755540849117 0.0002663443478078804 0.0002665093194577233 0.014586282788957771 0.0002662547213080689 0.00026662083277684273 0.0003693343344590555 0.00036933433446476906
11.19 22.53256379644034 -9.936679457121372 0.09885220286298234 -958742.7114341868 7.31550736389347e-08 0.2841420895418588 0.28414130429724554 0.26596023660279705 107.3697531256623 217.15487662884095 400.0 -1.0532426262310947e-06 0.01816768627364028 0.01818185293906176 -9.918358236239895e-07 -0.18414448347570941 2.4452044856878094e-08 0.0006641016354100524 0.00033191382864868497 0.0003321659199385055 0.018181860973535108 0.00033176170877070887 0.0003323399266393437 0.0004602781585079904 0.00046027815851545304
13.64 22.53258031377855 -9.936682898805607 0.17956787536838786 -958741.7003565633 1.443191217690147e-07 0.5641091238194968 0.5641053986647346 0.5419377807720009 107.36873978576365 208.74821689279665 400.0 -1.565113867875818e-06 0.022149298861480624 0.02217134304749591 -1.493803082964385e-06 -0.22555092287589928 2.4458084793503837e-08 0.0008096198512231818 0.0004046133259384677 0.000404984638454375 0.02217136020618408 0.0004043753353099172 0.00040524451591326455 0.0005611225730446069 0.0005611225730543444
16.34 22.532619633781334 -9.936689765660738 0.3210061936946095 -958739.5669719763 2.717521330652692e-07 1.0485307248481015 1.0485149024409528 1.0219582582126874 107.36666981261679 202.08659926347954 400.0 -2.2463484895520834e-06 0.026539101740056827 0.02657246663541419 -2.1638925769048124e-06 -0.2707241053445865 2.4465447879571246e-08 0.0009700414511116652 0.00048474482261966304 0.00048527474164315114 0.026572501230691728 0.0004843921791222056 0.00048564927198945954 0.0006722891162477433 0.0006722891162593372
19.27 22.532690176214256 -9.936702761043833 0.5501231516054321 -958735.4652039038 4.690883964252871e-07 1.784795102227229 1.7847395053770443 1.7534412942336728 107.36250487812694 197.91823495610697 400.0 -3.1246379748402584e-06 0.03130525861559103 0.031353807993556346 -3.0284064887260257e-06 -0.3192898306950521 2.4473744107431755e-08 0.0011441987591661736 0.0005717214610947611 0.0005724554111889682 0.031353873988944576 0.0005712208639523537 0.0005729778952138201 0.0007929660841875329 0.0007929660841997233
22.45 22.532820170155944 -9.936726295665977 0.8955285614669506 -958728.2322066643 7.503363660770755e-07 2.7958709628269736 2.7957052481834097 2.759321852766129 107.35532423396191 195.65260840106023 400.0 -4.241710574874313e-06 0.03648103284670114 0.03654911006084471 -4.127056747348066e-06 -0.37156140669028925 2.4482682583652995e-08 0.0013333046616607347 0.000666145066577223 0.0006671377081383301 0.03654922973824648 0.0006654563937545909 0.0006678482679061438 0.0009239911673363076 0.0009239911673493892
25.87 22.5330363760169 -9.936766266198312 1.377765320791098 -958716.5506041076 1.1135191486898086e-06 4.059768235404751 4.0593477190498675 4.01762478204019 107.34404418106543 194.57795253170423 400.0 -5.633554143333305e-06 0.04205093616654011 0.042143453364562 -5.4934704747965975e-06 -0.4273538399612389 2.4492152534847596e-08 0.0015367908195177554 0.0007677275469638641 0.0007690413855034971 0.04214365922733598 0.0007668048880147853 0.0007699859315029698 0.0010649679415387755 0.0010649679415532707
29.53 22.533362665751877 -9.936830154977436 2.0089644764446173 -958699.0330020395 1.5443766597324517e-06 5.524715625700568 5.523792415774426 5.476576856282013 107.32753153534715 194.16740895923894 400.0 -7.341881395865189e-06 0.04801583465627426 0.04813876941855547 -7.166512921795452e-06 -0.4867065212930534 2.4502336200748603e-08 0.0017546846720837657 0.0008764780559402214 0.0008781847289335525 0.04813910627859623 0.0008752688066593389 0.000879415865424427 0.0012159130760257728 0.0012159130760396439
33.43 22.53383170812491 -9.93692686363432 2.7912525237977497 -958674.3771180368 2.0234988209009273e-06 7.1198764757986135 7.118082604302812 7.065338923455196 107.30515416859402 194.10226169169638 400.0 -9.41139891075568e-06 0.05437676140739957 0.05453755234341762 -9.187982542864336e-06 -0.5498194750630667 2.4513519747885083e-08 0.0019870169059991306 0.0009924069888532833 0.0009945880297053296 0.0545380794467038 0.0009908513398242164 0.0009961655661749136 0.0013768455335606002 0.0013768455335757906
37.58 22.534474476967976 -9.937066695607228 3.720070846406856 -958641.3801618464 2.5305182077590476e-06 8.773985959859296 8.770832980751408 8.712626842822704 107.27648573112536 194.2036388016545 400.0 -1.1896162849174747e-05 0.06115125901303597 0.06135911703659076 -1.1609691576362023e-05 -0.6173050686629084 2.452596692614733e-08 0.0022344186931064435 0.0011158237269012251 0.001118573078447378 0.061359911676773744 0.0011138529371279642 0.0011205657559784795 0.0015481998144687326 0.0015481998144837965
41.96 22.53529708839127 -9.937259436836989 4.777195848185798 -958599.3259880312 3.037049594173688e-06 10.411499666489503 10.406430257354977 10.342926096472302 107.24113360409378 194.37424587260767 400.0 -1.4834982747518035e-05 0.0683080222613573 0.0685735700172017 -1.4470936081358991e-05 -0.6895729130569074 2.4539723279474436e-08 0.0024957362760112682 0.0012461464864669588 0.0012495679013788787 0.06857472994885037 0.001243685018046691 0.001252051257964578 0.0017291734716918495 0.001729173471706907
46.59 22.536325301869624 -9.937516817078276 5.949478447976958 -958547.4243429916 3.5300669346370425e-06 11.986956657058988 11.979354682005772 11.910739746832633 107.1991481912222 194.56404232640196 400.0 -1.829516440873492e-05 0.07588125370199444 0.0762169102263558 -1.7842866808391008e-05 -0.7679389520014456 2.455483890502572e-08 0.002772208191244707 0.0013839856116439136 0.0013882006909238136 0.07621856323405299 0.001380945656410947 0.0013912625348337605 0.0019206200702902953 0.0019206200703051838
51.46 22.53756678986822 -9.937849211800767 7.214836635731499 -958485.4062658024 3.995743383684202e-06 13.460298744477027 13.449544977705163 13.37602299213421 107.15074989252587 194.74738867300417 400.0 -2.232737089878217e-05 0.08385624314276487 0.08427575234281763 -2.1786343225313938e-05 -0.8533973829628108 2.4571203712764402e-08 0.0030632877804915933 0.001529059657340566 0.0015342062338537662 0.08427806331259538 0.0015253428884135609 0.0015379448920780322 0.002122156078454587 0.0021221560784691813
56.57 22.539023005084157 -9.938267078623525 8.553673999626122 -958413.1184400942 4.425422331897259e-06 14.810805735083601 14.796311421126923 14.718052474578618 107.09607157436346 194.91278759698793 400.0 -2.6991697703939646e-05 0.09223469423701029 0.09275326050498262 -2.6378941329968123e-05 -0.9471745734817184 2.458872975115604e-08 0.003369028494407857 0.0016813847779748785 0.0016876218264049744 0.09275644485512347 0.00167687946897252 0.0016921490254353368 0.002333813086986023 0.0023338130870010454
61.92 22.540696742285256 -9.938780472713319 9.94778540384829 -958330.5679053089 4.815968491000347e-06 16.030133929178227 16.01135432209342 15.92848108646631 107.03542361678343 195.0559291605349 400.0 -3.2351364747691444e-05 0.10101841555577894 0.1016528427119179 -3.171000858854674e-05 -1.0504646240041149 2.4607361708683624e-08 0.0036894877089863197 0.001840977170288779 0.0018484886478257385 0.10165718260317627 0.0018355561610500337 0.0018539315479362863 0.00255562517228119 0.00255562517229596
67.52 22.542587879257823 -9.939400086842973 11.383559962750308 -958237.7004839163 5.166876317566161e-06 17.120610319735484 17.097052057280102 17.009615381412846 106.96889451805498 195.1764386799223 400.0 -3.8484161232374924e-05 0.11022575281530489 0.11099493832263863 -3.789310227768647e-05 -1.1645613166699273 2.4627129443283835e-08 0.00402532521681552 0.0020081508183802856 0.0020171525066054467 0.11100080562789305 0.0020016673417467923 0.002023657875068728 0.0027880432512335978 0.002788043251249468
73.35 22.54468990504302 -9.940132705381451 12.842034470519602 -958135.0421671909 5.479657338280165e-06 18.084690664998604 18.055922611434035 17.96394030690548 106.89708925052136 195.27503239941623 400.0 -4.543776633083807e-05 0.11982584991242186 0.12075035809312051 -4.502104669270836e-05 -1.2899719789605855 2.4648005451054234e-08 0.004375404799221103 0.002182323762479246 0.0021930591438418636 0.12075822954805683 0.00217461499275387 0.0022007898064672323 0.0030302753864337203 0.00303027538644957
79.43 22.546998726681647 -9.94098920753926 14.316658593423092 -958022.4730986857 5.756169354431846e-06 18.935355904914367 18.90100125403588 18.804398753974084 106.81978482994677 195.3540826214039 400.0 -5.330884232454603e-05 0.1298537477110253 0.1309571509402814 -5.3246279996821374e-05 -1.4278454940700713 2.4670140539924337e-08 0.004740991617016185 0.0023641071634227183 0.0023768625595120465 0.1309676478817258 0.0023549839556394067 0.0023860076613767783 0.0032831914186983177 0.00328319141871352
85.75 22.549516086348262 -9.941976357242588 15.79549542107857 -957900.4270253815 6.001373340671842e-06 19.682096070253856 19.641807336433097 19.54049233137381 106.73763170744813 195.41543882996442 400.0 -6.216207437925673e-05 0.14029532477873052 0.1416037388800454 -6.269740696739158e-05 -1.5784674311952585 2.4693599635986996e-08 0.005121555824364863 0.002553217355694691 0.0025683165732937356 0.1416176477148235 0.0025424683234925405 0.002579087500872322 0.0035464190426778156 0.0035464190426935617
92.31 22.552228622417502 -9.94310146337142 17.271016494258017 -957769.1594636645 6.217074904951037e-06 20.33647244554419 20.289960237470247 20.183776842776506 106.65055729509379 195.46131183395534 400.0 -7.207680380075894e-05 0.15115297289267274 0.1526956027676806 -7.352654706205652e-05 -1.742131144331446 2.4718490185576724e-08 0.005517167676864681 0.0027496677732864 0.0027674780067991444 0.15271391153226507 0.0027370552299415076 0.002780112446923173 0.0038200010266698065 0.003820001026685536
99.11 22.555133965975173 -9.944371440623598 18.737323334221507 -957628.925057556 6.407260351820522e-06 20.909680350544757 20.856678580260755 20.74544163676687 106.55880310997476 195.49359888587085 400.0 -8.313569503243141e-05 0.16242930026653263 0.16423871377788796 -8.589633017949642e-05 -1.918930183194667 2.474491801690926e-08 0.005927903276347528 0.002953473531605906 0.002974407846452179 0.16426264786356579 0.002938731660588632 0.0029891716157588954 0.004103983823778423 0.004103983823794987
106.16 22.558231868745374 -9.945794853464356 20.191882391645628 -957479.7493991981 6.575372551422298e-06 21.412754776098847 21.35301050662778 21.23649822875849 106.46237452049098 195.5140272609172 400.0 -9.544281102396204e-05 0.17414370352144037 0.17625654734035753 -0.0001000000323004284 -2.109066763229496 2.4773023771232558e-08 0.006354448027555952 0.003164950683685065 0.003189475443962625 0.17628761870338247 0.003147780240208503 0.003206667787347448 0.004398834550489772 0.004398834550507178
113.44 22.5615089172667 -9.947373744610609 21.62712649833594 -957322.2782405514 6.723866787567998e-06 21.853661690719193 21.786957816212023 21.6649398317817 106.3616553427995 195.52402142963766 400.0 -0.00010905265935844535 0.18626588881626985 0.18872185893749274 -0.00011597871582331549 -2.311795126102886 2.4802823012182468e-08 0.006795676307884463 0.003383516705532716 0.0034121377007222398 0.1887618750366976 0.003363593983814168 0.0034320823240702953 0.004703767911415992 0.004703767911433943
120.97 22.564970711282918 -9.949118186464716 23.04446382880103 -957156.2837328102 6.8558256467546874e-06 22.241973649596225 22.168084465825302 22.040297399325517 106.25649199378313 195.5248737156974 400.0 -0.00012409552472904858 0.19883228946381853 0.201676250270707 -0.0001340651208419606 -2.5273664146077275 2.4834491152964873e-08 0.007252889900507153 0.003609791410035831 0.003643076587014316 0.20172740135787998 0.0035867524266935394 0.0036661374738136145 0.005019675731928683 0.0050196757319472245
128.74 22.568605287763624 -9.95103147212567 24.4400616658686 -956982.162985754 6.972917086104422e-06 22.584361149401836 22.503087781906878 22.369250624709213 106.14697325198857 195.51769235539516 400.0 -0.00014064973023224608 0.2118295632986677 0.21511052469262257 -0.00015443425404153418 -2.755141162980648 2.4868084791836917e-08 0.007725576777208681 0.003843495486848199 0.003882059384975413 0.21517539282359124 0.003816945897500961 0.00390863087970772 0.005346195566580871 0.005346195566601963
136.75 22.572420109102026 -9.953118815680313 25.812700631866953 -956800.0877493283 7.078408229276697e-06 22.887232346385137 22.79835044127556 22.658199036528305 106.03354263416095 195.50325930716275 400.0 -0.0001588152670974839 0.2252613290126382 0.22903330985683207 -0.00017728760022231156 -2.9947209373420947 2.490370628429831e-08 0.008213840334469822 0.004084654337351247 0.00412916408969971 0.22911492667528655 0.004054164831536218 0.004159675502933607 0.0056833896259176194 0.005683389625939632
145.01 22.576406161787578 -9.955387835355424 27.163182859914645 -956609.9685311598 7.172780374834525e-06 23.156361020285686 23.059670977963027 22.91288969620157 105.91574120127802 195.48245428745383 400.0 -0.0001787204018990725 0.2391480860335187 0.243471324084116 -0.00020286551031670569 -3.246030567500303 2.494151844698853e-08 0.008718394578780786 0.004333594022524852 0.004384778646702135 0.24357324840965325 0.004298693601383874 0.004419700977396913 0.00603174086276144 0.006031740862785684
153.5 22.580555320200236 -9.957837720984507 28.48782313793552 -956412.398854581 7.257867735754791e-06 23.395856080179193 23.29116354110495 23.137456357960183 105.79404529649149 195.4559289116977 400.0 -0.00020042415162808977 0.25346024589515487 0.25839972221901125 -0.00023131913912672553 -3.508106160507839 2.4981557668140597e-08 0.009238131096876323 0.004589741392877962 0.004648367792212078 0.25852601928499036 0.004549932699726299 0.004688198397150023 0.006390473288370609 0.0063904732883963535
162.24 22.58487745657209 -9.960478705945455 29.789607080877555 -956207.0301645335 7.335371143901274e-06 23.610373760709667 23.497457116743497 23.336509075445047 105.6682923125292 195.4241427297265 400.0 -0.00022408860385404926 0.268235818776164 0.27386468526462393 -0.00026293429817176244 -3.7812688422285055 2.5024061494502807e-08 0.009774393702591564 0.004853732148176745 0.004920639640292478 0.27402009478804457 0.004808468198792859 0.004965925503798705 0.006760502892970087 0.006760502892999477
171.22 22.589363002259475 -9.96331221290798 31.067011419272404 -955994.1941824708 7.405998580301305e-06 23.80311073712557 23.681763380067903 23.513250078166042 105.53856479910715 195.38762379713114 400.0 -0.00024980367466498723 0.2834625086312686 0.28986065895952917 -0.00029790373976254096 -4.064997054565124 2.5069143465873792e-08 0.010326695523241326 0.0051252990861541305 0.005201374520530035 0.2900505801782397 0.005073999279730793 0.005252696243510532 0.007141481118130214 0.0071414811180935765
180.43 22.594004853379897 -9.966338979101309 32.31894676719315 -955774.218853887 7.470608351444094e-06 23.976897009738714 23.846919384523392 23.670514281271654 105.40501664564637 195.34681566775237 400.0 -0.0002776569031821356 0.29912815492598327 0.3063827284670604 -0.0003364153645477204 -4.358851196598412 2.5116926366398543e-08 0.010894552093676572 0.005404177039070561 0.005490353135518758 0.3066132774551769 0.00534622794956894 0.005548324144107632 0.007533060641213768 0.007533060641179929
189.9 22.59882199035689 -9.969573042227303 33.54977042674626 -955546.464669861 7.530601221413393e-06 24.134860347635872 23.99600661800281 23.81136109707043 105.26744228113289 195.30184789478244 400.0 -0.00030786405652135794 0.31528915276968833 0.32349925056543827 -0.00037883695941749593 -4.663783292824006 2.5167758721257498e-08 0.011479958812959743 0.005691317241929166 0.005788619649306838 0.3237775384325938 0.005626041486249722 0.00585391732671002 0.007936602903582009 0.007936602903549746
199.6 22.603793344659547 -9.973008112243853 34.755941346216375 -955311.7140525978 7.586150593544876e-06 24.27867462770447 24.130733551312485 23.937502863174732 105.1261060204778 195.25319786523508 400.0 -0.00034045846330166003 0.33189994118786 0.34117176452973386 -0.00042528535079105014 -4.978946838023387 2.5221690090607547e-08 0.012081211557628996 0.0059858541039856826 0.0060953355291882795 0.341505719066301 0.005912553639603869 0.006168657918025128 0.008350917492736198 0.008350917492705631
209.54 22.608927199989907 -9.976651255572698 35.93931324440295 -955069.7861421147 7.63816664542214e-06 24.41043560595047 24.253171544321287 24.051000280908465 104.98105247103533 195.20100567493347 400.0 -0.0003756019086145341 0.34898361376507875 0.3594353250420065 -0.00047605930396622505 -5.304904442694664 2.527899410820768e-08 0.012699088832275796 0.006288139311571263 0.006410927593418345 0.35983400057475073 0.00620606393166074 0.006493024900615059 0.008776524501348392 0.008776524501307458
219.73 22.61422462770644 -9.98050985236727 37.101562077129906 -954820.4815973805 7.686992181387883e-06 24.53189238491945 24.36506350067263 24.153565344358434 104.83200625602898 195.1454598401025 400.0 -0.00041346731695321236 0.36656385979814043 0.37832704056101873 -0.0005314816766308212 -5.64236637064438 2.5339967621350644e-08 0.01333438285562712 0.006598528044300861 0.0067358328811087135 0.37880079116705123 0.00650687115522067 0.006827511700406447 0.009213951428584824 0.009213951428528966
230.16 22.619680877329294 -9.984583758326806 38.24207591467276 -954564.0838095987 7.733087380791852e-06 24.64433517465402 24.467700565332493 24.246486407014537 104.67916091262715 195.0867715461798 400.0 -0.0004541596185264449 0.38463045990121897 0.3978487676394856 -0.0005917823061407173 -5.991517443088831 2.540480024577793e-08 0.01398665380730645 0.006916771239523732 0.007069860634536339 0.39840927611820615 0.006814685852049991 0.0071719679552564594 0.009662875881676159 0.009662875881603696
240.83 22.62529583865898 -9.988876331697035 39.361476148162005 -954300.6260686339 7.776831547500504e-06 24.748999828106577 24.562313040228084 24.33097753511704 104.52253531799296 195.02508288351464 400.0 -0.0004978226663814838 0.4031908436857106 0.41802229298953897 -0.000657254758973751 -6.352999412776906 2.5473745032937076e-08 0.014656093885038688 0.007242926975931309 0.007413144972735095 0.41868282487296504 0.007129514613560544 0.007526579271478143 0.010123409372886668 0.010123409372791612
251.74 22.63106989000738 -9.993390842194529 40.460393110447065 -954030.1350524818 7.818616415768384e-06 24.846962761261448 24.6499684920581 24.40809170657237 104.3621584414791 194.96050961569787 400.0 -0.00054460492008144 0.4222529771264732 0.4388710546890773 -0.0007282086726508626 -6.727576041070192 2.554705570168597e-08 0.015342907835075194 0.007577056849813124 0.007765829045667183 0.43964668120203015 0.007451364681625389 0.007891543153449806 0.010595670451752678 0.010595670451630916
262.89 22.63700083699271 -9.998130455720755 41.539454325948874 -953752.6304515554 7.858598512587127e-06 24.93915177547649 24.731595581718114 24.47873172579716 104.19793911254564 194.893182491732 400.0 -0.000594659523822189 0.44182534159060194 0.4604200496793292 -0.0008049718641556531 -7.116120762864706 2.5624979418122667e-08 0.01604731194425505 0.007919225096280076 0.008128064905063234 0.46132790369771104 0.007780242715336985 0.008267069228918065 0.011079783887848997 0.01107978388769388
274.29 22.64310432708832 -10.003102790892164 42.60021451133338 -953467.8821714158 7.897609223012308e-06 25.02648901703312 24.80807017801802 24.54377343632398 104.03020606532091 194.8230000188721 400.0 -0.0006481928091283608 0.4619348692383135 0.48271558070913867 -0.0008879659724619713 -7.519954005191509 2.570781807790869e-08 0.016770178751761924 0.008269810800423926 0.008500346005006314 0.4837752888977593 0.008116453799127048 0.008653724952634874 0.011576323591875135 0.01157632359167946
285.93 22.649365930724628 -10.008306595240114 43.642296850128915 -953176.1438621714 7.935301710475196e-06 25.10957744193032 24.880026631374744 24.603811323378572 103.85867039134821 194.75021263644825 400.0 -0.0007053240154291407 0.4825735953018787 0.5057661185517487 -0.0009774943436259423 -7.939768852601695 2.5795707488203428e-08 0.017511118287132473 0.00862857641787338 0.008882519919415324 0.5069998827412868 0.008459706883096434 0.009051411404036045 0.012084993909011603 0.01208499390876605
297.81 22.65578579282363 -10.013744836298194 44.66631372792149 -952877.4214038542 7.971880623039725e-06 25.189048073861944 24.948089524222613 24.65944762629438 103.68333285614888 194.6748848220063 400.0 -0.000766221674213643 0.5037517860242915 0.5296004475675644 -0.0010739498451116552 -8.376648026816184 2.58888102756339e-08 0.0182703910751667 0.008995596765148188 0.009274772356572659 0.5310335243961112 0.008810007653446143 0.009460383421720557 0.012605944711862868 0.012605944712169368
309.93 22.662370481254737 -10.019420478696446 45.6728731488004 -952571.7189619484 8.007852544127034e-06 25.265478744273814 25.01280873537588 24.711230670197118 103.5044918482693 194.59699173733992 400.0 -0.0008310599184168433 0.5254803900235244 0.5542480740766983 -0.0011777494708213752 -8.831690173780181 2.598723589598385e-08 0.019048276950246704 0.009370951902417315 0.009677303090689437 0.5559091817099165 0.009167362789664176 0.009880914160582533 0.013139337513079535 0.013139337513306334
322.29 22.66911455916745 -10.025336309230262 46.66254904019099 -952259.0304806138 8.042998096645511e-06 25.339337034977262 25.07466816055248 24.7595985012426 103.32184176956883 194.5166508043645 400.0 -0.0009000181257874268 0.54777069108933 0.5797385337346649 -0.001289336671439914 -9.305984068314586 2.6091033079168747e-08 0.019845063148022615 0.009754721013891637 0.010090320173212068 0.5816602973658176 0.009531773395436849 0.010313289752585759 0.013685336983822806 0.013685336983953746
334.89 22.676021657249635 -10.03149515394854 47.63591239304575 -951939.3508875885 8.077636287646774e-06 25.41107015589372 25.13409593381007 24.804968937446215 103.13553087093561 194.4338594754294 400.0 -0.0009732817135967223 0.5706346301818798 0.6061012184475034 -0.0014091804907287577 -9.800573039624435 2.6200175212494476e-08 0.020661057875694774 0.01014698903646885 0.010514046874444414 0.6083206515284889 0.009903241670639976 0.010757816205054796 0.014244120797814215 0.01424412079782998
347.74 22.683099009782836 -10.037904808127912 48.59424677417554 -951612.4158279147 8.111931911699728e-06 25.481119402922495 25.191514258417723 24.847733305787973 102.94546718978324 194.3485667000097 400.0 -0.0010511037983811104 0.5941028844435701 0.6333860971345244 -0.0015378792937873415 -10.316832996287253 2.6314644740903355e-08 0.02149723519387031 0.010548155549916994 0.010949057675225646 0.63594539569675 0.01028206187798962 0.011215173315880683 0.014816320690894476 0.014816320690877266
360.82 22.690335791229288 -10.04455798566341 49.53659212925946 -951278.7200732529 8.145907557064591e-06 25.549716870474217 25.24716923420253 24.888138923075015 102.75190273778911 194.26093500891673 400.0 -0.0011335607338455293 0.6181516301739225 0.6615779473991997 -0.0016757549154460718 -10.854826624898957 2.643406861966436e-08 0.02235262849360247 0.010957684907514777 0.01139492161334139 0.6645242278805157 0.010667640943838676 0.011684987549763793 0.015401239322476671 0.015401239322446612
374.15 22.69774393125813 -10.051467515424065 50.464905747090214 -950937.7370338085 8.179697930379204e-06 25.617272067457467 25.301443570557705 24.92652676922777 102.55454880699007 194.17084893215838 400.0 -0.001220982489403359 0.6428306509377031 0.6907452982296977 -0.0018235660086731596 -11.416110942012747 2.6558344033931014e-08 0.023228894303998472 0.011376294273864405 0.011852578053295596 0.6941322889870706 0.011060562580996117 0.012168331723002359 0.015999972796868326 0.015999972796820878
387.72 22.70531806394418 -10.0586309598487 51.37895282471372 -950589.7012443183 8.213339685562663e-06 25.68400127576733 25.35455740089151 24.963111438700686 102.35349155227408 194.0783943503092 400.0 -0.001313517684108378 0.6681348210940006 0.7208898370666411 -0.0019817821912523795 -12.000857316878934 2.6687005589274423e-08 0.024125740336383858 0.011803763298607889 0.012321955056781159 0.7247775924750464 0.011460523039573584 0.012665217296810279 0.016612283813820676 0.016612283813750958
401.54 22.713067518478546 -10.066056342912447 52.2798604136095 -950234.3342340593 8.24701508196026e-06 25.750200573029282 25.406781354422943 24.998145926662673 102.14873664864736 193.98347837855417 400.0 -0.0014114557661478286 0.6940963681174203 0.7520546463666089 -0.002151123604226615 -12.609908554776064 2.6819687729951905e-08 0.025044206420342597 0.012240503392341057 0.012803681042787339 0.7565108481185565 0.011867806548704255 0.013176399871638341 0.017238844738504434 0.017238844738407224
415.59 22.72098130551873 -10.073735444593517 53.1667880637977 -949872.1246091878 8.280711368504088e-06 25.81598612399393 25.458245943908143 25.031774349304758 101.94051933981144 193.8862535831729 400.0 -0.0015148789347963834 0.7206910131762472 0.784211774689173 -0.0023319605767710243 -13.242585354923088 2.6955657505817378e-08 0.025983342736727328 0.012685976711885151 0.013297344035359126 0.7893110639854847 0.012281808810740777 0.013701533925986553 0.017878970886768618 0.01787897088692464
429.89 22.729071138732586 -10.081681688758998 54.04144599899368 -949502.528847527 8.314517094746606e-06 25.881640025596102 25.50920619970863 25.064219322977067 101.72849390039778 193.78659150042557 400.0 -0.0016241653523103566 0.7479697954001376 0.8174207026190357 -0.0025251838740048033 -13.899779841266703 2.709449706256731e-08 0.026944872426390633 0.013140911821644605 0.013803938610946524 0.8232469925285756 0.01270310121263096 0.014241771213759673 0.01853380086234033 0.018533800862461643
444.42 22.73732515202308 -10.08988641150328 54.903038603952155 -949126.0330506006 8.34839214985889e-06 25.947233531983752 25.559750222219463 25.09558849119167 101.51283095192599 193.6846517979112 400.0 -0.0017394000062621758 0.7759074883958399 0.8516450407920821 -0.002731171077524044 -14.5803465745008 2.723534384290893e-08 0.027927840281552214 0.013604765972205356 0.014323052311198667 0.8582901192160015 0.013131073111430035 0.014796767170122174 0.01920264951783757 0.019202649517913454
459.2 22.745760443622864 -10.098363396776406 55.753174029961386 -948742.0886918647 8.382566421070699e-06 26.013019096396278 25.61008751916504 25.126080727785435 101.29349241215913 193.5802334802603 400.0 -0.0018609869562937979 0.8045553071094662 0.8869383686108433 -0.0029508643250060677 -15.284766765881587 2.7377677443634524e-08 0.028933997066761558 0.014078273209028762 0.014855701855202363 0.8945045426114835 0.013566291633926801 0.015367705432834758 0.019886675521639335 0.019886675521680365
474.22 22.754371341377567 -10.107109439626441 56.59164792344314 -948350.9197772891 8.417022464593566e-06 26.079078653073644 25.66030466408644 25.15579868481618 101.07054486053893 193.4734161530275 400.0 -0.001989100759347685 0.8339063066149408 0.9232799682574646 -0.0031847921289043417 -16.011899586190236 2.7520659071157735e-08 0.029963060807359193 0.014561206454846685 0.01540183234557903 0.93187884877554 0.014008434472367883 0.015954626334991315 0.02058565603345249 0.02058565603349811
489.48 22.763167780225256 -10.116127036385649 57.41885793713456 -947952.4942907122 8.452021521944672e-06 26.145553334599036 25.710507797422586 25.184884119647922 100.8445579887518 193.3640828763747 400.0 -0.0021240018305237417 0.8639724571300254 0.9606692149511139 -0.003433623553502073 -16.760838337048156 2.7663532842942018e-08 0.031015431282732472 0.01505366043456655 0.01596174883681028 0.9704226144130558 0.0144574753699137 0.016557955912818778 0.0212998352006577 0.021299835200708737
504.99 22.772118392663543 -10.125424054481911 58.235632375381385 -947546.4907592803 8.486689817233413e-06 26.212475533942314 25.760818615924542 25.21334952609823 100.61260302315274 193.25263608899326 400.0 -0.002266047538054017 0.894783810909975 0.9991260078440888 -0.0036982083802883175 -17.53100658779102 2.7805648446285147e-08 0.032092151173416905 0.015556027688559444 0.01653610146910007 1.010167130451868 0.014913656404756925 0.01717849476865998 0.022029893937281657 0.02202989393733867
520.73 22.7812771921075 -10.134991725086984 59.04137321513469 -947133.4283541524 8.522565930024593e-06 26.28003533999398 25.811254065565336 25.241440013722087 100.3795945773176 193.1383994777047 400.0 -0.002415334233035922 0.9263129601776836 1.0385953262718923 -0.003978860769766103 -18.320032207355442 2.794608030441947e-08 0.03319227760393686 0.016067779346381074 0.017124476237376854 1.05106634212475 0.015376388250196136 0.017815889353740712 0.022775174631585487 0.02277517463158158
536.72 22.79061716480506 -10.144843956039466 59.83738390648672 -946712.7177137531 8.558769138352512e-06 26.348281126640693 25.861943909149964 25.26916425919573 100.14230998862638 193.0217189796214 400.0 -0.002572330552083174 0.9586087418190445 1.0791168674449614 -0.00427659930133459 -19.127448503341054 2.8084323871373497e-08 0.0343175362468817 0.016589627286256133 0.01772788693604368 1.0931725548592186 0.015846202403939833 0.01847133384294187 0.02353682773600696 0.023536827736010273
552.95 22.80013601823446 -10.15497702429343 60.62347752729217 -946284.5789612047 8.595388043811002e-06 26.417247012758946 25.91291407683731 25.2965926655446 99.9009557474452 192.90262618996013 400.0 -0.0027372328845815673 0.9916604564243301 1.1206543472143442 -0.004591892068455737 -19.95107179832073 2.821964778806778e-08 0.0354675903737167 0.017121327299678777 0.0183462410450822 1.1364593265933967 0.016322768836479453 0.01914482153723723 0.02431461210103857 0.024314612101050355
569.42 22.80983750851081 -10.165393213361856 61.399973693237186 -945848.9673012097 8.632507255652868e-06 26.48700070878405 25.96421459340727 25.323805560712902 99.65562570565739 192.78107630466212 400.0 -0.0029103382598832726 1.0254766849025614 1.1631951480711478 -0.00492536363308013 -20.78905948771858 2.835147597430777e-08 0.03664278730285968 0.017662956866825518 0.01897980840274106 1.180924563721952 0.01680605158943513 0.01983673571342455 0.02510875448840158 0.025108754488423677
586.14 22.819750000970465 -10.176101545437696 62.16766198983498 -945405.5838996796 8.670582265909174e-06 26.55770066116371 26.015920516016354 25.350947859414294 99.40790125457681 192.65671312884444 400.0 -0.0030920636122695297 1.0600867491972294 1.2067528017494127 -0.0052778270704997715 -21.639913308689408 2.8479380064955928e-08 0.03784420420358332 0.018214933016156842 0.0196292491498198 1.2265932702471547 0.017296320015649503 0.020547884187933824 0.025919979593725627 0.02591997959375245
603.09 22.829827091974447 -10.187090863945777 62.92585978197407 -944954.8885685152 8.708933602543844e-06 26.62921229976887 26.06800608184477 25.377951441520313 99.1549394788149 192.5301227355744 400.0 -0.0032824995364663474 1.0954553199280492 1.2512608582485534 -0.0056494459083742945 -22.500563290592396 2.8602798437425482e-08 0.0390706760870951 0.01877664416582703 0.02029400987941801 1.2734062587799237 0.017792931018362466 0.021277745068732624 0.02674750006457394 0.026747500064599115
620.29 22.84011281057452 -10.198376825459352 63.6757911908806 -944496.3185715656 8.748189044539349e-06 26.70175339536441 26.120568130263788 25.404992997167597 98.8989862797052 192.4007497950783 400.0 -0.003482193184330919 1.1316318065778233 1.2967603981968097 -0.006041198471174521 -23.36978299580339 2.8721549016689513e-08 0.0403239876702687 0.019348840780795937 0.02097512484342462 1.3214163756772275 0.01829645698962845 0.022027530680640263 0.02759252717174036 0.027592527171765406
637.72 22.850591255572134 -10.209948416177998 64.41684564144553 -944030.3530605396 8.788234880342514e-06 26.775271462773567 26.173576288159182 25.432083988368632 98.63983252375928 192.26879392252607 400.0 -0.0036912383114413166 1.168580154374935 1.3431874744049366 -0.006453143742128318 -24.244289332747535 2.883526844505058e-08 0.04160295961068946 0.01993092141739113 0.021672016143114422 1.3705650820744986 0.018806280806026806 0.022796678804662653 0.02845427547216853 0.02845427547219339
655.4 22.861283151942818 -10.22182120775026 65.1501451318834 -943556.4089816071 8.829240528762485e-06 26.849914783829025 26.22712115482602 25.45932779900605 98.37777893988148 192.13399227259052 400.0 -0.00391020973708638 1.2063488043385302 1.3905869848229726 -0.006886228429602274 -25.12273271804132 2.8943958973617105e-08 0.04290933847974857 0.020523625515315034 0.022385690910171188 1.4209077688136629 0.01932296617956336 0.023586372300185204 0.029333936285217722 0.029333936285253027
673.32 22.87213819990054 -10.233989945862504 65.87543794638174 -943074.6689612268 8.870562737545376e-06 26.92556113082506 26.28119849296094 25.486636471121667 98.10842733159679 191.99698020242587 400.0 -0.004139324638341375 1.2449203625573102 1.4389246597033916 -0.007340672302201738 -26.002300099612494 2.9047527503893585e-08 0.04424258323899412 0.021126653395265354 0.023115907785497027 1.4724151117182622 0.019846170725688596 0.024396412513305522 0.03023116032463456 0.030231160324669378
691.49 22.88323342574584 -10.246464888768578 66.59346553956823 -942584.8523627992 8.913235954207821e-06 27.00248783745493 26.335871349911507 25.514259558160802 97.8382188008531 191.85677936195998 400.0 -0.004379075301276939 1.284324473821194 1.4882282792941282 -0.007817112237917957 -26.880950781258544 2.9146088297510003e-08 0.04560378287875654 0.021740460876163815 0.023863299940437396 1.525121707410568 0.02037622685840769 0.025227556020348846 0.03114670496712888 0.03114670496716377
709.89 22.894524792379762 -10.259233841277108 67.30361837727428 -942087.4188225219 8.956777024598373e-06 27.080568914446562 26.39110811601416 25.542124989326492 97.56407887237866 191.7139446525375 400.0 -0.004629549752886588 1.3245216836133584 1.538443925120069 -0.00831538267866523 -27.755355588381597 2.9239694593844917e-08 0.04699162158782174 0.022364418909646185 0.024627180612182154 1.57897373968139 0.020912529885112444 0.026079091702709296 0.03207970739794258 0.032079707397976866
728.54 22.90602727165792 -10.272312798853967 68.0068958081719 -941581.7681658664 9.001281027432722e-06 27.159942856601443 26.447001311617587 25.570310397025015 97.28562971779107 191.56828342114343 400.0 -0.004891384447041206 1.3655609328996472 1.5896324595764255 -0.008836324809214303 -28.624054495616853 2.9328693506666848e-08 0.048407828137260245 0.022999280728912542 0.02540852533859925 1.6340382969497456 0.02145567547396995 0.02695215266329029 0.03303135602199633 0.03303135602203084
747.43 22.917738218220784 -10.285696994705571 68.70312852304988 -941068.1112678698 9.046784064973584e-06 27.24062757954921 26.503556075805914 25.598849659542367 97.00307034312804 191.41982528208584 400.0 -0.005164817474029785 1.4074259084203145 1.641777920006842 -0.00937992123961322 -29.4841776403837 2.941335696036014e-08 0.049851864954613585 0.02364478915081284 0.026207053730382006 1.6902981776880242 0.022005399749396144 0.027846465205217427 0.03400131692730579 0.03400131692733997
766.56 22.929675595109924 -10.299388823041753 69.39255340685408 -940546.3954846414 9.093476665218782e-06 27.322723568048268 26.560811786992048 25.62782591004766 96.71799831339742 191.2683375303295 400.0 -0.005450231465303663 1.4501230320971248 1.6948976580006059 -0.009946361902336585 -30.333342016136054 2.9494080870447236e-08 0.05132396565694972 0.02430104526313853 0.027022898316791086 1.7477696665879563 0.022561761402056898 0.028762204254892832 0.03498977609954786 0.03498977609958248
785.93 22.94182846473206 -10.31339010826137 70.07535482176324 -940016.5462636526 9.141260372888409e-06 27.406262156375856 26.618809508867397 25.65724927149018 96.4288488509975 191.11395457299912 400.0 -0.005748012058417757 1.49365788094912 1.749012884885671 -0.010535796659392591 -31.16926651665965 2.957132050381308e-08 0.05282431614048854 0.02496813530254202 0.02785615875740515 1.8064712844164503 0.023124810515756728 0.029699505624731837 0.035996885631708525 0.03599688563174212
805.54 22.954200697016407 -10.32770294408557 70.75173418237094 -939478.4966435308 9.190191759346348e-06 27.491317295882993 26.67759513886268 25.687166133824466 96.13561258616544 190.95662211881483 400.0 -0.006058555590188474 1.5380372231859154 1.804151162058525 -0.011148314163433601 -31.9897005411495 2.964558184670701e-08 0.054353127256462165 0.025646168452297127 0.028706936720178024 1.8664260194978557 0.023694616753914363 0.030658510502547802 0.03702281405568984 0.03702281405572379
825.39 22.966805473252673 -10.342329621004666 71.42190178373392 -938932.184863873 9.240384773204548e-06 27.577990356919504 26.737219391401112 25.71764404652634 95.83946649074558 190.79616655614822 400.0 -0.006382268892799066 1.5832689790356644 1.8603463103931637 -0.011783941672151703 -32.792441076965666 2.971741212829831e-08 0.055910632187282434 0.026335275667431483 0.02957533443247875 1.9276611981444682 0.02427129067951566 0.031639341507766774 0.038067743325600596 0.03806774332563484
845.49 22.979637293356593 -10.35727935857512 72.08634968468898 -938377.2509768334 9.291801195350723e-06 27.666370401191745 26.797765328660088 25.74870584108612 95.5382949190543 190.63265214662553 400.0 -0.006719732626436401 1.6293836166682294 1.9176645601056248 -0.012442996266547865 -33.575794894355184 2.978741756398309e-08 0.057497820351518854 0.027035928629626754 0.03046186963120235 1.9902374787802426 0.024855239546635592 0.03264258080488326 0.03913235834007069 0.0391323583401047
865.83 22.992708764880263 -10.372547219780067 72.74494621821849 -937813.9066467423 9.344562744345244e-06 27.756540291139807 26.859262476378355 25.78041739568648 95.23416564921554 190.46591126440228 400.0 -0.007071212418104658 1.6763683394285542 1.9761228954533272 -0.013125070796469587 -34.33729153376242 2.985615695637834e-08 0.05911417563304917 0.027747949413663656 0.03136620412542399 2.054159018315227 0.025446349717788974 0.0336678259152602 0.04021633177105133 0.040216331771085745
886.41 23.006014224282296 -10.38813504999457 73.39785696359584 -937242.066015038 9.398656066481898e-06 27.8485703090016 26.92177228236688 25.81280052280141 94.92577313925003 190.29600937454583 400.0 -0.007437138560610747 1.724232753738991 2.0357697862001882 -0.013830032451479797 -35.075014327701005 2.99242281707032e-08 0.060759934887443065 0.028471501407548106 0.03228841138270765 2.119462251646824 0.026044805886407882 0.034715129001035204 0.0413198355117641 0.041319835511799255
907.23 23.01956338033017 -10.404045043833683 74.04526748362098 -936661.6534265676 9.454149200246468e-06 27.94257211640054 26.98536122477622 25.84591247234209 94.61387532400383 190.12281501854025 400.0 -0.007817954730875702 1.772988353082878 2.09665964405845 -0.014557680856049934 -35.78710915716422 2.999222867732287e-08 0.062435384440699404 0.029206783875117256 0.03322857846519848 2.186187615488559 0.026650839996379128 0.03578454444432026 0.04244306971181039 0.04244306971184586
928.29 23.03335850631492 -10.420279215048325 74.68734728230065 -936072.5832383836 9.511077476923578e-06 28.038645102982695 27.05009849240028 25.87979450568967 94.29819099517933 189.94629130041216 400.0 -0.008214113044011755 1.8226473421248988 2.158850597293024 -0.01530776351751675 -36.47183946454234 3.006074044808087e-08 0.06414081990379411 0.02995401078260436 0.03418678701762924 2.2543775498587784 0.027264711011515123 0.03687610889227899 0.04358623389809863 0.04358623389813413
949.6 23.047397993248506 -10.436847071793302 75.32454124449089 -935474.4716418578 9.569516971782871e-06 28.136920147963647 27.116086143169788 25.91448666515884 93.97645859546905 189.76645083366523 400.0 -0.008626269167038542 1.8732462329462334 2.222433482804807 -0.01608034612677085 -37.12789913056377 3.013035112404874e-08 0.0658773576942758 0.030713764851509597 0.03516357073604686 2.3241085231879826 0.027886999499397984 0.03799035819487782 0.04475007004869486 0.04475007004872963
971.15 23.061719839470374 -10.453744102508217 75.95677176045331 -934867.5527328326 9.629460102349217e-06 28.23753634592602 27.183372783358116 25.950087903373642 93.65537480650546 189.58279706569994 400.0 -0.009054724148988303 1.9247788122203113 2.287448442552379 -0.016874673611161458 -37.7533335342774 3.020157105336246e-08 0.06764463720841714 0.03148600470924976 0.03615861038925359 2.395398466967856 0.028517800092892696 0.03912683711552445 0.04593432400621138 0.04593432400624669
992.93 23.07625513732839 -10.470962505028233 76.58380903083888 -934251.9334127256 9.691029349177244e-06 28.340447441428292 27.25199607526372 25.98652164388038 93.32367548901173 189.39620575234332 400.0 -0.009499736838779265 1.977232444792965 2.353925797547907 -0.017690005237904403 -38.34662847638944 3.02748293683034e-08 0.06944206984026621 0.03227058164162392 0.03717146608555428 2.468254978953793 0.02915710892791847 0.040284960912347734 0.04713857699141596 0.04713857699145151
1014.97 23.09113045428457 -10.488531186422158 77.20683215543443 -933626.7965401184 9.754037359020774e-06 28.446071198291524 27.322141204281746 26.024032023715307 92.99907298562948 189.2050404484645 400.0 -0.009962459989098501 2.0307038289439285 2.4220391745762138 -0.01852689880465147 -38.90703204890067 3.035071242009715e-08 0.07127280749793602 0.03306902667318809 0.038203758708381205 2.5428376376781636 0.029806352964086853 0.04146645453384914 0.048364911927798626 0.04836491192783474
1037.24 23.106222846274246 -10.506425113059382 77.82496875530293 -932992.7458356926 9.818829959442137e-06 28.554223581347806 27.39377902837844 26.062468105758505 92.66234578223958 189.0108717950826 400.0 -0.010442748013643234 2.085131337039765 2.4917554755892977 -0.019383796397517538 -39.432847835743274 3.042946176731658e-08 0.07313457524938445 0.03388046965735657 0.039254083472378236 2.61908279338987 0.030464980488200098 0.04266959476118435 0.04961176094246377 0.04961176094249266
1059.75 23.121601361490494 -10.524656021728095 78.43875052276205 -932349.4658386961 9.885260845832033e-06 28.66515878491253 27.467027110113886 26.10197473497305 92.3237711937811 188.81280088963558 400.0 -0.010941351824807408 2.1405628224955 2.5631840499394767 -0.020260436944926484 -39.923150462011634 3.051146827284882e-08 0.07502884785647007 0.034705724496441465 0.04032310123701524 2.6970782057510734 0.0311338621636624 0.04389498569280767 0.05088006239544032 0.050880062395469744
1082.51 23.13726653776341 -10.543233806219813 79.04857597984405 -931696.5414279895 9.953441727398502e-06 28.779030997781955 27.541995323369864 26.142603304284567 91.98103444328854 188.6108092802485 400.0 -0.011459036301407734 2.1970431501999985 2.6364276934973927 -0.02115659623872102 -40.37724008483269 3.059703496086143e-08 0.07695699745683414 0.035545555896159084 0.041411419434211914 2.7769050146701963 0.03181393884151249 0.04514305861532163 0.05217067352188195 0.05217067352191187
1105.5 23.15320910196923 -10.562144163669416 79.65405705076407 -931034.4274613437 1.0023371121173615e-05 28.895862832552822 27.61869445015254 26.184370076202004 91.6341138915265 188.40500474974593 400.0 -0.011995899040126901 2.2545445120287035 2.7114927563508178 -0.02207080840312476 -40.79393143036818 3.068629117317191e-08 0.07891792173296848 0.03639966445893368 0.042518235144024266 2.8585385611156267 0.03250523198511132 0.046412689747857165 0.053482785388239466 0.053482785388270594
1128.74 23.16945301622157 -10.58140576779152 80.25587495244676 -930362.4335080236 1.0095106024110036e-05 29.015881192911767 27.697266603545792 26.227366815394166 91.28365037365369 188.19506547772943 400.0 -0.012552976992209698 2.3131402606811897 2.7885143775175996 -0.023003137775583504 -41.172919612837866 3.0779454812627005e-08 0.08091397889161092 0.0372692704063013 0.043644686351631184 2.9420940410940712 0.033208966871711494 0.04770501201989944 0.054817894737450246 0.054817894737480846
1152.22 23.185987384725923 -10.601012122413668 80.85389315357085 -929680.7026698214 1.0168786391175744e-05 29.13915365744024 27.77774899668295 26.271628248047858 90.92735702477906 187.98111927293562 400.0 -0.01313061903278347 2.3728285458912692 2.867525409392382 -0.02395243235102964 -41.51351993950759 3.0876551349399144e-08 0.08294497496542921 0.03815448877991047 0.04479046404804915 3.027575850856524 0.03392548107289727 0.04901949389253193 0.056175780502943584 0.056175780502971
1175.94 23.202840018238913 -10.620966190256475 81.4483550770015 -928989.071632938 1.0244111738450338e-05 29.265796850686563 27.8602135006622 26.31720395250156 90.57081369136635 187.7629538073907 400.0 -0.01372943509085235 2.433636130975796 2.948592898185 -0.024917854042806557 -41.81529048718254 3.097759356101546e-08 0.08501170581633588 0.03905588434622623 0.04595579932869018 3.115025112105272 0.03465549733451973 0.050356208481816135 0.05755687389406679 0.05755687389409505
1199.91 23.220003497216233 -10.641277715736585 82.04227160493316 -928283.8724625242 1.0321482853172207e-05 29.395982280581904 27.944754313210687 26.36417398886942 90.20842143096175 187.54726792621986 400.0 -0.014350294509812277 2.495612683057551 3.0318082917124793 -0.025898996299478994 -42.07814396347999 3.108254544486407e-08 0.08711576444256205 0.039974366745239985 0.04714137555179818 3.2045109219982804 0.035400006574524294 0.05171575786803773 0.05896212961038363 0.058962129610417406
1224.11 23.237478610931646 -10.661932220288133 82.63262845558937 -927568.644496658 1.0400713730259326e-05 29.529711560322177 28.031364243328657 26.412552565070122 89.84281435734302 187.32740427292526 400.0 -0.014993318030549046 2.5587336333961934 3.1171589952520535 -0.026894156950736617 -42.30173538508918 3.1191189897441845e-08 0.08925624347235976 0.04090976982737053 0.04834645149517464 3.29599070490275 0.0361591327949059 0.053097110677453846 0.06039082375460137 0.06039082375461848
1248.56 23.2552783527477 -10.682948490915503 83.22003679294333 -926842.6240286379 1.0482109603709962e-05 29.66721764973162 28.120167657545668 26.462453138834995 89.47106020902235 187.10318461440028 400.0 -0.0156596854813439 2.62307724872699 3.204764510896626 -0.02790327098364827 -42.48630823687796 3.130341286511444e-08 0.09143574889014841 0.0418634640384786 0.04957226269735357 3.38956535814711 0.03693424490550353 0.054501503984644886 0.061844570683901756 0.06184457068391576
1273.25 23.273414032009715 -10.70432073563309 83.80440768311112 -926105.9792140402 1.0565361250683289e-05 29.808529075011787 28.21117965796494 26.51389223928686 89.0971953367744 186.87445068038255 400.0 -0.016349812366466737 2.6886461365229275 3.2946368357249263 -0.02892498432744913 -42.63190264938207 3.1418917204734575e-08 0.09365434455720577 0.04283572174274976 0.05081860065538828 3.4852213311979976 0.03772580208788534 0.055928542469320434 0.06332327983927812 0.06332327983928263
1298.18 23.29189710471061 -10.726051405119382 84.38588291242758 -925358.566679881 1.065027637641424e-05 29.95371909682689 28.304443413309443 26.566903326985283 88.72342760150843 186.64104128155614 400.0 -0.017064392346495736 2.755468556438908 3.3868157698416095 -0.029958340762039903 -42.73881446539348 3.153738830962652e-08 0.09591299236634096 0.04382721082681641 0.05208575937542259 3.5829768027041853 0.03853444875255061 0.057378543613790356 0.06482745398848486 0.06482745398865195
1323.35 23.31070333158514 -10.748140742026607 84.96453680857728 -924600.1093813098 1.0738078672767095e-05 30.103001187657615 28.39998795687794 26.621673864625762 88.3367359947794 186.4032458652187 400.0 -0.017804115618739163 2.8235688385472453 3.4813273230318513 -0.031002428229279157 -42.807572379592955 3.165843552548936e-08 0.09821255335429727 0.04483854665588632 0.05337398452899452 3.682838247008903 0.03936091687334053 0.058851636480956725 0.06635752569941263 0.06635752569971436
1348.77 23.329877092088836 -10.77060152118235 85.54077714933672 -923830.2309077454 1.0827764273018099e-05 30.25642295245577 28.497886434913962 26.678181717514903 87.94882594856895 186.16048540100223 400.0 -0.018570035238437865 2.893005672569224 3.5782412349408705 -0.03205663182782524 -42.83867048478163 3.178170715883333e-08 0.10055507338096946 0.04587089050787339 0.054684160698026466 3.784858341674776 0.04020644374151932 0.060348629639450126 0.06791470754770787 0.06791470754811747
1374.42 23.349412353696312 -10.793418536572428 86.11428043424766 -923049.3828969165 1.0919019253828112e-05 30.413902698876438 28.59808341227893 26.73640259292999 87.56217245690952 185.91281711620124 400.0 -0.019362300743460716 2.963752596045157 3.677500105946443 -0.033119127717760724 -42.832777640335145 3.190664487629812e-08 0.10293975922801314 0.04692414507378297 0.056015591973145235 3.888958910204099 0.041071234454901386 0.061868524773111756 0.06949832322248742 0.06949832322214167
1400.32 23.369312268576845 -10.816610153247083 86.68558250103138 -922256.6681607647 1.1013134359985851e-05 30.575794828892256 28.700666223090796 26.796606790195806 87.16508312528916 185.660181547896 400.0 -0.020182287090262218 3.035890019604103 3.7791880386964505 -0.03418978474425285 -42.79076414642632 3.203283359374776e-08 0.10536945567989144 0.04799981096729818 0.05736962252511952 3.995213379540056 0.04195683439828661 0.06341262128160481 0.07111011352332014 0.0711101135230223
1426.46 23.389590542493522 -10.84017076574148 87.2546052838014 -921452.27231695 1.1109350155625964e-05 30.742016109952534 28.80560499351272 26.85874301612582 86.76501121731006 185.40238411100228 400.0 -0.021030491262163983 3.10941953566205 3.8832730938267144 -0.03526716469176075 -42.713524121015894 3.215970140382989e-08 0.10784438018034255 0.04909824039144253 0.05874611759462904 4.103574796677888 0.04286384162345975 0.06498053855688281 0.07275007105914215 0.072750071058879
1452.84 23.410248717682066 -10.864101663849194 87.8214569785058 -920635.9316652818 1.1208496081825578e-05 30.912760163719426 28.91289646831326 26.923010375857373 86.35519709757116 185.13938374259698 400.0 -0.02190772213008625 3.1843672208241527 3.98974978786205 -0.036350284189861075 -42.602121603451394 3.228668711505702e-08 0.11036561002030527 0.050220155911749255 0.06014543190706231 4.214027090439568 0.04379314057780676 0.06657246944249852 0.07441876208644686 0.07441876208636493
1479.46 23.431315535071814 -10.88840868850954 88.3862931720582 -919807.7432728034 1.1307332514410737e-05 31.087545362401592 29.02253631333343 26.988933737924743 85.96235798961003 184.8706631684193 400.0 -0.02281483300544857 3.26076235458097 4.098611624476849 -0.037438110038884705 -42.45764926637962 3.2413226537165465e-08 0.11293436018656194 0.051366348856323615 0.06156798912105582 4.326554804273552 0.04474571861788662 0.06818864156867531 0.07611684326910641 0.07611684326904948
1506.33 23.452777207972762 -10.913097581867916 88.94938169512564 -918966.7225156762 1.1411192354719854e-05 31.267377764001754 29.134542129927652 27.0575037197708 85.54359946152906 184.5966362699992 400.0 -0.02375300950530772 3.338655569976547 4.209874044230957 -0.03853013105340226 -42.28136255807818 3.2538758408102783e-08 0.11555259892093853 0.05253792520000423 0.06301465150360157 4.441168783393466 0.04572284095414652 0.06982975796679204 0.07784547633827417 0.07784547633823449
1533.43 23.47464511972822 -10.938155921419952 89.51045099139864 -918113.5959948084 1.1516623136915414e-05 31.45159895394754 29.248810891562986 27.128166284208383 85.12673968653421 184.31699942894207 400.0 -0.02472245004445935 3.418016551107329 4.323432669739154 -0.03962452864566884 -42.074672351956934 3.266260397597577e-08 0.11821960053754525 0.05373479820713316 0.06448478010443798 4.557757605240828 0.04672471105636239 0.07149488948118288 0.07960404451103058 0.07960404451100245
1560.78 23.49694093495896 -10.963604321733527 90.07001969808232 -917247.5188703539 1.1623821523636843e-05 31.64039044716133 29.36539466780655 27.20105313254929 84.71031582128738 184.03144951216325 400.0 -0.025724770677964432 3.4989275768778647 4.439337314612038 -0.04072116873734735 -41.83884443279612 3.278425519686316e-08 0.12093845509009771 0.05495857670090201 0.06597985615406893 4.676371370633045 0.04775292133885453 0.07318553375124319 0.08139445643932011 0.08139445643930125
1588.37 23.519666661349348 -10.989434419783144 90.62798967423869 -916368.4498448658 1.173435629267387e-05 31.834034762627486 29.48421349974126 27.276528111520374 84.28301017140382 183.7399332745004 400.0 -0.026760545559848564 3.581382943016275 4.5575066511071105 -0.04181871613314468 -41.57542509515686 3.2903073764371426e-08 0.12370932374987971 0.05620955024725629 0.0674997512578199 4.796927654260389 0.048807907194154794 0.0749014165557249 0.08321669549884678 0.08321669549883316
1616.2 23.542830150961592 -11.01564980967499 91.18446415407018 -915476.299438298 1.1846875437823526e-05 32.03229452026507 29.60522221641245 27.354400545811036 83.85479207753012 183.44232140424478 400.0 -0.0278307228391869 3.665404715613292 4.677893974454033 -0.042916271140841754 -41.28595387669032 3.301847698345221e-08 0.12653332778487816 0.05748842949750579 0.06904487603235607 4.919381927383486 0.04989049047540336 0.0766428373094748 0.08507138685170398 0.08507138685169295
1644.27 23.56644272633937 -11.042252387993749 91.73955002090446 -914570.7990955674 1.1961931562863071e-05 32.23530972512815 29.72837044534296 27.4348622624938 83.42200261589072 183.13843843353632 400.0 -0.028936277389281173 3.7510144545623265 4.800447462634346 -0.0440129541318309 -40.972009589039686 3.312989965992765e-08 0.12941159600820643 0.05879592082246613 0.07061565291996216 5.043686427640031 0.05100149748800068 0.07841009852020579 0.08695916918660851 0.0869591691866001
1672.59 23.590526832719068 -11.069253787055551 92.29355079658855 -913651.3578377567 1.2080029770774516e-05 32.44328747455063 29.853647294215236 27.51813281556563 82.98180325724428 182.82796357643372 400.0 -0.030078618919922227 3.838264055283321 4.925154658985002 -0.04510829452158703 -40.63508045562355 3.323683485799892e-08 0.13234630062010241 0.060133198066526665 0.0722130802764696 5.169834998438058 0.052142132556247396 0.08020416806385498 0.0888813736395478 0.08888137363954281
1701.14 23.61506334248003 -11.096638417176859 92.84615129460599 -912718.5412835544 1.2199641297344548e-05 32.655762329761785 29.980899125321578 27.60390125649146 82.54387837069862 182.5111105129825 400.0 -0.03125794631380884 3.9271088418679656 5.051861073270323 -0.046200737439685426 -40.277082470014875 3.333868096032528e-08 0.1353363871586049 0.06149994716559021 0.07383641770402519 5.297679985994786 0.05331222282787544 0.08202416433072943 0.09083723137837312 0.09083723137836398
1729.94 23.640116928330343 -11.124425300980533 93.3979056378775 -911771.096930048 1.2324630790238864e-05 32.87382456638945 30.11015971270063 27.69322575030529 82.08493655694036 182.18700860540966 400.0 -0.032476178156147395 4.0176358841914555 5.1805988160841645 -0.04729017477585282 -39.899339889847305 3.34350326978203e-08 0.13838524996252533 0.06289789349684237 0.075487334164209 5.427262787555121 0.05451345781671282 0.08387179214581243 0.09282888970970585 0.09282888970969674
1758.98 23.665608095151917 -11.152612377887433 93.94855960526775 -910809.8719116182 1.2447360680126151e-05 33.09551818691034 30.241289916059273 27.78429022061452 81.65112518197034 181.85665047624002 400.0 -0.03373386700443995 4.1098157900013685 5.3112279662958235 -0.0483756953314232 -39.50384048205902 3.3525361055703656e-08 0.14149238642923914 0.06432692248158416 0.07716544163316454 5.558455087099224 0.055745918153617416 0.08574646827562171 0.0948559763986585 0.09485597639864833
1788.26 23.691642225292966 -11.181196612417189 94.49838474785858 -909833.7871388859 1.2576324851418141e-05 33.323006575118164 30.374244075512642 27.879304967074134 81.19196671200557 181.51863236889037 400.0 -0.03503223324983782 4.203682206140889 5.443701608044028 -0.049456348398696344 -39.09202678460737 3.3609277877206013e-08 0.14465942120930064 0.06578795125277154 0.0788714476284084 5.691220031845771 0.05701069416386628 0.08764872704543435 0.09691949659528233 0.09691949659527159
1817.79 23.71818536437136 -11.210193278247662 95.04755393935298 -908842.728505701 1.2706957920837187e-05 33.555202099037956 30.508974642631955 27.97723096572986 80.73476101639007 181.17335365997613 400.0 -0.03637277953219559 4.299271939248271 5.577971133308099 -0.050531977883858915 -38.66553134967255 3.3686400106486484e-08 0.1478881079186017 0.0672818899254359 0.08060619565084098 5.825522773689081 0.05830868776744772 0.08957942015115396 0.09902057192393077 0.09902057192391739
1847.55 23.74525392973467 -11.239584317705038 95.59582750768519 -907836.9546726906 1.284083937162462e-05 33.792412475929346 30.645318086763808 28.07854014861076 80.27060041407788 180.82055860160483 400.0 -0.037755774285962794 4.396538428193288 5.7138723273185885 -0.05160117166899078 -38.22621909144738 3.375633476760373e-08 0.15117738880081022 0.06880836430371268 0.08236900213998688 5.961212353253464 0.05963967833701127 0.09153771046379894 0.10115849726499977 0.10115849726498437
1877.56 23.772866756659575 -11.269392329373012 96.14363954550971 -906815.6098250685 1.2977447617916008e-05 34.03464244663316 30.783281374943193 28.183231468285538 79.80274682681876 180.4599569647719 400.0 -0.039183298542772374 4.495557396561785 5.85141097834762 -0.052664098240196515 -37.7754153862548 3.381881701858339e-08 0.15453034816964295 0.07036889481745337 0.08416143097971324 6.09830896594099 0.06100512892078975 0.09352521924885318 0.10333527961006164 0.10333527961004411
1907.81 23.800988661781684 -11.299611085044287 96.69081648886988 -905779.0217617009 1.3114570700293723e-05 34.281176901022775 30.922723843066432 28.290731116931426 79.34281319727843 180.09196281973308 400.0 -0.0406560203940979 4.596299514473319 5.990445784091348 -0.05371996565342644 -37.314898917136766 3.3873546122346144e-08 0.15794652332316328 0.07196333403534012 0.08598316689944054 6.236686787018532 0.062405025696953664 0.09554149762620959 0.10555063822376497 0.1055506382237459
1938.3 23.82975083372718 -11.330240098381449 97.2376705449458 -904726.2020744071 1.3258825799826886e-05 34.534034517767964 31.063600879031902 28.403103382357248 78.85690104607713 179.71480862456792 400.0 -0.04217536431950965 4.698801681343726 6.130931135410717 -0.05476793556889114 -36.84592977654819 3.392032411552082e-08 0.1614276919835966 0.0735926236763784 0.08783504590230103 6.3763135302914815 0.0638403908681057 0.09758730111549088 0.10780573592098215 0.10780573592096035
1969.03 23.859084043531087 -11.361284220534433 97.78412642055847 -903657.4028821079 1.3405599773682518e-05 34.79187154425045 31.205802795644498 28.51911482417528 78.36941423421314 179.3293474182332 400.0 -0.04374244031217514 4.803056236039054 6.272756720075167 -0.05580778072137464 -36.370128131125426 3.3958945274619006e-08 0.16497412898891275 0.07525691849861764 0.08971718806828717 6.5170955127434596 0.06531143126104356 0.09966269772786918 0.11010080486346624 0.11010080486344055
2000.0 23.888941579143452 -11.392747114988456 98.33014872759072 -902572.6916936517 1.3552111799412945e-05 35.05379146185659 31.349226374112156 28.63797277510859 77.89381274772666 178.9361414627615 400.0 -0.04535840362765506 4.909058229780706 6.415818686747996 -0.056839256695835165 -35.88899065771644 3.398925645465095e-08 0.16858619583179607 0.07695641056725645 0.09162976282493791 6.6589450187240855 0.0668183871590415 0.1017678086727546 0.11243614404455568 0.11243614404452765
