#Found quasiharmonic mode : None
#T(K), volume, F(eV), S(J/K), H(J/K), a(-6/K), Cp(J/mol), Cv, Cpion, Bt(GPa), T_ph-D(K), T-D(K), F_el_atom, S_el_atom, C_el_atom, M_el, Seebeck_coefficients(μV/K), Lorenz_number(WΩK^{−2}), Q_el, Q_p, Q_e, C_mu, W_p, W_e, Y_p, Y_e
0.0 31.838859389058438 -0.29939068409245434 0.0 -28886.809588294458 0.0 0.0 0.0 0.0 7.396038098059276 400.0 400.0 0.0 0.0 0.0 0.0 0.0 2.443004551768e-08 0.0 0.0 0.0 0.0 0.0 0.0 0.0 0.0 0.0
0.22 31.838859384095006 -0.29939068411467534 1.770030926407089e-05 -28886.809586544394 -4.716209865201641e-10 5.271089276214312e-05 5.2710892699689305e-05 5.2515880597005174e-05 7.39603810615948 73.31746425170135 400.0 -1.2350953181080533e-12 1.9501575255376476e-07 1.950121651379371e-07 0.3039523094216221 -791.0478535310597 2.4429818536650574e-08 7.129401216197428e-09 3.562535708128463e-09 3.556435477624266e-09 1.9503163296311173e-07 -4.716209865201641e-10 3.573536173420856e-09 3.5558650427765768e-09 4.941698868232026e-09 4.9417518915261236e-09
0.55 31.838859336974835 -0.2993906846177762 0.00027400730368772215 -28886.809488276293 -2.9202866687257265e-09 0.0008210472361791524 0.0008210472301927801 0.0008205597327566788 7.39603818496958 73.31749033976764 400.0 -2.4023585358842992e-12 4.875268374116369e-07 4.875034224735488e-07 0.3036543123572453 -984.0013554749465 2.442899505075687e-08 1.782311709192098e-08 8.9283192710271e-09 8.884367851181215e-09 4.875528350388431e-07 -2.9202866687257265e-09 8.966926321904748e-09 8.856190770016218e-09 1.2354087180646512e-08 1.2354139596827859e-08
1.01 31.838859015917055 -0.29939068958463694 0.0016947072575570963 -28886.808406555192 -1.353341840504237e-08 0.005082334113172657 0.0050823338770778275 0.005081439014418792 7.396038721214557 73.31746548633699 400.0 -5.698627039080219e-12 8.952288898971366e-07 8.950987538654042e-07 0.3031698010670231 -1111.0084810022263 2.4426573751115718e-08 3.272803955688687e-08 1.643422746326097e-08 1.6283382345210425e-08 8.952631217853612e-07 -1.353341840504237e-08 1.65507973050191e-08 1.6177242251867762e-08 2.2685790280550204e-08 2.268584319178235e-08
1.59 31.838857436447856 -0.29939071709071896 0.006610251536730772 -28886.802261843037 -4.829473112774506e-08 0.019835205000734536 0.01983520026762182 0.01983379633106501 7.396041360621642 73.30667372483758 400.0 -1.2624811728761924e-11 1.4091676823805036e-06 1.4086696695252423e-06 0.3025005506755875 -1202.953205366931 2.4421468701562577e-08 5.151681176090427e-08 2.5940931711431888e-08 2.5565450785620586e-08 1.4092093114463048e-06 -4.829473112774506e-08 2.6221333622267713e-08 2.529547813863657e-08 3.571055600702794e-08 3.571060913729861e-08
2.29 31.83885152134878 -0.2993908251980225 0.01985833575000671 -28886.777727323202 -1.3913463315849733e-07 0.06064277111653601 0.060642714537350144 0.06064074343146449 7.396051245532041 72.74376082288843 400.0 -2.5097157046560158e-11 2.029153671683105e-06 2.0276850715224468e-06 0.30162149806526367 -1282.702139449843 2.4412418259516507e-08 7.418247082377228e-08 3.747605419055388e-08 3.669598829458179e-08 2.0292135662737647e-06 -1.3913463315849733e-07 3.8051512451446577e-08 3.613095837232563e-08 5.1424884496285605e-08 5.142493734756547e-08
3.11 31.838834386766745 -0.29939117171146645 0.05249411780632167 -28886.69337967041 -3.063854894013172e-07 0.17627619904240605 0.17627582643718187 0.17627344772535822 7.396079878044617 69.2223510308002 400.0 -4.5425867934961294e-11 2.7548475949279825e-06 2.751317047815964e-06 0.3005408867078065 -1346.1761828287392 2.4398910046127694e-08 1.007121357980354e-07 5.10706310999194e-08 4.963107799384814e-08 2.75507250781036e-06 -3.063854894013172e-07 5.2127022149716833e-08 4.858511364831865e-08 6.982214769529564e-08 6.982220042657073e-08
4.05 31.838800381804162 -0.2993921852780204 0.13468876096706509 -28886.40894120046 -4.138394185660379e-07 0.5059632885232394 0.5059624032572673 0.5059597099279299 7.396136702126576 63.420366326107995 400.0 -7.631175317148612e-11 3.585770502624984e-06 3.5785953094411815e-06 0.29925108682250945 -1399.2250608207455 2.4381898247311184e-08 1.3108610721865428e-07 6.6758356171949e-08 6.431732695860062e-08 3.586813008893769e-06 -4.138394185660379e-07 6.854516958796927e-08 6.254093763068493e-08 9.089214769361136e-08 9.089220169789977e-08
5.11 31.838771186963722 -0.29939496653531333 0.3270801362385417 -28885.551401719815 -3.979254494066088e-08 1.2456705495602591 1.2456705392330771 1.2456660409695337 7.396185487710847 59.081466115940884 400.0 -1.208424432438348e-10 4.521521692400644e-06 4.508590725432695e-06 0.2977191372619525 -1451.0994447862213 2.4362356079614146e-08 1.652848772559269e-07 8.457854592517294e-08 8.069591067584306e-08 4.524975937329514e-06 -3.979254494066088e-08 8.741728172488358e-08 7.786759553104334e-08 1.1462597533040447e-07 1.1462602804573166e-07
6.29 31.838835108258927 -0.2994018049599606 0.7050492402430422 -28883.447829168133 1.3672836683819977e-06 2.5010794757747625 2.5010644678721854 2.5010739351391065 7.396078671832704 56.85884224679504 400.0 -1.8252127338816648e-10 5.562328476537386e-06 5.540635656335862e-06 0.29598882012384653 -1495.0578579512198 2.4339559393831582e-08 2.033098749470948e-07 1.0458634427824462e-07 9.871311300001794e-08 5.570976041933953e-06 1.3672836683819977e-06 1.0887879751481725e-07 9.443107743227753e-08 1.4103049077832597e-07 1.410305433252398e-07
7.6 31.83917013845545 -0.29941661499204636 1.333256896196013 -28879.178787342677 4.1951617714983125e-06 4.235006786548505 4.234836086039955 4.2350001030665565 7.3955188127728775 55.92436302659589 400.0 -2.660121054776448e-10 6.7186431618262295e-06 6.683481949156617e-06 0.29407432582726706 -1533.3848990024087 2.4310873583337765e-08 2.4553522587360543e-07 1.270406534356582e-07 1.184841546155701e-07 6.736606596271281e-06 4.1951617714983125e-06 1.3329461194607444e-07 1.1224061392753081e-07 1.7037338404588404e-07 1.703734368171422e-07
9.02 31.840014043566335 -0.2994443351105855 2.227008057565772 -28871.898511918178 8.405177220803535e-06 6.265435978206883 6.2646228617136535 6.265428057231901 7.394108528048915 55.642329131467584 400.0 -3.745819236616525e-10 7.976468015792653e-06 7.920974982309533e-06 0.2920452773583558 -1566.9617482549795 2.427383027785048e-08 2.914418556171042e-07 1.517303460521067e-07 1.3970108472028024e-07 8.009173154987255e-06 8.405177220803535e-06 1.6052511251100672e-07 1.3091674310609736e-07 2.023042894929032e-07 2.023043425823612e-07
10.57 31.841648230483475 -0.2994915613019109 3.3901104127484554 -28860.709292289466 1.3747328158028844e-05 8.439623477299989 8.437075321887836 8.43961420395339 7.391377327205335 55.65551783901512 400.0 -5.149575014167363e-10 9.359387571457298e-06 9.273346599054212e-06 0.2899008511193273 -1598.9568839696706 2.422552783979749e-08 3.4188089841230823e-07 1.7918474515685232e-07 1.6268571049337569e-07 9.41443816165873e-06 1.3747328158028844e-05 1.912514231771371e-07 1.5062947523517115e-07 2.3742930135512736e-07 2.3742935474885006e-07
12.23 31.8443007656545 -0.2995644241738263 4.776354730849064 -28845.1581393899 1.9700697169820756e-05 10.576192614329077 10.570140884193325 10.576181887341283 7.386943491820888 55.788542962625066 400.0 -6.913123949370874e-10 1.0857048927645695e-05 1.0726987793480938e-05 0.28770752934913396 -1629.2630746358652 2.41650882983424e-08 3.9646147545094514e-07 2.0927042546397185e-07 1.8718057553803984e-07 1.094458249688521e-05 1.9700697169820756e-05 2.2542992308134257e-07 1.7103155236960262e-07 2.7549473603657823e-07 2.754947895307198e-07
14.02 31.84820465670708 -0.2996707509140217 6.359367929992862 -28824.67359021068 2.588205127066497e-05 12.592695468993321 12.580730691294514 12.592683165678535 7.380416427210004 55.956877436071366 400.0 -9.12565977858388e-10 1.2495623934811003e-05 1.2303314786635593e-05 0.28543841862782016 -1660.708954392204 2.4091076693910773e-08 4.5611832251067017e-07 2.425917410127496e-07 2.1351605965386822e-07 1.263018290539253e-05 2.588205127066497e-05 2.638635962797413e-07 1.922547262309286e-07 3.17176341731928e-07 3.1717639434653805e-07
15.93 31.853487609846464 -0.2998170359568409 8.085426838955112 -28799.145439985223 3.189532708302288e-05 14.413588386187943 14.392964005079135 14.413574389952077 7.3715807543654925 56.11996997675054 400.0 -1.1853491280845412e-09 1.4273494419729025e-05 1.3996235865661808e-05 0.28321359265631474 -1687.0131182958962 2.4003846982533888e-08 5.207652491050882e-07 2.792047425053354e-07 2.4154992217977424e-07 1.4475002050006303e-05 3.189532708302288e-05 3.0675085608570793e-07 2.1401439301938048e-07 3.6244433033187465e-07 3.62444381724911e-07
17.95 31.860197095543572 -0.30000880582913897 9.903148469883314 -28768.68775431466 3.7478241848891685e-05 16.007106988984745 15.975061753409832 16.007091191996004 7.360354414613053 56.26071034109968 400.0 -1.5162120870636737e-09 1.6186215297503943e-05 1.579698874256418e-05 0.2810803081319689 -1701.2155512443433 2.3904696106514145e-08 5.902047147688481e-07 3.191066366324757e-07 2.7108741865738696e-07 1.6481579185330982e-05 3.7478241848891685e-05 3.542259164081462e-07 2.3597879836070216e-07 4.111957882844591e-07 4.111958407938237e-07
20.1 31.868436784111882 -0.3002541312223448 11.79422894587286 -28733.055569577955 4.256224859663358e-05 17.389652007029284 17.343447599069655 17.389634286780527 7.3465603680488645 56.37537192411749 400.0 -1.917200070110248e-09 1.825433159699354e-05 1.7720248754061904e-05 0.2789320638135236 -1619.599174797813 2.379429210465913e-08 6.651331878841141e-07 3.6282456585443824e-07 3.022978782417441e-07 1.8681323522202954e-05 4.256224859663358e-05 4.0707324412791385e-07 2.5805994375619997e-07 4.639631431144922e-07 4.6396319377221386e-07
22.37 31.878179896533098 -0.30055790825032475 13.720019192258789 -28692.512769494246 4.7077507958465346e-05 18.568168524575505 18.50537744108681 18.56814877444 7.330238969857671 56.46326881120052 400.0 -2.395773814751465e-09 2.0465558264074215e-05 1.9750135505566216e-05 0.27711731957420166 -1577.2507307296592 2.3675697412223035e-08 7.450388020950639e-07 4.102054860994586e-07 3.348224843123032e-07 2.107448211408791e-05 4.7077507958465346e-05 4.652849213788998e-07 2.7975388071616413e-07 5.204381826545288e-07 5.204382339921283e-07
24.77 31.889457717412736 -0.3009270927938072 15.665374048572712 -28647.019176933405 5.10536272632148e-05 19.569127795186436 19.48754167256694 19.569105910695935 7.311332495544198 56.526860130410554 400.0 -2.9632627708470566e-09 2.2821600860644762e-05 2.188449049700303e-05 0.2753545083554281 -1586.1979770800936 2.3551819860253722e-08 8.298957910228461e-07 4.613940076714826e-07 3.6849086608853475e-07 2.3680171845166393e-05 5.10536272632148e-05 5.292288347641309e-07 3.006669562587152e-07 5.806632852976935e-07 5.806633362905475e-07
27.28 31.902146633335395 -0.3013635175777842 17.596699787944843 -28597.121112128832 5.4502687174143726e-05 20.409105806282906 20.306959290014586 20.409081715880273 7.290042240369338 56.56853967495368 400.0 -3.623162706786629e-09 2.5288917631086997e-05 2.4090402631364506e-05 0.2735175349550349 -1606.7776854864892 2.3427702408383136e-08 9.183874760409805e-07 5.157620174503058e-07 4.026144656000594e-07 2.648238927981639e-05 5.4502687174143726e-05 5.983129460381323e-07 3.2007453000284847e-07 6.437706193638917e-07 6.4377066895952e-07
29.91 31.916257578549025 -0.30187315059084785 19.509622583119235 -28542.798381407636 5.750168100792505e-05 21.11663639263493 20.99232847619952 21.116610035038455 7.266343408280208 56.59151336489639 400.0 -4.384804919900627e-09 2.785740546972643e-05 2.635759647250801e-05 0.2716505468825533 -1629.124384567734 2.330703578666682e-08 1.0100208861007976e-06 5.731755391581303e-07 4.3683429476678996e-07 2.949437116288903e-05 5.750168100792505e-05 6.725568291567036e-07 3.374640569440943e-07 7.09480163018788e-07 7.094802111123678e-07
32.66 31.931756108171868 -0.30246018536342667 21.3951500551681 -28484.205837065198 6.0112571684694026e-05 21.713314628511526 21.56543144947875 21.71328596598988 7.2402867438967276 56.59836780401958 400.0 -5.253546829497316e-09 3.0500962142415774e-05 2.866252164717283e-05 0.26989634495423076 -1647.0619707232545 2.319379099865446e-08 1.1037081492643388e-06 6.331331667838553e-07 4.705638947496753e-07 3.271420936389994e-05 6.0112571684694026e-05 7.515078226982294e-07 3.522003265661091e-07 7.770907237662404e-07 7.770907717304057e-07
35.54 31.94867003402626 -0.3031309413178802 23.253387387393985 -28421.264161155923 6.240215253498677e-05 22.219504782277895 22.04667941026353 22.21947379759251 7.211817692614148 56.591265610687216 400.0 -6.235940513832125e-09 3.3196365132454015e-05 3.098468538392998e-05 0.2681382331169137 -1664.2204684993 2.3090894116937783e-08 1.1984445195119055e-06 6.951812666164721e-07 5.032521601933763e-07 3.614564732748801e-05 6.240215253498677e-05 8.347660646102258e-07 3.636784549016804e-07 8.45962885291692e-07 8.459629321417274e-07
38.53 31.966853747126017 -0.3038843918980357 25.06743940051265 -28354.53803826446 6.440861811846543e-05 22.647692500131736 22.448819566328613 22.64765922614173 7.18117321986848 56.572094904211156 400.0 -7.325049242682525e-09 3.588600607204947e-05 3.327399000819011e-05 0.26616793946542894 -1685.9859176688117 2.3001168343275917e-08 1.2920120916633456e-06 7.580474300689542e-07 5.339536011195188e-07 3.974770658704971e-05 6.440861811846543e-05 9.208020303591223e-07 3.7121006130422317e-07 9.145698019396232e-07 9.145698473063759e-07
41.65 31.986405273731368 -0.30472897131206905 26.847085444866135 -28283.694894852262 6.619340401168172e-05 23.014203891646442 22.788052776392625 23.014168386362872 7.148179505216067 56.542237946269715 400.0 -8.524146160658054e-09 3.8542439985135305e-05 3.550528357004991e-05 0.2641002780691304 -1708.0289861337417 2.2924627718510476e-08 1.383255120908565e-06 8.21130568737371e-07 5.621135674459811e-07 4.3515354635425646e-05 6.619340401168172e-05 1.0089548659740723e-06 3.7430025493449194e-07 9.821505332124303e-07 9.821505774264773e-07
44.89 32.00724628500058 -0.30566544729047646 28.584906768926675 -28209.055734572856 6.779059101561255e-05 23.328636610698567 23.07408227373376 23.328598987740254 7.112959427309656 56.50296361718831 400.0 -9.820954517326907e-09 4.1104572237536244e-05 3.7622958313292775e-05 0.26216758185272265 -1724.8570794320976 2.2860499319917546e-08 1.4698696483502798e-06 8.83016169397905e-07 5.868426189616321e-07 4.7392237627401964e-05 6.779059101561255e-05 1.097400092290253e-06 3.724695560600256e-07 1.04708832406448e-06 1.0470883663994667e-06
48.25 32.029363522759596 -0.3066968370523706 30.280594175377615 -28130.707514189533 6.923542631317582e-05 23.600188244807406 23.31609919218997 23.600148673226645 7.07552580205097 56.45525028829544 400.0 -1.120120749435668e-08 4.3514289859048145e-05 3.957158076084977e-05 0.26025459615812313 -1739.6378310992113 2.2805886104195266e-08 1.5497014560396644e-06 9.423296313334765e-07 6.073611432138837e-07 5.131569195412667e-05 6.923542631317582e-05 1.18429787333619e-06 3.6540358270347336e-07 1.1078538710391809e-06 1.1078539142281633e-06
51.72 32.05268097265323 -0.30782267514172235 31.92983128701524 -28048.962170951523 7.055406713585959e-05 23.83578368761809 23.5210914199977 23.83574240406235 7.035997474944507 56.40004200115741 400.0 -1.26401426098305e-08 4.570173283125018e-05 4.128355573606128e-05 0.258105140803443 -1757.5641312931386 2.275628243436999e-08 1.6202699345973115e-06 9.973831250628577e-07 6.228763635011741e-07 5.5191227843722195e-05 7.055406713585959e-05 1.2672767196001841e-06 3.52993214997127e-07 1.162641410724101e-06 1.1626414520645527e-06
55.32 32.07732977533505 -0.3090521843577191 33.542829797999175 -27963.41330574068 7.177917831766347e-05 24.042957587064052 23.69637624971409 24.042914888300167 6.994141525722426 56.3376321399086 400.0 -1.4118368839868133e-08 4.7610196039077034e-05 4.26987638821346e-05 0.25576744128260914 -1776.8186382176254 2.270517498516722e-08 1.6795852113288356e-06 1.046807934488392e-06 6.32767127603302e-07 5.893502694598277e-05 7.177917831766347e-05 1.3443887129587101e-06 3.35196498370125e-07 1.2099993637592572e-06 1.209999402627996e-06
59.04 32.10324466858335 -0.31038482213172314 35.115705369282914 -27874.351403383975 7.292793732600027e-05 24.226065292421254 23.846344013277687 24.226021556051418 6.9500573028725485 56.26865213348387 400.0 -1.5596166792305086e-08 4.91589082793358e-05 4.3736369833181694e-05 0.25337163700794985 -1794.8068127046124 2.2645088343100668e-08 1.7249650765265912e-06 1.0886188738911735e-06 6.363364129220189e-07 6.240601751235959e-05 7.292793732600027e-05 1.4127390013437272e-06 3.1222607518286445e-07 1.2479047130423855e-06 1.2479047504594218e-06
62.89 32.13050264116119 -0.31182692596831907 36.65354576915497 -27781.583022589763 7.402110537592855e-05 24.389699684097195 23.975433593619787 24.38965536503273 6.903601703087356 56.19327243487157 400.0 -1.7033156972923558e-08 5.02727161181071e-05 4.431906446515629e-05 0.25103386217266094 -1809.591422246334 2.2567029639662836e-08 1.7539926848619e-06 1.1209704398505214e-06 6.330128795952068e-07 6.54595952558808e-05 7.402110537592855e-05 1.46955010734031e-06 2.844425775215898e-07 1.2745080567421735e-06 1.2745080919622996e-06
66.85 32.15897189749983 -0.3133734237301648 38.149697012507154 -27685.631620900338 7.506840910733062e-05 24.53648830916749 24.08637896224591 24.536443942637494 6.854986876153904 56.1121663636922 400.0 -1.836910356731516e-08 5.086667504400509e-05 4.436652999415864e-05 0.24901046690087378 -1816.5025617820504 2.2461727833503768e-08 1.7641028235924787e-06 1.1417205858094652e-06 6.223733589041412e-07 6.790882009087467e-05 7.506840910733062e-05 1.511432910751993e-06 2.526699128404859e-07 1.2877621435461876e-06 1.2877621772382988e-06
70.93 32.188736563077505 -0.3150303218671052 39.60965452609777 -27586.292437682034 7.608605709407327e-05 24.669764762840547 24.18234249948871 24.669720953479867 6.804056356688927 56.025348872546026 400.0 -1.954650176061091e-08 5.086585093335906e-05 4.3809360679857624e-05 0.2470582491647273 -1802.42975560714 2.231865977634482e-08 1.7531149625772475e-06 1.148992315705044e-06 6.041143162028174e-07 6.957773799294001e-05 7.608605709407327e-05 1.535373216161795e-06 2.1774174641545253e-07 1.28589394400832e-06 1.2858939760357403e-06
75.14 32.219888993003565 -0.3168041803595997 41.03813898183984 -27483.350795904913 7.708793330620318e-05 24.792204971121713 24.265816640511073 24.79216238771671 6.750637777028296 55.93273972785775 400.0 -2.0497609688776654e-08 5.019275650776463e-05 4.2583405000737064e-05 0.24519355689518943 -1655.9068984938062 2.2126442984396056e-08 1.7188594843997152e-06 1.1408312933348013e-06 5.780204688118226e-07 7.027568817555643e-05 7.708793330620318e-05 1.5381807068330089e-06 1.8067877756670568e-07 1.267090394145396e-06 1.2670904245293614e-06
79.46 32.25230296430053 -0.3186887803741405 42.42979076765055 -27377.321642919174 7.807950615575362e-05 24.905246615946425 24.338324968034566 24.905205964576776 6.694932797347998 55.834869019089226 400.0 -2.1140896734558847e-08 4.878242248417295e-05 4.0651369649603306e-05 0.24374644518173458 -1372.384866589095 2.1874682702815133e-08 1.659758927512447e-06 1.1154984257858444e-06 5.442534408163394e-07 6.981159859682312e-05 7.807950615575362e-05 1.5168096077385895e-06 1.4294931977385715e-07 1.229879544223479e-06 1.2298795716173267e-06
83.91 32.28615426149829 -0.3206949950788982 43.792478879103484 -27267.73620666369 7.907460340594902e-05 25.01112621665316 24.40180727007047 25.011088231301198 6.636623604753668 55.73132812929003 400.0 -2.13967086092156e-08 4.6571382316490625e-05 3.7985351964155937e-05 0.24382111703633708 -1268.0097988386628 2.1550469245745492e-08 1.5742402660546148e-06 1.0713328303381128e-06 5.029010862375263e-07 6.80110063520418e-05 7.907460340594902e-05 1.4684248616792464e-06 1.0581540437536836e-07 1.1728069080574791e-06 1.1728069325942298e-06
88.47 32.32132050756439 -0.32281591410173327 45.12145577197677 -27155.10549358034 8.00771649261788e-05 25.11081959798337 24.45731086219925 25.110784988525815 6.57590430780803 55.62258542997788 400.0 -2.1178736754950665e-08 4.352897518817197e-05 3.460945755321765e-05 0.2438131908505794 -1297.09036433187 2.1143175335885885e-08 1.4619623016776637e-06 1.0073393866036357e-06 4.546173164982688e-07 6.47401068749263e-05 8.00771649261788e-05 1.3910003013582825e-06 7.09620003193799e-08 1.0952335359307593e-06 1.0952335602218499e-06
93.16 32.35798989612683 -0.3250628996109879 46.42390305016488 -27038.95102070303 8.109947229292741e-05 25.2060157544653 24.506200031788715 25.205985195254982 6.512432158040721 55.50813062937856 400.0 -2.0401992257497133e-08 3.962346717387576e-05 3.055921031889262e-05 0.24293943374200505 -1365.387440634391 2.0638517930543284e-08 1.3224376745993784e-06 9.225252112661739e-07 3.99907649377184e-07 5.9889160450190164e-05 8.109947229292741e-05 1.2826629221604774e-06 3.977475243890078e-08 9.964362442933225e-07 9.964362657070307e-07
97.97 32.39612421014738 -0.3274333946126581 47.69814842157731 -26919.532225519408 8.214689203918665e-05 25.297576174276866 24.549287367030576 25.29755023825778 6.4462537949761245 55.38813212303322 400.0 -1.8989042569801392e-08 3.487116688453971e-05 2.593601908690836e-05 0.24159108139707178 -1445.1057872233496 2.0024376266394058e-08 1.1567936945127237e-06 8.169330675413057e-07 3.398566189966867e-07 5.3432931997460645e-05 8.214689203918665e-05 1.1429859778293278e-06 1.3807716683396903e-08 8.76838258678689e-07 8.768382780731213e-07
102.9 32.435766492866705 -0.32992939221658674 48.94545746875728 -26796.859410631994 8.322664522082458e-05 25.386453506587518 24.587368799656552 25.386432623125547 6.377274181563226 55.26249054924006 400.0 -1.6876632180521195e-08 2.9318794386124392e-05 2.0883461975293814e-05 0.2401902772021643 -1521.821984545368 1.928740519646286e-08 9.6703075034793e-07 6.912959747336293e-07 2.757315825279439e-07 4.542387715448002e-05 8.322664522082458e-05 9.726611707462557e-07 -5.630420398325818e-09 7.375343249240949e-07 7.375343423464103e-07
107.95 32.47696480481364 -0.33255286098174686 50.16704612139863 -26670.940610475056 8.434664286986006e-05 25.47350870234995 24.621117604559405 25.47349310627761 6.305387898511977 55.13107579561442 400.0 -1.4025126727037676e-08 2.3057311747985882e-05 1.5596072337016312e-05 0.23823990168840092 -1588.547675562578 1.8413867229187722e-08 7.564527852319739e-07 5.473544528339021e-07 2.0909594885475347e-07 3.601596826506717e-05 8.434664286986006e-05 7.740195289798702e-07 -1.7566743747896885e-08 5.806261306316105e-07 5.806261468988802e-07
113.12 32.51977265468685 -0.3353057499869675 51.364081294453584 -26541.78177320966 8.551230798879803e-05 25.559467209870313 24.651105237183778 25.559456892397677 6.230478177522271 54.99372559970409 400.0 -1.0430659824031225e-08 1.6230449076919628e-05 1.0317472636497735e-05 0.2346480549919026 -1542.0716743687337 1.7389707441826843e-08 5.29898442374547e-07 3.880786381758212e-07 1.4181820871433983e-07 2.5481227699900183e-05 8.551230798879803e-05 5.512766340359622e-07 -2.1378191661414762e-08 4.094322354187242e-07 4.094322494600293e-07
118.41 32.56424952706254 -0.3381899938806434 52.537682439773754 -26409.38690154104 8.673935667562284e-05 25.64520687317464 24.67781833941982 25.64520154033841 6.15241574771899 54.85024751435133 400.0 -6.140439401738877e-09 9.043539350440931e-06 5.332836234094751e-06 0.2338255876655565 -1072.1817935795143 1.6200761131514975e-08 2.9399126116087863e-07 2.1791620177142424e-07 7.607421234285948e-08 1.4222812051076971e-05 8.673935667562284e-05 3.1079565979739997e-07 -1.6804398636521798e-08 2.2872315927676026e-07 2.2872317322698013e-07
123.82 32.61046148114511 -0.3412075179822978 53.68892372556171 -26273.75815866383 8.800617190969963e-05 25.730776227961726 24.70167265831284 25.730775274420097 6.071439440624827 54.70041596498382 400.0 -1.2717176926764298e-09 1.7723765514803474e-06 9.535416300981538e-07 0.23592323423307765 -397.41496093905016 1.4835009770591964e-08 5.74068100022646e-08 4.30673609179587e-08 1.4339290573833442e-08 2.7824395768802237e-06 8.800617190969963e-05 6.163471108498794e-08 -4.227901082723813e-09 4.498312956146986e-08 4.498314302651228e-08
129.36 32.65851739632459 -0.3443211076362368 54.821103521966975 -26130.278474606926 8.914898421386161e-05 25.81528886059286 24.72293131188003 25.815291380342565 6.00263770977017 54.55978866179203 400.0 3.9839927402174706e-09 -5.253098222909669e-06 -2.5197497067245294e-06 0.24074757515144024 -61.78586188083907 2.443004551768e-08 -1.6964807558662518e-07 -1.288229559356726e-07 -4.0824670050235695e-08 -8.19882789562143e-06 8.914898421386161e-05 -1.8488696320364033e-07 1.5238887617014254e-08 -1.3393444427865564e-07 -1.3393443234984736e-07
135.01 32.70819543890539 -0.34754958339940284 55.93078122256926 -25982.222209599946 9.021416960369136e-05 25.89842140054425 24.741926029468768 25.898426280071387 5.937155912094002 54.419139913789905 400.0 9.435074125201295e-09 -1.176366910850712e-05 -4.8795271322072234e-06 0.24703420166637835 -4.899562985612092 2.443004551768e-08 -3.7909246989019954e-07 -2.9139436490157643e-07 -8.769713897503613e-08 -1.8179348607791895e-05 9.021416960369136e-05 -4.1913553374358754e-07 4.004306385338901e-08 -3.0164697352652736e-07 -3.0164695987136565e-07
140.79 32.75972500179318 -0.35092061818391923 57.022708677193364 -25830.465238569104 9.135637565235353e-05 25.983497818919105 24.759031434908973 25.98350385501813 5.86899413076655 54.27268638659568 400.0 1.4965697767465672e-08 -1.763055447923397e-05 -6.0360990268575e-06 0.25349850367675975 -23.402915461481467 2.443004551768e-08 -5.674279365519609e-07 -4.4158706069616537e-07 -1.2583948306357459e-07 -2.6853433918771606e-05 9.135637565235353e-05 -6.36158382722916e-07 6.87304461709553e-08 -4.552648160728234e-07 -4.5526480090260817e-07
146.68 32.81299463348401 -0.3544243377969562 58.09399849226184 -25675.522244905424 9.255004108610388e-05 26.06998839149101 24.77441455710289 26.069994336708447 5.798274289738648 54.12071328070943 400.0 2.039983391494059e-08 -2.2690154922622038e-05 -5.945217439237266e-06 0.25971841630675324 -80.56199364086102 2.443004551768e-08 -7.300091634430586e-07 -5.752999571621806e-07 -1.547074766843348e-07 -3.389217508485599e-05 9.255004108610388e-05 -8.29648927905863e-07 9.963976446280419e-08 -5.908610535306356e-07 -5.908610374235309e-07
152.7 32.86825883369724 -0.35807442473460394 59.14915045245608 -25516.854520106164 9.381389094928114e-05 26.158861813503794 24.788324233975796 26.15886644959522 5.724631071228529 53.96245703777766 400.0 2.5576294502104655e-08 -2.6828119270057516e-05 -4.636091424862591e-06 0.2654740037226615 -160.1452969333843 2.443004551768e-08 -8.636889716112641e-07 -6.894927736322363e-07 -1.7419421852844742e-07 -3.907910799151818e-05 9.381389094928114e-05 -9.949247817875615e-07 1.3123581017629746e-07 -7.056143046797901e-07 -7.056142870479242e-07
158.84 32.92550900517633 -0.36186677522441457 60.187144195136284 -25354.710006765585 9.515168272408123e-05 26.250399436029873 24.800903738712574 26.25040165420922 5.648045630089692 53.79789717998798 400.0 3.0285614429267265e-08 -2.9921384085876277e-05 -2.2181793450662724e-06 0.2705755860856728 -246.7369393682424 2.443004551768e-08 -9.648980760154095e-07 -7.806186267878363e-07 -1.8427730493209858e-07 -4.223871022725941e-05 9.515168272408123e-05 -1.126554548756163e-06 1.6165647274075312e-07 -7.96204711305004e-07 -7.962046907283195e-07
165.09 32.98473923672762 -0.36579683943157054 61.20717951631537 -25189.336274652895 9.65703589863555e-05 26.344969141611934 24.812284772031617 26.344968037756157 5.568494593871035 53.62700214617187 400.0 3.4305271203279416e-08 -3.1878396225798484e-05 1.1038557756617893e-06 0.2748244514327565 -292.19393381696113 2.443004551768e-08 -1.0308774302644615e-06 -8.456037048316522e-07 -1.852714980891858e-07 -4.330493005933224e-05 9.65703589863555e-05 -1.2196896542970664e-06 1.8881222403260593e-07 -8.598039058229635e-07 -8.598038829299974e-07
171.47 33.04623823172649 -0.3698789993806976 62.213296030171946 -25020.1842291663 9.808411338134213e-05 26.443403992661892 24.822633419607723 26.44339894164835 5.485555489533959 53.44888195360024 400.0 3.741982983036476e-08 -3.264657580689967e-05 5.051013544290056e-06 0.27900671811921673 -193.16288227036574 2.443004551768e-08 -1.0598983300678455e-06 -8.820994448039985e-07 -1.7779665245935772e-07 -4.2324352183968414e-05 9.808411338134213e-05 -1.2705732149706589e-06 2.1067488490281407e-07 -8.943049531690864e-07 -8.943049248263673e-07
177.97 33.110022227934714 -0.374108844637741 63.2045889640487 -24847.495425970177 9.970192351420754e-05 26.54613385268848 24.832043989650092 26.54612461198892 5.399167834326759 53.26342342028962 400.0 3.938865724525421e-08 -3.219945393867702e-05 9.240699561367164e-06 0.2839141148222407 -2.6589533036411197 2.443004551768e-08 -1.0507931839410874e-06 -8.879892686479357e-07 -1.6280175019481225e-07 -3.945427933252792e-05 9.970192351420754e-05 -1.276387732581904e-06 2.255945486408174e-07 -8.978356922910853e-07 -8.978356607900277e-07
184.6 33.176315034705745 -0.37849488878353965 64.18324856413838 -24670.977365062347 0.00010143929065674324 26.653960071859913 24.840628305805325 26.653946848119084 5.308986335520196 53.06990107124291 400.0 3.9981716907420185e-08 -3.0553176288769326e-05 1.3223740830032245e-05 0.289840424581319 121.52451299227603 2.443004551768e-08 -1.0035072818194892e-06 -8.619318189181459e-07 -1.415734336311826e-07 -3.4966305518568774e-05 0.00010143929065674324 -1.2356961178312312e-06 2.3218883601174263e-07 -8.692831215670422e-07 -8.692830844224605e-07
191.34 33.245054278649214 -0.3830257747298475 65.14704784843866 -24491.132950009393 0.00010330584324166892 26.767269382098963 24.848448090995696 26.767252906152418 5.215050603506845 52.86841457140516 400.0 3.898201207864672e-08 -2.7778468933102785e-05 1.647594654601123e-05 0.296617599985101 162.53834594085905 2.443004551768e-08 -9.194666510601917e-07 -8.035881963575844e-07 -1.1587662296086207e-07 -2.9265319214718466e-05 0.00010330584324166892 -1.1486342869410184e-06 2.2916763588082546e-07 -8.085307348181197e-07 -8.085306910133184e-07
198.2 33.31649356339583 -0.38770997592303774 66.09819985506878 -24307.662581896868 0.00010532151127836949 26.887029306483086 24.855594056393514 26.887010841527328 5.116965283369723 52.65812933896997 400.0 3.6204850271868927e-08 -2.3988320170725423e-05 1.8464955755512827e-05 0.3036580806625879 163.34042332006354 2.443004551768e-08 -8.01287210939875e-07 -7.135351959253164e-07 -8.77504358946773e-08 -2.2831353940042763e-05 0.00010532151127836949 -1.0165088325889841e-06 2.1522162164910903e-07 -7.163423899930752e-07 -7.163423406079098e-07
205.18 33.390807551981325 -0.392549451052691 67.03741228260715 -24120.527906197243 0.00010750680841365427 27.01416939044523 24.862134238476916 27.014150725775018 5.01443565777588 52.438426025607455 400.0 3.150814311851265e-08 -1.934716921739972e-05 1.8664670208498663e-05 0.3109200931647881 160.52505862805828 2.443004551768e-08 -6.531202134033522e-07 -5.935241058644977e-07 -5.9594828520642866e-08 -1.6218514274632058e-05 0.00010750680841365427 -8.424209262825878e-07 1.8930071287923512e-07 -5.946305891181047e-07 -5.946305340446517e-07
212.29 33.46830509545519 -0.3975533062184801 67.96668174376276 -23929.41591851072 0.00010988967989719827 27.14997172966667 24.8681369380656 27.14995512297878 4.9069735025061 52.208269883054214 400.0 2.4803276722528325e-08 -1.4060216971335949e-05 1.660668788980504e-05 0.3184360986805759 160.5296765732266 2.443004551768e-08 -4.804283888256741e-07 -4.463903550853878e-07 -3.4037094201848e-08 -1.0004665559717039e-05 0.00010988967989719827 -6.31092978533455e-07 1.5066458970778181e-07 -4.4635577406615317e-07 -4.463557130697698e-07
219.51 33.54899552406781 -0.4027095534765189 68.88411098696506 -23734.81381233013 0.00011249293645901452 27.295341933156145 24.87363896210814 27.295329979103084 4.794497806640485 51.96749698107809 400.0 1.6119050189980076e-08 -8.40000163871963e-06 1.1954053063425713e-05 0.32622330437601277 160.9316114703812 2.443004551768e-08 -2.9101078370301674e-07 -2.7706057324121575e-07 -1.3949639038449684e-08 -4.779703361141088e-06 0.00011249293645901452 -3.8998766712749696e-07 9.897688342447997e-08 -2.765337891468677e-07 -2.7653372280206424e-07
226.86 33.633364707878265 -0.40803465043275294 69.79297580993303 -23536.124271230867 0.00011535985428025768 27.4522335325345 24.87870363442708 27.452228993149173 4.676254770794135 51.71450126022684 400.0 5.557742081578697e-09 -2.6465217222729553e-06 4.539385325805326e-06 0.3343176161339338 161.75621372684813 2.443004551768e-08 -9.321269413233653e-08 -9.117863438180453e-08 -2.0338748375813315e-09 -1.033725178463265e-06 0.00011535985428025768 -1.277134998380323e-07 3.45008057056963e-08 -9.084775930197686e-08 -9.084768740322169e-08
234.33 33.72160750200749 -0.41348135345982356 70.7070260514729 -23326.108299356547 0.00011853151833059789 27.622349066079607 24.88337195335983 27.622354591675244 4.551883462055457 51.44603492994426 400.0 -6.592899704857419e-09 2.869217484212459e-06 -5.5255956359314716e-06 0.34273221163809653 162.45315893873484 -4.818459478274354e-08 1.0241946001333882e-07 1.0318660149018348e-07 -7.673478682809713e-10 8.499183661814528e-07 0.00011853151833059789 1.4373509066271362e-07 -4.131563064937563e-08 1.0264270840889594e-07 1.0264278586119001e-07
241.92 33.81408203375519 -0.41905365520488774 71.6265292766402 -23104.641135938768 0.00012206379250068377 27.808035365569058 24.887681664376785 27.80805316182966 4.4207804648821725 51.1608829427678 400.0 -1.9863150038984445e-08 7.810189796106147e-06 -1.7796260603250317e-05 0.3514928614175927 162.79989877101195 -5.588480824555881e-08 2.844111278303269e-07 2.9632237863237727e-07 -1.191183782629316e-08 6.903127074361235e-07 0.00012206379250068377 4.104979400678065e-07 -1.2608681223747928e-07 2.942928086215723e-07 2.9429289094585376e-07
249.62 33.91108495340276 -0.42478332286304377 72.53882473988122 -22878.21855390882 0.0001260222467285947 28.011966456881 24.891658123889055 28.011997854346465 4.282413500134926 50.86004029168224 400.0 -3.351987246515465e-08 1.1838023158429177e-05 -3.139746546271372e-05 0.3606147279209574 162.88436873808718 -6.369273800827394e-08 4.402671330398413e-07 4.7627508033407956e-07 -3.600888529115258e-08 -1.4313575152222251e-06 0.0001260222467285947 6.560192529302454e-07 -2.157521198904047e-07 4.722855832225551e-07 4.722856677796232e-07
257.45 34.01337813382999 -0.4306875835662449 73.44735685538168 -22646.012517931384 0.0001305094954002063 28.23848828561012 24.895344384909972 28.23853331167474 4.135564268029762 50.540842217153056 400.0 -4.65689518716837e-08 1.465261337657011e-05 -4.502606462089758e-05 0.3701531958950596 162.86786214093317 -7.210499739037516e-08 5.577122935535666e-07 6.295675879440956e-07 -7.185653193001809e-08 -5.127443805317173e-06 0.0001305094954002063 8.619541612245348e-07 -3.042418676709676e-07 6.233502790421342e-07 6.233503665482592e-07
265.41 34.12159875877774 -0.436769258918288 74.35326830659515 -22407.72606528387 0.00013564842556219804 28.492627809376817 24.89876956164061 28.492684603572858 3.979159640146799 50.20093072699747 400.0 -5.756465713764709e-08 1.59834791787389e-05 -5.679419603989186e-05 0.3801502503028247 162.72705896976734 -8.12752353477e-08 6.241044989554896e-07 7.395825190017259e-07 -1.1547947707817882e-07 -9.646234910968809e-06 0.00013564842556219804 1.0064451424715473e-06 -3.823406435160579e-07 7.311764795601803e-07 7.311765635803776e-07
273.48 34.23624745088892 -0.44301582324695027 75.25568647764206 -22163.603702491666 0.00014159582089130505 28.780706642066644 24.901953635961593 28.78077083928208 3.812291617867243 49.838293044345505 400.0 -6.449596054073996e-08 1.5632461464933362e-05 -6.419721543541668e-05 0.3906303307804786 162.5167245727282 -9.132986468706215e-08 6.277908325187133e-07 7.865738635050493e-07 -1.5878459066474815e-07 -1.383224024570838e-05 0.00014159582089130505 1.0639148962490996e-06 -4.3612406373038585e-07 7.764544962939832e-07 7.764545787571227e-07
281.67 34.35843503999683 -0.4494379294356267 76.15742828899457 -21912.905062760474 0.00014857413790875256 29.111553427478093 24.904928282120547 29.111617593419734 3.6331221167971415 49.44887547670406 400.0 -6.465885358514913e-08 1.35040275833678e-05 -6.416594164091499e-05 0.40166695014698506 162.34491734927096 -1.0245774580616872e-07 5.593341915645031e-07 7.475085074790082e-07 -1.8817581429467952e-07 -1.617109947978503e-05 0.00014857413790875256 1.004854237675928e-06 -4.455200461114255e-07 7.36745844339454e-07 7.367459147338123e-07
289.98 34.489431380921204 -0.45603906209400574 77.06054733090599 -21655.06285081733 0.00015697521095144873 29.501884854913893 24.90771980357384 29.501937861430314 3.4395129692466453 49.02794259603534 400.0 -5.4291034413000424e-08 9.621906199638232e-06 -5.3006516418220924e-05 0.4133428093833116 162.10793460347995 -1.1484429393286875e-07 4.122222544948167e-07 5.940787540133292e-07 -1.818577087093952e-07 -1.4831084410837731e-05 0.00015697521095144873 7.934611427428077e-07 -3.8123888824799106e-07 5.845794644298573e-07 5.845795191589614e-07
298.42 34.631112195993374 -0.4628314057382918 77.96874692337268 -21389.008441352686 0.0001671087891751587 29.960055413878706 24.91035722110415 29.9600818284513 3.2283384611490376 48.56856560509111 400.0 -2.804339956501699e-08 4.1472905683805e-06 -2.641457259928339e-05 0.42577839840743986 161.9391827630922 -1.2819485406380524e-07 1.840282890962856e-07 2.8996337260565835e-07 -1.0593568548105628e-07 -7.807519523828034e-06 0.0001671087891751587 3.845797835228139e-07 -2.0055149442652807e-07 2.848398797365092e-07 2.8483990908773185e-07
