#Found quasiharmonic mode : None
#T(K), volume, F(eV), S(J/K), H(J/K), a(-6/K), Cp(J/mol), Cv, Cpion, Bt(GPa), T_ph-D(K), T-D(K), F_el_atom, S_el_atom, C_el_atom, M_el, Seebeck_coefficients(μV/K), Lorenz_number(WΩK^{−2}), Q_el, Q_p, Q_e, C_mu, W_p, W_e, Y_p, Y_e
0.0 12.104403336631018 -3.6873331317056284 0.0 -355773.56184969726 0.0 0.0 0.0 0.0 132.99462524164537 400.0 400.0 0.0 0.0 0.0 0.0 0.0 2.443004551768e-08 0.0 0.0 0.0 0.0 0.0 0.0 0.0 0.0
0.28 12.10440137747324 -3.687333221747096 0.00020356379546503987 -355773.5704803803 -9.211619003709903e-08 0.0002038569604697522 0.00020383623031894948 4.293824386885995e-07 132.99513903587527 470.89241204482727 400.0 -2.9497947759657494e-10 0.00020342757803574457 0.00020342757803106358 9.566665254074283e-11 0.0006867513994690208 2.4430045089352065e-08 7.436989234202918e-06 3.7082974556035884e-06 3.706607208021435e-06 0.0002034275780357797 3.7185070151894666e-06 3.718482219013453e-06 5.154950053073463e-06 5.154949907330718e-06
0.8 12.104401332879474 -3.6873332239907626 0.0005843987302137464 -355773.57028634014 2.433314218697892e-08 0.0005907570289125057 0.0005907528959745855 9.53538174272847e-06 132.99514297636333 470.8924102701631 400.0 -2.4093765705135386e-09 0.0005812216472788104 0.0005812216471697772 7.843713244495117e-10 0.0019621470494740334 2.4430045085336474e-08 2.1248540513704416e-05 1.0614109130161051e-05 1.0612346630094426e-05 0.000581221647279775 1.0624371445476726e-05 1.062416906822769e-05 1.4728373674034734e-05 1.4728373525474738e-05
1.56 12.104401204599135 -3.6873332397043583 0.001156939861906729 -355773.57046516443 -9.461787820748498e-09 0.0012040564268360379 0.0012040552082851826 7.067423933096494e-05 132.9951883666715 470.89240516508795 400.0 -9.162213456543239e-09 0.001133382188313359 0.001133382187505073 2.9839353282666753e-09 0.0038261878313999654 2.4430045072513513e-08 4.14346531286686e-05 2.070728076882883e-05 2.0705287587901524e-05 0.0011333821883206911 2.071771133324787e-05 2.0716941795420726e-05 2.8720316995404094e-05 2.8720316845374213e-05
2.56 12.104401554245264 -3.6873332376726182 0.0019640159842315235 -355773.5670460765 2.2343554604207737e-08 0.0021722404272866117 0.0021722292762092537 0.00031233109438452683 132.99508695317414 470.8924190796896 400.0 -2.4673846964897668e-08 0.0018599093364624673 0.0018599093329020847 8.036491801698769e-09 0.006278867754445829 2.4430045043214333e-08 6.799533202620653e-05 3.398788514052405e-05 3.398536210861106e-05 0.0018599093365064849 3.3998702181520464e-05 3.399662984468607e-05 4.7130775159302785e-05 4.713077502010657e-05
3.8 12.104402212132472 -3.6873332451208256 0.0031073076019420874 -355773.56098483136 -8.716522995063856e-09 0.00382501132407007 0.0038250088049898425 0.001064208113352891 132.994929638587 464.5046358323046 400.0 -5.436583904023955e-08 0.0027608032134053893 0.0027608032107171794 1.7707895117254994e-08 0.009320262804831371 2.4430045071053424e-08 0.00010093058163480771 5.04560170634714e-05 5.0452479791190885e-05 0.002760803222505989 5.046757387912084e-05 5.0463007755686895e-05 6.995974981776704e-05 6.995974967495834e-05
5.29 12.104400890838955 -3.687333375280133 0.004809984057179604 -355773.5599062486 -9.05944699171451e-09 0.006867229239502978 0.0068672254513104354 0.003023901022879563 132.99529764721333 456.54294086283494 400.0 -1.053588419507413e-07 0.0038433278897849537 0.0038433282166234154 3.431901071371545e-08 0.012977539930281452 2.443004734460758e-08 0.00014050596388438913 7.024457926695561e-05 7.023929984021688e-05 0.003843328248439824 7.025740663417435e-05 7.024855725021477e-05 9.739131399296817e-05 9.739131385056864e-05
7.01 12.10440228785762 -3.687333441930477 0.0074351031911057295 -355773.53966177144 3.162877527568799e-08 0.012484309851766295 0.0124842486653831 0.007391350303726908 132.99498119632733 449.11710087548647 400.0 -1.8501039212725305e-07 0.005092955949044588 0.005092959548039387 6.02836073998135e-08 0.017220333333585428 2.4430063992857575e-08 0.00018619036999638098 9.308814426070909e-05 9.308014095457516e-05 0.005092959622259223 9.310295767550914e-05 9.30874123208718e-05 0.00012905733002730377 0.00012905732988821887
8.98 12.104403887657531 -3.6873336132067607 0.01165253826930923 -355773.5036677003 1.8610752259254746e-08 0.02280289136927714 0.02280286423143807 0.016278654406574722 132.99467483220187 442.1999747702742 400.0 -3.0360793084400175e-07 0.006524218823599059 0.006524236962702415 9.904854722892327e-08 0.022152365001767736 2.4430120297903535e-08 0.00023851500937516738 0.00011925249981322038 0.00011924042477657497 0.006524237119944108 0.00011927027835790496 0.00011924473101726236 0.0001653259987370957 0.00016532599858531564
11.19 12.104405994953352 -3.687333965823683 0.018475100707346877 -355773.43559347786 3.9578715092658726e-08 0.041342137251013544 0.041341984310144214 0.033212222641730765 132.99435033880508 434.4566120416655 400.0 -4.7143409710403224e-07 0.00812985627905219 0.00812991460928278 1.5424804072349243e-07 0.027831320911388988 2.443024104562497e-08 0.0002972143847937298 0.00014860509437304337 0.00014858720562978665 0.008129914918194658 0.00014862709506189683 0.00014858728973183292 0.0002060132753325952 0.0002060132751855414
13.64 12.104411478593534 -3.687334537415012 0.029575494732116146 -355773.29407028586 8.469658150307559e-08 0.07458209627739554 0.07458124256182315 0.06467207362739846 132.99336627283606 424.09093662697506 400.0 -7.00471243248816e-07 0.009909880929611578 0.009910022649997083 2.3035513417321512e-07 0.034335394959442087 2.443043863592996e-08 0.00036228885600026183 0.00018114635447516594 0.00018112041671988326 0.009910023222101523 0.0001811741763973053 0.00018111467960295658 0.00025111937773971365 0.00025111937759553167
16.34 12.104422461562152 -3.687335536133304 0.04788799303794895 -355773.0113518939 1.401454892144777e-07 0.13516565110449372 0.13516285102006514 0.12329378571626134 132.9913338456497 409.7225648120944 400.0 -1.0052336750862002e-06 0.011871576135124129 0.011871865388232377 3.3300114099325083e-07 0.04174265777269695 2.4430719083592082e-08 0.00043400457385367274 0.000217009667693578 0.00021697282132621918 0.011871866398958939 0.0002170453405067469 0.0002169592333469258 0.0003008287401746532 0.0003008287400296764
19.27 12.104442097003265 -3.687337318923781 0.07821001558447419 -355772.4587478311 2.4195474768576294e-07 0.24463505952857825 0.24462521716662644 0.23063408856787468 132.9875948654067 392.157020372529 400.0 -1.3980691013487773e-06 0.014000438232017468 0.014000970960703558 4.6735914138847263e-07 0.05001775088149407 2.443110000031784e-08 0.000511831165136833 0.0002559301358792217 0.0002558789443724669 0.014000972667889572 0.0002559760847102915 0.00025585508042654166 0.00035477367774493934 0.0003547736776000829
22.45 12.104479826287088 -3.6873404135393173 0.12875218751531833 -355771.37395322946 4.198493345010342e-07 0.43653962777063515 0.4365051030950048 0.42022763606052344 132.98013839144144 374.03838870221836 400.0 -1.897587699940457e-06 0.016311054510060624 0.016311991710111662 6.409430154525738e-07 0.059216711591685865 2.4431637450377318e-08 0.0005963016482315978 0.00029817467894947564 0.0002981048842983821 0.016311994490684593 0.00029823390351084504 0.0002980677447207527 0.0004133235724022267 0.0004133235722566631
25.87 12.104547000681375 -3.687345889787494 0.21091576899156678 -355769.3364265195 6.738402512983918e-07 0.7496683128181865 0.7495658430545217 0.7308704682864283 132.96687242779547 358.21825029883547 400.0 -2.519814522931634e-06 0.018796248689323117 0.018797844531758052 8.605502918685083e-07 0.0693026763928941 2.4432395947737975e-08 0.0006871532238637783 0.000343612266027598 0.0003435188726767765 0.018797848909189684 0.0003436882858840951 0.0003434649379796832 0.0004762961604261138 0.00047629616027939747
29.53 12.104660642675537 -3.6873555479392337 0.33897923055777207 -355765.7146307632 1.0624112510357275e-06 1.2201452282378844 1.2198545132449028 1.1986864744570795 132.94519042452944 345.9666979599595 400.0 -3.2833190945517196e-06 0.02145616343462267 0.02145875378080471 1.1339567007745055e-06 0.0802603755820111 2.4433390802621127e-08 0.0007843905414154267 0.0003922456390429679 0.0003921228169156724 0.0214587604667976 0.00039234256861585856 0.0003920479727995681 0.0005436945117921039 0.0005436945116430796
33.43 12.104848270732877 -3.6873718756649083 0.528343691477749 -355759.63754386996 1.6007685814869783e-06 1.871621162665135 1.870874186970877 1.8473262174382243 132.91078669228762 337.14027211049716 400.0 -4.207997263020427e-06 0.024291022826405773 0.024294945226910492 1.4694180881877089e-06 0.09206516988975243 2.4434535850701875e-08 0.0008880213828367638 0.0004440791286895295 0.000443920168199051 0.024294955166612824 0.00044420171433646663 0.0004438196685002972 0.0006155238203030931 0.0006155238201567074
37.58 12.105138811007514 -3.6873987358330425 0.7941437321038366 -355750.0477642668 2.2739471028928446e-06 2.7115719874565003 2.7098781324118337 2.684258139080226 132.86040280332236 330.98384383751954 400.0 -5.317909266350341e-06 0.027308377412061706 0.02731384837627422 1.8766428702899451e-06 0.10471558527342487 2.443565062411492e-08 0.0009983218580792918 0.000499251305129487 0.0004990484662398887 0.02731386281141391 0.0004994050364245867 0.000498916821654705 0.0006919752441804743 0.0006919752440354664
41.96 12.105564316990568 -3.6874408164338774 1.1466398787197651 -355735.83883715555 3.091914496882668e-06 3.7222206328327596 3.7187257157459697 3.6917196117803073 132.79080239985572 326.7545645372105 400.0 -6.630304115215054e-06 0.030494039041341518 0.03050102105245186 2.3626400373966925e-06 0.11811509376139931 2.443650450139635e-08 0.0011147741464937009 0.0005575036251346786 0.0005572484335319024 0.030501041545523702 0.0005576945287605258 0.0005570796177331749 0.0007726896944269794 0.0007726896942816287
46.59 12.106161934439738 -3.687504172774979 1.594865516126925 -355715.76001968334 4.021063649734922e-06 4.878897722764356 4.872338682188656 4.845026600754548 132.698441177842 323.82732526875634 400.0 -8.175155776899417e-06 0.033862977769666465 0.03387112200980854 2.938825908780677e-06 0.13229194961288376 2.443690124366968e-08 0.0012379270201626582 0.0006191110770086761 0.000618793853754648 0.03387115056039874 0.0006193460542095618 0.0006185809659530963 0.0008580474672577787 0.0008580474671104326
51.46 12.106962201567296 -3.6875956915831836 2.140968279322472 -355688.7207990306 5.034855964025656e-06 6.140665482788201 6.129316526107165 6.103248452628731 132.58166122666051 321.78640336340544 400.0 -9.975008900033968e-06 0.037408397283705035 0.03741703015946998 3.613542744922095e-06 0.14718970565736997 2.4436711856228035e-08 0.0013675340196085725 0.0006839508664286791 0.0006835610616696432 0.03741706924180642 0.0006842374582035427 0.0006832965614050301 0.0009478778501833167 0.0009478778500397207
56.57 12.107995533049243 -3.687722956672417 2.783534992238584 -355653.7096665756 6.08917095249542e-06 7.46551969161889 7.447289849358865 7.424380656898645 132.4386466651589 320.3419322606521 400.0 -1.2056635092545305e-05 0.04113085075629568 0.041139034720243724 4.396286818433271e-06 0.16278752634088936 2.443590042082307e-08 0.0015036174022962972 0.000752034620030468 0.0007515606880205939 0.041139087383168536 0.0007523810959294759 0.0007512363063668215 0.0010421965947107043 0.0010421965945689564
61.92 12.109283694092303 -3.6878943267337405 3.5176035953546196 -355609.89892374445 7.1711017954042e-06 8.81355929915816 8.785916992796027 8.768521741498375 132.2694926491216 319.2997341597323 400.0 -1.4448206021861929e-05 0.04503093099523812 0.045037557659783164 5.2966714074792095e-06 0.17906779957841445 2.4434512441142928e-08 0.0016462005645933883 0.0008233745427075845 0.0008228039242165969 0.04503762762484711 0.0008237899102035975 0.000822410654389791 0.0011410204499755286 0.0011410204498322782
67.52 12.110854853235251 -3.688118546302505 4.337122297127803 -355556.50034042675 8.253513175955052e-06 10.152506581777912 10.112632558512233 10.103386033452802 132.07229221969328 318.5280468817333 400.0 -1.7184434661182952e-05 0.04911666029938944 0.04912054832510984 6.3261331155451795e-06 0.19603594500840935 2.443264749636035e-08 0.0017955779755391566 0.0008981184780275303 0.000897437395644654 0.0491206401330744 0.0008986126230645125 0.0008969653524746441 0.0012445542136655578 0.0012445542135217944
73.35 12.112713402225381 -3.6884037511396457 5.22994589904765 -355493.2443896674 9.282419139654347e-06 11.44968021466419 11.394974158337584 11.396306040158697 131.84937860186122 317.9417554222234 400.0 -2.02865991483226e-05 0.05337416936220042 0.05337417450549154 7.490524992117006e-06 0.21360134020694596 2.4430445841090065e-08 0.0019512430598353865 0.0009760134540895632 0.0009752074988829843 0.05337429350526201 0.0009765967142704693 0.0009746463455649171 0.001352447572715052 0.0013524475725735484
79.43 12.114875647925416 -3.6887596467273767 6.189102080154526 -355419.59924711817 1.0273813169860908e-05 12.68956749946963 12.617120777951769 12.63175354282178 131.60078328102813 317.47887360923016 400.0 -2.3797878449178578e-05 0.05781889154151612 0.05781395664785018 8.803062941913441e-06 0.23177919779725042 2.4428039737949468e-08 0.0021137599623627145 0.001057342260330925 0.0010563955893159757 0.05781410927392955 0.0010580259895790587 0.001055733972783656 0.0014650923499663214 0.0014650923498249536
85.75 12.117346439203471 -3.689194317118009 7.202926654965022 -355335.48798168445 1.1228116289068025e-05 13.856748203431524 13.763507726260155 13.794314532566027 131.3274822616503 317.09938129233836 400.0 -2.774721619998826e-05 0.062444450269894224 0.062433670865497524 1.0270547489242432e-05 0.25047766210508043 2.4425560862108233e-08 0.002282894903656358 0.0011419883851661275 0.0011408843990333387 0.06243386459976126 0.0011427844640757986 0.001140110439580559 0.0015823272493731427 0.0015823272492322996
92.31 12.120133695429164 -3.6897159206916967 8.26163752749774 -355240.83427622664 1.2123217684424486e-05 14.943524924885855 14.826748775247017 14.87629039980296 131.0294057549689 316.774729084573 400.0 -3.217017731697607e-05 0.06725188632615806 0.06723452508289517 1.1900878603785737e-05 0.2696169880185173 2.4423114709107564e-08 0.0024586849629603925 0.001229970808066405 0.001228692027765976 0.06723476857907762 0.001230891729714917 0.0012277932332454748 0.0017041785748223286 0.0017041785746783522
99.11 12.123233053909237 -3.6903327531821333 9.356127931895255 -355135.695484762 1.292520302380867e-05 15.94627839843029 15.804075151133942 15.874060699798578 130.70897977040056 316.48546705818416 400.0 -3.710380614488761e-05 0.07224221405321037 0.07221769863171268 1.370125199704278e-05 0.2891096687977078 2.4420779543717354e-08 0.002641166099930777 0.0013213079108059618 0.001319836053385303 0.07221800178492561 0.0013223667279901223 0.0013187993719406545 0.0018306716813272846 0.0018306716811903637
106.16 12.12664625818843 -3.691053744647107 10.479746644273893 -355020.01652128965 1.3692790728216481e-05 16.867897937047616 16.697349372162197 16.790506144502213 130.36742787454125 316.2175782252651 400.0 -4.25947616084748e-05 0.07742389951640381 0.07739179254540327 1.5680532226330284e-05 0.30888392228618816 2.44186034152358e-08 0.002830646764048936 0.0014161544067542728 0.0014144702119745153 0.07739216664425602 0.0014173648620087395 0.0014132819020401968 0.0019620206328252636 0.0019620206326944347
113.44 12.130369650555533 -3.6918839046771694 11.62203156488332 -354894.24143053876 1.4390331574075306e-05 17.70792054004595 17.50713389913814 17.625176970373793 130.00484789480203 315.961762967236 400.0 -4.8667740748020363e-05 0.08278356938181672 0.08274356967215767 1.783719288060299e-05 0.32876807856672 2.4416618764888887e-08 0.0030266369069221646 0.0015142651984123465 0.00151234955262496 0.08274402710221879 0.0015156409310576552 0.0015109959758645094 0.0020978857922108298 0.0020978857920819108
120.97 12.134400315845044 -3.6928330015198014 12.779750500951923 -354758.25219723437 1.502510330443373e-05 18.473094719680923 18.240280822522575 18.384805757677416 129.62374261747686 315.71089802262054 400.0 -5.5381192426169675e-05 0.08833710371716579 0.0882889620035053 2.0180330235618856e-05 0.34871313874038257 2.4414824898585458e-08 0.0032297164079286953 0.001615930717819744 0.0016137635226576338 0.08828951668788883 0.001617486079168032 0.0016122303287606635 0.0022386690639553167 0.002238669063825436
128.74 12.138739937299563 -3.6939062477799496 13.945896663151817 -354612.3764007773 1.563780831459909e-05 19.168811880466272 18.901158441555705 19.07478971057508 129.22321248030548 315.45998749945556 400.0 -6.277065075758662e-05 0.09407866494826216 0.0940221698911947 2.2707352565628413e-05 0.3685701303099519 2.441321232055555e-08 0.0034396712346205266 0.0017210438113516358 0.0017186052432179126 0.09402283689923316 0.0017227929738382697 0.001716878260782257 0.0023842218821739335 0.00238422188204613
136.75 12.143383193308088 -3.695110110672587 15.115859577940416 -354456.8324509312 1.6179319402859513e-05 19.799167894793936 19.495700179371944 19.69922330019844 128.80465280733088 315.20559472865284 400.0 -7.088129079248303e-05 0.10000968087958338 0.09994459459549637 2.5416988391391077e-05 0.3882322946522076 2.4411754375330064e-08 0.003656553330761717 0.0018296303859570988 0.0018269007511094424 0.09994539019696573 0.0018315874468093584 0.001824965883952359 0.0025345799890072714 0.002534579988881902
145.01 12.148329080629969 -3.6964524917570145 16.287172470773285 -354291.6434529903 1.6681458805343532e-05 20.37156514838343 20.030500385674607 20.265500123589828 128.3692150346866 314.9450321825417 400.0 -7.97710464653956e-05 0.10613903683872852 0.10606502479360061 2.8309504408242577e-05 0.4076262635225651 2.4410411465017727e-08 0.0038806876690458793 0.0019418529532184807 0.0019388125074200006 0.10606596655731786 0.001944032056574493 0.0019366556124713861 0.0026899683840649804 0.0026899683839424725
153.5 12.153566262150408 -3.697935767515702 17.453816667796737 -354117.3998286728 1.7153633771551278e-05 20.890687245221084 20.510104520899915 20.778317096671298 127.91788744322339 314.67690683619526 400.0 -8.946709934721042e-05 0.11245355068089387 0.11237014854978672 3.137169362465518e-05 0.42661069222787235 2.4409139488832605e-08 0.004111592626944083 0.0020574700181628268 0.0020541003846019875 0.11237125466583998 0.002059884326528119 0.0020517083004159653 0.0028500528736170707 0.0028500528734943503
162.24 12.159105342852653 -3.699568901558763 18.61592928845881 -353933.8857999613 1.7598573164728464e-05 21.363216295442612 20.941181563041926 21.244340013938725 127.45013714526878 314.39917415014196 400.0 -0.00010004278014584334 0.11896978564723545 0.11887628150388467 3.4602252285288565e-05 0.44515153195044294 2.440787996029855e-08 0.004349874687132158 0.0021767848020539846 0.0021730676440109746 0.11887757137231911 0.0021794474157963116 0.002170427271335846 0.0030152536767918984 0.003015253676672812
171.22 12.164938787365005 -3.701355425807577 19.76999986102937 -353741.4881770027 1.799294548300036e-05 21.79231709165756 21.3282794954816 21.666739639318052 126.96698526978562 314.11109105690997 400.0 -0.00011153934097262473 0.12568206769593354 0.12557745233950407 3.798661448696167e-05 0.46316236222096535 2.4406571818293626e-08 0.0045953276125909655 0.00229969348771351 0.002295611865805851 0.12557894581093343 0.0023026164331757947 0.0022927111794151717 0.003185427639044513 0.0031854276389290744
180.43 12.17105041908639 -3.7032984563855678 20.913096329184697 -353540.63153317006 1.8373139459892092e-05 22.183903484823315 21.67575771074228 22.05143610133084 126.47111653388363 313.81256135196725 400.0 -0.00012399690266218311 0.1325845043299275 0.1324673834924756 4.1508677654355044e-05 0.48059212927840556 2.440514776551309e-08 0.004847737659541294 0.0024260884657490074 0.002421626915629343 0.13246910063288495 0.0024292825823480735 0.00241845507719322 0.003360426505982569 0.0033604265058698687
189.9 12.177470199971156 -3.7054089166105086 22.047573889037928 -353330.77567804605 1.872780902410813e-05 22.54267298242704 21.98896667795992 22.40310283264076 125.95925182757857 313.50149614511326 400.0 -0.00013751345906262068 0.13970171473248072 0.1395701497862783 4.5162914791070543e-05 0.49745320473914445 2.440352820030095e-08 0.005108007395073166 0.0025564209124200083 0.0025515641841993156 0.13957211154994495 0.002559896680737349 0.002548110714335817 0.0035408761109222853 0.003540876110810824
199.6 12.184165964349551 -3.707685283697927 23.16871200522353 -353112.7710777883 1.906556507305978e-05 22.87168505450188 22.270690896529953 22.724820779700863 125.43569268412037 313.17891658310606 400.0 -0.00015210506278414643 0.1470127891005861 0.14686427480101658 4.8921811460677964e-05 0.5137043388225251 2.4401638301226227e-08 0.005375375066945003 0.0026903087252347028 0.0026850440218513403 0.14686650139596377 0.0026940745789944924 0.0026813004879505096 0.0037262485698097655 0.003726248569702342
209.54 12.191158179415682 -3.7101336821550177 24.27699043897237 -352886.4799557432 1.9392675598620244e-05 23.175076272096558 22.52474417800541 23.020717453179394 124.89768945771335 312.84345401271605 400.0 -0.00016784597590233823 0.1545275343777607 0.15435881891716424 5.276709154041475e-05 0.5293556269229723 2.4399391668309754e-08 0.005650202867179087 0.00282793236027998 0.002822248164442751 0.15436133036574654 0.002831995416812117 0.0028182074503669704 0.003916795439150917 0.0039167954390481015
219.73 12.198440239715811 -3.712761491592005 25.37285753226991 -352651.8476130355 1.967898586347884e-05 23.453971653012857 22.754402397873093 23.29190959263143 124.34783172231212 312.49508020469233 400.0 -0.00018481484360136235 0.1622551058846029 0.1620620603814256 5.668390778769018e-05 0.5444858953881121 2.43966979781001e-08 0.005932829929483531 0.0029694610263548563 0.002963346536894211 0.16206487653042628 0.002973827359143035 0.0029590025703404954 0.004112752547160495 0.00411275254706373
230.16 12.206014896359935 -3.7155701196425923 26.45481380986679 -352409.1770623847 2.0005707551313325e-05 23.716497366370252 22.96214481193161 23.546529661010926 123.78538655620997 312.13341366036127 400.0 -0.00020306061340133637 0.17019018156936289 0.1699677053593251 6.06439076254881e-05 0.5591234960563796 2.4393467942491825e-08 0.006223066718206636 0.0031147989809303914 0.003108245346068494 0.16997084484308525 0.003119472599738403 0.0031035941184682325 0.004313989442194337 0.004313989442100273
240.83 12.213890409308485 -3.7185633305644643 27.522634707767757 -352158.541842094 2.0261589107669207e-05 23.956806782726584 23.150408794374897 23.77872993794243 123.20956138752848 311.7578482682408 400.0 -0.00022264978132176535 0.1783349808338999 0.17807684478415353 6.462141423137508e-05 0.5733366412321161 2.4389608065700957e-08 0.0065210003506476774 0.003263989083041857 0.0032569888502010686 0.17808032505595983 0.0032689721594836994 0.0032520281911639784 0.004520567799078188 0.0045205677989859205
251.74 12.222036515789428 -3.721745959000515 28.57609978479743 -351900.1475606077 2.050871672866626e-05 24.181431399603206 23.32133023886663 23.995042285747097 122.62622081762439 311.369612573847 400.0 -0.00024364923810835462 0.18669036829813535 0.18638911385611007 6.8601386580707e-05 0.5873000234693675 2.4385029257770803e-08 0.006826669147537063 0.003417050486113383 0.003409596216703787 0.18639295163057634 0.0034223441786894715 0.00340432496884759 0.004732515820100971 0.004732515820012688
262.89 12.230486032418483 -3.72512081670601 29.615268782978784 -351633.96117664775 2.079358649186757e-05 24.396305025397552 23.476833449178844 24.201398975899217 122.03047668593976 310.96701380252387 400.0 -0.0002661306201764345 0.19525929215898885 0.1949060494983383 7.255184363804292e-05 0.60107546628121 2.4379636335065214e-08 0.0071401886888795936 0.003574040246778418 0.0035661259688485204 0.19491025977583487 0.0035796434427366533 0.003560545246142939 0.004949915650259798 0.0049499156501790495
274.29 12.23923867168604 -3.728695038662522 30.641043889334092 -351359.84725114424 2.1049126994029545e-05 24.597596906292523 23.61871540752568 24.393961597128236 121.42389319666046 310.5499170455133 400.0 -0.0002901874970415719 0.20405097369083267 0.20363530916428754 7.645642210906783e-05 0.6148452297474681 2.4373335448108434e-08 0.007461904928731788 0.0037351316185118932 0.003726750807233773 0.20363990624076872 0.0037410421533544255 0.0037208627753773614 0.005173009638012937 0.00517300963793307
285.93 12.248293476586467 -3.7324691009713575 31.652604352895935 -351078.09167223575 2.1294807127890334e-05 24.788168451954782 23.748325976535067 24.575598903053372 120.8068086691099 310.11824509116633 400.0 -0.0003158750075498119 0.21305966863187537 0.2125695489014117 8.028903811895595e-05 0.6287546418760473 2.4366044807227873e-08 0.0077916171571462255 0.00390022415398898 0.0038913704692635355 0.2125745456600316 0.0039064380867089325 0.003885179070437293 0.00540166152810853 0.005401661528034056
297.81 12.257641613192718 -3.7364467874303102 32.650081529515106 -350788.7884536156 2.1523768215044326e-05 24.968555723263705 23.86698236637821 24.74684749091525 120.1813843897347 309.6722972453927 400.0 -0.0003432691125504655 0.2222865603613567 0.22170823234845524 8.403583225255999e-05 0.6430160917891286 2.4357687286338186e-08 0.008129378820727267 0.004069345323583228 0.004060010931230366 0.22171364139399843 0.004075857904990918 0.0040535209157363476 0.005635911792020131 0.005635911791951059
309.93 12.26730240511624 -3.7406310614000873 33.6337313057547 -350491.927953983 2.182999797924487e-05 25.149804780740673 23.975861368173994 24.918753090795324 119.5456211039209 309.21105347953073 400.0 -0.00037244955925546606 0.23173385119312084 0.23105168994534733 8.767511966071127e-05 0.6577898460084965 2.4348185558245157e-08 0.008475281645399915 0.004242541546052871 0.0042327175002750276 0.23105752351048156 0.0042493466635567185 0.004225934981843194 0.005875827998630189 0.005875827998567896
322.29 12.277292691896355 -3.7450249435546183 34.603833787521395 -350187.50588517135 2.2017332068102128e-05 25.31208522673622 24.076002724963047 25.07148525037674 118.89818403173969 308.73361018638434 400.0 -0.0004034982381677692 0.2414035647637245 0.24059997635947838 9.11887962784212e-05 0.6732539169884786 2.43374689216354e-08 0.008829411609228401 0.004419856769100452 0.004409532206751108 0.24060624707406322 0.004426947258402781 0.0044024643508256195 0.006121474317426864 0.006121474317368004
334.89 12.2875483112111 -3.7496333130154085 35.56044403430481 -349875.7784318593 2.2230856881288915e-05 25.47167492925642 24.168298445051608 25.22132551628505 118.24877379591645 308.2429041012433 400.0 -0.00043649252617701534 0.25129376954882016 0.2503494129713669 9.46046318365424e-05 0.6897991647173048 2.432550632656131e-08 0.009191709315716862 0.004601264732794667 0.004590421914374712 0.25035613800664347 0.004608635894496324 0.004583073421220537 0.006372814500716187 0.006372814500662662
347.74 12.298158572389621 -3.7544613681120467 36.504803023432565 -349556.271830632 2.2492926255303676e-05 25.632573038439958 24.25365323017457 25.372263044513502 117.58690010846686 307.73460019760023 400.0 -0.00047155079576565785 0.26141685916429847 0.2603099939264513 9.788802431784678e-05 0.7074784762006332 2.431221416545583e-08 0.009562642547177683 0.004786999992427568 0.004775619849931871 0.26031719169208173 0.004794644936698958 0.004767997610478725 0.006630178888691048 0.006630178888642504
360.82 12.309062869591125 -3.7595058150916003 37.43558813274366 -349229.6582661278 2.2723215603715974e-05 25.78588236325195 24.332639536637956 25.515419570649666 116.92021509413829 307.21148165759337 400.0 -0.0005087006551509251 0.2717554790234848 0.2704627926022831 0.00010106770424899998 0.7266198735964775 2.4297599905346492e-08 0.009941587614109442 0.004976754433082774 0.004964810439129635 0.27047048815936575 0.004984668862490631 0.004956918751618811 0.006893140866541804 0.006893140866501368
374.15 12.320323882797878 -3.76477661256272 38.35465822393544 -348895.3264462372 2.2968256796849767e-05 25.938126401087757 24.406033715470073 25.657302795179536 116.24323364134112 306.67045796241507 400.0 -0.0005480906586045756 0.2823279007909621 0.2808236059082205 0.00010414204196776324 0.7473887050597349 2.428160198108179e-08 0.010329228109863899 0.005170872680576633 0.0051583326493894925 0.28083183086938257 0.005179052725640026 0.005150175384223876 0.007162181736048249 0.007162181736009135
387.72 12.3318892469402 -3.7702740519862417 39.26145226046683 -348553.6938188825 2.3146419016119787e-05 26.07877831810212 24.474329386899708 25.787397752508816 115.56253102332674 306.11392559490133 400.0 -0.0005897773956318782 0.2931237952366812 0.2913805655933003 0.00010716532752066278 0.7701297549850208 2.4264250523118173e-08 0.010725197381343102 0.005369176807955489 0.005355997754858395 0.29138936384383196 0.005377623243784061 0.005347574137559041 0.007437054198487213 0.007437054198453659
401.54 12.343794255913561 -3.7760046473982385 40.15699254608069 -348204.42370392935 2.3408201186939294e-05 26.22904842132149 24.538086422470588 25.92690815579398 114.87535435281325 305.540093685683 400.0 -0.0006338858586886907 0.30415189679424326 0.30214026552750894 0.00011016627359747645 0.7950452460297601 2.4245531459387863e-08 0.011129828981918069 0.005571838179401991 0.005557967944736879 0.3021496936537758 0.005580554593629823 0.005549274388288244 0.007717997719250296 0.0077179977192247265
415.59 12.356048699563807 -3.7819629387285474 41.04037007065264 -347847.98281109263 2.3662986521589467e-05 26.377063048043475 24.597671794948106 26.063977355871092 114.18110104823059 304.94838881480257 400.0 -0.0006804462259036556 0.31539666032274394 0.31308569217238047 0.00011317753668481289 0.8222830647767625 2.4225484580167454e-08 0.011542565320425208 0.005778582493768333 0.005763959929127499 0.313095821056586 0.0057875755397322265 0.005754989780692981 0.008004633525011373 0.008004633524989143
429.89 12.368653785655745 -3.7881606596987965 41.913093422782524 -347483.91964343673 2.386517452660533e-05 26.516203240243605 24.65356958885892 26.191974604810103 113.48148953775096 304.3386334229234 400.0 -0.0007296144315127004 0.3268716665739014 0.32422863543350555 0.00011628410080718791 0.8521630129543962 2.4204138124420693e-08 0.011963915547264583 0.005989671984058731 0.005974220625593449 0.32423955840195845 0.00599895551477912 0.005964960032485464 0.008297323640528632 0.008297323640514866
444.42 12.381588458286373 -3.7945921913331375 42.774228451657244 -347112.76523225085 2.4113014859340864e-05 26.6617226064558 24.706060921336196 26.326172601728423 112.77876334442455 303.71173139740586 400.0 -0.0007814127586019093 0.33855853399169206 0.3355500047273766 0.00011957102300335128 0.8848846198134208 2.418159148461213e-08 0.012393214373244987 0.006204780984245825 0.006188410411228029 0.3355618388952912 0.00621437594936561 0.006178838423879377 0.008595614568757322 0.008595614568745776
459.2 12.3949070518597 -3.8012687104485323 43.62536978262508 -346733.90420080937 2.435528848912376e-05 26.806299083097553 24.7555483112731 26.459235639838916 112.06958449187401 303.0649373305568 400.0 -0.0008360087840324622 0.3504726377839579 0.3470634432586404 0.0001231211173273524 0.9206441206625637 2.4157875073477385e-08 0.012831036278314145 0.006424204482512231 0.00640680877784442 0.3470763336014016 0.0064341389602825825 0.006396897318031565 0.008899914607302651 0.008899914607295657
474.22 12.408570557890052 -3.8081894443038493 44.466110207622975 -346347.70452687616 2.4556185892206725e-05 26.94388177768673 24.802275614956205 26.585125996438787 111.35834058772234 302.4000098546867 400.0 -0.0008934541589130447 0.3626008061552252 0.358755781247944 0.00012707909444974785 0.9597013734704528 2.4133134499440816e-08 0.01327690255652603 0.0066477129236234165 0.0066291665750921385 0.3587699080476016 0.006658026691727586 0.006618875864798443 0.00920989948584563 0.009209899485844072
489.48 12.42259701028311 -3.815356836225746 45.29678973202698 -345954.098861521 2.480288350732662e-05 27.089734617336724 24.846504810728653 26.71911100229983 110.64420173908336 301.7159476214791 400.0 -0.0009538408085502739 0.37493985657096224 0.3706236150368945 0.00013157848981416 1.0022289870053567 2.4107488965601488e-08 0.013730700808908347 0.006875259523240769 0.006855418188551581 0.370639196259237 0.006886003270982189 0.006844697537926158 0.009525499577161528 0.009525499577163712
504.99 12.437013020468639 -3.8227784428543004 46.13376670845891 -345544.95682986896 2.5040498587151174e-05 27.23501387629462 24.888730696448427 26.85234287780012 109.92645035488194 300.9297379977237 400.0 -0.0010173006521917152 0.3874938796841478 0.3826709984945008 0.00013678028204587036 1.0484271220478973 2.4081064681441278e-08 0.014192583506029153 0.007106931319096793 0.0070856290512835785 0.3826882963112123 0.0071181687988960286 0.007074414707133129 0.009846829057886886 0.009846829057891969
520.73 12.451795707702148 -3.830447622146771 46.9741768898277 -345121.1478592555 2.528073211109194e-05 27.3818740559597 24.929034740383656 26.986995807877392 109.20733476154184 300.05316419364 400.0 -0.0010838388023685082 0.40024144507112935 0.39487824808230404 0.0001428678004636871 1.0983889799327615 2.4054077659248892e-08 0.014661759631315574 0.007342343157363103 0.0073193933008781084 0.3948975716893164 0.007354152863517373 0.007307606767798201 0.010173344214123171 0.01017334421413298
536.72 12.466978214144811 -3.8383768133592824 47.806725631468034 -344688.2358577561 2.551216339676242e-05 27.52823014361083 24.967458712759573 27.120971926490306 108.48603813518986 299.1508225527271 400.0 -0.0011536295148546012 0.41319462970982046 0.4072582171205259 0.00015003965722082193 1.152242010118085 2.402668042643371e-08 0.015138668411608715 0.007581726542380378 0.007556918659997856 0.40727993036521165 0.007594203357966965 0.00754446505364175 0.010505356102931214 0.010505356102942091
552.95 12.482549255267662 -3.846564093409519 48.63111833977888 -344246.43718750344 2.578389939166406e-05 27.68426586771049 25.00414876250777 27.26446595818787 107.76407664518996 298.22310779217196 400.0 -0.0012267163785679124 0.42633978960753766 0.41979990952261703 0.00015851579884857485 1.210018642306696 2.3999109355805802e-08 0.015622797689090423 0.007824836557290115 0.007797937887976398 0.4198244327980671 0.007838093216174543 0.007784704472915874 0.010842511837830544 0.010842511837844508
569.42 12.498543630876961 -3.8550119471573296 49.44778274347729 -343795.55159825203 2.600549786685441e-05 27.831582748420352 25.039267144867054 27.39908103616227 107.04062063373263 297.26766628624677 400.0 -0.0013031877981564519 0.439672708803145 0.4325017122580797 0.0001685174581816834 1.2717209914052598 2.3971577002030542e-08 0.01611397992941451 0.008071600507515247 0.00804235614525787 0.4325295258115964 0.008085767817711555 0.008028212111702954 0.011184697114905696 0.01118469711492354
586.14 12.514910883474473 -3.8637289393384933 50.25712837688902 -343335.45670690015 2.6211954580146276e-05 27.97721007709572 25.072963976019913 27.531843925101448 106.31929013836239 296.2872093851989 400.0 -0.001383162297609644 0.45319178197732385 0.4453661519942701 0.00018035723376023363 1.3374661700641663 2.3944367824501094e-08 0.01661213397064139 0.00832199207840772 0.008290118584960144 0.44539780840677684 0.008337225918720865 0.008274908051920528 0.011531853710817302 0.011531853710835574
603.09 12.531689390518288 -3.8727069208718703 51.05871936180582 -342866.41040383355 2.6457945358192306e-05 28.13333875312938 25.10533678258138 27.674961190921533 105.59874624193097 295.27915315694014 400.0 -0.0014666292818549531 0.4668765830562405 0.45837756220784764 0.00019427380024184457 1.407118745492233 2.3917750292255747e-08 0.017116486266746986 0.008575633834108873 0.00854082909716873 0.458413676389253 0.008592109313026862 0.008524376953720124 0.011883440399841393 0.011883440399861533
620.29 12.548873049920562 -3.8819593362707714 51.8535955250477 -342387.8690681883 2.66655155843898e-05 28.282728082817854 25.13653561835037 27.811179978981688 104.87993235895799 294.2435498140074 400.0 -0.0015537544761410336 0.4807341888042162 0.47154810383616774 0.00021061161605589424 1.4807627757903088 2.3892006243329387e-08 0.017627266727481786 0.008832655166685771 0.008794588199930455 0.47158937159448855 0.008850574982060811 0.008776691745420975 0.01223961055949612 0.012239610559515151
637.72 12.566481441002383 -3.8914781400185774 52.64125539669388 -341900.1793858327 2.699321625338155e-05 28.463198316498076 25.166635404782912 27.978336397414708 104.16335431726351 293.17889770714737 400.0 -0.0016445087236379905 0.494741795959411 0.4848619190833655 0.00022967124247813824 1.558263333875399 2.386745854962832e-08 0.018143601220075797 0.009092628770784632 0.009050949066180407 0.4849091069467068 0.00911221942590121 0.009031381794174584 0.012599745526208286 0.012599745526227184
655.4 12.584588611633619 -3.9012767739658365 53.42309234207983 -341402.4905071368 2.724717713963237e-05 28.62899887000059 25.19577333411208 28.130664579001323 103.44760293821334 292.0803580303548 400.0 -0.0017390633516703629 0.5089082453983323 0.4983342909992659 0.0002518279788443138 1.6396720169315728 2.384439630692405e-08 0.0186657753209265 0.009355711534798299 0.00931004038426633 0.49838825434184153 0.009377229456942887 0.009288545863983609 0.012964031427585749 0.012964031427604524
673.32 12.603100778619176 -3.9113529149620376 54.198423587613306 -340895.30246863054 2.7485861816537173e-05 28.79374315609047 25.22400750956559 28.281789419255407 102.73655598564827 290.9532417959167 400.0 -0.0018374072345061301 0.5232120278311402 0.5119537368350618 0.0002775002252290351 1.7249296339011775 2.382323517501869e-08 0.01919294294134234 0.009621492371742398 0.009571427153036266 0.5120154166838271 0.009645226491742499 0.009547716449599843 0.01333185777162985 0.013331857771648366
691.49 12.622090295738028 -3.9217149124038073 54.96818476657822 -340378.0157189969 2.7696503627334325e-05 28.953853395667764 25.251440701379256 28.42812442868936 102.02916500166248 289.7927682011799 400.0 -0.0019396501426386268 0.5376526201166963 0.5257289669784005 0.000307116399424198 1.8140377909010303 2.380432314559612e-08 0.019725029543370777 0.009889947132250283 0.009835058984326923 0.5257993999024121 0.009916219948331834 0.009808809595038942 0.013703149644044874 0.013703149644060452
709.89 12.64145845738012 -3.932354120395722 55.73131944735402 -339851.38695734955 2.792051254957696e-05 29.12012359160721 25.27810704784333 28.580480946874715 101.32831141273819 288.6045805926826 400.0 -0.0020457059901625636 0.5522002654898747 0.5396426447324961 0.00034110568412393423 1.9068381184030985 2.3788098576840736e-08 0.020260871649780382 0.010160502888253119 0.010100345329527754 0.5397229514453565 0.010189669583378906 0.010071202066401474 0.014077064529997067 0.014077064530008943
728.54 12.661335371990553 -3.9432847364858716 56.48940292841704 -339314.3478340971 2.8192354680587133e-05 29.302880397514155 25.304115719758745 28.749167309599603 100.63216599240674 287.3802921207157 400.0 -0.002155727567371259 0.5668617133554339 0.5537130879145529 0.00037999134264389854 2.003416361852174 2.3774947744373043e-08 0.020800645412052864 0.010433262568383474 0.01036735941199613 0.5538045021825316 0.010465718851765933 0.010334926560286931 0.014453690252315937 0.014453690252325737
747.43 12.681641946137153 -3.954503781775067 57.24184127357832 -338767.3413312527 2.8387154415167042e-05 29.46697618678478 25.329506803645124 28.899044083122426 99.94283127959929 286.12432449511886 400.0 -0.002269665002306689 0.5816141528058074 0.5679321036623548 0.0004242748804336453 2.103661377413534 2.3765331055672893e-08 0.021343426517762654 0.010707773226156521 0.01063562986638846 0.5680359565749058 0.010743952494676431 0.010599474023086227 0.014832337980673096 0.014832337980682384
766.56 12.702425929165305 -3.96601397274463 57.98905130259009 -338210.0881863128 2.8694539941220268e-05 29.667562499127484 25.3543431000477 29.08526008528851 99.26057374305249 284.8332735886968 400.0 -0.002387523531877404 0.5964446876938287 0.5823024138389739 0.00047452585903553536 2.2075692314117217 2.3759717738560632e-08 0.021888646437190427 0.010983762048321966 0.010904860976871667 0.582420149516424 0.011024140510549806 0.010864505926640615 0.015212559825914785 0.015212559825920053
785.93 12.72372712934696 -3.977818244255312 58.7314018778169 -337642.3437321364 2.8935890806800723e-05 29.8525514603329 25.378681626047396 29.255724513415746 98.58662635675691 283.5041594941051 400.0 -0.0025092899833491517 0.6113385533788059 0.5968269469171545 0.0005313759109622071 2.3151652357823043 2.3758623128320644e-08 0.022435654719523607 0.011260915606205821 0.011174715722034167 0.5969601316772448 0.011306016470130024 0.011129638249393593 0.015593840810988167 0.015593840810987802
805.54 12.745470000770414 -3.9899190611787603 59.46866339982214 -337064.2786346586 2.9129660651133844e-05 30.02621558745607 25.402565631051502 29.414708162622745 97.92142372327892 282.1411772792275 400.0 -0.0026349333264420165 0.6262792421007941 0.6115074248333212 0.0005954218587666947 2.426380780586768 2.376253509607869e-08 0.022983732376425703 0.01153888264643086 0.011444826367568654 0.6116577410308046 0.01158927260012892 0.011394459776296788 0.015975611145628912 0.01597561114562704
825.39 12.767681401005673 -4.002319232034477 60.20112587518367 -336475.69306699204 2.9327611103458797e-05 30.20439262238795 25.426044736057566 29.57804443410624 97.26570436597358 280.7421275432438 400.0 -0.002764409991125934 0.6412505894343401 0.6263481882817095 0.0006673531524252471 2.541243384476795 2.3771996667856678e-08 0.02353215810879373 0.011817312678987 0.011714822105159338 0.6265174516440775 0.011873608428649313 0.011658549680144414 0.016357288060756925 0.016357288060750104
845.49 12.79038409280518 -4.015027758740148 60.929352802854886 -335876.12827177666 2.966139789855361e-05 30.43151760763831 25.449175536148307 29.790156144190895 96.61951167041457 279.30501405919597 400.0 -0.002897723229379613 0.6562425511579582 0.6413614634474115 0.0007479429962873513 2.659848829207785 2.378758517499723e-08 0.024080422251670036 0.012095962729227316 0.011984436245346777 0.641551641997425 0.01215883671594397 0.011921585535726064 0.016738424611386436 0.016738424611376403
865.83 12.813683142888316 -4.028042176257671 61.65370606942585 -335265.358843498 2.9886318202891873e-05 30.627356565204167 25.47199583093744 29.97081036813789 95.98739494788515 277.8225382634743 400.0 -0.0030347073179709328 0.671226480840285 0.6565461970662791 0.0008381124110514677 2.782359035266361 2.3810036749090863e-08 0.024627300929986762 0.012374233651487394 0.012253044059886552 0.6567594273242049 0.012444423996737612 0.012182876933249147 0.017118054942366602 0.017118054942348575
886.41 12.837371075496458 -4.041363646753796 62.37591937726712 -334641.67497953103 3.0014153356729877e-05 30.79287570637216 25.494482039012592 30.120969149834718 95.3647500359498 276.363403374944 400.0 -0.003175282193186333 0.6861868942530979 0.6719065565374437 0.0009383688764381247 2.908531920926434 2.3839715560935478e-08 0.025172097337143633 0.012651774984864405 0.012520299203477322 0.672145090186217 0.01273005265883323 0.012442044678310409 0.017495594568195445 0.017495594568175104
907.23 12.861566764846689 -4.05499573219629 63.1001779370662 -334001.2355362971 3.0241979109845088e-05 30.997221404875273 25.516631405667827 30.309765875814005 94.75501496487657 274.9933484366461 400.0 -0.003319393688823804 0.7011164845145694 0.6874555290612656 0.0010493081737180073 3.0383571191616916 2.387699367822252e-08 0.025714409613665546 0.0129283891028704 0.012785997443597126 0.6877217707556985 0.013015564374303817 0.012698845239361727 0.017870660612118557 0.01787066061209607
928.29 12.886245081572524 -4.068940941857586 63.82059589722156 -333349.097186363 3.0481688528113747e-05 31.210640601473738 25.538604530117375 30.507427343095127 94.1580533818093 273.5891263306443 400.0 -0.003467165729888319 0.7160383861757773 0.7032132583786121 0.0011705093354734755 3.1711914734694555 2.3921318425890788e-08 0.02625509118806474 0.013204480298017999 0.013050587914935812 0.7035096567601984 0.01330132567695229 0.01295376551111244 0.018243817389692996 0.018243817389668883
949.6 12.911499051909113 -4.083209706041393 64.53812055933604 -332684.44531986595 3.072580267618795e-05 31.43117809014083 25.56046263207069 30.711968982163512 93.5780027530334 272.14486188506356 400.0 -0.00361882259176614 0.730986033114951 0.7192091079773155 0.0013016254587760834 3.3066164286741193 2.3972142917345132e-08 0.026795379558156817 0.013480651429593054 0.013314705254823119 0.7195381901356822 0.013587908237571495 0.013207471320585328 0.01861590174319966 0.01861590174317393
971.15 12.937234855045318 -4.097797351030316 65.2521326869668 -332007.7297156685 3.0890734160478244e-05 31.626165704839366 25.58223604834814 30.890709215975182 93.01259316640518 270.66530898231366 400.0 -0.0037745537504311065 0.7459923720378825 0.7354564888641847 0.001441609442827486 3.4437794659218603 2.402836579209101e-08 0.027336590186869986 0.01375752558372893 0.013579041837874992 0.7358207628517819 0.013875851554716392 0.013460738632153593 0.01898785805191007 0.018987858051883792
992.93 12.96346069978387 -4.112699885884159 65.9625952569674 -331318.9746909186 3.109233110621948e-05 31.840006287502646 25.60395890695657 31.08803728893043 92.46339568144609 269.1493978488403 400.0 -0.003934579698374844 0.7610925643986448 0.7519689985722161 0.001589431767071727 3.582005141887634 2.4088883262140048e-08 0.027880134344886287 0.014035778658158606 0.013844333034980569 0.7523709681274048 0.01416575091441974 0.013714383430466551 0.019360710389923326 0.01936071038989319
1014.97 12.990216060413312 -4.127940793358925 66.67067559441108 -330617.0028108728 3.126611023792174e-05 32.04771899868004 25.62570190326102 31.278929015583465 91.93073991821399 267.59419811614794 400.0 -0.004099496923202419 0.7763569723682576 0.768789983096574 0.0017440780421454148 3.720818909363203 2.4152472168642577e-08 0.028428747002645943 0.014316757664670464 0.014111966802603204 0.7692321946599282 0.014458876761950835 0.013969870240695105 0.01973642816446891 0.01973642816443985
1037.24 13.017451397401786 -4.143502060161691 67.37551220595931 -329902.5961340958 3.14357372064856e-05 32.25844452624824 25.647473103989327 31.47252839149308 91.4153965587132 266.0019152708225 400.0 -0.0042695483911512275 0.7918223000389052 0.7859161347551662 0.0019038346574063018 3.859305237410749 2.4217495769239936e-08 0.028984016293424657 0.014601215470598856 0.01438277840382136 0.7864010412019602 0.014755853962465159 0.014228162330959498 0.0201162388210186 0.020116238820990215
1059.75 13.045199537167749 -4.159393646273626 68.07772729819774 -329175.1058742636 3.1631550365461934e-05 32.48555441698634 25.669319472291946 31.68218049890059 90.91928898667481 264.36993289681214 400.0 -0.0044453551768712015 0.8075585014579004 0.8033739180857546 0.0020671020299488393 3.9968219373660028 2.428230288839326e-08 0.029548772805517664 0.01489053919486979 0.014658211305195531 0.8039039358389752 0.015057954342920758 0.014490818462596911 0.020502258053251312 0.020502258053223237
1082.51 13.07347156698687 -4.17562565074271 68.77780847890745 -328433.9622641994 3.175061424078766e-05 32.68484562333679 25.69128414083016 31.86365699435471 90.44360796090966 262.6968438713427 400.0 -0.004627661648905138 0.8236445929258521 0.8211886289820804 0.0022319435285067584 4.132625149644693 2.434498286420105e-08 0.030126247985875626 0.015186313305460929 0.014939912482464866 0.8217660980147943 0.015366625690908296 0.014759622294967321 0.02089693187345695 0.02089693187343097
1105.5 13.102185516758809 -4.1921853456883795 69.47502205508346 -327679.7585054456 3.1914281105872696e-05 32.90840517277828 25.71337569787724 32.06904583832507 89.98425847327526 260.98674641646636 400.0 -0.0048171058269486445 0.8401478411782588 0.8393593344532171 0.0023957828840209805 4.265649398671085 2.4403247234118973e-08 0.030719341188412005 0.015489942176249305 0.015229376911780624 0.8399863928307504 0.015683091746185436 0.01503624944222656 0.021302547978269644 0.02130254797824627
1128.74 13.131469365639948 -4.209092389707834 70.1707371051927 -326911.15934460965 3.2085800236442156e-05 33.14196844203438 25.735647316086972 32.284049926785364 89.5521744221686 259.23120270924494 400.0 -0.00501473451538609 0.8571669861696823 0.8579185152490153 0.0025563853357403596 4.395216857294911 2.4455027009935685e-08 0.03133209875386523 0.01580342396393284 0.015528652773668605 0.8585971941281669 0.016009202191378476 0.015322896562486756 0.02172220588499728 0.021722205884977933
1152.22 13.161210566767695 -4.2263401690677895 70.86430381687155 -326128.5667207269 3.215767806715241e-05 33.334481620503304 25.758109470388966 32.45761306732806 89.13890074054521 257.43609180717147 400.0 -0.0052215478663053035 0.8747931601983205 0.8768685531752409 0.002710516978532072 4.52010620055314 2.44976629069277e-08 0.03196843925244162 0.016128670292095026 0.015839747010112232 0.877600577723045 0.01634665107506011 0.015621788177381508 0.022159027346023926 0.022159027346007318
1175.94 13.19141551997129 -4.24393157488927 71.55596486742928 -325331.6261715411 3.227673238451293e-05 33.553908258863274 25.780785179418213 32.657688213265104 88.74552153103177 255.60018233662382 400.0 -0.005438746403828967 0.893128801059572 0.8962200455981659 0.0028549289988311 4.63921614685335 2.4528608546902183e-08 0.03263272446162334 0.016467822314369118 0.01616488024039448 0.8970068270835657 0.016697368615536237 0.015935355846087105 0.022616484724832037 0.02261648472482153
1199.91 13.22212577511 -4.261877975945218 72.24637847812826 -324519.5599642969 3.238811198150797e-05 33.775514741125285 25.8037057905379 32.859523817314276 88.37760925046568 253.72002892201786 400.0 -0.005667804439992797 0.9122939344200834 0.9159909238110077 0.0029860512371341864 4.751376014067757 2.454522373938478e-08 0.033330034872190516 0.016823381499265072 0.01650663148184161 0.9168334999690171 0.01706363067515659 0.016266404197033922 0.023098623814536624 0.02309862381453343
1224.11 13.253299096617674 -4.280166949095904 72.96838308406802 -323652.0021955269 3.2490364766807514e-05 33.998427791735 25.82687995785727 33.062258751597305 88.03539075709287 251.76528668400303 400.0 -0.0059099981154823265 0.9323816541149115 0.9361690401377007 0.003100044455068147 4.85526985474123 2.4545048601386174e-08 0.034064496257173074 0.017197365278688613 0.016867109070700333 0.937067939043824 0.017447215418691646 0.016617280838481425 0.023608874777244562 0.023608874777247435
1248.56 13.284957814296032 -4.298816694211737 73.70323284078708 -322749.8480683269 3.254189515087038e-05 34.20158578439866 25.850315172535666 33.244827066201424 87.7210587762892 249.7516592691236 400.0 -0.006166187588906124 0.9534137277640686 0.9567587181972336 0.0031964604854312958 4.951299166593803 2.4528575189759852e-08 0.03483707627359974 0.017590282885456297 0.017246771431331357 0.9577144553585059 0.01784863460119444 0.016988441672405298 0.024148133633408682 0.02414813363341754
1273.25 13.317028092240868 -4.31782022728536 74.43704491965903 -321829.351220126 3.258035201098561e-05 34.402254690721065 25.873982612892455 33.42452455402966 87.42488910537479 247.69532426157858 400.0 -0.006436286886003329 0.9753128766785029 0.9777301366914032 0.0032769683152642773 5.040724647962028 2.4498275951996476e-08 0.03564470889488761 0.01800065480664912 0.017644032053630295 0.9787434573120821 0.018266553451031158 0.01737815544385646 0.02471422432288203 0.024714224322899183
1298.18 13.349548466871658 -4.337182302172529 75.17010823917951 -320890.1437761646 3.262750702881663e-05 34.612875950738335 25.897879523633364 33.61380514418149 87.15745238610792 245.59269636052892 400.0 -0.006720221362633007 0.9980070764414362 0.9990708065568448 0.0033435978441159987 5.124920912521558 2.4456828621062666e-08 0.036484443083887916 0.01842706434106121 0.018057356605476332 1.0001427868805155 0.018699724544279078 0.01778471853960884 0.025304995500636137 0.02530499550066529
1323.35 13.382486125617943 -4.356904638404377 75.90219346654457 -319932.2233276631 3.265064403857898e-05 34.81567606484463 25.922002467183585 33.79490616543562 86.91460220830271 243.44471559595172 400.0 -0.007017710397641666 1.0214078764720476 1.0207698994090129 0.0033988705688259677 5.205402500435653 2.440722948928051e-08 0.03735261084788248 0.018867739216545602 0.018484849370701825 1.0219020498314262 0.0191465740891563 0.0182060367587262 0.025917711260470846 0.025917711260504357
1348.77 13.41586277283456 -4.376998992800544 76.63363908292189 -318955.04812339344 3.266708329089913e-05 35.02047754309623 25.946366020031874 33.9776442959654 86.70287051376876 241.24872686895137 400.0 -0.007328463964998355 1.0454308975834379 1.0428332471308295 0.003445672479477324 5.2838216218398095 2.435257210431045e-08 0.03824561277511904 0.01932094622327321 0.018924644152020612 1.044027651656558 0.019605589586315805 0.01864002318880323 0.02654961905231895 0.026549619052362767
1374.42 13.44962253963989 -4.397451516734627 77.36363789488136 -317959.4388782554 3.265506430538148e-05 35.214503881181514 25.97095937388478 34.149258566942876 86.51959460833686 239.00712523894566 400.0 -0.0076515954847152364 1.0699487500813467 1.0652453142386347 0.0034873755727371477 5.361942242706145 2.4296248438606502e-08 0.03915813556600499 0.019784091449888574 0.01937402156657374 1.0665047192500468 0.020074421456323 0.01908371410968198 0.027196662445979528 0.027196662446034657
1400.32 13.483773552047795 -4.418280458679909 78.09259694251904 -316944.63210448873 3.2608614911010027e-05 35.39364779899251 25.995818313878846 34.30561401216216 86.36359319445539 236.71805909700225 400.0 -0.007986524176736204 1.0948639014227575 1.0880337868303522 0.0035278676180675902 5.441844660051668 2.424167275237583e-08 0.040085877076111956 0.020255100832317956 0.01983075353953959 1.089361889760172 0.02055127264022599 0.019534604435885984 0.027855417311562602 0.027855417311623738
1426.46 13.518269665601284 -4.4394780781276 78.81995133079701 -315911.0090322721 3.257018840236044e-05 35.58042324299123 26.020957526915627 34.469214741561615 86.22217285520779 234.38326849329144 400.0 -0.008332061292068895 1.1200393872072647 1.1112085014296151 0.0035715106414576786 5.525774744618723 2.4192469229550567e-08 0.041022955965969124 0.02073110756297263 0.0202918255452078 1.1126101189895907 0.02103357357059652 0.019989382395372592 0.028521244387706847 0.028521244387776465
1452.84 13.553143734220404 -4.461053035442326 79.54588237524801 -314858.7439795317 3.2523344244213634e-05 35.76928115288917 26.046416525677497 34.63447883002824 86.12963419407407 231.99910778956942 400.0 -0.0086870066792401 1.1453489326148716 1.1348023228609276 0.0036229922582359238 5.616221178110491 2.4152210097135695e-08 0.041963811837627894 0.021209411564357895 0.02075437726933231 1.1362836895478892 0.02151893679045198 0.02044487504717591 0.02918965880376067 0.02918965880383529
1479.46 13.588339708164439 -4.483003284576341 80.26992733852983 -313787.9141071379 3.243118281823323e-05 35.934954758468194 26.072240737554544 34.77609864073794 86.06128543785402 229.5679237135452 400.0 -0.009049810140693747 1.1706466577747898 1.1588561177302565 0.003687770243481076 5.716119657152139 2.4124790454403095e-08 0.04290200220230914 0.02168688072798375 0.02121509833858778 1.160425295476244 0.02200458148497174 0.0208974207173374 0.02985542177998812 0.029855421780064447
1506.33 13.623859344464297 -4.5053396209755405 80.99220096042453 -312698.2075705037 3.2335355022958786e-05 36.102028331881904 26.098503664858747 34.91859068153564 86.01696036498063 227.0880756382349 400.0 -0.00941887776088979 1.1957960651877817 1.18343765034627 0.0037717397356787 5.82881210793148 2.4114166567608643e-08 0.0438313370082123 0.02216051935034394 0.021670794411745867 1.1851050248798696 0.022487882999115125 0.021343454009097176 0.03051338601209845 0.030513386012180746
1533.43 13.659660307410235 -4.528049702623534 81.63464174719377 -311709.3707190996 3.222347031552154e-05 36.263696334382416 26.125032896352664 35.055092796891245 86.00799422964218 225.536464286963 400.0 -0.009792371108946445 1.2206629816987524 1.208603537491172 0.0038799689798616793 5.95738888734822 2.4123651554436357e-08 0.04474581338595101 0.02262740530703018 0.022118384749640896 1.2103820043146398 0.022966222190329028 0.021779591195621974 0.031158589706137947 0.03115858970621893
1560.78 13.695749659217578 -4.551150868425694 82.27442111353129 -310707.03208270215 3.208508486018427e-05 36.41212041624022 26.15218201291526 35.17766531729625 86.02356896750904 223.9622825093908 400.0 -0.010170560164063055 1.2452938807355138 1.2344550989439653 0.004012786618022289 6.103005045964737 2.4153237387320818e-08 0.045646926499045545 0.023088308053936957 0.022558595058851338 1.236359535523622 0.023440374262999504 0.02220655223604604 0.03179195918561789 0.03179195918569571
1588.37 13.732087832579781 -4.574638981893379 82.91136996255882 -309691.6287896518 3.195005417978109e-05 36.567396159146654 26.180029706228066 35.30632815240495 86.07570631831344 222.3660353811948 400.0 -0.010553806266080072 1.2697486817127872 1.2610680067417044 0.004168970038971005 6.266135066965018 2.4202069873468382e-08 0.046536915030135344 0.023544341593586586 0.02299255001666197 1.2631151087237134 0.023911358533787157 0.02262555649634819 0.03241514156962278 0.03241514156970182
1616.2 13.76867583480245 -4.5985134528300975 83.54563657474323 -308662.63992249995 3.176648934131222e-05 36.693242784265124 26.208667472240467 35.40471244825985 86.14532443918236 220.74719606414138 400.0 -0.010942743324675822 1.294103957477782 1.2885303360052713 0.00434713065172074 6.447315987263536 2.4269282206377342e-08 0.04741866345268386 0.023996949339338176 0.02342169068009567 1.2907388907211235 0.0243805197202042 0.02303814373247966 0.03303028814078135 0.03303028814085455
1644.27 13.805437604208112 -4.622781790311748 84.17699510444743 -307620.92861612746 3.1587699240459264e-05 36.82843241045861 26.23818056821599 35.51150758044406 86.26876426444164 219.10866326147692 400.0 -0.011338090496259254 1.3184368633446961 1.3169248300145469 0.0045456678600842544 6.647023127799711 2.4353949330615824e-08 0.04829511236673934 0.02444760305791559 0.023847485879231002 1.3193159149427942 0.024849220482958068 0.02344589188378127 0.03363963866225499 0.03363963866232117
1672.59 13.842444618433365 -4.647448388524623 84.80610120936068 -306564.7644555925 3.140207059393906e-05 36.95984275274035 26.268672613239357 35.613491595589885 86.39984581041966 217.4467666220887 400.0 -0.011740893675802706 1.3428446445616529 1.3463511571504683 0.0047629033348704965 6.86578498614511 2.445513575539833e-08 0.04916996087903677 0.024898163705813436 0.02427177376090918 1.348948484673797 0.02531921877672527 0.023850742102311497 0.03424600875636141 0.034246008756419984
1701.14 13.879575812952453 -4.672503077913554 85.43219766829354 -305495.8825627706 3.116197112604407e-05 37.05875968407859 26.300197176793645 35.681898081242416 86.57544729455763 215.76646314633746 400.0 -0.012151839225986403 1.3673946693079087 1.376861602836175 0.004996636608916761 7.103646555723198 2.4571602157631325e-08 0.05004588879908672 0.025349964464219343 0.024695900949853095 1.3796913971854041 0.025791708218851697 0.02425418058023502 0.034851564570134705 0.034851564570185116
1729.94 13.916874576868707 -4.697963144495773 86.05596002515414 -304412.8867982791 3.096453226817773e-05 37.18971972480467 26.332851246836366 35.781170170183856 86.77794526090618 214.06518393454573 400.0 -0.012572351603691275 1.3921965220563821 1.4085495546208184 0.005244837739797825 7.360801009939948 2.4702137641747395e-08 0.0509271281216773 0.02580513643620775 0.02512196833412719 1.411641038636939 0.02626870903799576 0.024658419083681535 0.03545959233760454 0.03545959233764837
1758.98 13.954323616089587 -4.72382186452667 86.6772987870404 -303315.8864541451 3.0702775407557816e-05 37.2775663614059 26.366684063274114 35.836104279357 87.00445593078932 212.34352382421798 400.0 -0.013003541353276192 1.41733441233847 1.4414620820488981 0.005504992156644734 7.636840646903121 2.4845172747903024e-08 0.05181706315605726 0.026265369259158237 0.025551670581819376 1.4448472518332074 0.026751770163234642 0.025065292992822622 0.03607284299743429 0.03607284299746778
1788.26 13.991826520873465 -4.750082649769283 87.29589445178975 -302205.5458480814 3.042802145649062e-05 37.359510677099124 26.40172955771301 35.883879243308265 87.27235745574781 210.60530905930477 400.0 -0.013446764878105325 1.442897960715763 1.475631433790855 0.005774302674877371 7.930892008608485 2.4998812486289428e-08 0.05271935786915838 0.026732488273576518 0.025986846315408325 1.479344931846392 0.027242566149169353 0.02547679171998902 0.036694323643293114 0.03669432364331286
1817.79 14.029438732170528 -4.77675545789225 87.89654419897528 -301109.3777313012 3.0160065120053117e-05 37.44787329843392 26.437997711408453 35.93678253639221 87.5669943096081 209.01322125307823 400.0 -0.01390367651852551 1.4689893449824583 1.5110907620417062 0.00604997190790956 8.241760674971983 2.5161016554437682e-08 0.05363817092813297 0.027208570414350722 0.026429577263323963 1.5151698356390102 0.027743037234520304 0.025895133693612665 0.03732741018754802 0.037327410187563075
1847.55 14.067083558257659 -4.803824558023948 88.46326468090562 -300058.30326594564 2.988512106507434e-05 37.533112387306375 26.47545913808985 35.98528072616051 87.89400387744439 207.73733466618057 400.0 -0.01437500205232792 1.4956438652254662 1.5478316611458585 0.006330169604476743 8.56843913494072 2.5330363352149546e-08 0.0545750194580441 0.02769437189781225 0.026880624332074738 1.5523163044418105 0.02825385513108343 0.02632116432696065 0.03797346839188548 0.03797346839188658
1877.56 14.104807337814782 -4.831309267321714 89.02771771375535 -298995.597561331 2.958432931572899e-05 37.600012465445474 26.514249702915784 36.014078152228244 88.24451682521554 206.4508804746045 400.0 -0.01486131336287661 1.522881921794405 1.5859343132172283 0.006615941321027437 8.912058475738537 2.5507426159459076e-08 0.05553031669709677 0.02819016801783314 0.027340125466562188 1.590869597460632 0.028775396007005544 0.026754920690091222 0.038632730101125674 0.03863273010111735
1907.81 14.142516519215114 -4.85920341427007 89.58946668816337 -297922.1748221407 2.9281910494830338e-05 37.66760676823955 26.55441410583787 36.04216439251505 88.63082636283313 205.15687867597586 400.0 -0.015362577268201621 1.5506877402432628 1.6254423757245005 0.006908286235452017 9.273604934982652 2.5692753655763327e-08 0.0565031314844676 0.028695550065604727 0.027807558215523744 1.630878767064188 0.029307338797650666 0.027195792686816937 0.03930446068488125 0.039304460684860126
1938.3 14.180256753124832 -4.887507765447836 90.14872787813061 -296837.53074213304 2.89573473878904e-05 37.71820316645729 26.596026512208898 36.051774988187056 89.03765929962788 203.8536027188461 400.0 -0.015878962231535138 1.57906232776294 1.666428178270238 0.0072084692688389376 9.654355789244036 2.5887049229851553e-08 0.05749308909749807 0.029210403578433103 0.02828266231981062 1.6724225570973994 0.02984968047534012 0.027643408622157938 0.039988289472804625 0.03998828947277537
1969.03 14.217910409154232 -4.916225317644731 90.70512118318733 -295742.52778637304 2.859107498762177e-05 37.73877899790771 26.63915684491967 36.02981832858804 89.48818662690121 202.5449734690532 400.0 -0.016410529033551433 1.607998301976808 1.7089606693196668 0.007517819248650261 10.055713387425781 2.6091057338498976e-08 0.05849947673513424 0.02973444853408173 0.028765005001412523 1.7155772232131596 0.030402252565375456 0.028097224169758774 0.04068360011150021 0.04068360011146238
2000.0 14.255546463629535 -4.945356661458945 91.25894932007503 -294636.48129257065 2.833405751101688e-05 37.84421500621131 26.683899972362095 36.09108206404386 89.96045316557392 201.22846464311777 400.0 -0.01695743893070215 1.6375016687812918 1.7531329421674455 0.007837847126065485 10.479327037535054 2.630563516370952e-08 0.05952201852816822 0.03026763746670255 0.029254357857791555 1.760444432248034 0.03096513801406538 0.028556880514102843 0.04139006202850051 0.04139006202845518
