# T(K)     volome         F(eV)   S(J/K)         H(J/K)      a(-6/K)     Cp(J/mol)         Cvion         Cpion     Sion     Sele     Smag           Hion     T-D(K)           Cv  Bt(GPa)      dCp   Gamma
# Pressure =       0.0000  GPa
   0.0  10.993313   -5.74734708   0.0000      -554534.8   0.00000000  0.000000E+00  0.000000E+00  0.000000E+00   0.0000   0.0000   0.0000      -554534.8   379.0876  0.000000E+00  1.906041E+02  0.000000E+00   9.1337   0.0000  0.000000E+00  0.000000E+00  0.000000E+00  0.000000E+00 -1.211446E-02
  10.0  10.993318   -5.74734940   0.0494      -554534.5   0.03632309  6.625683E-02  2.518164E-02  1.465752E-02   0.0083   0.0411   0.0000      -554534.7   425.7818  6.625668E-02  1.906036E+02  1.498370E-07   2.0753   0.0000 -5.696323E-07  9.279055E-07 -1.740396E-03  1.501132E-03 -1.133994E-01
  20.0  10.993363   -5.74735898   0.1516      -554532.9   0.27598422  3.011832E-01  2.190472E-01  2.238179E-01   0.0695   0.0821   0.0000      -554533.7   414.0613  3.011659E-01  1.906002E+02  1.730000E-05   3.4690   0.0000 -2.466765E-06  2.663982E-05 -1.647287E-02  3.002492E-03 -2.760208E-01
  30.0  10.993540   -5.74738462   0.3820      -554526.9   0.88068297  9.814136E-01  8.580583E-01  8.683470E-01   0.2589   0.1232   0.0000      -554528.8   393.5843  9.811494E-01  1.905869E+02  2.642316E-04   3.3977   0.0000 -6.337185E-06  1.720767E-04 -6.931570E-02  4.503837E-03 -5.128064E-01
  40.0  10.993989   -5.74744406   0.8312      -554510.9   1.89670332  2.314451E+00  2.148839E+00  2.165997E+00   0.6670   0.1642   0.0000      -554514.1   382.1547  2.312817E+00  1.905535E+02  1.633896E-03   3.1039   0.0000 -1.296344E-05  5.649519E-04 -1.974993E-01  6.004457E-03 -8.217251E-01
  50.0  10.994816   -5.74756232   1.5396      -554478.5   3.13535472  4.178903E+00  3.968430E+00  3.996270E+00   1.3344   0.2052   0.0000      -554483.7   377.9616  4.173324E+00  1.904919E+02  5.579576E-03   2.8428   0.0000 -2.293325E-05  1.223119E-03 -4.429246E-01  7.504208E-03 -1.179079E+00
  60.0  10.996062   -5.74776530   2.4854      -554426.0   4.41207368  6.300780E+00  6.041502E+00  6.083351E+00   2.2392   0.2462   0.0000      -554433.4   376.6926  6.287526E+00  1.903990E+02  1.325355E-02   2.6542   0.0000 -3.668111E-05  2.066663E-03 -8.532690E-01  9.003668E-03 -1.577231E+00
  70.0  10.997719   -5.74807482   3.6155      -554351.9   5.61614936  8.444349E+00  8.131741E+00  8.190128E+00   3.3282   0.2873   0.0000      -554361.9   376.4800  8.419308E+00  1.902755E+02  2.504115E-02   2.5219   0.0000 -5.462418E-05  3.002675E-03 -1.487059E+00  1.050392E-02 -2.019252E+00
  80.0  10.999754   -5.74850688   4.8727      -554256.8   6.69859988  1.046508E+01  1.009469E+01  1.017184E+01   4.5442   0.3285   0.0000      -554270.0   376.6216  1.042439E+01  1.901236E+02  4.068841E-02   2.4279   0.0000 -7.723446E-05  3.969248E-03 -2.416637E+00  1.200631E-02 -2.511813E+00
  90.0  11.002125   -5.74907194   6.2077      -554142.5   7.64732497  1.229513E+01  1.186296E+01  1.196084E+01   5.8378   0.3699   0.0000      -554159.1   376.8538  1.223551E+01  1.899467E+02  5.961608E-02   2.3598   0.0000 -1.050464E-04  4.935671E-03 -3.727842E+00  1.351230E-02 -3.060205E+00
 100.0  11.004788   -5.74977593   7.5823      -554010.9   8.46843108  1.391538E+01  1.341802E+01  1.353827E+01   7.1709   0.4115   0.0000      -554031.5   377.0786  1.383422E+01  1.897478E+02  8.116294E-02   2.3093   0.0000 -1.386310E-04  5.886346E-03 -5.517349E+00  1.502331E-02 -3.666374E+00
 110.0  11.007704   -5.75062142   8.9692      -553864.1   9.17551764  1.533293E+01  1.476753E+01  1.491149E+01   8.5159   0.4534   0.0000      -553889.1   377.2625  1.522821E+01  1.895298E+02  1.047181E-01   2.2711   0.0000 -1.785610E-04  6.806464E-03 -7.888882E+00  1.654066E-02 -4.328730E+00
 120.0  11.010838   -5.75160858  10.3492      -553704.0   9.78417055  1.656674E+01  1.593097E+01  1.609969E+01   9.8536   0.4955   0.0000      -553733.9   377.3977  1.643697E+01  1.892954E+02  1.297727E-01   2.2415   0.0000 -2.253777E-04  7.674598E-03 -1.094916E+01  1.806548E-02 -5.042744E+00
 130.0  11.014159   -5.75273597  11.7095      -553532.5  10.30938583  1.763965E+01  1.693162E+01  1.712591E+01  11.1714   0.5380   0.0000      -553567.6   377.4859  1.748372E+01  1.890468E+02  1.559276E-01   2.2182   0.0000 -2.795658E-04  8.461371E-03 -1.480410E+01  1.959869E-02 -5.801766E+00
 140.0  11.017643   -5.75400105  13.0419      -553350.9  10.76453112  1.857430E+01  1.779250E+01  1.801296E+01  12.4610   0.5809   0.0000      -553391.8   377.5321  1.839142E+01  1.887857E+02  1.828815E-01   2.1994   0.0000 -3.415363E-04  9.131732E-03 -1.955551E+01  2.114103E-02 -6.597816E+00
 150.0  11.021269   -5.75540064  14.3414      -553160.6  11.16106677  1.939135E+01  1.853460E+01  1.878166E+01  13.7174   0.6240   0.0000      -553207.7   377.5420  1.918093E+01  1.885139E+02  2.104123E-01   2.1842   0.0000 -4.116165E-04  9.648686E-03 -2.529838E+01  2.269299E-02 -7.422249E+00
 160.0  11.025018   -5.75693112  15.6052      -552962.6  11.50861348  2.010882E+01  1.917619E+01  1.945020E+01  14.9377   0.6675   0.0000      -553016.5   377.5213  1.987046E+01  1.882325E+02  2.383600E-01   2.1715   0.0000 -4.900464E-04  9.977039E-03 -3.211881E+01  2.425490E-02 -8.266284E+00
 170.0  11.028877   -5.75858872  16.8321      -552757.9  11.81515780  2.074210E+01  1.973289E+01  2.003409E+01  16.1208   0.7114   0.0000      -552819.0   377.4746  2.047549E+01  1.879426E+02  2.666110E-01   2.1609   0.0000 -5.769789E-04  1.008643E-02 -4.009249E+01  2.582687E-02 -9.121381E+00
 180.0  11.032833   -5.76036955  18.0219      -552547.3  12.08729408  2.130409E+01  2.021780E+01  2.054638E+01  17.2664   0.7555   0.0000      -552616.1   377.4060  2.100901E+01  1.876452E+02  2.950861E-01   2.1519   0.0000 -6.724840E-04  9.953364E-03 -4.928379E+01  2.740887E-02 -9.979519E+00
 190.0  11.036875   -5.76226976  19.1749      -552331.3  12.33045689  2.180561E+01  2.064191E+01  2.099802E+01  18.3750   0.7999   0.0000      -552408.3   377.3190  2.148188E+01  1.873411E+02  3.237313E-01   2.1442   0.0000 -7.765549E-04  9.562340E-03 -5.974524E+01  2.900072E-02 -1.083337E+01
 200.0  11.040996   -5.76428557  20.2922      -552110.6  12.54912739  2.225565E+01  2.101436E+01  2.139812E+01  19.4476   0.8446   0.0000      -552196.3   377.2163  2.190314E+01  1.870309E+02  3.525105E-01   2.1375   0.0000 -8.891151E-04  8.906087E-03 -7.151745E+01  3.060213E-02 -1.167638E+01
 210.0  11.045186   -5.76641330  21.3747      -551885.7  12.74700778  2.266169E+01  2.134276E+01  2.175427E+01  20.4852   0.8895   0.0000      -551980.5   377.1004  2.228029E+01  1.867151E+02  3.814009E-01   2.1316   0.0000 -1.010027E-03  7.985264E-03 -8.462941E+01  3.221271E-02 -1.250288E+01
 220.0  11.049441   -5.76864940  22.4240      -551656.8  12.92716541  2.302997E+01  2.163346E+01  2.207282E+01  21.4893   0.9347   0.0000      -551761.3   376.9732  2.261958E+01  1.863941E+02  4.103887E-01   2.1265   0.0000 -1.139101E-03  6.807709E-03 -9.909891E+01  3.383197E-02 -1.330798E+01
 230.0  11.053755   -5.77099045  23.4413      -551424.5  13.09215074  2.336572E+01  2.189177E+01  2.235907E+01  22.4612   0.9801   0.0000      -551539.1   376.8364  2.292625E+01  1.860685E+02  4.394668E-01   2.1219   0.0000 -1.276102E-03  5.387466E-03 -1.149333E+02  3.545940E-02 -1.408766E+01
 240.0  11.058123   -5.77343321  24.4280      -551189.0  13.24409286  2.367330E+01  2.212216E+01  2.261748E+01  23.4025   1.0256   0.0000      -551314.2   376.6912  2.320466E+01  1.857385E+02  4.686326E-01   2.1179   0.0000 -1.420759E-03  3.743688E-03 -1.321301E+02  3.709440E-02 -1.483863E+01
 250.0  11.062541   -5.77597456  25.3857      -550950.5  13.38477650  2.395638E+01  2.232836E+01  2.285179E+01  24.3144   1.0712   0.0000      -551086.9   376.5388  2.345850E+01  1.854044E+02  4.978868E-01   2.1143   0.0000 -1.572770E-03  1.899539E-03 -1.506783E+02  3.873638E-02 -1.555830E+01
 260.0  11.067006   -5.77861153  26.3156      -550709.3  13.51570419  2.421809E+01  2.251353E+01  2.306516E+01  25.1986   1.1170   0.0000      -550857.3   376.3802  2.369086E+01  1.850664E+02  5.272323E-01   2.1110   0.0000 -1.731814E-03 -1.188543E-04 -1.705587E+02  4.038470E-02 -1.624474E+01
 270.0  11.071515   -5.78134129  27.2191      -550465.5  13.63814643  2.446104E+01  2.268035E+01  2.326028E+01  26.0562   1.1629   0.0000      -550625.6   376.2162  2.390437E+01  1.847248E+02  5.566732E-01   2.1081   0.0000 -1.897550E-03 -2.283357E-03 -1.917454E+02  4.203873E-02 -1.689655E+01
 280.0  11.076065   -5.78416116  28.0975      -550219.5  13.75318201  2.468749E+01  2.283111E+01  2.343943E+01  26.8887   1.2088   0.0000      -550392.1   376.0474  2.410127E+01  1.843798E+02  5.862147E-01   2.1054   0.0000 -2.069627E-03 -4.564664E-03 -2.142060E+02  4.369783E-02 -1.751285E+01
 290.0  11.080654   -5.78706857  28.9520      -549971.2  13.86173141  2.489935E+01  2.296775E+01  2.360457E+01  27.6972   1.2548   0.0000      -550156.9   375.8744  2.428349E+01  1.840314E+02  6.158626E-01   2.1030   0.0000 -2.247687E-03 -6.933014E-03 -2.379032E+02  4.536138E-02 -1.809315E+01
 300.0  11.085280   -5.79006108  29.7836      -549720.9  13.96458283  2.509827E+01  2.309194E+01  2.375736E+01  28.4829   1.3008   0.0000      -549920.1   375.6978  2.445264E+01  1.836798E+02  6.456228E-01   2.1008   0.0000 -2.431369E-03 -9.358781E-03 -2.627950E+02  4.702875E-02 -1.863735E+01
 310.0  11.089942   -5.79313637  30.5937      -549468.7  14.06241429  2.528567E+01  2.320510E+01  2.389925E+01  29.2469   1.3467   0.0000      -549681.8   375.5179  2.461017E+01  1.833253E+02  6.755019E-01   2.0988   0.0000 -2.620314E-03 -1.181295E-02 -2.888357E+02  4.869935E-02 -1.914561E+01
 320.0  11.094637   -5.79629223  31.3830      -549214.7  14.15581144  2.546278E+01  2.330849E+01  2.403147E+01  29.9903   1.3927   0.0000      -549442.1   375.3351  2.475728E+01  1.829677E+02  7.055058E-01   2.0970   0.0000 -2.814163E-03 -1.426750E-02 -3.159766E+02  5.037261E-02 -1.961838E+01
 330.0  11.099364   -5.79952656  32.1527      -548958.9  14.24528207  2.563068E+01  2.340316E+01  2.415512E+01  30.7140   1.4387   0.0000      -549201.2   375.1496  2.489504E+01  1.826073E+02  7.356408E-01   2.0953   0.0000 -3.012565E-03 -1.669566E-02 -3.441664E+02  5.204796E-02 -2.005628E+01
 340.0  11.104123   -5.80283733  32.9036      -548701.5  14.33126806  2.579029E+01  2.349007E+01  2.427112E+01  31.4190   1.4846   0.0000      -548959.0   374.9619  2.502438E+01  1.822441E+02  7.659129E-01   2.0938   0.0000 -3.215175E-03 -1.907215E-02 -3.733516E+02  5.372489E-02 -2.046011E+01
 350.0  11.108912   -5.80622265  33.6366      -548442.6  14.41415564  2.594244E+01  2.357001E+01  2.438030E+01  32.1062   1.5304   0.0000      -548715.8   374.7721  2.514611E+01  1.818781E+02  7.963280E-01   2.0924   0.0000 -3.421657E-03 -2.137329E-02 -4.034775E+02  5.540288E-02 -2.083076E+01
 360.0  11.113730   -5.80968067  34.3525      -548182.1  14.49428360  2.608784E+01  2.364369E+01  2.448337E+01  32.7763   1.5762   0.0000      -548471.4   374.5804  2.526095E+01  1.815095E+02  8.268918E-01   2.0911   0.0000 -3.631683E-03 -2.357711E-02 -4.344880E+02  5.708147E-02 -2.116926E+01
 370.0  11.118577   -5.81320966  35.0520      -547920.3  14.57194956  2.622713E+01  2.371176E+01  2.458096E+01  33.4301   1.6218   0.0000      -548226.1   374.3870  2.536952E+01  1.811382E+02  8.576101E-01   2.0900   0.0000 -3.844938E-03 -2.566337E-02 -4.663264E+02  5.876021E-02 -2.147666E+01
 380.0  11.123451   -5.81680794  35.7358      -547657.1  14.64741686  2.636087E+01  2.377474E+01  2.467363E+01  34.0684   1.6674   0.0000      -547979.8   374.1920  2.547238E+01  1.807644E+02  8.884881E-01   2.0889   0.0000 -4.061117E-03 -2.761356E-02 -4.989353E+02  6.043868E-02 -2.175409E+01
 390.0  11.128353   -5.82047391  36.4047      -547392.6  14.72091860  2.648957E+01  2.383313E+01  2.476186E+01  34.6919   1.7129   0.0000      -547732.7   373.9955  2.557003E+01  1.803880E+02  9.195310E-01   2.0879   0.0000 -4.279924E-03 -2.941093E-02 -5.322572E+02  6.211648E-02 -2.200267E+01
 400.0  11.133280   -5.82420605  37.0593      -547126.8  14.79266180  2.661365E+01  2.388736E+01  2.484609E+01  35.3011   1.7582   0.0000      -547484.6   373.7977  2.566291E+01  1.800090E+02  9.507439E-01   2.0870   0.0000 -4.501078E-03 -3.104038E-02 -5.662344E+02  6.379325E-02 -2.222356E+01
 410.0  11.138234   -5.82800290  37.7001      -546859.8  14.86283123  2.673353E+01  2.393781E+01  2.492670E+01  35.8967   1.8034   0.0000      -547235.7   373.5988  2.575140E+01  1.796275E+02  9.821317E-01   2.0862   0.0000 -4.724307E-03 -3.248846E-02 -6.008092E+02  6.546864E-02 -2.241791E+01
 420.0  11.143213   -5.83186306  38.3278      -546591.6  14.93159210  2.684956E+01  2.398482E+01  2.500405E+01  36.4793   1.8485   0.0000      -546986.1   373.3986  2.583586E+01  1.792436E+02  1.013699E+00   2.0855   0.0000 -4.949351E-03 -3.374330E-02 -6.359245E+02  6.714234E-02 -2.258684E+01
 430.0  11.148217   -5.83578517  38.9428      -546322.3  14.99909258  2.696206E+01  2.402868E+01  2.507842E+01  37.0494   1.8935   0.0000      -546735.7   373.1974  2.591661E+01  1.788572E+02  1.045451E+00   2.0848   0.0000 -5.175963E-03 -3.479450E-02 -6.715230E+02  6.881406E-02 -2.273148E+01
 440.0  11.153246   -5.83976797  39.5457      -546051.9  15.06546580  2.707131E+01  2.406968E+01  2.515011E+01  37.6074   1.9383   0.0000      -546484.5   372.9952  2.599392E+01  1.784683E+02  1.077392E+00   2.0842   0.0000 -5.403903E-03 -3.563310E-02 -7.075481E+02  7.048352E-02 -2.285289E+01
 450.0  11.158299   -5.84381020  40.1369      -545780.4  15.13083217  2.717758E+01  2.410804E+01  2.521935E+01  38.1540   1.9829   0.0000      -546232.7   372.7920  2.606806E+01  1.780770E+02  1.109526E+00   2.0837   0.0000 -5.632947E-03 -3.625148E-02 -7.439437E+02  7.215047E-02 -2.295213E+01
 460.0  11.163376   -5.84791068  40.7169      -545507.9  15.19530045  2.728111E+01  2.414399E+01  2.528637E+01  38.6895   2.0274   0.0000      -545980.1   372.5879  2.613925E+01  1.776832E+02  1.141857E+00   2.0832   0.0000 -5.862876E-03 -3.664331E-02 -7.806538E+02  7.381469E-02 -2.303022E+01
 470.0  11.168476   -5.85206828  41.2862      -545234.3  15.25896925  2.738211E+01  2.417773E+01  2.535137E+01  39.2144   2.0717   0.0000      -545727.0   372.3829  2.620772E+01  1.772870E+02  1.174391E+00   2.0828   0.0000 -6.093484E-03 -3.680345E-02 -8.176234E+02  7.547596E-02 -2.308812E+01
 480.0  11.173601   -5.85628191  41.8450      -544959.8  15.32192859  2.748077E+01  2.420943E+01  2.541452E+01  39.7291   2.1159   0.0000      -545473.1   372.1771  2.627364E+01  1.768884E+02  1.207130E+00   2.0824   0.0000 -6.324574E-03 -3.672788E-02 -8.547974E+02  7.713409E-02 -2.312678E+01
 490.0  11.178748   -5.86055050  42.3938      -544684.2  15.38426023  2.757728E+01  2.423925E+01  2.547599E+01  40.2339   2.1599   0.0000      -545218.7   371.9705  2.633720E+01  1.764873E+02  1.240079E+00   2.0820   0.0000 -6.555958E-03 -3.641365E-02 -8.921216E+02  7.878890E-02 -2.314708E+01
 500.0  11.183919   -5.86487304  42.9330      -544407.8  15.44603918  2.767180E+01  2.426733E+01  2.553593E+01  40.7293   2.2038   0.0000      -544963.6   371.7630  2.639855E+01  1.760838E+02  1.273242E+00   2.0817   0.0000 -6.787457E-03 -3.585881E-02 -9.295420E+02  8.044023E-02 -2.314988E+01
 510.0  11.189113   -5.86924857  43.4630      -544130.4  15.50733442  2.776447E+01  2.429380E+01  2.559447E+01  41.2155   2.2475   0.0000      -544708.0   371.5548  2.645785E+01  1.756778E+02  1.306624E+00   2.0815   0.0000 -7.018900E-03 -3.506234E-02 -9.670052E+02  8.208795E-02 -2.313598E+01
 520.0  11.194330   -5.87367615  43.9839      -543852.0  15.56820900  2.785545E+01  2.431879E+01  2.565174E+01  41.6929   2.2910   0.0000      -544451.7   371.3458  2.651523E+01  1.752694E+02  1.340227E+00   2.0812   0.0000 -7.250124E-03 -3.402409E-02 -1.004458E+03  8.373191E-02 -2.310614E+01
 530.0  11.199570   -5.87815488  44.4962      -543572.8  15.62872142  2.794486E+01  2.434241E+01  2.570784E+01  42.1619   2.3343   0.0000      -544194.9   371.1361  2.657081E+01  1.748585E+02  1.374056E+00   2.0810   0.0000 -7.480972E-03 -3.274474E-02 -1.041848E+03  8.537201E-02 -2.306110E+01
 540.0  11.204832   -5.88268388  45.0002      -543292.7  15.68892572  2.803282E+01  2.436474E+01  2.576288E+01  42.6227   2.3775   0.0000      -543937.6   370.9256  2.662470E+01  1.744452E+02  1.408114E+00   2.0809   0.0000 -7.711297E-03 -3.122576E-02 -1.079122E+03  8.700813E-02 -2.300154E+01
 550.0  11.210117   -5.88726233  45.4960      -543011.7  15.74887201  2.811943E+01  2.438588E+01  2.581696E+01  43.0756   2.4205   0.0000      -543679.7   370.7143  2.667703E+01  1.740294E+02  1.442407E+00   2.0807   0.0000 -7.940957E-03 -2.946932E-02 -1.116228E+03  8.864020E-02 -2.292810E+01
 560.0  11.215425   -5.89188942  45.9841      -542729.9  15.80860698  2.820481E+01  2.440592E+01  2.587016E+01  43.5208   2.4633   0.0000      -543421.2   370.5022  2.672787E+01  1.736111E+02  1.476937E+00   2.0806   0.0000 -8.169815E-03 -2.747829E-02 -1.153114E+03  9.026812E-02 -2.284139E+01
 570.0  11.220755   -5.89656437  46.4647      -542447.2  15.86817414  2.828905E+01  2.442492E+01  2.592255E+01  43.9587   2.5060   0.0000      -543162.3   370.2894  2.677734E+01  1.731903E+02  1.511708E+00   2.0805   0.0000 -8.397742E-03 -2.525617E-02 -1.189728E+03  9.189183E-02 -2.274198E+01
 580.0  11.226108   -5.90128643  46.9379      -542163.7  15.92761426  2.837223E+01  2.444296E+01  2.597422E+01  44.3895   2.5484   0.0000      -542902.8   370.0758  2.682551E+01  1.727670E+02  1.546725E+00   2.0805   0.0000 -8.624614E-03 -2.280710E-02 -1.226018E+03  9.351127E-02 -2.263042E+01
 590.0  11.231484   -5.90605489  47.4041      -541879.3  15.98696559  2.845445E+01  2.446010E+01  2.602522E+01  44.8133   2.5908   0.0000      -542642.8   369.8614  2.687246E+01  1.723412E+02  1.581991E+00   2.0804   0.0000 -8.850312E-03 -2.013575E-02 -1.261934E+03  9.512638E-02 -2.250721E+01
 600.0  11.236882   -5.91086906  47.8635      -541594.2  16.04626444  2.853579E+01  2.447640E+01  2.607563E+01  45.2305   2.6329   0.0000      -542382.3   369.6462  2.691828E+01  1.719129E+02  1.617509E+00   2.0804   0.0000 -9.074721E-03 -1.724734E-02 -1.297422E+03  9.673713E-02 -2.237282E+01
 610.0  11.242302   -5.91572826  48.3162      -541308.2  16.10554458  2.861631E+01  2.449191E+01  2.612549E+01  45.6413   2.6749   0.0000      -542121.3   369.4302  2.696302E+01  1.714820E+02  1.653286E+00   2.0804   0.0000 -9.297732E-03 -1.414762E-02 -1.332431E+03  9.834349E-02 -2.222770E+01
 620.0  11.247745   -5.92063185  48.7625      -541021.4  16.16483834  2.869609E+01  2.450668E+01  2.617487E+01  46.0458   2.7167   0.0000      -541859.8   369.2133  2.700677E+01  1.710485E+02  1.689323E+00   2.0804   0.0000 -9.519241E-03 -1.084280E-02 -1.366910E+03  9.994542E-02 -2.207227E+01
 630.0  11.253211   -5.92557921  49.2027      -540733.9  16.22417670  2.877520E+01  2.452076E+01  2.622381E+01  46.4443   2.7584   0.0000      -541597.8   368.9956  2.704957E+01  1.706125E+02  1.725626E+00   2.0805   0.0000 -9.739145E-03 -7.339552E-03 -1.400806E+03  1.015429E-01 -2.190692E+01
 640.0  11.258700   -5.93056974  49.6368      -540445.5  16.28358867  2.885370E+01  2.453419E+01  2.627236E+01  46.8369   2.7999   0.0000      -541335.3   368.7769  2.709150E+01  1.701739E+02  1.762199E+00   2.0805   0.0000 -9.957347E-03 -3.644973E-03 -1.434068E+03  1.031359E-01 -2.173201E+01
 650.0  11.264211   -5.93560288  50.0651      -540156.4  16.34310238  2.893165E+01  2.454701E+01  2.632056E+01  47.2238   2.8412   0.0000      -541072.3   368.5574  2.713260E+01  1.697326E+02  1.799045E+00   2.0806   0.0000 -1.017375E-02  2.334253E-04 -1.466643E+03  1.047245E-01 -2.154788E+01
 660.0  11.269745   -5.94067805  50.4877      -539866.5  16.40274481  2.900911E+01  2.455925E+01  2.636845E+01  47.6053   2.8824   0.0000      -540808.9   368.3369  2.717294E+01  1.692888E+02  1.836169E+00   2.0806   0.0000 -1.038828E-02  4.287744E-03 -1.498478E+03  1.063087E-01 -2.135487E+01
 670.0  11.275302   -5.94579474  50.9048      -539575.8  16.46254173  2.908613E+01  2.457096E+01  2.641607E+01  47.9814   2.9235   0.0000      -540545.0   368.1155  2.721256E+01  1.688422E+02  1.873576E+00   2.0807   0.0000 -1.060082E-02  8.509716E-03 -1.529523E+03  1.078883E-01 -2.115326E+01
 680.0  11.280883   -5.95095242  51.3166      -539284.4  16.52251831  2.916277E+01  2.458215E+01  2.646346E+01  48.3523   2.9644   0.0000      -540280.6   367.8931  2.725150E+01  1.683930E+02  1.911270E+00   2.0808   0.0000 -1.081131E-02  1.289073E-02 -1.559723E+03  1.094636E-01 -2.094335E+01
 690.0  11.286486   -5.95615060  51.7233      -538992.2  16.58269884  2.923908E+01  2.459286E+01  2.651065E+01  48.7182   3.0051   0.0000      -540015.7   367.6696  2.728982E+01  1.679411E+02  1.949255E+00   2.0809   0.0000 -1.101966E-02  1.742182E-02 -1.589025E+03  1.110344E-01 -2.072540E+01
 700.0  11.292112   -5.96138882  52.1249      -538699.2  16.64310678  2.931510E+01  2.460312E+01  2.655767E+01  49.0792   3.0457   0.0000      -539750.4   367.4451  2.732756E+01  1.674865E+02  1.987537E+00   2.0809   0.0000 -1.122579E-02  2.209373E-02 -1.617377E+03  1.126009E-01 -2.049965E+01
 710.0  11.297762   -5.96666660  52.5217      -538405.5  16.70376520  2.939088E+01  2.461295E+01  2.660455E+01  49.4355   3.0861   0.0000      -539484.5   367.2195  2.736476E+01  1.670291E+02  2.026120E+00   2.0810   0.0000 -1.142963E-02  2.689689E-02 -1.644724E+03  1.141630E-01 -2.026634E+01
 720.0  11.303435   -5.97198351  52.9137      -538111.0  16.76469666  2.946647E+01  2.462238E+01  2.665132E+01  49.7872   3.1265   0.0000      -539218.3   366.9927  2.740146E+01  1.665690E+02  2.065009E+00   2.0811   0.0000 -1.163110E-02  3.182142E-02 -1.671013E+03  1.157208E-01 -2.002569E+01
 730.0  11.309132   -5.97733914  53.3011      -537815.8  16.82592303  2.954190E+01  2.463142E+01  2.669801E+01  50.1345   3.1666   0.0000      -538951.5   366.7648  2.743769E+01  1.661060E+02  2.104209E+00   2.0812   0.0000 -1.183012E-02  3.685719E-02 -1.696189E+03  1.172743E-01 -1.977790E+01
 740.0  11.314852   -5.98273307  53.6841      -537519.8  16.88746621  2.961722E+01  2.464010E+01  2.674464E+01  50.4774   3.2067   0.0000      -538684.3   366.5357  2.747350E+01  1.656403E+02  2.143725E+00   2.0813   0.0000 -1.202663E-02  4.199377E-02 -1.720199E+03  1.188235E-01 -1.952317E+01
 750.0  11.320597   -5.98816493  54.0627      -537223.1  16.94934760  2.969247E+01  2.464843E+01  2.679123E+01  50.8161   3.2466   0.0000      -538416.6   366.3053  2.750891E+01  1.651717E+02  2.183563E+00   2.0814   0.0000 -1.222056E-02  4.722050E-02 -1.742987E+03  1.203685E-01 -1.926169E+01
 760.0  11.326365   -5.99363434  54.4372      -536925.6  17.01158808  2.976769E+01  2.465644E+01  2.683782E+01  51.1508   3.2864   0.0000      -538148.5   366.0736  2.754396E+01  1.647002E+02  2.223727E+00   2.0815   0.0000 -1.241184E-02  5.252645E-02 -1.764499E+03  1.219094E-01 -1.899362E+01
 770.0  11.332158   -5.99914094  54.8075      -536627.4  17.07420883  2.984291E+01  2.466414E+01  2.688441E+01  51.4815   3.3261   0.0000      -537879.9   365.8406  2.757868E+01  1.642259E+02  2.264225E+00   2.0816   0.0000 -1.260041E-02  5.790046E-02 -1.784679E+03  1.234462E-01 -1.871914E+01
 780.0  11.337974   -6.00468441  55.1739      -536328.4  17.13723064  2.991816E+01  2.467155E+01  2.693104E+01  51.8083   3.3656   0.0000      -537610.8   365.6061  2.761310E+01  1.637486E+02  2.305061E+00   2.0817   0.0000 -1.278621E-02  6.333111E-02 -1.803473E+03  1.249790E-01 -1.843839E+01
 790.0  11.343816   -6.01026441  55.5364      -536028.7  17.20067413  2.999349E+01  2.467867E+01  2.697772E+01  52.1313   3.4051   0.0000      -537341.3   365.3703  2.764725E+01  1.632684E+02  2.346242E+00   2.0817   0.0000 -1.296916E-02  6.880679E-02 -1.820823E+03  1.265077E-01 -1.815153E+01
 800.0  11.349682   -6.01588064  55.8952      -535728.2  17.26456005  3.006892E+01  2.468553E+01  2.702448E+01  52.4508   3.4444   0.0000      -537071.2   365.1329  2.768115E+01  1.627852E+02  2.387773E+00   2.0818   0.0000 -1.314922E-02  7.431563E-02 -1.836676E+03  1.280326E-01 -1.785870E+01
 810.0  11.355573   -6.02153281  56.2503      -535426.9  17.32890912  3.014449E+01  2.469214E+01  2.707132E+01  52.7666   3.4836   0.0000      -536800.8   364.8940  2.771483E+01  1.622990E+02  2.429662E+00   2.0819   0.0000 -1.332631E-02  7.984555E-02 -1.850973E+03  1.295535E-01 -1.756004E+01
 820.0  11.361489   -6.02722064  56.6018      -535125.0  17.39374187  3.022022E+01  2.469851E+01  2.711828E+01  53.0791   3.5227   0.0000      -536529.8   364.6536  2.774831E+01  1.618097E+02  2.471914E+00   2.0819   0.0000 -1.350040E-02  8.538424E-02 -1.863661E+03  1.310707E-01 -1.725567E+01
 830.0  11.367430   -6.03294386  56.9499      -534822.2  17.45907920  3.029615E+01  2.470465E+01  2.716537E+01  53.3882   3.5618   0.0000      -536258.4   364.4114  2.778161E+01  1.613174E+02  2.514535E+00   2.0820   0.0000 -1.367141E-02  9.091920E-02 -1.874681E+03  1.325842E-01 -1.694573E+01
 840.0  11.373397   -6.03870224  57.2947      -534518.7  17.52494190  3.037230E+01  2.471058E+01  2.721260E+01  53.6940   3.6007   0.0000      -535986.5   364.1676  2.781477E+01  1.608220E+02  2.557535E+00   2.0820   0.0000 -1.383929E-02  9.643768E-02 -1.883977E+03  1.340940E-01 -1.663033E+01
 850.0  11.379389   -6.04449554  57.6362      -534214.4  17.59135097  3.044871E+01  2.471629E+01  2.725999E+01  53.9967   3.6395   0.0000      -535714.1   363.9220  2.784779E+01  1.603234E+02  2.600918E+00   2.0821   0.0000 -1.400400E-02  1.019267E-01 -1.891494E+03  1.356002E-01 -1.630960E+01
 860.0  11.385407   -6.05032354  57.9746      -533909.4  17.65832764  3.052539E+01  2.472181E+01  2.730757E+01  54.2963   3.6783   0.0000      -535441.3   363.6746  2.788070E+01  1.598217E+02  2.644693E+00   2.0821   0.0000 -1.416547E-02  1.073732E-01 -1.897174E+03  1.371029E-01 -1.598365E+01
 870.0  11.391452   -6.05618604  58.3099      -533603.6  17.72589329  3.060238E+01  2.472714E+01  2.735534E+01  54.5929   3.7169   0.0000      -535168.0   363.4253  2.791352E+01  1.593167E+02  2.688867E+00   2.0821   0.0000 -1.432365E-02  1.127637E-01 -1.900961E+03  1.386022E-01 -1.565259E+01
 880.0  11.397523   -6.06208284  58.6422      -533297.0  17.79406944  3.067971E+01  2.473229E+01  2.740332E+01  54.8867   3.7555   0.0000      -534894.2   363.1740  2.794626E+01  1.588085E+02  2.733448E+00   2.0821   0.0000 -1.447850E-02  1.180846E-01 -1.902798E+03  1.400981E-01 -1.531653E+01
 890.0  11.403620   -6.06801377  58.9716      -532989.7  17.86287805  3.075738E+01  2.473726E+01  2.745153E+01  55.1776   3.7940   0.0000      -534619.9   362.9208  2.797894E+01  1.582970E+02  2.778446E+00   2.0821   0.0000 -1.462997E-02  1.233220E-01 -1.902629E+03  1.415907E-01 -1.497558E+01
 900.0  11.409745   -6.07397867  59.2981      -532681.6  17.93234120  3.083544E+01  2.474207E+01  2.749998E+01  55.4657   3.8324   0.0000      -534345.2   362.6654  2.801157E+01  1.577822E+02  2.823866E+00   2.0821   0.0000 -1.477800E-02  1.284619E-01 -1.900396E+03  1.430801E-01 -1.462984E+01
 910.0  11.415897   -6.07997739  59.6220      -532372.7  18.00248136  3.091389E+01  2.474673E+01  2.754869E+01  55.7512   3.8708   0.0000      -534069.9   362.4079  2.804417E+01  1.572641E+02  2.869719E+00   2.0821   0.0000 -1.492255E-02  1.334899E-01 -1.896044E+03  1.445664E-01 -1.427942E+01
 920.0  11.422076   -6.08600980  59.9432      -532063.0  18.07332152  3.099277E+01  2.475123E+01  2.759768E+01  56.0341   3.9091   0.0000      -533794.2   362.1482  2.807676E+01  1.567426E+02  2.916012E+00   2.0821   0.0000 -1.506357E-02  1.383916E-01 -1.889517E+03  1.460497E-01 -1.392442E+01
 930.0  11.428283   -6.09207577  60.2618      -531752.5  18.14489794  3.107210E+01  2.475559E+01  2.764695E+01  56.3145   3.9473   0.0000      -533518.0   361.8861  2.810934E+01  1.562176E+02  2.962760E+00   2.0820   0.0000 -1.520102E-02  1.431521E-01 -1.880757E+03  1.475300E-01 -1.356495E+01
 940.0  11.434518   -6.09817520  60.5779      -531441.3  18.21721082  3.115190E+01  2.475981E+01  2.769653E+01  56.5925   3.9855   0.0000      -533241.3   361.6217  2.814193E+01  1.556892E+02  3.009965E+00   2.0820   0.0000 -1.533486E-02  1.477563E-01 -1.869710E+03  1.490074E-01 -1.320110E+01
 950.0  11.440781   -6.10430800  60.8916      -531129.2  18.29013209  3.123213E+01  2.476390E+01  2.774640E+01  56.8681   4.0236   0.0000      -532964.0   361.3548  2.817454E+01  1.551572E+02  3.057585E+00   2.0819   0.0000 -1.546503E-02  1.521874E-01 -1.856319E+03  1.504821E-01 -1.283298E+01
 960.0  11.447073   -6.11047409  61.2030      -530816.3  18.36469371  3.131315E+01  2.476786E+01  2.779674E+01  57.1414   4.0616   0.0000      -532686.3   361.0854  2.820718E+01  1.546217E+02  3.105968E+00   2.0819   0.0000 -1.559150E-02  1.564384E-01 -1.840528E+03  1.519540E-01 -1.246069E+01
 970.0  11.453394   -6.11667342  61.5120      -530502.7  18.42968817  3.139280E+01  2.477170E+01  2.784570E+01  57.4124   4.0996   0.0000      -532408.1   360.8134  2.823985E+01  1.541631E+02  3.152942E+00   2.0818   0.0000 -1.571423E-02  1.604409E-01 -1.822284E+03  1.534233E-01 -1.208435E+01
 980.0  11.459737   -6.12290601  61.8189      -530188.2  18.48472096  3.147098E+01  2.477543E+01  2.789317E+01  57.6813   4.1376   0.0000      -532129.4   360.5390  2.827258E+01  1.537848E+02  3.198404E+00   2.0817   0.0000 -1.583318E-02  1.644535E-01 -1.801530E+03  1.548900E-01 -1.170385E+01
 990.0  11.466104   -6.12917170  62.1235      -529873.0  18.54081916  3.154980E+01  2.477904E+01  2.794097E+01  57.9480   4.1755   0.0000      -531850.2   360.2622  2.830535E+01  1.534049E+02  3.244453E+00   2.0816   0.0000 -1.594829E-02  1.686205E-01 -1.778212E+03  1.563541E-01 -1.131908E+01
1000.0  11.472493   -6.13547032  62.4260      -529556.9  18.59702521  3.162894E+01  2.478255E+01  2.798894E+01  58.2126   4.2134   0.0000      -531570.6   359.9829  2.833818E+01  1.530234E+02  3.290759E+00   2.0814   0.0000 -1.605954E-02  1.729376E-01 -1.752276E+03  1.578157E-01 -1.093015E+01
1010.0  11.478905   -6.14180170  62.7265      -529240.1  18.65358216  3.170849E+01  2.478595E+01  2.803715E+01  58.4753   4.2512   0.0000      -531290.5   359.7012  2.837108E+01  1.526404E+02  3.337409E+00   2.0813   0.0000 -1.616688E-02  1.774113E-01 -1.723667E+03  1.592750E-01 -1.053713E+01
1020.0  11.485340   -6.14816569  63.0249      -528922.5  18.71046791  3.178845E+01  2.478925E+01  2.808559E+01  58.7359   4.2890   0.0000      -531009.9   359.4171  2.840406E+01  1.522558E+02  3.384393E+00   2.0811   0.0000 -1.627027E-02  1.820458E-01 -1.692331E+03  1.607319E-01 -1.014010E+01
1030.0  11.491799   -6.15456211  63.3213      -528604.1  18.76768318  3.186882E+01  2.479245E+01  2.813426E+01  58.9945   4.3268   0.0000      -530728.8   359.1304  2.843711E+01  1.518698E+02  3.431716E+00   2.0809   0.0000 -1.636967E-02  1.868458E-01 -1.658216E+03  1.621865E-01 -9.739133E+00
1040.0  11.498281   -6.16099083  63.6158      -528284.9  18.82524118  3.194962E+01  2.479557E+01  2.818318E+01  59.2513   4.3645   0.0000      -530447.2   358.8413  2.847024E+01  1.514821E+02  3.479382E+00   2.0807   0.0000 -1.646504E-02  1.918162E-01 -1.621267E+03  1.636389E-01 -9.334306E+00
1050.0  11.504786   -6.16745168  63.9084      -527964.8  18.88315079  3.203086E+01  2.479859E+01  2.823235E+01  59.5062   4.4022   0.0000      -530165.1   358.5496  2.850346E+01  1.510928E+02  3.527395E+00   2.0805   0.0000 -1.655635E-02  1.969622E-01 -1.581433E+03  1.650893E-01 -8.925697E+00
1060.0  11.511315   -6.17394453  64.1992      -527644.0  18.94142110  3.211253E+01  2.480154E+01  2.828178E+01  59.7593   4.4399   0.0000      -529882.5   358.2554  2.853677E+01  1.507020E+02  3.575760E+00   2.0803   0.0000 -1.664354E-02  2.022890E-01 -1.538662E+03  1.665376E-01 -8.513385E+00
1070.0  11.517869   -6.18046922  64.4882      -527322.3  19.00006149  3.219465E+01  2.480439E+01  2.833148E+01  60.0106   4.4775   0.0000      -529599.5   357.9586  2.857017E+01  1.503095E+02  3.624481E+00   2.0800   0.0000 -1.672660E-02  2.078021E-01 -1.492902E+03  1.679839E-01 -8.097446E+00
1080.0  11.524446   -6.18702562  64.7754      -526999.9  19.05908105  3.227723E+01  2.480717E+01  2.838145E+01  60.2602   4.5152   0.0000      -529315.9   357.6593  2.860366E+01  1.499154E+02  3.673564E+00   2.0798   0.0000 -1.680548E-02  2.135073E-01 -1.444102E+03  1.694284E-01 -7.677960E+00
1090.0  11.531047   -6.19361359  65.0609      -526676.6  19.11848904  3.236027E+01  2.480988E+01  2.843170E+01  60.5081   4.5528   0.0000      -529031.8   357.3573  2.863726E+01  1.495198E+02  3.723013E+00   2.0795   0.0000 -1.688015E-02  2.194103E-01 -1.392213E+03  1.708710E-01 -7.255004E+00
1100.0  11.537673   -6.20023300  65.3447      -526352.4  19.17829486  3.244378E+01  2.481251E+01  2.848225E+01  60.7543   4.5904   0.0000      -528747.3   357.0527  2.867095E+01  1.491225E+02  3.772833E+00   2.0792   0.0000 -1.695057E-02  2.255173E-01 -1.337185E+03  1.723118E-01 -6.828656E+00
1110.0  11.544324   -6.20688371  65.6269      -526027.5  19.23850773  3.252776E+01  2.481507E+01  2.853309E+01  60.9989   4.6280   0.0000      -528462.2   356.7455  2.870473E+01  1.487236E+02  3.823029E+00   2.0789   0.0000 -1.701671E-02  2.318345E-01 -1.278968E+03  1.737510E-01 -6.398994E+00
1120.0  11.550999   -6.21356560  65.9075      -525701.6  19.29913697  3.261223E+01  2.481756E+01  2.858424E+01  61.2419   4.6655   0.0000      -528176.6   356.4356  2.873862E+01  1.483231E+02  3.873607E+00   2.0786   0.0000 -1.707854E-02  2.383683E-01 -1.217514E+03  1.751886E-01 -5.966097E+00
1130.0  11.557699   -6.22027853  66.1865      -525375.0  19.36019228  3.269718E+01  2.481999E+01  2.863570E+01  61.4834   4.7031   0.0000      -527890.5   356.1230  2.877261E+01  1.479209E+02  3.924571E+00   2.0783   0.0000 -1.713602E-02  2.451256E-01 -1.152776E+03  1.766246E-01 -5.530044E+00
1140.0  11.564425   -6.22702240  66.4640      -525047.5  19.42168304  3.278262E+01  2.482235E+01  2.868747E+01  61.7233   4.7407   0.0000      -527603.9   355.8076  2.880669E+01  1.475170E+02  3.975925E+00   2.0779   0.0000 -1.718913E-02  2.521130E-01 -1.084707E+03  1.780591E-01 -5.090912E+00
1150.0  11.571176   -6.23379706  66.7399      -524719.1  19.48361885  3.286856E+01  2.482465E+01  2.873957E+01  61.9617   4.7782   0.0000      -527316.7   355.4896  2.884088E+01  1.471115E+02  4.027677E+00   2.0776   0.0000 -1.723783E-02  2.593378E-01 -1.013260E+03  1.794922E-01 -4.648782E+00
1160.0  11.577952   -6.24060241  67.0145      -524389.9  19.54600929  3.295499E+01  2.482689E+01  2.879201E+01  62.1987   4.8158   0.0000      -527029.1   355.1687  2.887516E+01  1.467042E+02  4.079830E+00   2.0772   0.0000 -1.728210E-02  2.668073E-01 -9.383894E+02  1.809239E-01 -4.203730E+00
1170.0  11.584754   -6.24743833  67.2876      -524059.8  19.60886435  3.304193E+01  2.482908E+01  2.884479E+01  62.4342   4.8533   0.0000      -526740.9   354.8451  2.890954E+01  1.462954E+02  4.132393E+00   2.0768   0.0000 -1.732190E-02  2.745288E-01 -8.600510E+02  1.823544E-01 -3.755835E+00
1180.0  11.591582   -6.25430470  67.5592      -523728.8  19.67219360  3.312938E+01  2.483121E+01  2.889791E+01  62.6684   4.8909   0.0000      -526452.2   354.5186  2.894402E+01  1.458848E+02  4.185369E+00   2.0764   0.0000 -1.735720E-02  2.825102E-01 -7.782005E+02  1.837836E-01 -3.305176E+00
1190.0  11.598436   -6.26120140  67.8296      -523397.0  19.73600699  3.321735E+01  2.483328E+01  2.895139E+01  62.9011   4.9284   0.0000      -526162.9   354.1893  2.897858E+01  1.454724E+02  4.238764E+00   2.0760   0.0000 -1.738799E-02  2.907595E-01 -6.927944E+02  1.852116E-01 -2.851831E+00
1200.0  11.605316   -6.26812833  68.0985      -523064.3  19.80031481  3.330583E+01  2.483531E+01  2.900524E+01  63.1326   4.9660   0.0000      -525873.2   353.8571  2.901324E+01  1.450585E+02  4.292585E+00   2.0756   0.0000 -1.741423E-02  2.992847E-01 -6.037901E+02  1.866384E-01 -2.395877E+00
1210.0  11.612223   -6.27508536  68.3662      -522730.7  19.86512701  3.339483E+01  2.483728E+01  2.905945E+01  63.3627   5.0035   0.0000      -525582.8   353.5220  2.904799E+01  1.446427E+02  4.346837E+00   2.0752   0.0000 -1.743590E-02  3.080943E-01 -5.111458E+02  1.880643E-01 -1.937393E+00
1220.0  11.619157   -6.28207240  68.6326      -522396.2  19.93045382  3.348435E+01  2.483921E+01  2.911404E+01  63.5915   5.0411   0.0000      -525292.0   353.1840  2.908282E+01  1.442252E+02  4.401527E+00   2.0748   0.0000 -1.745297E-02  3.171970E-01 -4.148204E+02  1.894891E-01 -1.476455E+00
1230.0  11.626118   -6.28908933  68.8977      -522060.8  19.99630567  3.357440E+01  2.484109E+01  2.916902E+01  63.8190   5.0786   0.0000      -525000.5   352.8430  2.911774E+01  1.438059E+02  4.456660E+00   2.0743   0.0000 -1.746542E-02  3.266016E-01 -3.147737E+02  1.909129E-01 -1.013139E+00
1240.0  11.633106   -6.29613605  69.1616      -521724.5  20.06269312  3.366498E+01  2.484292E+01  2.922439E+01  64.0453   5.1162   0.0000      -524708.6   352.4990  2.915274E+01  1.433849E+02  4.512245E+00   2.0739   0.0000 -1.747323E-02  3.363172E-01 -2.109661E+02  1.923358E-01 -5.475234E-01
1250.0  11.640121   -6.30321243  69.4242      -521387.3  20.12962674  3.375610E+01  2.484471E+01  2.928016E+01  64.2704   5.1538   0.0000      -524416.1   352.1520  2.918781E+01  1.429621E+02  4.568286E+00   2.0734   0.0000 -1.747636E-02  3.463533E-01 -1.033590E+02  1.937579E-01 -7.968251E-02
1260.0  11.647165   -6.31031839  69.6857      -521049.2  20.19711740  3.384775E+01  2.484646E+01  2.933633E+01  64.4943   5.1914   0.0000      -524123.0   351.8020  2.922296E+01  1.425375E+02  4.624791E+00   2.0729   0.0000 -1.747481E-02  3.567194E-01  8.085627E+00  1.951792E-01  3.903083E-01
1270.0  11.654236   -6.31745381  69.9461      -520710.2  20.26517599  3.393994E+01  2.484817E+01  2.939293E+01  64.7171   5.2290   0.0000      -523829.3   351.4489  2.925818E+01  1.421110E+02  4.681765E+00   2.0725   0.0000 -1.746855E-02  3.674254E-01  1.234048E+02  1.965997E-01  8.623744E-01
1280.0  11.661335   -6.32461858  70.2053      -520370.2  20.33381364  3.403268E+01  2.484984E+01  2.944995E+01  64.9386   5.2667   0.0000      -523535.1   351.0927  2.929347E+01  1.416828E+02  4.739218E+00   2.0720   0.0000 -1.745756E-02  3.784815E-01  2.426350E+02  1.980194E-01  1.336442E+00
1290.0  11.668463   -6.33181260  70.4634      -520029.3  20.40304153  3.412597E+01  2.485147E+01  2.950739E+01  65.1591   5.3043   0.0000      -523240.3   350.7334  2.932882E+01  1.412527E+02  4.797153E+00   2.0715   0.0000 -1.744182E-02  3.898982E-01  3.658116E+02  1.994385E-01  1.812439E+00
1300.0  11.675620   -6.33903577  70.7204      -519687.5  20.47287126  3.421981E+01  2.485306E+01  2.956528E+01  65.3784   5.3420   0.0000      -522945.0   350.3708  2.936423E+01  1.408208E+02  4.855580E+00   2.0710   0.0000 -1.742130E-02  4.016860E-01  4.929694E+02  2.008570E-01  2.290292E+00
1310.0  11.682805   -6.34628797  70.9764      -519344.8  20.54331451  3.431420E+01  2.485462E+01  2.962362E+01  65.5967   5.3796   0.0000      -522649.0   350.0051  2.939969E+01  1.403871E+02  4.914508E+00   2.0705   0.0000 -1.739600E-02  4.138561E-01  6.241423E+02  2.022749E-01  2.769931E+00
1320.0  11.690020   -6.35356911  71.2312      -519001.0  20.61438292  3.440915E+01  2.485614E+01  2.968241E+01  65.8139   5.4173   0.0000      -522352.5   349.6362  2.943521E+01  1.399514E+02  4.973941E+00   2.0700   0.0000 -1.736590E-02  4.264196E-01  7.593635E+02  2.036923E-01  3.251285E+00
1330.0  11.697264   -6.36087906  71.4851      -518656.4  20.68608867  3.450467E+01  2.485762E+01  2.974167E+01  66.0301   5.4551   0.0000      -522055.4   349.2640  2.947078E+01  1.395139E+02  5.033889E+00   2.0695   0.0000 -1.733097E-02  4.393883E-01  8.986654E+02  2.051091E-01  3.734285E+00
1340.0  11.704538   -6.36821774  71.7380      -518310.8  20.75844406  3.460075E+01  2.485908E+01  2.980140E+01  66.2452   5.4928   0.0000      -521757.7   348.8884  2.950639E+01  1.390744E+02  5.094358E+00   2.0690   0.0000 -1.729121E-02  4.527740E-01  1.042080E+03  2.065255E-01  4.218863E+00
1350.0  11.711842   -6.37558502  71.9898      -517964.2  20.83146153  3.469740E+01  2.486050E+01  2.986161E+01  66.4593   5.5305   0.0000      -521459.3   348.5096  2.954204E+01  1.386331E+02  5.155357E+00   2.0684   0.0000 -1.724659E-02  4.665890E-01  1.189637E+03  2.079414E-01  4.704951E+00
1360.0  11.719177   -6.38298081  72.2407      -517616.7  20.90515377  3.479463E+01  2.486189E+01  2.992232E+01  66.6724   5.5683   0.0000      -521160.4   348.1274  2.957773E+01  1.381897E+02  5.216895E+00   2.0679   0.0000 -1.719710E-02  4.808458E-01  1.341367E+03  2.093569E-01  5.192485E+00
1370.0  11.726542   -6.39040498  72.4907      -517268.2  20.97953374  3.489243E+01  2.486325E+01  2.998352E+01  66.8846   5.6061   0.0000      -520860.9   347.7417  2.961345E+01  1.377445E+02  5.278979E+00   2.0674   0.0000 -1.714274E-02  4.955573E-01  1.497300E+03  2.107721E-01  5.681400E+00
1380.0  11.733938   -6.39785743  72.7397      -516918.7  21.05461488  3.499082E+01  2.486458E+01  3.004523E+01  67.0958   5.6439   0.0000      -520560.8   347.3526  2.964920E+01  1.372972E+02  5.341618E+00   2.0669   0.0000 -1.708347E-02  5.107368E-01  1.657464E+03  2.121870E-01  6.171632E+00
1390.0  11.741365   -6.40533806  72.9878      -516568.2  21.13041055  3.508979E+01  2.486588E+01  3.010746E+01  67.3061   5.6818   0.0000      -520260.0   346.9601  2.968497E+01  1.368480E+02  5.404821E+00   2.0663   0.0000 -1.701930E-02  5.263980E-01  1.821887E+03  2.136015E-01  6.663120E+00
1400.0  11.748824   -6.41284673  73.2350      -516216.7  21.20693444  3.518936E+01  2.486716E+01  3.017022E+01  67.5154   5.7196   0.0000      -519958.6   346.5640  2.972076E+01  1.363968E+02  5.468596E+00   2.0658   0.0000 -1.695021E-02  5.425548E-01  1.990595E+03  2.150158E-01  7.155803E+00
1410.0  11.756315   -6.42038335  73.4813      -515864.2  21.28420079  3.528952E+01  2.486841E+01  3.023351E+01  67.7238   5.7575   0.0000      -519656.6   346.1643  2.975657E+01  1.359435E+02  5.532954E+00   2.0653   0.0000 -1.687618E-02  5.592216E-01  2.163616E+03  2.164298E-01  7.649622E+00
1420.0  11.763838   -6.42794778  73.7267      -515510.8  21.36222399  3.539029E+01  2.486963E+01  3.029735E+01  67.9313   5.7954   0.0000      -519353.9   345.7611  2.979239E+01  1.354882E+02  5.597903E+00   2.0647   0.0000 -1.679721E-02  5.764132E-01  2.340975E+03  2.178436E-01  8.144519E+00
1430.0  11.771393   -6.43553993  73.9713      -515156.3  21.44101872  3.549167E+01  2.487083E+01  3.036175E+01  68.1380   5.8333   0.0000      -519050.6   345.3542  2.982821E+01  1.350309E+02  5.663453E+00   2.0642   0.0000 -1.671329E-02  5.941449E-01  2.522696E+03  2.192572E-01  8.640439E+00
1440.0  11.778981   -6.44315965  74.2151      -514800.8  21.52060005  3.559365E+01  2.487200E+01  3.042671E+01  68.3438   5.8713   0.0000      -518746.7   344.9437  2.986404E+01  1.345714E+02  5.729612E+00   2.0637   0.0000 -1.662440E-02  6.124323E-01  2.708805E+03  2.206707E-01  9.137328E+00
1450.0  11.786602   -6.45080683  74.4580      -514444.3  21.60098333  3.569627E+01  2.487315E+01  3.049226E+01  68.5487   5.9093   0.0000      -518442.1   344.5294  2.989987E+01  1.341099E+02  5.796394E+00   2.0631   0.0000 -1.653054E-02  6.312915E-01  2.899324E+03  2.220840E-01  9.635131E+00
1460.0  11.794257   -6.45848135  74.7000      -514086.7  21.68218436  3.579951E+01  2.487427E+01  3.055838E+01  68.7528   5.9473   0.0000      -518136.8   344.1114  2.993570E+01  1.336462E+02  5.863806E+00   2.0626   0.0000 -1.643169E-02  6.507390E-01  3.094276E+03  2.234972E-01  1.013380E+01
1470.0  11.801946   -6.46618308  74.9413      -513728.1  21.76421938  3.590338E+01  2.487538E+01  3.062511E+01  68.9560   5.9853   0.0000      -517830.9   343.6895  2.997152E+01  1.331804E+02  5.931860E+00   2.0621   0.0000 -1.632786E-02  6.707920E-01  3.293684E+03  2.249103E-01  1.063328E+01
1480.0  11.809669   -6.47391188  75.1818      -513368.5  21.84710473  3.600789E+01  2.487646E+01  3.069245E+01  69.1585   6.0234   0.0000      -517524.3   343.2638  3.000732E+01  1.327124E+02  6.000566E+00   2.0615   0.0000 -1.621902E-02  6.914678E-01  3.497569E+03  2.263233E-01  1.113353E+01
1490.0  11.817427   -6.48166762  75.4215      -513007.8  21.93085761  3.611305E+01  2.487752E+01  3.076040E+01  69.3601   6.0614   0.0000      -517217.1   342.8342  3.004312E+01  1.322422E+02  6.069934E+00   2.0610   0.0000 -1.610518E-02  7.127845E-01  3.705953E+03  2.277363E-01  1.163451E+01
1500.0  11.825219   -6.48945017  75.6605      -512646.1  22.01549518  3.621887E+01  2.487855E+01  3.082899E+01  69.5609   6.0995   0.0000      -516909.1   342.4007  3.007889E+01  1.317698E+02  6.139979E+00   2.0605   0.0000 -1.598633E-02  7.347608E-01  3.918855E+03  2.291492E-01  1.213616E+01
1510.0  11.833047   -6.49725938  75.8987      -512283.3  22.10103539  3.632535E+01  2.487957E+01  3.089823E+01  69.7610   6.1377   0.0000      -516600.5   341.9631  3.011464E+01  1.312952E+02  6.210708E+00   2.0599   0.0000 -1.586246E-02  7.574157E-01  4.136296E+03  2.305621E-01  1.263844E+01
1520.0  11.840911   -6.50509512  76.1361      -511919.5  22.18749659  3.643250E+01  2.488057E+01  3.096811E+01  69.9603   6.1758   0.0000      -516291.2   341.5216  3.015037E+01  1.308183E+02  6.282137E+00   2.0594   0.0000 -1.573356E-02  7.807690E-01  4.358294E+03  2.319750E-01  1.314132E+01
1530.0  11.848810   -6.51295722  76.3728      -511554.5  22.27489742  3.654034E+01  2.488155E+01  3.103867E+01  70.1588   6.2140   0.0000      -515981.1   341.0759  3.018606E+01  1.303392E+02  6.354276E+00   2.0589   0.0000 -1.559963E-02  8.048409E-01  4.584868E+03  2.333879E-01  1.364476E+01
1540.0  11.856747   -6.52084555  76.6088      -511188.5  22.36325724  3.664886E+01  2.488251E+01  3.110991E+01  70.3565   6.2522   0.0000      -515670.4   340.6261  3.022173E+01  1.298577E+02  6.427137E+00   2.0584   0.0000 -1.546066E-02  8.296524E-01  4.816037E+03  2.348008E-01  1.414872E+01
1550.0  11.864720   -6.52875994  76.8440      -510821.4  22.45259577  3.675809E+01  2.488345E+01  3.118184E+01  70.5535   6.2905   0.0000      -515358.9   340.1721  3.025736E+01  1.293739E+02  6.500734E+00   2.0578   0.0000 -1.531665E-02  8.552250E-01  5.051817E+03  2.362138E-01  1.465316E+01
1560.0  11.872730   -6.53670024  77.0785      -510453.3  22.54293360  3.686803E+01  2.488438E+01  3.125448E+01  70.7498   6.3287   0.0000      -515046.8   339.7139  3.029295E+01  1.288877E+02  6.575081E+00   2.0573   0.0000 -1.516760E-02  8.815809E-01  5.292227E+03  2.376268E-01  1.515806E+01
1570.0  11.880779   -6.54466627  77.3124      -510084.0  22.63429134  3.697869E+01  2.488528E+01  3.132784E+01  70.9454   6.3670   0.0000      -514733.8   339.2514  3.032850E+01  1.283992E+02  6.650190E+00   2.0568   0.0000 -1.501349E-02  9.087431E-01  5.537281E+03  2.390399E-01  1.566339E+01
1580.0  11.888865   -6.55265788  77.5455      -509713.6  22.72669070  3.709008E+01  2.488617E+01  3.140194E+01  71.1402   6.4053   0.0000      -514420.2   338.7845  3.036400E+01  1.279082E+02  6.726075E+00   2.0563   0.0000 -1.485433E-02  9.367352E-01  5.786997E+03  2.404531E-01  1.616911E+01
1590.0  11.896991   -6.56067488  77.7779      -509342.0  22.82015390  3.720221E+01  2.488705E+01  3.147678E+01  71.3343   6.4437   0.0000      -514105.8   338.3133  3.039946E+01  1.274148E+02  6.802752E+00   2.0558   0.0000 -1.469011E-02  9.655815E-01  6.041390E+03  2.418663E-01  1.667520E+01
1600.0  11.905155   -6.56871710  78.0097      -508969.4  22.91470349  3.731510E+01  2.488790E+01  3.155239E+01  71.5277   6.4820   0.0000      -513790.7   337.8375  3.043487E+01  1.269189E+02  6.880234E+00   2.0553   0.0000 -1.452082E-02  9.953073E-01  6.300474E+03  2.432796E-01  1.718164E+01
1610.0  11.913359   -6.57678434  78.2408      -508595.6  23.01036304  3.742876E+01  2.488875E+01  3.162878E+01  71.7204   6.5204   0.0000      -513474.7   337.3573  3.047023E+01  1.264205E+02  6.958538E+00   2.0548   0.0000 -1.434647E-02  1.025938E+00  6.564266E+03  2.446931E-01  1.768840E+01
1620.0  11.921603   -6.58487642  78.4712      -508220.7  23.10715661  3.754320E+01  2.488957E+01  3.170596E+01  71.9124   6.5588   0.0000      -513158.1   336.8725  3.050553E+01  1.259195E+02  7.037674E+00   2.0543   0.0000 -1.416706E-02  1.057502E+00  6.832778E+03  2.461066E-01  1.819547E+01
1630.0  11.929888   -6.59299314  78.7010      -507844.6  23.20510927  3.765844E+01  2.489038E+01  3.178395E+01  72.1037   6.5973   0.0000      -512840.6   336.3830  3.054077E+01  1.254160E+02  7.117668E+00   2.0538   0.0000 -1.398256E-02  1.090025E+00  7.106025E+03  2.475203E-01  1.870283E+01
1640.0  11.938213   -6.60113429  78.9300      -507467.4  23.30427422  3.777450E+01  2.489118E+01  3.186277E+01  72.2943   6.6358   0.0000      -512522.4   335.8889  3.057596E+01  1.249099E+02  7.198546E+00   2.0534   0.0000 -1.379300E-02  1.123538E+00  7.384020E+03  2.489341E-01  1.921046E+01
1650.0  11.946580   -6.60929967  79.1585      -507089.0  23.40452112  3.789131E+01  2.489196E+01  3.194242E+01  72.4842   6.6742   0.0000      -512203.4   335.3900  3.061108E+01  1.244012E+02  7.280229E+00   2.0529   0.0000 -1.359835E-02  1.158063E+00  7.666776E+03  2.503480E-01  1.971835E+01
1660.0  11.954990   -6.61748905  79.3863      -506709.5  23.50638518  3.800919E+01  2.489273E+01  3.202302E+01  72.6735   6.7128   0.0000      -511883.5   334.8863  3.064614E+01  1.238897E+02  7.363052E+00   2.0524   0.0000 -1.339863E-02  1.193656E+00  7.954307E+03  2.517620E-01  2.022651E+01
1670.0  11.963442   -6.62570220  79.6134      -506328.8  23.60828875  3.812716E+01  2.489349E+01  3.210413E+01  72.8621   6.7513   0.0000      -511562.9   334.3776  3.068114E+01  1.233757E+02  7.446027E+00   2.0519   0.0000 -1.319382E-02  1.230265E+00  8.246624E+03  2.531762E-01  2.073486E+01
1680.0  11.971935   -6.63393893  79.8399      -505946.9  23.70100201  3.824350E+01  2.489423E+01  3.218291E+01  73.0500   6.7899   0.0000      -511241.5   333.8642  3.071606E+01  1.229268E+02  7.527434E+00   2.0516   0.0000 -1.298393E-02  1.267286E+00  8.543737E+03  2.545905E-01  2.124272E+01
1690.0  11.980466   -6.64219925  80.0657      -505563.8  23.78810774  3.835761E+01  2.489496E+01  3.226044E+01  73.2372   6.8285   0.0000      -510919.3   333.3460  3.075092E+01  1.224959E+02  7.606684E+00   2.0510   0.0000 -1.276897E-02  1.304568E+00  8.845652E+03  2.560049E-01  2.174995E+01
1700.0  11.989035   -6.65048328  80.2909      -505179.6  23.87791193  3.847347E+01  2.489568E+01  3.233925E+01  73.4238   6.8671   0.0000      -510596.3   332.8232  3.078571E+01  1.220620E+02  7.687761E+00   2.0506   0.0000 -1.254894E-02  1.342553E+00  9.152380E+03  2.574193E-01  2.225691E+01
1710.0  11.997642   -6.65879115  80.5155      -504794.2  23.96861528  3.858994E+01  2.489639E+01  3.241881E+01  73.6098   6.9057   0.0000      -510272.5   332.2955  3.082042E+01  1.216250E+02  7.769518E+00   2.0502   0.0000 -1.232383E-02  1.381160E+00  9.463932E+03  2.588338E-01  2.276350E+01
1720.0  12.006289   -6.66712299  80.7395      -504407.7  24.06072726  3.870734E+01  2.489708E+01  3.249931E+01  73.7951   6.9444   0.0000      -509947.9   331.7629  3.085506E+01  1.211847E+02  7.852283E+00   2.0498   0.0000 -1.209367E-02  1.420433E+00  9.780319E+03  2.602483E-01  2.326973E+01
1730.0  12.014975   -6.67547896  80.9629      -504020.0  24.15417672  3.882563E+01  2.489776E+01  3.258064E+01  73.9799   6.9831   0.0000      -509622.5   331.2254  3.088962E+01  1.207412E+02  7.936012E+00   2.0494   0.0000 -1.185844E-02  1.460386E+00  1.010155E+04  2.616630E-01  2.377545E+01
1740.0  12.023702   -6.68385923  81.1858      -503631.1  24.24900932  3.894484E+01  2.489843E+01  3.266317E+01  74.1641   7.0218   0.0000      -509296.3   330.6828  3.092411E+01  1.202944E+02  8.020737E+00   2.0491   0.0000 -1.161816E-02  1.501038E+00  1.042764E+04  2.630777E-01  2.428206E+01
1750.0  12.032469   -6.69226396  81.4082      -503241.0  24.34526103  3.906499E+01  2.489909E+01  3.274566E+01  74.3477   7.0605   0.0000      -508969.2   330.1350  3.095851E+01  1.198442E+02  8.106481E+00   2.0487   0.0000 -1.137282E-02  1.542410E+00  1.075859E+04  2.644925E-01  2.478189E+01
1760.0  12.041278   -6.70069333  81.6301      -502849.7  24.44296866  3.918611E+01  2.489974E+01  3.283283E+01  74.5308   7.0993   0.0000      -508641.3   329.5820  3.099284E+01  1.193907E+02  8.193268E+00   2.0484   0.0000 -1.112244E-02  1.584524E+00  1.109442E+04  2.659075E-01  2.530696E+01
1770.0  12.050129   -6.70914413  81.8513      -502457.2  24.54216973  3.930822E+01  2.490038E+01  3.291825E+01  74.7133   7.1380   0.0000      -508312.6   329.0249  3.102709E+01  1.189337E+02  8.281126E+00   2.0481   0.0000 -1.086675E-02  1.629254E+00  1.143520E+04  2.673224E-01  2.581250E+01
1780.0  12.059022   -6.71762316  82.0723      -502063.5  24.64290315  3.943134E+01  2.490100E+01  3.300172E+01  74.8955   7.1768   0.0000      -507983.0   328.4613  3.106126E+01  1.184733E+02  8.370084E+00   2.0478   0.0000 -1.060626E-02  1.672772E+00  1.178082E+04  2.687377E-01  2.629670E+01
1790.0  12.067959   -6.72612750  82.2929      -501668.5  24.74520961  3.955551E+01  2.490162E+01  3.308978E+01  75.0772   7.2157   0.0000      -507652.5   327.8922  3.109535E+01  1.180093E+02  8.460163E+00   2.0475   0.0000 -1.034073E-02  1.717101E+00  1.213134E+04  2.701530E-01  2.680523E+01
1800.0  12.076940   -6.73465739  82.5130      -501272.3  24.84913081  3.968075E+01  2.490223E+01  3.317798E+01  75.2585   7.2545   0.0000      -507321.2   327.3174  3.112935E+01  1.175417E+02  8.551398E+00   2.0472   0.0000 -1.007018E-02  1.762265E+00  1.248678E+04  2.715686E-01  2.730681E+01
1810.0  12.085966   -6.74321308  82.7328      -500874.8  24.95470986  3.980709E+01  2.490282E+01  3.326754E+01  75.4395   7.2934   0.0000      -506988.9   326.7369  3.116328E+01  1.170704E+02  8.643815E+00   2.0470   0.0000 -9.794592E-03  1.808292E+00  1.284715E+04  2.729843E-01  2.780961E+01
1820.0  12.095036   -6.75179483  82.9523      -500476.0  25.06199172  3.993457E+01  2.490341E+01  3.335818E+01  75.6200   7.3323   0.0000      -506655.8   326.1507  3.119712E+01  1.165954E+02  8.737447E+00   2.0467   0.0000 -9.513985E-03  1.855208E+00  1.321245E+04  2.744002E-01  2.831170E+01
1830.0  12.104153   -6.76040293  83.1715      -500076.0  25.17102266  4.006321E+01  2.490399E+01  3.345000E+01  75.8003   7.3712   0.0000      -506321.8   325.5585  3.123088E+01  1.161166E+02  8.832327E+00   2.0465   0.0000 -9.228359E-03  1.903041E+00  1.358270E+04  2.758163E-01  2.881344E+01
1840.0  12.113317   -6.76903769  83.3903      -499674.7  25.28185091  4.019304E+01  2.490456E+01  3.354301E+01  75.9802   7.4101   0.0000      -505986.8   324.9602  3.126456E+01  1.156340E+02  8.928484E+00   2.0463   0.0000 -8.937718E-03  1.951820E+00  1.395791E+04  2.772327E-01  2.931480E+01
1850.0  12.122528   -6.77769942  83.6090      -499272.1  25.39452632  4.032411E+01  2.490512E+01  3.363726E+01  76.1599   7.4491   0.0000      -505650.9   324.3558  3.129815E+01  1.151475E+02  9.025956E+00   2.0462   0.0000 -8.642064E-03  2.001576E+00  1.433808E+04  2.786492E-01  2.981581E+01
1860.0  12.131788   -6.78638844  83.8274      -498868.1  25.50910057  4.045644E+01  2.490568E+01  3.373278E+01  76.3393   7.4881   0.0000      -505314.1   323.7452  3.133167E+01  1.146570E+02  9.124777E+00   2.0460   0.0000 -8.341403E-03  2.052340E+00  1.472323E+04  2.800660E-01  3.031648E+01
1870.0  12.141097   -6.79510512  84.0455      -498462.9  25.62562736  4.059008E+01  2.490622E+01  3.382959E+01  76.5184   7.5271   0.0000      -504976.3   323.1282  3.136510E+01  1.141625E+02  9.224983E+00   2.0459   0.0000 -8.035736E-03  2.104145E+00  1.511337E+04  2.814831E-01  3.081682E+01
1880.0  12.150456   -6.80384982  84.2636      -498056.3  25.74416238  4.072506E+01  2.490676E+01  3.392774E+01  76.6974   7.5662   0.0000      -504637.5   322.5046  3.139845E+01  1.136639E+02  9.326612E+00   2.0458   0.0000 -7.725067E-03  2.157026E+00  1.550851E+04  2.829005E-01  3.131686E+01
1890.0  12.159865   -6.81262293  84.4815      -497648.3  25.86476366  4.086142E+01  2.490728E+01  3.402727E+01  76.8762   7.6052   0.0000      -504297.7   321.8745  3.143171E+01  1.131611E+02  9.429709E+00   2.0457   0.0000 -7.409400E-03  2.211018E+00  1.590866E+04  2.843181E-01  3.181662E+01
1900.0  12.169327   -6.82142485  84.6992      -497239.0  25.98749123  4.099921E+01  2.490780E+01  3.412821E+01  77.0549   7.6443   0.0000      -503956.9   321.2375  3.146490E+01  1.126541E+02  9.534312E+00   2.0456   0.0000 -7.088736E-03  2.266159E+00  1.631382E+04  2.857361E-01  3.231613E+01
1910.0  12.178841   -6.83025602  84.9169      -496828.2  26.11240769  4.113847E+01  2.490832E+01  3.423060E+01  77.2335   7.6834   0.0000      -503615.1   320.5937  3.149800E+01  1.121428E+02  9.640462E+00   2.0456   0.0000 -6.763078E-03  2.322487E+00  1.672402E+04  2.871544E-01  3.281542E+01
1920.0  12.188408   -6.83911689  85.1346      -496416.1  26.23957786  4.127923E+01  2.490882E+01  3.433449E+01  77.4120   7.7226   0.0000      -503272.3   319.9428  3.153103E+01  1.116270E+02  9.748207E+00   2.0455   0.0000 -6.432428E-03  2.380043E+00  1.713927E+04  2.885730E-01  3.331451E+01
1930.0  12.198030   -6.84800792  85.3522      -496002.6  26.36906948  4.142156E+01  2.490932E+01  3.443991E+01  77.5904   7.7618   0.0000      -502928.4   319.2847  3.156397E+01  1.111068E+02  9.857591E+00   2.0455   0.0000 -6.096788E-03  2.438869E+00  1.755956E+04  2.899920E-01  3.381345E+01
1940.0  12.207708   -6.85692962  85.5699      -495587.6  26.50095307  4.156550E+01  2.490981E+01  3.454692E+01  77.7689   7.8010   0.0000      -502583.5   318.6193  3.159684E+01  1.105821E+02  9.968666E+00   2.0455   0.0000 -5.756159E-03  2.499009E+00  1.798493E+04  2.914114E-01  3.431227E+01
1950.0  12.217441   -6.86588251  85.7876      -495171.2  26.63530182  4.171110E+01  2.491029E+01  3.465557E+01  77.9474   7.8402   0.0000      -502237.5   317.9464  3.162962E+01  1.100527E+02  1.008148E+01   2.0456   0.0000 -5.410543E-03  2.560509E+00  1.841538E+04  2.928312E-01  3.481102E+01
1960.0  12.227233   -6.87486711  86.0054      -494753.4  26.77219230  4.185841E+01  2.491077E+01  3.476589E+01  78.1259   7.8795   0.0000      -501890.4   317.2659  3.166233E+01  1.095185E+02  1.019608E+01   2.0456   0.0000 -5.059939E-03  2.623418E+00  1.885092E+04  2.942514E-01  3.530972E+01
1970.0  12.237083   -6.88388402  86.2233      -494334.0  26.91170441  4.200750E+01  2.491124E+01  3.487795E+01  78.3045   7.9188   0.0000      -501542.2   316.5775  3.169496E+01  1.089796E+02  1.031253E+01   2.0457   0.0000 -4.704348E-03  2.687784E+00  1.929157E+04  2.956721E-01  3.580844E+01
1980.0  12.246992   -6.89293382  86.4414      -493913.1  27.05391872  4.215841E+01  2.491170E+01  3.499179E+01  78.4833   7.9581   0.0000      -501192.8   315.8812  3.172752E+01  1.084358E+02  1.043089E+01   2.0458   0.0000 -4.343770E-03  2.753662E+00  1.973734E+04  2.970933E-01  3.630722E+01
1990.0  12.256963   -6.90201714  86.6597      -493490.8  27.19893225  4.231121E+01  2.491216E+01  3.510748E+01  78.6622   7.9975   0.0000      -500842.3   315.1767  3.176000E+01  1.078870E+02  1.055121E+01   2.0460   0.0000 -3.978203E-03  2.821106E+00  2.018824E+04  2.985149E-01  3.680612E+01
2000.0  12.266995   -6.91113464  86.8782      -493066.9  27.34679652  4.245135E+01  2.491261E+01  3.522505E+01  78.8413   8.0369   0.0000      -500490.7   314.4639  3.177782E+01  1.073331E+02  1.067353E+01   2.0470   0.0000 -3.607647E-03  2.890169E+00  2.064430E+04  2.999371E-01  3.730517E+01
