#Found quasiharmonic mode : None
#T(K), volume, F(eV), S(J/K), H(J/K), a(-6/K), Cp(J/mol), Cv, Cpion, Bt(GPa), T_ph-D(K), T-D(K), F_el_atom, S_el_atom, C_el_atom, M_el, Seebeck_coefficients(μV/K), Lorenz_number(WΩK^{−2}), Q_el, Q_p, Q_e, C_mu, W_p, W_e, Y_p, Y_e
0.0 11.067877279005137 -11.014180145837296 0.0 -1062706.8294006216 0.0 0.0 0.0 0.0 190.5258829786085 400.0 400.0 0.0 0.0 0.0 0.0 0.0 2.443004551768e-08 0.0 0.0 0.0 0.0 0.0 0.0 0.0 0.0 0.0
0.28 11.067877261961529 -11.014180145402293 1.4789993244290433e-07 -1062706.8293586087 1.3941008699704264e-09 4.437024336842551e-07 4.436962141460816e-07 4.437022652538916e-07 190.5258745444187 458.1536502864598 400.0 -4.2933856441030173e-16 1.2505376649734503e-12 1.684303634486786e-13 3.940760353795241 -1182.8274922660844 1.4851646182626204e-08 1.0128785739727328e-14 1.5869626668443615e-16 9.970089473042892e-15 1.6321076001894372e-11 3.879711728812164e-09 1.5869626668443615e-16 9.970089473042892e-15 1.5869667097872849e-16 9.970107164681669e-15
0.8 11.067877369114525 -11.01418014851788 3.449533394869923e-06 -1062706.829656499 5.922733148780328e-10 1.0348599237669571e-05 1.0348596030320998e-05 1.0348599067466066e-05 190.5259309827603 458.15364967144586 400.0 -4.299767950446871e-16 1.4414974250358212e-12 1.7020350494182123e-13 3.9400924165481523 -1361.1629191377435 1.4851681515727445e-08 1.0235391630159923e-14 1.5871324758908407e-16 1.0076678382570838e-14 2.1789094821478052e-11 3.1481702700770958e-09 1.5871324758908407e-16 1.0076678382570838e-14 1.587132971264989e-16 1.0076680596299122e-14
1.56 11.067877283491883 -11.014180146088885 2.557784967652838e-05 -1062706.8293849947 5.426775504756795e-10 7.673354989778132e-05 7.673354464704698e-05 7.673354973209822e-05 190.5258849331706 458.1536501628846 400.0 -2.7960919834807573e-15 1.5160737525441181e-12 1.6568309676542121e-13 3.9390053442156994 -1477.5362809440153 1.4851684921400223e-08 9.963549185409455e-15 1.5831673602488345e-16 9.80523244938457e-15 2.4961872609055336e-11 -4.137013495622634e-09 1.5831673602488345e-16 9.80523244938457e-15 1.5831674898591994e-16 9.805233000665241e-15
2.56 11.067877273990604 -11.0141801464124 0.00011301350735948056 -1062706.829166796 7.27382669704559e-10 0.000338863192768893 0.0003388631772886569 0.00033886319259687515 190.52587698365483 458.26161188886476 400.0 -4.2999705171599865e-16 1.6560378445573707e-12 1.7201787891557027e-13 3.937490323077038 -1558.8402924934521 1.4851685366149937e-08 1.0344498500331952e-14 1.5866173410222164e-16 1.0185836766229733e-14 2.88316824757976e-11 7.665270820459286e-10 1.5866173410222164e-16 1.0185836766229733e-14 1.586617389366542e-16 1.0185836987127379e-14
3.8 11.06787725724172 -11.014180148658852 0.00036878751098438 -1062706.8282714677 1.5214923236339966e-10 0.001101799808428876 0.0011017998074234856 0.0011017998082594551 190.52585533950148 459.1603021914628 400.0 -2.7972571051069074e-15 1.6992335509290285e-12 1.694207814065745e-13 3.9355075441973795 -1627.6245230926343 1.485168498955674e-08 1.0188319229801996e-14 1.603119730127945e-16 1.0028007256789197e-14 3.0941135073212226e-11 -5.89022985526859e-10 1.603119730127945e-16 1.0028007256789197e-14 1.6031197525280685e-16 1.0028007353958938e-14
5.29 11.067877301689895 -11.01418015934299 0.0009878518844732883 -1062706.8254779864 8.590037627406048e-11 0.0029323474004781624 0.0029323474000320367 0.0029323474003164892 190.52583470255078 461.2455268418225 400.0 -2.796749166633168e-15 1.6787652149626823e-12 1.616731885586998e-13 3.933016843782876 -1688.1857162550057 1.4851671950269656e-08 9.722417099187597e-15 1.5888666912345778e-16 9.563530430064132e-15 3.1748570310935895e-11 2.901368323902682e-09 1.5888666912345778e-16 9.563530430064132e-15 1.5888667025886e-16 9.563530475677081e-15
7.01 11.067877494457377 -11.014180191473125 0.0022739843259149475 -1062706.8178631796 2.0650218974927384e-09 0.0067257485827122866 0.006725748241064247 0.0067257485825471235 190.52581917402128 463.4676780311299 400.0 -2.792222108361377e-15 1.7598283256122344e-12 1.6516311586989588e-13 3.9300845959590403 -1734.4153603879076 1.4850939945011937e-08 9.932777757370668e-15 1.621835610168301e-16 9.770594196353845e-15 3.4228515423997366e-11 1.4161458101552794e-09 1.621835610168301e-16 9.770594196353846e-15 1.6218356169052047e-16 9.770594223462182e-15
8.98 11.067877458355035 -11.014180256294557 0.004737754349277623 -1062706.7975130929 2.442204562182897e-09 0.01410681917534371 0.0141068185632029 0.014106819175178658 190.52552499673482 463.8187278926387 400.0 -2.7910702356114013e-15 1.8006944879824588e-12 1.6505247692017176e-13 3.9266244677509534 -1776.6491663885463 1.4841359420424222e-08 9.932531618072053e-15 1.579290004779495e-16 9.7746026175941e-15 3.5909477763996884e-11 5.427637259392599e-10 1.579290004779495e-16 9.7746026175941e-15 1.579290008672568e-16 9.774602634127418e-15
11.19 11.06787772190418 -11.014180411917247 0.009183504516224184 -1062706.7523100185 4.835588455306524e-09 0.028008189685514023 0.028008186695049148 0.028008189685345117 190.52509663476033 459.8505667077905 400.0 -2.7996924375670633e-15 1.88392912608175e-12 1.6890543398737864e-13 3.9226830964403954 -1811.8626880627517 1.4791629225023484e-08 1.019856815687805e-14 1.6011516819376807e-16 1.0038452988684286e-14 3.834164582653496e-11 5.025213105019094e-09 1.6011516819376807e-16 1.0038452988684286e-14 1.6011516845149867e-16 1.0038452999916668e-14
13.64 11.067878241435828 -11.014180736457055 0.016990419341336986 -1062706.6546374452 8.972321214043446e-09 0.053918963953345334 0.053918951403682545 0.05391896395317514 190.52425640624088 450.59067075861384 400.0 -4.2747304584894353e-16 1.9490904007937767e-12 1.7019291162092602e-13 3.918226894790123 -1843.8929607314406 1.464973832089785e-08 1.0375838271292025e-14 1.6066768740319395e-16 1.0215170583888833e-14 4.0394117218853366e-11 9.310174519810956e-09 1.6066768740319395e-16 1.0215170583888838e-14 1.606676875779298e-16 1.0215170591722066e-14
16.34 11.06787946053217 -11.014181390737235 0.030510682684955038 -1062706.4509706507 1.7230975854207904e-08 0.10093616860250405 0.10093611315569477 0.10093616860234544 190.52278758544554 437.9771874390907 400.0 -4.2953142616117115e-16 1.884006402235728e-12 1.5860339617437155e-13 3.913144281812499 -1878.5515104309143 1.4376762859493681e-08 9.852874844377866e-15 1.5910459308404697e-16 9.693770251293822e-15 3.9800423806923495e-11 1.7230975854207904e-08 1.5910459308404697e-16 9.693770251293822e-15 1.591045932036401e-16 9.693770256221538e-15
19.27 11.067881641120467 -11.014182635207286 0.05308373764412544 -1062706.0466646873 2.954976348691542e-08 0.1803262104130542 0.1803260181089955 0.1803262104129006 190.520099363333 425.67369565506556 400.0 -4.318896471967176e-16 1.902529915501616e-12 1.536051067528529e-13 3.907612608842394 -1905.8325525161836 1.3979340877248272e-08 9.8136497136901e-15 1.6015223884638812e-16 9.653497474843712e-15 4.079085812916006e-11 2.954976348691542e-08 1.6015223884638812e-16 9.65349747484371e-15 1.6015223893376842e-16 9.653497478376674e-15
22.45 11.067885973823337 -11.01418494433718 0.08935565455635755 -1062705.2863510319 5.4139254593283476e-08 0.30454127875085274 0.3045405267304165 0.3045412787507053 190.51565381828692 416.43031798663816 400.0 -2.783493433284751e-15 1.914953093017769e-12 1.4744853981322677e-13 3.9015423422846016 -1930.4481040471978 1.3497086035365215e-08 9.756904466343842e-15 1.577847575697916e-16 9.599119708774046e-15 4.160195256540958e-11 5.4139254593283476e-08 1.577847575697916e-16 9.599119708774046e-15 1.5778475763263385e-16 9.599119711371596e-15
25.87 11.067894068975505 -11.01418903430753 0.14433613295331787 -1062703.9530318647 8.974665920530937e-08 0.48259873215359267 0.48259635089619574 0.4825987321534416 190.50874917635102 411.5531459192419 400.0 -4.266335631607682e-16 2.0554225437605298e-12 1.5104789125349991e-13 3.8951183087630294 -1946.6239024547735 1.2985588249509483e-08 1.0388781959529811e-14 1.5882317564863711e-16 1.0229958783881172e-14 4.503714503621791e-11 8.974665920530937e-08 1.5882317564863711e-16 1.0229958783881172e-14 1.5882317569705897e-16 1.0229958786135196e-14
29.53 11.067907913231165 -11.014195932850006 0.22301937812789302 -1062701.7668535498 1.410299087088926e-07 0.7191817540360078 0.7191750422753725 0.7191817540358683 190.49852362464776 411.0968274116836 400.0 -2.803886611587318e-15 1.9953595158137576e-12 1.3952015748622451e-13 3.887979361674207 -1969.668296579824 1.2494403947277727e-08 9.973165085185473e-15 1.5789381686187554e-16 9.815271268323594e-15 4.424648808781075e-11 1.4111053071271813e-07 1.5789381686187554e-16 9.815271268323594e-15 1.578938168991508e-16 9.815271269948923e-15
33.43 11.067930469582167 -11.014207031789246 0.32975113434563336 -1062698.3999202035 2.072594778178287e-07 1.0142543114514564 1.0142379023631303 1.0142543114513194 190.48441254457845 414.5098768845421 400.0 -4.2712972824508514e-16 2.049203513063458e-12 1.371401972103828e-13 3.8805254121613553 -1985.6735908878768 1.2051093473035439e-08 1.016365482994618e-14 1.5636221957890596e-16 1.000729261036727e-14 4.581511347812538e-11 2.0815460514590727e-07 1.5636221957890596e-16 1.0007292610367273e-14 1.5636221960805647e-16 1.0007292611719344e-14
37.58 11.067964505987113 -11.014224113300392 0.46824464585815084 -1062693.4749821094 2.876166784511281e-07 1.3649524355744094 1.3649169164249098 1.3649524355742773 190.465569582328 421.08237829424064 400.0 -2.7838640497016432e-15 2.0554416545401316e-12 1.321601326959124e-13 3.872547200556871 -2002.3023096432414 1.166969870340571e-08 1.011468624465997e-14 1.534839924793544e-16 9.961202252180619e-15 4.634228292378318e-11 2.876166784511281e-07 1.534839924793544e-16 9.961202252180619e-15 1.5348399250226425e-16 9.96120225327336e-15
41.96 11.068012964420666 -11.014249188466541 0.6400730241534246 -1062686.6335375414 3.803889133177961e-07 1.7635082603551746 1.7634388992559975 1.7635082603550454 190.4415532941867 430.0968753275468 400.0 -4.067597526818658e-16 2.0792140396695957e-12 1.2916744135396004e-13 3.8642041533766247 -2016.8598537561902 1.1351638959462463e-08 1.0162629196769046e-14 1.4866604335268807e-16 1.001396315341636e-14 4.721836923377509e-11 3.796486947561839e-07 1.4866604335268807e-16 1.001396315341636e-14 1.486660433706444e-16 1.0013963154333113e-14
46.59 11.068079303895322 -11.01428479561802 0.8472049050149307 -1062677.4552929464 4.852424163956667e-07 2.204595135681416 2.2044698302315244 2.2045951356812874 190.41188926240142 441.0255354587369 400.0 -2.755776427991198e-15 2.1404151718885314e-12 1.2918011276887747e-13 3.8555314994095946 -2028.8764835040934 1.1088406843369151e-08 1.040490453595067e-14 1.4439240686352986e-16 1.0260512129087142e-14 4.889176047850911e-11 4.852424163956667e-07 1.4439240686352986e-16 1.0260512129087144e-14 1.4439240687802282e-16 1.0260512129897717e-14
51.46 11.068167004003433 -11.014333614316115 1.089563256430814 -1062665.5679325943 5.980904342535291e-07 2.6801204879630007 2.6799102621286077 2.6801204879628826 190.37655990091218 453.39885815613644 400.0 -2.7404963742589024e-15 2.015244032650989e-12 1.1822463235546903e-13 3.8461020638214545 -2048.1986018807347 1.0872086550526175e-08 9.71195505526726e-15 1.3624144753912608e-16 9.575713607728127e-15 4.646218522647676e-11 5.980904342535291e-07 1.3624144753912608e-16 9.575713607728132e-15 1.3624144755045755e-16 9.575713608330705e-15
56.57 11.068278617662008 -11.014398597719188 1.3667391450964814 -1062650.59036956 7.209115701119018e-07 3.1835270814193493 3.183191388318843 3.183527081419226 190.3350411871519 466.85859397494715 400.0 -2.7204677733542246e-15 2.143933752523045e-12 1.232431641220732e-13 3.8368945946323065 -2055.834380810625 1.068673368120179e-08 1.0299815515274797e-14 1.2844445409380223e-16 1.0171371061180999e-14 4.959427760671e-11 7.201671877297188e-07 1.2844445409380223e-16 1.0171371061180994e-14 1.2844445410288833e-16 1.0171371061767646e-14
61.92 11.068418402476505 -11.014482971405377 1.6778351705045789 -1062632.1560723744 8.516234241104662e-07 3.7093334255799553 3.7088207814445444 3.7093334255798407 190.2877669348738 481.11038117501994 400.0 -5.05764082377389e-15 2.0358099657928687e-12 1.1444067436385012e-13 3.826791716965608 -2073.290934448982 1.0528751515719805e-08 9.70767268898217e-15 1.1776558612803172e-16 9.589907102854145e-15 4.747163264904027e-11 8.522085056171446e-07 1.1776558612803172e-16 9.589907102854145e-15 1.1776558613516909e-16 9.589907103308586e-15
67.52 11.068589604287709 -11.014590321048294 2.0222821194860314 -1062609.8608033743 9.906635726845071e-07 4.254279543206794 4.253523303536602 4.254279543206676 190.23434913414368 495.9281981164114 400.0 -2.653509664290581e-15 2.150954374170737e-12 1.1893755171586622e-13 3.8169742205923645 -2080.7187754976176 1.0385045364095764e-08 1.0228741171307399e-14 1.0245768883812238e-16 1.0126283482469277e-14 5.030285494344957e-11 9.906635726845071e-07 1.0245768883812238e-16 1.0126283482469277e-14 1.0245768884338146e-16 1.012628348291439e-14
73.35 11.06879557650972 -11.01472384012186 2.3974988298895368 -1062583.431385067 1.136419910663113e-06 4.813398459930864 4.8123177094439225 4.813398459930756 190.17519697755444 511.03525955604033 400.0 -2.6107757061538296e-15 2.0120573985005303e-12 1.0908779539014418e-13 3.8061498293956517 -2098.9144333505046 1.0258312491121267e-08 9.497555351413918e-15 8.687058668298655e-17 9.410684764730937e-15 4.74304954270655e-11 1.1361098879886156e-06 8.687058668298655e-17 9.410684764730934e-15 8.687058668688273e-17 9.410684765071286e-15
79.43 11.069040318306799 -11.014887695155116 2.80337954439447 -1062552.4250943314 1.2901387138913104e-06 5.38658783598894 5.385079960574144 5.386587835988827 190.10988604542766 526.2815003053892 400.0 -2.5590338688551697e-15 2.114818530219206e-12 1.1306611136896167e-13 3.7958169752261353 -2106.44050550169 1.0139929203971834e-08 9.95884850661647e-15 6.754002381216116e-17 9.891308482804306e-15 4.997974140707025e-11 1.2903430849666357e-06 6.754002381216116e-17 9.891308482804306e-15 6.754002381481015e-17 9.891308483139296e-15
85.75 11.069328230411024 -11.015085564961282 3.2379343930595863 -1062516.5361913024 1.4515296492476393e-06 5.971552508779785 5.969492622284966 5.971552508779675 190.03896732670148 541.4594304264326 400.0 -2.4971738256424554e-15 2.0957261742220045e-12 1.10367824123363e-13 3.78485900194848 -2119.2214023767474 1.0033520631557036e-08 9.824279857372865e-15 4.446001785357541e-17 9.779819839519291e-15 4.976984649562941e-11 1.4515296492476393e-06 4.446001785357541e-17 9.779819839519291e-15 4.4460017855100543e-17 9.779819839812778e-15
92.31 11.069662458655294 -11.01532141698173 3.699872462918468 -1062475.4100989792 1.6192821819293812e-06 6.567316985535548 6.564558388503733 6.567316985535435 189.96196323046837 556.4096284935348 400.0 -2.4195452212139924e-15 2.1610277362178883e-12 1.1242382496178126e-13 3.774007739750047 -2128.45071554498 9.938407056859742e-09 1.0103065516558496e-14 1.8042251331501674e-17 1.0085023265226995e-14 5.1469053481637577e-11 1.6188128172175419e-06 1.8042251331501674e-17 1.0085023265226998e-14 1.8042251332040728e-17 1.0085023265508137e-14
99.11 11.07004796261518 -11.015599391858776 4.1880152033299085 -1062428.6916375621 1.7940169327844303e-06 7.172985504649821 7.169351452958743 7.172985504649712 189.87930541050235 570.9952751191516 400.0 -2.3334309291295594e-15 2.1231316551462167e-12 1.0905648845826478e-13 3.762576404237846 -2142.142925496579 9.856575337287309e-09 9.881822682020708e-15 -1.2149701033953478e-17 9.893972383054661e-15 5.080836194701218e-11 1.7940169327844303e-06 -1.2149701033953478e-17 9.893972383054661e-15 -1.2149701034278489e-17 9.893972383299588e-15
106.16 11.070488935815256 -11.015924188722465 4.701974483720924 -1062375.942346437 1.974186479802205e-06 7.788340055273621 7.783628416870004 7.788340055273507 189.7905054645792 585.1235476111837 400.0 -2.2320122449873405e-15 2.217550924283177e-12 1.1292816131845007e-13 3.7515136848709276 -2150.561135657439 9.78956241161939e-09 1.0302688528440837e-14 -4.6930164658189325e-17 1.0349618693099028e-14 5.317024059058148e-11 1.9734614388058793e-06 -4.6930164658189325e-17 1.0349618693099028e-14 -4.6930164659315553e-17 1.0349618693342611e-14
113.44 11.070988613379631 -11.016299236027294 5.239114150178973 -1062316.9654121995 2.1592068769170186e-06 8.410208990582538 8.404189043673515 8.410208990582426 189.69597581462088 598.6681426942375 400.0 -2.1189826549139498e-15 2.212756998114108e-12 1.1170595428292097e-13 3.739901761646174 -2163.318341690597 9.738250750975905e-09 1.0244882052364234e-14 -8.657482138938107e-17 1.0331456873753613e-14 5.325273600836554e-11 2.159251692301301e-06 -8.657482138938107e-17 1.0331456873753613e-14 -8.657482139123778e-17 1.0331456873975111e-14
120.97 11.071552415572183 -11.01673000215836 5.799790937446144 -1062251.2524249146 2.3491497258975775e-06 9.038526338867017 9.030931319683884 9.038526338866907 189.5954306169352 611.602452774307 400.0 -1.9918155589870775e-15 2.1975462491376997e-12 1.1016801280699567e-13 3.7280706046094743 -2176.8698840690104 9.704507176345457e-09 1.0138964981703835e-14 -1.2953707916874925e-16 1.0268502060872592e-14 5.308547857090029e-11 2.3491497258975775e-06 -1.2953707916874925e-16 1.0268502060872597e-14 -1.2953707917121286e-16 1.026850206107295e-14
128.74 11.072183528668155 -11.017220522716798 6.382134127380925 -1062178.5452260512 2.540155041584676e-06 9.670271094333065 9.660825169027893 9.670271094332955 189.48893907925586 623.8647720074232 400.0 -1.8364734792495616e-15 2.1951419739863796e-12 1.095281891869641e-13 3.716156288982866 -2190.288501415527 9.688867666273644e-09 1.0096351832231798e-14 -1.7915451527916842e-16 1.027550634751096e-14 5.320529346711848e-11 2.540155041584676e-06 -1.7915451527916842e-16 1.0275506347510963e-14 -1.7915451528222526e-16 1.0275506347695229e-14
136.75 11.072885052458687 -11.017775375830638 6.984971646736762 -1062098.5214878856 2.7337283417481215e-06 10.303021660209467 10.291406704161092 10.30302166020936 189.37616684507674 635.4314882544146 400.0 -1.6742192168120783e-15 2.1524402379683706e-12 1.0703021090235745e-13 3.703866712078494 -2205.8227907285927 9.691640871224107e-09 9.863264083494293e-15 -2.322717378050632e-16 1.0095535821299355e-14 5.2379005917867116e-11 2.733198633056262e-06 -2.322717378050632e-16 1.0095535821299355e-14 -2.32271737808606e-16 1.0095535821463187e-14
145.01 11.073661994556895 -11.01840001807985 7.607841674167492 -1062010.7720542774 2.9281785463922623e-06 10.934885519953735 10.92076241052734 10.934885519953628 189.2572771725104 646.3072133660477 400.0 -3.864539107926038e-15 2.175363086760477e-12 1.0819933004451493e-13 3.6917710094458758 -2219.236368404908 9.717479777427132e-09 9.9444900830001e-15 -2.9133734439327756e-16 1.0235827427393382e-14 5.3073398318453615e-11 2.9281785463922623e-06 -2.9133734439327756e-16 1.023582742739338e-14 -2.913373443972755e-16 1.0235827427548933e-14
153.5 11.074515248449572 -11.019097617569932 8.24796885555828 -1061915.2300746073 3.121361274931206e-06 11.561589638950485 11.544611877961584 11.561589638950371 189.1323515091596 656.4704888033897 400.0 -3.656451084950065e-15 2.2851518651639223e-12 1.1418337560012178e-13 3.6800627985225547 -2229.810431323828 9.769854983555832e-09 1.043821777264974e-14 -3.5567519422792223e-16 1.0793892966877664e-14 5.5799357400481666e-11 3.121168437208194e-06 -3.5567519422792223e-16 1.0793892966877657e-14 -3.556751942323172e-16 1.079389296703776e-14
162.24 11.075449718684405 -11.019874534660403 8.905546829699164 -1061811.418479789 3.3137606631499317e-06 12.181894862618337 12.161682392438651 12.18189486261823 189.00112814129557 665.9601190695128 400.0 -3.436025507422384e-15 2.134633957236538e-12 1.0672991501943874e-13 3.6665705533873134 -2251.273812478523 9.827639741785427e-09 9.699481713090674e-15 -4.232105370847513e-16 1.0122692250175428e-14 5.242030051158646e-11 3.3137606631499317e-06 -4.232105370847513e-16 1.0122692250175424e-14 -4.2321053708945556e-16 1.0122692250305982e-14
171.22 11.076466896427085 -11.020734700983743 9.578468283249048 -1061699.2224913673 3.502805298689431e-06 12.792412882250193 12.76859354273089 12.792412882250085 188.8637290668525 674.7858658702439 400.0 -3.1917732140151356e-15 2.157645102472838e-12 1.086509886741865e-13 3.653941734158201 -2266.530127078361 9.918567453569876e-09 9.783546740942563e-15 -4.945509006226917e-16 1.0278097641565255e-14 5.31055450169514e-11 3.5020600263190984e-06 -4.945509006226917e-16 1.0278097641565255e-14 -4.945509006276232e-16 1.0278097641690317e-14
180.43 11.077567319258309 -11.021681749868549 10.264611599923493 -1061578.5802860355 3.688630465702475e-06 13.390092220597175 13.3622762004871 13.39009222059707 188.7200899688145 682.966877899484 400.0 -2.930350883320143e-15 2.079816399714946e-12 1.0538381384023996e-13 3.640388250669182 -2286.4186789730493 1.0018412576303893e-08 9.394779505662242e-15 -5.7965066241869195e-16 9.974430168080933e-15 5.140098521133477e-11 3.6888679105000033e-06 -5.7965066241869195e-16 9.974430168080933e-15 -5.79650662423997e-16 9.974430168190569e-15
189.9 11.078757512015182 -11.02272358557794 10.96481501028855 -1061448.9276509911 3.871119694178573e-06 13.97465209019923 13.942429837132584 13.974652090199122 188.57029097598857 690.5594482354326 400.0 -2.6217561511392226e-15 2.0982413486732662e-12 1.0749471459332404e-13 3.627226403568321 -2303.130594477526 1.0149810537459919e-08 9.45890292196749e-15 -6.650619130498662e-16 1.0123964835017359e-14 5.1970030603174164e-11 3.871119694178573e-06 -6.650619130498662e-16 1.0123964835017359e-14 -6.650619130554042e-16 1.0123964835122574e-14
199.6 11.080034083486657 -11.023861618118113 11.675461578937709 -1061310.5273378908 4.048104941073411e-06 14.542279587457795 14.505270193527059 14.54227958745769 188.41410130677363 697.5714299931312 400.0 -2.2878171742024966e-15 2.0189786196279126e-12 1.0449060296458412e-13 3.6129697511749095 -2324.5832408704423 1.0291733730821856e-08 9.067765629066665e-15 -7.510920221980626e-16 9.81885765126473e-15 5.0208524303482616e-11 4.047813416669378e-06 -7.510920221980626e-16 9.81885765126473e-15 -7.51092022203724e-16 9.818857651357087e-15
209.54 11.081400607051561 -11.025101531618057 12.395924600332725 -1061163.1408941355 4.22071172842551e-06 15.092050050434466 15.049844852662902 15.092050050434354 188.2519790369653 704.0452313345431 400.0 -1.9599700958589324e-15 2.1092520612760042e-12 1.1096979799923832e-13 3.5997615446386866 -2339.7614872271542 1.0467769654598534e-08 9.468086805361694e-15 -8.463630106789403e-16 1.0314449816040636e-14 5.2485523990723724e-11 4.22071172842551e-06 -8.463630106789403e-16 1.0314449816040636e-14 -8.463630106847676e-16 1.031444981613592e-14
219.73 11.082858789334267 -11.02644918322134 13.125573650405116 -1061006.5292492104 4.386777416663353e-06 15.623162293175998 15.575390001699873 15.623162293175884 188.08333118320033 710.0205961644134 400.0 -1.5987954865918526e-15 2.116160549610983e-12 1.1306082339685359e-13 3.5854756664959875 -2359.00302280861 1.065156905184288e-08 9.480039560905491e-15 -9.515701860445776e-16 1.0431609746950071e-14 5.2772888121698646e-11 4.386777416663353e-06 -9.515701860445776e-16 1.0431609746950071e-14 -9.515701860506262e-16 1.0431609747041273e-14
230.16 11.084408458159308 -11.027907824211562 13.862379417934283 -1060840.7837609674 4.548049953977543e-06 16.134138477364804 16.080394130363135 16.13413847736469 187.90855655026496 715.5244186812276 400.0 -1.1455872596338867e-15 2.059488033082682e-12 1.1169267913437104e-13 3.5702310368550756 -2381.169228598821 1.0845695921242627e-08 9.197692311795241e-15 -1.078530363413788e-15 1.0276222675209031e-14 5.153219366655577e-11 4.548049953977543e-06 -1.078530363413788e-15 1.0276222675209033e-14 -1.078530363420203e-15 1.0276222675291811e-14
240.83 11.086049997320266 -11.029481813563166 14.60509278259222 -1060665.8713983104 4.7031423052216155e-06 16.624294078290657 16.564206446136797 16.62429407829054 187.727553647563 720.5894781356578 400.0 -7.326681894529287e-16 2.055771322331374e-12 1.1347529147131248e-13 3.5548798894704694 -2402.175975139296 1.106242835665939e-08 9.161412302239581e-15 -1.1841772933702261e-15 1.0345589595609805e-14 5.1559767387838076e-11 4.702895701468086e-06 -1.1841772933702261e-15 1.0345589595609802e-14 -1.1841772933766796e-15 1.0345589595688356e-14
251.74 11.087783976664761 -11.03117543324432 15.352525459415773 -1060481.78059141 4.8525126684239115e-06 17.093256617067915 17.02645012221215 17.093256617067798 187.54044180106482 725.2471967954903 400.0 -2.6204544625992523e-15 2.066591576968217e-12 1.162188443441497e-13 3.539159930706837 -2423.0548067539153 1.1290861218085323e-08 9.193080776391667e-15 -1.3136438354833436e-15 1.0506724611875019e-14 5.193347720281579e-11 4.8525126684239115e-06 -1.3136438354833436e-15 1.0506724611875019e-14 -1.3136438354900269e-15 1.0506724611950959e-14
262.89 11.089610607653823 -11.032992861991602 16.10355490822533 -1060288.5170170255 4.995279105719754e-06 17.54086034960503 17.466993346534263 17.540860349604916 187.3471911123559 729.5274695455364 400.0 -2.1283594714898173e-15 2.0205878236533043e-12 1.1571534540160195e-13 3.5222496806178722 -2446.7781324952584 1.1529653327645805e-08 8.963679085517223e-15 -1.445970562449739e-15 1.0409649647966967e-14 5.0930280621601175e-11 4.994719024042686e-06 -1.445970562449739e-15 1.0409649647966963e-14 -1.4459705624566042e-15 1.0409649648036899e-14
274.29 11.091531354182612 -11.034939919553304 16.8577836302625 -1060085.921590402 5.1328669002138015e-06 17.96757484830551 17.88627330723356 17.967574848305393 187.14743306945775 733.4618203436979 400.0 -1.647117701757362e-15 2.0329905744171153e-12 1.187507988088907e-13 3.5051843924392907 -2468.9994639430342 1.1780288105408626e-08 9.003103039032646e-15 -1.5658339314027293e-15 1.0568936970435374e-14 5.1340400235371276e-11 5.1328669002138015e-06 -1.5658339314027293e-15 1.0568936970435377e-14 -1.5658339314096025e-15 1.0568936970503058e-14
285.93 11.093545546453962 -11.0370190305188 17.613553322828704 -1059874.2034727705 5.263969543543611e-06 18.373207139011782 18.284152425604994 18.373207139011665 186.94190663481479 737.072748954254 400.0 -9.702207494657748e-16 1.9283973277934053e-12 1.1473991536253356e-13 3.48619042966195 -2495.9847361238203 1.2046740334022903e-08 8.506610909818232e-15 -1.704491008054093e-15 1.0211101917872321e-14 4.890603060594908e-11 5.263969543543611e-06 -1.704491008054093e-15 1.0211101917872326e-14 -1.7044910080610912e-15 1.0211101917931391e-14
297.81 11.095651727035696 -11.039234030231873 18.36995422529585 -1059653.405689493 5.389667898132917e-06 18.758198849828513 18.661053266036795 18.758198849828396 186.72976319317885 740.3852165446807 400.0 -4.1058572973383913e-16 1.9621433229881286e-12 1.191458935669671e-13 3.4678047988076304 -2518.430053153916 1.2309043139434487e-08 8.645027473871048e-15 -1.8317780022547797e-15 1.047680547612583e-14 4.9828748350239566e-11 5.389383441336326e-06 -1.8317780022547797e-15 1.047680547612583e-14 -1.8317780022617746e-15 1.0476805476184385e-14
309.93 11.097851185017864 -11.041588749157313 19.1261557430168 -1059423.5881454654 5.5099696739378215e-06 19.1230862326276 19.017525877365745 19.123086232627482 186.51188057609448 743.4222499299776 400.0 1.5136312496899255e-16 1.9287857141924546e-12 1.1943556754355474e-13 3.4478374651340857 -2543.782713090448 1.2583665974498877e-08 8.476920081540942e-15 -1.9677018767864655e-15 1.0444621958327405e-14 4.911516918402986e-11 5.510628173968276e-06 -1.9677018767864655e-15 1.0444621958327404e-14 -1.9677018767934856e-15 1.0444621958382059e-14
322.29 11.100142744922296 -11.044086833385714 19.881394245693468 -1059184.8115298953 5.625048877090466e-06 19.468505088056023 19.354215825072867 19.4685050880559 186.28763327430264 746.2053742188274 400.0 8.207587842468365e-16 1.9367632216598465e-12 1.2232446248780093e-13 3.427449262278221 -2567.9052789542393 1.285607556572769e-08 8.497995415154497e-15 -2.1170839913952154e-15 1.0615079406549717e-14 4.940794314106043e-11 5.625048877090466e-06 -2.1170839913952154e-15 1.0615079406549717e-14 -2.117083991402329e-15 1.0615079406602861e-14
334.89 11.10252648251525 -11.046731873751432 20.634978525208716 -1058937.1457211897 5.734987990450071e-06 19.795162815931427 19.671844131743782 19.795162815931306 186.05718570473442 748.754409492921 400.0 1.487533018565025e-15 1.8546956699179947e-12 1.194772122521581e-13 3.404993560569159 -2595.679925959813 1.3156046150175851e-08 8.110941802345964e-15 -2.27772644716556e-15 1.0388668249511535e-14 4.7486003227721125e-11 5.734101560580824e-06 -2.27772644716556e-15 1.038866824951153e-14 -2.2777264471728108e-15 1.0388668249559349e-14
347.74 11.10500363168491 -11.04952955233633 21.386861252459653 -1058680.4614949953 5.840276860944898e-06 20.104064130774663 19.971408359518176 20.104064130774542 185.82002380291436 751.0894224657874 400.0 -1.20443286388356e-16 1.8710744510321887e-12 1.227676336250195e-13 3.3825459220118606 -2620.5156077914644 1.3421144929622767e-08 8.169696282687858e-15 -2.393145768188038e-15 1.0562842050875901e-14 4.798848051039754e-11 5.840374446118373e-06 -2.393145768188038e-15 1.0562842050875901e-14 -2.3931457681951192e-15 1.0562842050922419e-14
360.82 11.107571555619998 -11.05247895519176 22.135314095744846 -1058415.2387089608 5.94147690484808e-06 20.39555733803009 20.253253334479236 20.39555733802997 185.57743097849956 753.223545772597 400.0 5.719211607303355e-16 1.7827333039639144e-12 1.1917587535869992e-13 3.3575556101751296 -2649.7097345761 1.3722035280814656e-08 7.756778887877651e-15 -2.5105215319972248e-15 1.0267300419874868e-14 4.5897404082606087e-11 5.94147690484808e-06 -2.5105215319972248e-15 1.0267300419874868e-14 -2.510521532004141e-15 1.026730041991621e-14
374.15 11.110232267920894 -11.055587825437934 22.880976564967458 -1058141.145737425 6.037576315920184e-06 20.670844402081396 20.518639585271263 20.67084440208127 185.32791097111988 755.1757168922346 400.0 1.3885575626424137e-15 1.823271019691076e-12 1.240359914356376e-13 3.3333342823356515 -2673.683446999171 1.3977720469329312e-08 7.925432365712327e-15 -2.6655701355895473e-15 1.0591002501301868e-14 4.699241076414278e-11 6.037576315920184e-06 -2.6655701355895473e-15 1.059100250130187e-14 -2.665570135596505e-15 1.0591002501343362e-14
387.72 11.112984785836828 -11.05885719518445 23.622827838855002 -1057858.4665353424 6.129856742970284e-06 20.930581790637447 20.7681823124081 20.93058179063733 185.0723944605422 756.9584113037001 400.0 2.2001943579421096e-15 1.7203444964630638e-12 1.1918952577565305e-13 3.305719953308689 -2703.5935603607527 1.4291818653788956e-08 7.448386216894481e-15 -2.7868193049205668e-15 1.0235205521815048e-14 4.453147052539844e-11 6.129856742970284e-06 -2.7868193049205668e-15 1.0235205521815048e-14 -2.786819304927386e-15 1.0235205521851355e-14
401.54 11.115829779450912 -11.062292660648458 24.361000624367215 -1057567.0651805964 6.219118074610045e-06 21.175798433180407 21.002877810990803 21.175798433180294 184.80983138486863 758.5859459958416 400.0 2.869252199896256e-15 1.6292028059106219e-12 1.1523518762225998e-13 3.2772215941398097 -2732.3648073239283 1.4643563400137115e-08 7.0282942281483475e-15 -2.9935367325254647e-15 1.002183096067381e-14 4.2339507044064214e-11 6.218814917979342e-06 -2.9935367325254647e-15 1.0021830960673808e-14 -2.9935367325325546e-15 1.0021830960706518e-14
415.59 11.118764796434931 -11.065892354406136 25.094087164345215 -1057267.4473344146 6.306445787404698e-06 21.407024048528125 21.22320979714502 21.407024048528005 184.5418212065073 760.0678349603236 400.0 3.775116246581726e-15 1.7035442808391007e-12 1.221133506749375e-13 3.2497942849952355 -2755.3266129311382 1.4844590022530641e-08 7.346940676345458e-15 -3.134025048287192e-15 1.048096572463264e-14 4.428626573404252e-11 6.306445787404698e-06 -3.134025048287192e-15 1.0480965724632644e-14 -3.1340250482942093e-15 1.0480965724666404e-14
429.89 11.121792702114865 -11.069664307842496 25.822829533934044 -1056959.2610107502 6.386063821587587e-06 21.625027986497315 21.4302948283927 21.625027986497198 184.2671197283137 761.4173125563859 400.0 4.798206215957233e-15 1.5719291328419116e-12 1.149230998251123e-13 3.2176484686211464 -2786.286705326751 1.5212112328232457e-08 6.747290377266225e-15 -3.2801263288490383e-15 1.0027416706115271e-14 4.107568971899821e-11 6.386063821587587e-06 -3.2801263288490383e-15 1.0027416706115266e-14 -3.2801263288560264e-15 1.0027416706144203e-14
444.42 11.124908000407531 -11.073606074548783 26.54594765012423 -1056643.0098142205 6.465989880122184e-06 21.83074789529726 21.624620192826384 21.83074789529714 183.98519881256547 762.6426587769284 400.0 3.3065368956639697e-15 1.6345959062784153e-12 1.2077780118061454e-13 3.1871088152087 -2810.124541262919 1.5379308818559293e-08 7.013937536792599e-15 -3.391930250945726e-15 1.0405867787738322e-14 4.2729876165985535e-11 6.4649117207251626e-06 -3.391930250945726e-15 1.0405867787738321e-14 -3.3919302509525174e-15 1.0405867787767875e-14
459.2 11.128117188803529 -11.077725972560643 27.264222144146448 -1056318.3387882716 6.5434608204265004e-06 22.025043660925043 21.80720516179126 22.02504366092493 183.69724442833947 763.7546126606738 400.0 4.171916790939382e-15 1.5259460197814513e-12 1.1488796404328447e-13 3.1522482095217947 -2840.245265554585 1.5734028480323734e-08 6.521480411742912e-15 -3.541746134222404e-15 1.0063226545965322e-14 4.006505711096373e-11 6.5434608204265004e-06 -3.541746134222404e-15 1.0063226545965322e-14 -3.541746134229174e-15 1.0063226545991406e-14
474.22 11.131417312904771 -11.082024025112256 27.976961619064642 -1055985.5338857824 6.616566837429042e-06 22.208347791746856 21.978629739134117 22.208347791746732 183.40280585341043 764.7607990689089 400.0 5.32727112105633e-15 1.5914554014807926e-12 1.209395197185419e-13 3.119379257521447 -2862.614746502528 1.5889553848680954e-08 6.797796029578254e-15 -3.711082533760301e-15 1.0508878563338553e-14 4.181011176454773e-11 6.616566837429042e-06 -3.711082533760301e-15 1.0508878563338553e-14 -3.7110825337671105e-15 1.0508878563365324e-14
489.48 11.134807830152065 -11.086502870196492 28.684009810631807 -1055644.6623581338 6.688203614222666e-06 22.381528027122027 22.139580252894724 22.381528027121902 183.101359747498 765.6689943821584 400.0 6.372081372502409e-15 1.5835691176278836e-12 1.2178223150871925e-13 3.0833266644596917 -2888.375690118057 1.610974735842078e-08 6.7516013429524145e-15 -3.8511047117945195e-15 1.0602706054746933e-14 4.168767283901237e-11 6.687919185527286e-06 -3.8511047117945195e-15 1.0602706054746935e-14 -3.851104711801261e-15 1.0602706054772746e-14
504.99 11.138291800085703 -11.091168181070998 29.385688724576045 -1055295.566600388 6.758437011064293e-06 22.54533842729388 22.290803540082702 22.54533842729376 182.79318244029838 766.4867043251049 400.0 7.448989735141827e-15 1.5744681135702792e-12 1.223674216288097e-13 3.0456611126433146 -2913.9463612539735 1.631271592166347e-08 6.699634785792689e-15 -3.97499023505377e-15 1.067462502084646e-14 4.1537180771708246e-11 6.758437011064293e-06 -3.97499023505377e-15 1.0674625020846463e-14 -3.974990235060389e-15 1.0674625020871214e-14
520.73 11.141864810298147 -11.096016476323598 30.080992111593964 -1054938.7599048042 6.825150777865051e-06 22.70002423053296 22.432723459849832 22.700024230532833 182.47854762366686 767.2193465176333 400.0 6.3587007645812e-15 1.5797255409500542e-12 1.2405545758859806e-13 3.0069247979271525 -2938.226838026422 1.6508751069383323e-08 6.711401936012759e-15 -4.139359427535338e-15 1.085076136354809e-14 4.1748388336711065e-11 6.825150777865051e-06 -4.139359427535338e-15 1.0850761363548094e-14 -4.139359427541969e-15 1.0850761363572323e-14
536.72 11.14553077515536 -11.101056355885362 30.770723263788483 -1054573.8467902956 6.891115420562986e-06 22.846561823543656 22.566105536139887 22.84656182354353 182.15629593048206 767.8738400334903 400.0 7.685376699419988e-15 1.5863025487857264e-12 1.2538326902990604e-13 2.9664698291760714 -2962.339995725756 1.6649721920130607e-08 6.7258038443512075e-15 -4.2341057707423525e-15 1.095990961509356e-14 4.2013419209444743e-11 6.891115420562986e-06 -4.2341057707423525e-15 1.095990961509356e-14 -4.23410577074878e-15 1.0959909615116798e-14
552.95 11.14928890914936 -11.106287251685103 31.454380688798416 -1054201.114297088 6.955816177090652e-06 22.98536501347869 22.691409034736026 22.985365013478578 181.82753935480787 768.4550077191968 400.0 8.584172818357403e-15 1.4267138173439833e-12 1.1541416444800897e-13 2.921280535644977 -2991.6679025332 1.7126558295188586e-08 6.018671047918896e-15 -4.443204834987345e-15 1.0461875882906255e-14 3.799646136935408e-11 6.955561649914467e-06 -4.443204834987345e-15 1.046187588290625e-14 -4.443204834993935e-15 1.0461875882926382e-14
569.42 11.153138586350172 -11.111711490179838 32.13192276371337 -1053820.6140915083 7.018799934335964e-06 23.116908117185226 22.80915314637354 23.11690811718511 181.49142983313868 768.9678807570277 400.0 9.68418814054773e-15 1.4576820765447746e-12 1.179889456155091e-13 2.877813618959189 -3014.28671691175 1.7163910036277298e-08 6.139552019905833e-15 -4.476855233902958e-15 1.0616407253808789e-14 3.888685559464862e-11 7.0190960888684845e-06 -4.476855233902958e-15 1.061640725380879e-14 -4.476855233909182e-15 1.0616407253828253e-14
586.14 11.157083897401535 -11.117334850121741 32.80372707271305 -1053432.1687168467 7.081346575161097e-06 23.241858167604164 22.919890147723258 23.241858167604047 181.14884350872381 769.4171274134881 400.0 1.0880638537831005e-14 1.4259528940859885e-12 1.1693619967990348e-13 2.8318316310197966 -3037.8485618089408 1.7424050589583676e-08 5.993926940030073e-15 -4.674057149633621e-15 1.0667984089663695e-14 3.812508016751324e-11 7.081346575161097e-06 -4.674057149633621e-15 1.0667984089663693e-14 -4.6740571496399534e-15 1.0667984089682531e-14
603.09 11.161118912816884 -11.123152794514946 33.46897756054794 -1053036.28592329 7.140798873407912e-06 23.360279739521637 23.0239447368906 23.360279739521523 180.79865304721807 769.8064924382497 400.0 1.2054697673612121e-14 1.39679643547504e-12 1.1496596583340073e-13 2.783363446471853 -3062.166924480697 1.7537373239720813e-08 5.854857644454843e-15 -4.674267492963195e-15 1.0529125137418036e-14 3.745896009832521e-11 7.140798873407912e-06 -4.674267492963195e-15 1.052912513741803e-14 -4.6742674929691184e-15 1.0529125137435347e-14
620.29 11.16524956149411 -11.129174442331987 34.12846588909295 -1052632.5461834723 7.200953670621601e-06 23.47308323970779 23.12186927722502 23.473083239707677 180.4409533955703 770.1401779806735 400.0 1.119346727886441e-14 1.328102717899265e-12 1.1088086979619626e-13 2.7337567167620387 -3084.8316700581863 1.7856315060312825e-08 5.545955452281856e-15 -4.883853677315763e-15 1.0429809129597619e-14 3.576300701350015e-11 7.2007715924913715e-06 -4.883853677315763e-15 1.0429809129597623e-14 -4.883853677321824e-15 1.042980912961366e-14
637.72 11.169471674748136 -11.135394976278235 34.781441386075855 -1052221.4617728568 7.259812598560909e-06 23.5803574807176 23.21395102647185 23.58035748071749 180.07615726775185 770.421259413586 400.0 1.289152153095685e-14 1.2774189319218258e-12 1.0774204698531553e-13 2.682611423533582 -3106.557414214321 1.810586898632526e-08 5.314683931115105e-15 -5.019349759954227e-15 1.0334033691069326e-14 3.4535264396917916e-11 7.259878714020179e-06 -5.019349759954227e-15 1.0334033691069332e-14 -5.019349759960249e-15 1.0334033691084158e-14
655.4 11.173790855693104 -11.14182367888831 35.42868006153011 -1051802.6011676919 7.318082790250374e-06 23.682661527027896 23.300671025618616 23.68266152702779 179.70391553502586 770.6532262305935 400.0 1.433601730524464e-14 1.2928463194289028e-12 1.0918963040394383e-13 2.6310387664029773 -3125.5489318069012 1.8161063174401093e-08 5.369720980535258e-15 -5.103130432290001e-15 1.0472851412825251e-14 3.501650144339368e-11 7.318082790250374e-06 -5.103130432290001e-15 1.0472851412825251e-14 -5.103130432295873e-15 1.0472851412839656e-14
673.32 11.178204928453795 -11.148459087992856 36.06983715908803 -1051376.234975266 7.37560751885313e-06 23.780268006704354 23.382325083626398 23.780268006704244 179.32390813725408 770.838848864495 400.0 1.551851373025238e-14 1.3046123741225146e-12 1.0999393822622871e-13 2.5770640926811867 -3144.8878522177706 1.816142960113001e-08 5.409166043485498e-15 -5.089759155979569e-15 1.0498925199465068e-14 3.5401034627150276e-11 7.375258817745255e-06 -5.089759155979569e-15 1.0498925199465068e-14 -5.0897591559850785e-15 1.0498925199478789e-14
691.49 11.182717457966719 -11.155307083892126 36.70530243831854 -1050942.1593068475 7.433575228892928e-06 23.873682138110922 23.459281569881355 23.873682138110816 178.93619272915555 770.9808292666405 400.0 1.6745544458938362e-14 1.289765443688421e-12 1.0967718614104716e-13 2.521429345505842 -3163.341164664315 1.834776963812114e-08 5.338811825691731e-15 -5.237044673754477e-15 1.0575856499446209e-14 3.5062485226389924e-11 7.433575228892928e-06 -5.237044673754477e-15 1.0575856499446209e-14 -5.237044673759996e-15 1.0575856499459637e-14
709.89 11.18732467315742 -11.162362177248687 37.334427481783614 -1050500.8851905225 7.4893554838098815e-06 23.962822796346924 23.531761543159465 23.96282279634682 178.54158457323334 771.0814167744237 400.0 1.8174989203719467e-14 1.2170465924470728e-12 1.0411544031467823e-13 2.4628203190013997 -3182.8021576748915 1.8554436931177004e-08 5.0116294606572e-15 -5.247630828051882e-15 1.0259260288709082e-14 3.326971973299526e-11 7.4893554838098815e-06 -5.247630828051882e-15 1.0259260288709082e-14 -5.247630828057133e-15 1.0259260288720844e-14
728.54 11.192030606352212 -11.169633911117671 37.957947474500926 -1050051.9545199303 7.546080793205515e-06 24.0484132731569 23.600128606746377 24.048413273156772 178.13747012853727 771.1431093876946 400.0 1.7752725242308212e-14 1.206417830730027e-12 1.2954110060677096e-13 2.4043256594002256 -3198.008791543164 2.3332042978444474e-08 4.9586837100227575e-15 -5.374068196144552e-15 1.0332751906167312e-14 3.304716251594634e-11 7.545175699114179e-06 -5.374068196144552e-15 1.0332751906167312e-14 -5.374068196149785e-15 1.0332751906178794e-14
747.43 11.196835852904321 -11.177120573351393 38.57558370874605 -1049595.642133666 7.602452895114568e-06 24.13053682784032 23.664608767427886 24.130536827839965 177.72648105417323 771.1677043024825 400.0 1.9092928809745424e-14 1.1238369306077763e-12 3.5707475696516033e-13 2.342892879898483 -3209.1177902378604 6.944377627119216e-08 4.592375727568723e-15 -5.4961081164895875e-15 1.0088483844058317e-14 3.098077681980642e-11 7.603542036008694e-06 -5.4961081164895875e-15 1.0088483844058317e-14 -5.496108116494818e-15 1.0088483844068641e-14
766.56 11.201740951399936 -11.18482406405379 39.18740072482994 -1049131.9706243724 7.65921863694695e-06 24.209536068359622 23.725450007252316 24.20953606835814 177.3080907926841 771.1571098753188 400.0 2.0779619165834302e-14 1.2062182121624149e-12 1.4836855568161698e-12 2.283314871261504 -3191.487934296107 2.6885851110251495e-07 4.928669225091218e-15 -5.4999318242978995e-15 1.0428601049389116e-14 3.3262919789985436e-11 7.65921863694695e-06 -5.4999318242978995e-15 1.0428601049389118e-14 -5.4999318243029474e-15 1.0428601049399781e-14
785.93 11.20674557277283 -11.192746185345149 39.79346425891212 -1048660.955662883 7.71432326850032e-06 24.28537905901416 23.782883225517914 24.285379059007603 176.8805200067347 771.1131534961391 400.0 1.9493401253075376e-14 1.1869099197155976e-12 6.560096008646749e-12 2.218094096208143 -3070.4563149092687 1.2189014682114174e-06 4.806768296636831e-15 -5.310581983378958e-15 1.0117350280015788e-14 3.30594979484296e-11 7.71432326850032e-06 -5.310581983378958e-15 1.0117350280015788e-14 -5.310581983383763e-15 1.0117350280025379e-14
805.54 11.211851336066202 -11.200888832491046 40.39384814475258 -1048182.6186075738 7.771501255022794e-06 24.358769124281256 23.837124087959047 24.358769124258846 176.44419846925413 771.0373564771212 400.0 2.3395828732099072e-14 1.5491873590800865e-12 2.2410097151029245e-11 2.162016824473984 -2751.9249451743717 3.207101377704443e-06 6.240834184042779e-15 -4.7141293992553485e-15 1.0954963583298126e-14 4.3394960874147707e-11 7.770748408029792e-06 -4.7141293992553485e-15 1.0954963583298127e-14 -4.7141293992599704e-15 1.0954963583308414e-14
825.39 11.217060035610578 -11.20925389158746 40.98862913386914 -1047696.9799464144 7.828118818187533e-06 24.42957508957511 23.888373597693484 24.42957508951185 175.99993534280884 770.9310952434314 400.0 2.6530746584342613e-14 2.5209217856385843e-12 6.326208725465292e-11 2.112436122420534 -2185.4228362829053 5.562316742722454e-06 1.015779382926222e-14 -2.7622015384637864e-15 1.2919995367726008e-14 7.055270936460404e-11 7.82859427654301e-06 -2.7622015384637864e-15 1.2919995367726007e-14 -2.762201538467992e-15 1.2919995367738782e-14
845.49 11.222375896860505 -11.21784751230416 41.57817558862864 -1047203.8112177532 7.88510283878348e-06 24.498145277499603 23.93684232287613 24.498145277352727 175.54800810301765 770.795572061565 400.0 2.5237472679896885e-14 4.926687633578104e-12 1.4687686697672383e-10 2.0741682486891744 -1501.71931432884 6.530918542931374e-06 2.0085873621714656e-14 2.2953207786415897e-15 1.7790552843073065e-14 1.3607156815597023e-10 7.88510283878348e-06 2.2953207786415897e-15 1.7790552843073065e-14 2.295320778639307e-15 1.7790552843095014e-14
865.83 11.227796024175435 -11.226667171461182 42.162259973197834 -1046703.3610865392 7.942281064754791e-06 24.564597411025375 23.982678067594275 24.564597410732034 175.08612626838345 770.6321610086777 400.0 2.4055354811676442e-14 1.0038971898626214e-11 2.933416707359894e-10 2.049142570151021 -1011.4248206679896 6.284307104082398e-06 4.1689621660340673e-14 1.3005158602076921e-14 2.868446305826376e-14 2.71758978659164e-10 7.941983062199889e-06 1.3005158602076921e-14 2.868446305826376e-14 1.3005158602083503e-14 2.8684463058317566e-14
886.41 11.233323205094633 -11.235714751777437 42.7409670316297 -1046195.6488443225 8.000226269623287e-06 24.629195171116343 24.02604414668169 24.62919517056838 174.61647465469218 770.4418283951002 400.0 2.3478319404597164e-14 1.9705719270511318e-11 5.479638908584694e-10 2.030586947163918 -676.7237694273499 5.8653899418498295e-06 8.343852986351859e-14 3.428557496474398e-14 4.915295489877459e-14 5.223727979368452e-10 8.000226269623287e-06 3.428557496474398e-14 4.91529548987746e-14 3.428557496478767e-14 4.915295489892536e-14
907.23 11.238957974935516 -11.244991918771953 43.31437636609345 -1045680.678298817 8.058122353455416e-06 24.69197270806489 24.067092360753076 24.691972707079 174.13749366613473 770.2256402964281 400.0 1.964515258776644e-14 3.717758562934729e-11 9.85884594419777e-10 2.018701073035056 -464.7338612611549 5.4822635273523364e-06 1.6061191685613634e-13 7.266514090723526e-14 8.794677594890108e-14 9.645245431570823e-10 8.05779676698395e-06 7.266514090723526e-14 8.794677594890108e-14 7.266514090741052e-14 8.794677594936463e-14
928.29 11.244702054618251 -11.254500408135792 43.88257135810631 -1045158.4575576411 8.116870064977725e-06 24.753219580050267 24.105964495934685 24.753219578312248 173.6493837073868 769.9844771162456 400.0 7.71651087052279e-15 6.78883353762869e-11 1.7380185055989938e-09 2.010445402119476 -276.9368038670303 5.187431039482008e-06 2.9923587049956347e-13 1.4210495168831367e-13 1.5713091881124982e-13 1.7237892326242398e-09 8.116922389333409e-06 1.4210495168831367e-13 1.5713091881124982e-13 1.4210495168893484e-13 1.5713091881267277e-13
949.6 11.25056009263139 -11.264246563264843 44.445897885335945 -1044628.7461062621 8.176441115986104e-06 24.813104485295256 24.142809560917133 24.813104482280366 173.1526100971792 769.7189975513809 400.0 -8.330977737466485e-15 1.2095349519541725e-10 3.0148864648596527e-09 2.0057385688533014 -150.92497187377285 4.950252801798595e-06 5.439452349582028e-13 2.6435312447801674e-13 2.79592110480186e-13 3.005860268960192e-09 8.176441115986104e-06 2.6435312447801674e-13 2.7959211048018603e-13 2.6435312448005924e-13 2.795921104845059e-13
971.15 11.256530541945914 -11.274227526275618 45.004166237686505 -1044091.79122742 8.23634494957227e-06 24.871653881849756 24.177732012932065 24.871653876707533 172.64628583928757 769.4300907167489 400.0 -4.663334239974631e-14 2.1114754165774738e-10 5.142221373989635e-09 2.0030448389834885 -74.25130234997134 4.741191466524736e-06 9.686678102771311e-13 4.770114434599556e-13 4.916563668171753e-13 5.136429354961564e-09 8.23634494957227e-06 4.770114434599556e-13 4.916563668171753e-13 4.770114434663453e-13 4.9165636682995e-13
992.93 11.262612419448848 -11.284440252146396 45.55720955708016 -1043547.84543113 8.297213877381062e-06 24.92908025380938 24.210832521899206 24.92908024518884 172.13076934609944 769.1185619641846 400.0 -1.0657382177327846e-13 3.617928258958575e-10 8.620542068434491e-09 2.0016169343657113 -31.567194681596643 4.548134931261599e-06 1.6928279766077358e-12 8.392268800871487e-13 8.536010965205872e-13 8.616776514342022e-09 8.297213877381062e-06 8.392268800871487e-13 8.536010965205869e-13 8.392268801062491e-13 8.53601096557341e-13
1014.97 11.268815903549962 -11.29490053795441 46.10586624311041 -1042996.1586061281 8.358997002851786e-06 24.985562396360372 24.24226294768733 24.98556238213996 171.6052499265948 768.7845707276775 400.0 -2.1455656396041727e-13 6.096235070038418e-10 1.4220414645782663e-08 2.0009419903829335 -9.776276448786456 4.366543617812809e-06 2.908613731312921e-12 1.4472016726245658e-12 1.4614120586883559e-12 1.421820614752525e-08 8.35898923386984e-06 1.4472016726245658e-12 1.4614120586883555e-12 1.4472016726795581e-12 1.4614120587910725e-12
1037.24 11.27513450874936 -11.305595866194627 46.64946627542614 -1042437.4795647647 8.421731212458146e-06 25.041161051289546 24.27207973163544 25.041161028208425 171.07049426830648 768.429090810225 400.0 -3.9928760634207457e-13 1.0102984186871735e-09 2.308111845668514e-08 2.0006461393704664 1.7441562651895808 4.195022475226997e-06 4.913988669545464e-12 2.449709851631731e-12 2.4642788179137333e-12 2.3080222012397148e-08 8.421731212458146e-06 2.449709851631731e-12 2.4642788179137325e-12 2.4497098517844863e-12 2.4642788181920877e-12
1059.75 11.281572882303623 -11.316532549417312 47.1883445388944 -1041871.5533522265 8.485111991162731e-06 25.09594945936637 24.300391550913886 25.09594942247272 170.52582108923673 768.0524616442217 400.0 -7.060188702130012e-13 1.648365716784723e-09 3.689365154311859e-08 2.0005398399237184 8.258347890415175 4.032517974680292e-06 8.171220357626693e-12 4.078883352422262e-12 4.092337005204433e-12 3.689434967620336e-08 8.485111991162731e-06 4.078883352422262e-12 4.092337005204431e-12 4.078883352833093e-12 4.092337005936005e-12
1082.51 11.288135778565321 -11.327717098185644 47.72281651992557 -1041298.12026886 8.550003136264492e-06 25.150209127871346 24.327297672303327 25.15020906974679 169.97028654990814 767.6549425293948 400.0 -1.2064388647868388e-12 2.65004691001564e-09 5.8124558187851014e-08 2.0005826461452214 11.285136702747712 3.878300623397871e-06 1.338535172518836e-11 6.685735915811431e-12 6.699615809376928e-12 5.812717611629076e-08 8.549947362901303e-06 6.685735915811431e-12 6.699615809376928e-12 6.6857359168825776e-12 6.69961581124567e-12
1105.5 11.294819989933524 -11.339141361825247 48.252496731832316 -1040717.6851142973 8.615913742357179e-06 25.203923249288025 24.352856667767714 25.203923159011318 169.40623100881245 767.2372155947082 400.0 -2.015210255628781e-12 4.198991598967743e-09 9.027670786364786e-08 2.000686321005566 13.044482762479925 3.731961329565027e-06 2.1604796058225677e-11 1.0795736888249826e-11 1.0809059169975849e-11 9.028219322458771e-08 8.615913742357179e-06 1.0795736888249826e-11 1.0809059169975844e-11 1.0795736890960527e-11 1.0809059174613317e-11
1128.74 11.30163310472796 -11.35081674957496 48.777927381333285 -1040129.7261635928 8.682771518118678e-06 25.257197770746057 24.37716761801994 25.257197632382535 168.8310319295829 766.7992774649108 400.0 -3.3002590448185974e-12 6.563871618405816e-09 1.3836352271905479e-07 2.0008448767284936 13.84151474629121 3.59288984788946e-06 3.4394523786281595e-11 1.7190680261563608e-11 1.7203843524717977e-11 1.3837294584109152e-07 8.682771518118678e-06 1.7190680261563608e-11 1.7203843524717974e-11 1.7190680268235042e-11 1.7203843535920698e-11
1152.22 11.308574633264607 -11.362739910298066 49.29895821752835 -1039534.4884008872 8.751028143611502e-06 25.310200995254228 24.400291069278893 25.310200785913192 168.2455366761311 766.3415737305899 400.0 -5.316433666533511e-12 1.0126410774400209e-08 2.0934103605806924e-07 2.0010398962548535 14.152176112632763 3.4607013778889013e-06 5.40258783293795e-11 2.7006238685042787e-11 2.7019639644336716e-11 2.0935611397410665e-07 8.751028143611502e-06 2.7006238685042787e-11 2.7019639644336712e-11 2.7006238701023748e-11 2.7019639670696248e-11
1175.94 11.31564688479194 -11.374912311626664 49.81567037772409 -1038931.9527991946 8.820710530759604e-06 25.36302096023017 24.42229440021041 25.36302064740353 167.64797197898838 765.8643445915799 400.0 -8.440779831817547e-12 1.542636870748138e-08 3.1282663802513084e-07 2.0012594526204466 14.276671596543347 3.3349811417123597e-06 8.377644698010566e-11 4.1881848693738384e-11 4.1894598286367287e-11 3.1284988897860317e-07 8.820622304075204e-06 4.1881848693738384e-11 4.189459828636729e-11 4.188184873104095e-11 4.189459834683934e-11
1199.91 11.322855489033634 -11.38734089467575 50.3283567752234 -1038321.8696082894 8.891723578179173e-06 25.4157640996799 24.443249217721196 25.41576363766373 167.0422382414355 765.3675609642688 400.0 -1.3221016484267843e-11 2.322082612837053e-08 4.6201617143088993e-07 2.001504325228137 14.2478011655705 3.215295498278872e-06 1.2833581628922076e-10 6.416172298637594e-11 6.417409330284483e-11 4.6205100808889806e-07 8.891723578179173e-06 6.416172298637594e-11 6.417409330284485e-11 6.416172307133402e-11 6.417409343829063e-11
1224.11 11.330196919560812 -11.400016599735332 50.83666931733586 -1037704.7125209328 8.964124020254852e-06 25.46846844082808 24.463197173293363 25.468467766330065 166.4241093139107 764.8517984494077 400.0 -2.043617396746829e-11 3.454289184569808e-08 6.744980130975937e-07 2.001771377435578 14.155701462919067 3.1013855061271627e-06 1.9423903624949872e-10 9.711325882444383e-11 9.712577742505483e-11 6.745492468775036e-07 8.964124020254852e-06 9.711325882444383e-11 9.712577742505485e-11 9.711325901329882e-11 9.712577772132873e-11
1248.56 11.337679893031035 -11.412951523693627 51.34110730029432 -1037079.9653021841 9.038165572217887e-06 25.521316342257364 24.482210230011273 25.521315368149583 165.79532990506314 764.3167495448351 400.0 -3.122480229094516e-11 5.0821613349395184e-08 9.741077793319404e-07 2.002059384830808 14.051416980912492 2.992822156214878e-06 2.9069508854007035e-10 1.4534203224322729e-10 1.4535305629684304e-10 9.741821635868838e-07 9.038138297567018e-06 1.4534203224322729e-10 1.4535305629684302e-10 1.4534203265362912e-10 1.4535305693072628e-10
1273.25 11.345304251490168 -11.426141905880533 51.84153753519902 -1036447.8589724407 9.11388006497229e-06 25.574373981166545 24.50033195642646 25.574372589118067 165.15488072021165 763.762698033543 400.0 -4.715786679339648e-11 7.397137520627272e-08 1.3920484786467896e-06 2.0023696159980005 13.936924523465011 2.889341776652501e-06 4.3029572939313595e-10 2.1514211057576941e-10 2.1515361881736656e-10 1.3921551876864765e-06 9.11388006497229e-06 2.1514211057576941e-10 2.1515361881736656e-10 2.1514211144807413e-10 2.1515362014465486e-10
1298.18 11.35307293248013 -11.43958925318382 52.33803786528481 -1035808.3744138684 9.191189484091604e-06 25.62770261406092 24.51761118378998 25.627700644810886 164.5028995476506 763.1896858740091 400.0 -7.04494186876902e-11 1.0655764017083754e-07 1.9692500308765247e-06 2.002701720795627 13.836264052110838 2.7906529066074546e-06 6.302409676035297e-10 3.1511499951793434e-10 3.1512596808559533e-10 1.969401817913918e-06 9.191189484091604e-06 3.1511499951793434e-10 3.151259680855955e-10 3.151150013329384e-10 3.151259708077792e-10
1323.35 11.360988842686211 -11.453295072243785 52.8306849095574 -1035161.4920387383 9.270345407754293e-06 25.68144205491015 24.5340937319718 25.68143929613737 163.83971592982408 762.597734297475 400.0 -1.0414669645317607e-10 1.5197862963713222e-07 2.7587727788990512e-06 2.003056470244446 13.754689541987611 2.696483369636383e-06 9.13755026061444e-10 4.568725520042556e-10 4.568824740571886e-10 2.758987093363354e-06 9.270345407754293e-06 4.568725520042556e-10 4.568824740571886e-10 4.568725557040626e-10 4.568824795300835e-10
1348.77 11.369058490305639 -11.467266328156049 53.31974602417055 -1034506.9263356087 9.35136697258154e-06 25.735680896149486 24.549828677090193 25.735677066880577 163.16408129882672 761.9865634866168 400.0 -1.5244507223448104e-10 2.1472305550801113e-07 3.829268908533521e-06 2.0034349985363096 13.69239424260688 2.606544567402922e-06 1.3120860053638251e-09 6.560380276669834e-10 6.560479776968413e-10 3.8295695525768636e-06 9.35136697258154e-06 6.560380276669834e-10 6.560479776968411e-10 6.560380350632965e-10 6.560479884940737e-10
1374.42 11.377278639901633 -11.481493531415518 53.80491137498103 -1033845.1703202565 9.434355950584417e-06 25.79049816739566 24.564844085966616 25.79049290065148 162.4770883179767 761.35661490458 400.0 -2.2096379369720044e-10 3.005456513692197e-07 5.266744183426333e-06 2.0038375273033644 13.654483258877859 2.52066950653165e-06 1.86611287623149e-09 9.33051984000042e-10 9.330608922314478e-10 5.267163542475785e-06 9.434294757892014e-06 9.33051984000042e-10 9.330608922314478e-10 9.330519985032545e-10 9.330609131382426e-10
1400.32 11.385659367691938 -11.495989209861023 54.286634691871335 -1033175.676669656 9.519538792010749e-06 25.846048580257673 24.579189760111863 25.846041398190646 161.77727412533798 760.7072901647989 400.0 -3.1735549965282753e-10 4.1700384171097457e-07 7.182067022612313e-06 2.00426527304858 13.63925408038574 2.4385686506169824e-06 2.6304258273472113e-09 1.3152083800022756e-09 1.3152174473449365e-09 7.182649065483645e-06 9.519538792010749e-06 1.3152083800022756e-09 1.3152174473449365e-09 1.3152084079309864e-09 1.3152174871254956e-09
1426.46 11.394200978645117 -11.510749316689669 54.764799081700964 -1032498.6754727827 9.606590471584675e-06 25.902308896459434 24.59289550913232 25.902299184156206 161.06505944144664 760.038721874928 400.0 -4.5173652864918323e-10 5.736552818064275e-07 9.712303229702554e-06 2.0047186150399297 13.648388957635394 2.3600680709390598e-06 3.6754396537100893e-09 1.8377157157921466e-09 1.837723937917942e-09 9.713107467784751e-06 9.60644970540491e-06 1.8377157157921466e-09 1.837723937917942e-09 1.8377157686299775e-09 1.8377240123291158e-09
1452.84 11.402907130064108 -11.525775309962 55.239477695516804 -1031814.1359470249 9.696654022712227e-06 25.95966661159292 24.605995066036563 25.959653583113926 160.34030746656154 759.3507737157393 400.0 -6.374916413830831e-10 7.826691162155448e-07 1.3028478990731369e-05 2.005198186044142 13.680677162949776 2.2849726796588005e-06 5.092420972119757e-09 2.546206792775739e-09 2.546214179344018e-09 1.3029585588284044e-05 9.696654022712227e-06 2.546206792775739e-09 2.5462141793440173e-09 2.5462068910450518e-09 2.5462143162640386e-09
1479.46 11.411782434051453 -11.541068590903725 55.71074515464743 -1031122.0169865516 9.787486499422266e-06 26.017557861377444 24.61852027456365 26.01754051970273 159.60147759434406 758.6431908825095 400.0 -8.921730478141195e-10 1.0593769662813158e-06 1.7341674711689716e-05 2.0057044542037175 13.73546613093258 2.213099711196049e-06 6.998446500033302e-09 3.4992198931313546e-09 3.499226606901949e-09 1.7343191360119048e-05 9.787486499422266e-06 3.4992198931313546e-09 3.4992266069019486e-09 3.499220072906484e-09 3.499226854885113e-09
1506.33 11.420832059509614 -11.556636588763942 56.178839985393125 -1030422.0474218355 9.881452821814981e-06 26.076765895690606 24.630505286311205 26.076742982829284 158.85236028315563 757.915697464194 400.0 -1.2387558300412987e-09 1.4231067361650662e-06 2.2912861320802445e-05 2.0062379168479207 13.81189450204413 2.1442528899874715e-06 9.54365904268161e-09 4.771826108901093e-09 4.771832933780516e-09 2.291493241663629e-05 9.881452821814981e-06 4.771826108901093e-09 4.771832933780516e-09 4.771826432659351e-09 4.771833376215333e-09
1533.43 11.430056213540247 -11.572468969910878 56.64349258204394 -1029714.6811801615 9.978646686096817e-06 26.137339116569255 24.641969690126963 26.137309063784897 158.08820624573178 757.1683557514373 400.0 -1.7064910120124993e-09 1.8974112807226367e-06 3.005278435707218e-05 2.00679837282583 13.909178408920376 2.0783227185732843e-06 1.2914670283213648e-08 6.457331847416851e-09 6.4573384357967976e-09 3.005560208923626e-05 9.978259559363548e-06 6.457331847416851e-09 6.457338435796798e-09 6.457332421453638e-09 6.457339213480686e-09
1560.78 11.439464083179333 -11.588578992928888 57.10523865740067 -1028999.178539901 1.007796063835314e-05 26.19907956568895 24.652945214875405 26.199040418141145 157.31173875014665 756.404927107518 400.0 -2.3335692148850647e-09 2.512041361889529e-06 3.914754780527232e-05 2.0073861894923075 14.026464415569267 2.0151096066809576e-06 1.7350719247366037e-08 8.675357271105077e-09 8.675361976260966e-09 3.915136825133972e-05 1.007802681609029e-05 8.675357271105077e-09 8.675361976260966e-09 8.675358274094406e-09 8.675363324281516e-09
1588.37 11.449059599641991 -11.604962141662574 57.5658511995563 -1028272.7554085007 1.0181065025858787e-05 26.262478918617585 24.66340583083265 26.26242826612525 156.51897237816354 755.6898287744094 400.0 -3.168059814284848e-09 3.3028913642653e-06 5.0652492333838536e-05 2.0080010587953843 14.162370250989012 1.954496771118946e-06 2.314608027583514e-08 1.1573037949028738e-08 1.1573042326806408e-08 5.0657653898240486e-05 1.0181065025858787e-05 1.1573037949028738e-08 1.1573042326806403e-08 1.1573039676516974e-08 1.1573044631746833e-08
1616.2 11.458844919637224 -11.62161999944673 58.02343723074342 -1027538.3861667245 1.0285337827230483e-05 26.32688649200404 24.673428394043505 26.326821378012742 155.713661007472 754.9556329036413 400.0 -4.270993021909557e-09 4.313863375034246e-06 6.511399130119198e-05 2.008642490728913 14.316069979974431 1.8963510342567221e-06 3.066670935316718e-08 1.5333352864852766e-08 1.5333356488314418e-08 6.512094007570296e-05 1.0284893600356287e-05 1.5333352864852766e-08 1.5333356488314415e-08 1.5333355799145724e-08 1.5333360377918686e-08
1644.27 11.468825920508907 -11.63855396218139 58.47806974560933 -1026796.0086970003 1.0393789542214894e-05 26.393320575859967 24.683035589010643 26.393237395281187 154.89419434506092 754.2019513570891 400.0 -5.719104227587161e-09 5.598110733894031e-06 8.318057877758865e-05 2.009309852708409 14.486518392512115 1.8405472530361272e-06 4.036329007238029e-08 2.0181643998601017e-08 2.018164607377926e-08 8.31899000693674e-05 1.0393789542214894e-05 2.0181643998601017e-08 2.018164607377927e-08 2.0181648916286423e-08 2.01816525547084e-08
1672.59 11.479012123224434 -11.655771560125572 58.92997915351301 -1026045.2962611921 1.0504415149597782e-05 26.461217739426463 24.69225213121967 26.46111211305086 154.05940369461484 753.4281064823991 400.0 -7.609050946362795e-09 7.220248370723858e-06 0.00010562637560568092 2.0100024994364607 14.672703200821012 1.7869492841344204e-06 5.2792441083574655e-08 2.639621969240182e-08 2.639622139117284e-08 0.00010563883508694291 1.0504415149597782e-05 2.639621969240182e-08 2.639622139117284e-08 2.6396227829200412e-08 2.639623206021972e-08
1701.14 11.489400064212239 -11.673262139223104 59.37891084806973 -1025286.7340266774 1.0619322935942203e-05 26.531364940543412 24.701091900061055 26.531231606563523 153.211514778729 752.634408421028 400.0 -1.0058707177025221e-08 9.255720609439975e-06 0.00013333397988870462 2.0107186708718294 14.873595627837922 1.7354841927838885e-06 6.861700737280755e-08 3.430850428608072e-08 3.430850308672682e-08 0.00013335057070003865 1.0618637785539778e-05 3.430850428608072e-08 3.430850308672682e-08 3.430851757867893e-08 3.430852044093337e-08
1729.94 11.50000503164945 -11.691039332827245 59.82525566000575 -1024519.7100793496 1.0737435459853068e-05 26.603486698512704 24.709580763668093 26.603319326265595 152.3473096741414 751.8197056615351 400.0 -1.3217113629965883e-08 1.1797174632347846e-05 0.00016737224710688513 2.0114574010709925 15.088301969918424 1.6860116185919285e-06 8.866137794159128e-08 4.433069132179184e-08 4.433068661979945e-08 0.00016739425768759155 1.0737823154673961e-05 4.433069132179184e-08 4.4330686619799446e-08 4.4330712778078175e-08 4.433071453252017e-08
1758.98 11.510829470708655 -11.709098500279651 60.268924767265 -1023744.4243381523 1.0861282508524913e-05 26.678569181996465 24.717734253249233 26.678360230436247 151.46695021153255 750.9838258877693 400.0 -1.7264587038749587e-08 1.495202137768166e-05 0.00020895156021675197 2.012216549780293 15.315814438259093 1.6384517259719857e-06 1.1389995721596469e-07 5.69499826087804e-08 5.6949974607184294e-08 0.00020898064842731084 1.0861282508524913e-05 5.69499826087804e-08 5.6949974607184294e-08 5.6950016836625045e-08 5.695001901045871e-08
1788.26 11.521879800306747 -11.72744110976953 60.70998781759915 -1022960.8075791546 1.0984609328849947e-05 26.75444765613737 24.725570306380906 26.754188175215226 150.57024184988168 750.1262815599533 400.0 -2.242242855838223e-08 1.8847570587879063e-05 0.0002594809221455738 2.012993823497964 15.555277573933104 1.5927118822286518e-06 1.455056326006548e-07 7.275282348334763e-08 7.275280911730717e-08 0.00025951921334594334 1.0984609328849947e-05 7.275282348334763e-08 7.275280911730715e-08 7.275287746495288e-08 7.275287900627364e-08
1817.79 11.533161711233042 -11.746075051123606 61.14864738008883 -1022168.5526930555 1.1113080805761652e-05 26.833314040016436 24.73310844078411 26.83299343679241 149.66055943759062 749.2466486803314 400.0 -2.8962180496829272e-08 2.363485363708981e-05 0.0003206032240252325 2.013786623973808 15.805927800068382 1.5486900872914348e-06 1.8489065441264118e-07 9.24453389839816e-08 9.24453154286596e-08 0.0003206534343431188 1.1113080805761652e-05 9.24453389839816e-08 9.244531542865956e-08 9.244542319544711e-08 9.244542432324489e-08
1847.55 11.54468030174005 -11.764989061677795 61.584692968727836 -1021368.0775097761 1.124805519075783e-05 26.91573830342147 24.740360466748555 26.915344170077333 148.73332919202633 748.344498275941 400.0 -3.7205120314565775e-08 2.948489996572737e-05 0.0003941333441341868 2.0145913714512274 16.06677773322095 1.5063338343076299e-06 2.3368645478034527e-07 1.1684324610479428e-07 1.1684320867555098e-07 0.0003941989131831787 1.1247841021856082e-05 1.1684324610479428e-07 1.1684320867555094e-07 1.1684337605406266e-07 1.1684337664483321e-07
1877.56 11.556447909175816 -11.78419738540157 62.01847910747305 -1020558.782865079 1.1386325933187438e-05 27.00067036835004 24.74734725003735 27.00018813161239 147.78986334686877 747.4188550087813 400.0 -4.754910178350655e-08 3.660413526238693e-05 0.00048223673765004606 2.0154047816045066 16.337258338529107 1.4655367531194956e-06 2.9388347818894266e-07 1.4694176822306446e-07 1.4694170996587823e-07 0.0004823220242790924 1.1386325933187438e-05 1.4694176822306446e-07 1.4694170996587818e-07 1.4694196670540502e-07 1.4694196662265403e-07
1907.81 11.568470678517237 -11.803695141571913 62.44993497046071 -1019740.8355418018 1.1528570604909536e-05 27.088429499585594 24.7540820577018 27.087842206247824 146.82840676339805 746.4691977925883 400.0 -6.046205296776686e-08 4.52250781768149e-05 0.0005872933377712633 2.016222310284324 16.616584965125636 1.426239904256291e-06 3.677681235065032e-07 1.8388410636899214e-07 1.83884017137511e-07 0.0005874038196712113 1.1528570604909536e-05 1.8388410636899214e-07 1.8388401713751105e-07 1.8388440648378586e-07 1.8388440569185336e-07
1938.3 11.580752807542323 -11.823483887551182 62.87911909403234 -1018914.1731658817 1.1676241155282687e-05 27.179759018211396 24.76057999871903 27.179047000518402 145.85143148744083 745.4951704473025 400.0 -7.650520929990076e-08 5.5617528363161504e-05 0.0007120176929958086 2.0170388681417792 16.90411550545058 1.3883737050000573e-06 4.5803218770197503e-07 2.290161608621807e-07 2.290160268397944e-07 0.0007121602294618709 1.1675199973892118e-05 2.290161608621807e-07 2.2901602683979437e-07 2.2901661022866529e-07 2.290166098321716e-07
1969.03 11.593306591630652 -11.843565086052669 63.30611331414937 -1018078.6745136686 1.1829047920492157e-05 27.274633497051834 24.766856183756097 27.27377403071183 144.8559440430419 744.495740371206 400.0 -9.634550033455003e-08 6.809102382035519e-05 0.0008594663400020116 2.017848840762238 17.19928123139939 1.3518725280937394e-06 5.678122043719133e-07 2.839062030507065e-07 2.839060013212069e-07 0.0008596494822490757 1.1829047920492157e-05 2.839062030507065e-07 2.839060013212068e-07 2.8390686953082044e-07 2.839068685160829e-07
2000.0 11.606138308972627 -11.863940290494327 63.73098067548272 -1017234.257829229 1.1986553414183307e-05 27.373022133219497 24.772925208862006 27.371989067805213 143.84333326192743 743.4703592085782 400.0 -1.2077189523837202e-07 8.299913038115075e-05 0.0010330654142882765 2.0186456588237736 17.501561379034072 1.31667415384109e-06 7.007467698091705e-07 3.503735356057233e-07 3.503732342034473e-07 0.001033299775605697 1.1983307057982063e-05 3.503735356057233e-07 3.5037323420344737e-07 3.503745150208246e-07 3.503745134056823e-07
