#Found quasiharmonic mode : None
#T(K), volume, F(eV), S(J/K), H(J/K), a(-6/K), Cp(J/mol), Cv, Cpion, Bt(GPa), T_ph-D(K), T-D(K), F_el_atom, S_el_atom, C_el_atom, M_el, Seebeck_coefficients(μV/K), Lorenz_number(WΩK^{−2}), Q_el, Q_p, Q_e, C_mu, W_p, W_e, Y_p, Y_e
0.0 22.496131650577727 -9.884133691746783 0.0 -953673.9219666701 0.0 0.0 0.0 0.0 102.32918066779943 400.0 400.0 0.0 0.0 0.0 0.0 0.0 2.443004551768e-08 0.0 0.0 0.0 0.0 0.0 0.0 0.0 0.0
0.28 22.527340594604205 -9.868170767195954 0.0009911548506899449 -952133.7336122536 2.2118911644503914e-08 0.0009945227226498502 0.0009945210220296524 5.051002154208759e-06 101.67600100772383 203.68665132837032 400.0 -1.2792593467140318e-09 0.0009894717501786078 0.0009894717204956415 1.677485236436469e-09 0.010873273579756666 2.443004429005868e-08 3.617351612233043e-05 1.8729659703573548e-05 1.1649895084506805e-05 1.02551517812995e-08 1.809133637766579e-05 1.8082179744664635e-05 3.076545013929838e-05 2.076575278374566e-05
0.8 22.52734067529667 -9.868170776802303 0.0028663175334022544 -952133.7325235946 -7.636703399442033e-10 0.002944828002728788 0.0029448279969368535 0.00011776797121637909 101.67600228886715 203.6866515494015 400.0 -1.156371017368182e-08 0.0028270615449274396 0.0028270600315124087 1.2573676225419535e-08 0.031027982961243112 2.4430030281921348e-08 0.00010335288836338655 5.2341079149595446e-05 4.4837913565726775e-05 2.9300413723748602e-08 5.168464251919466e-05 5.166824584419191e-05 7.688389571242989e-05 6.688419835685007e-05
1.56 22.527340684762944 -9.868170810640459 0.005803844224450831 -952133.7290275374 1.5935681920217094e-09 0.006385989514075937 0.00638598946489603 0.0008732282054313383 101.67600149054466 203.68716148799592 400.0 -4.440947984287159e-08 0.00551276677261391 0.005512761308644598 4.73396898280363e-08 0.06045785519385812 2.44300168783145e-08 0.00020153803256950004 0.00010144452287838257 9.387621909790316e-05 5.713575380224811e-08 0.00010079870513943911 0.00010073932743006097 0.00014482071480054998 0.00013482101744069724
2.56 22.52734083647409 -9.86817089193499 0.01033274222526554 -952133.7194734442 1.4111891283898812e-09 0.012903791456825402 0.012903791393535823 0.003857164090096096 101.6760009248993 203.71932699602272 400.0 -1.1985803572194996e-07 0.009046594149722158 0.009046627366729306 1.2712452057420697e-07 0.09908747514748814 2.4430144448586803e-08 0.00033072898646248805 0.0001660607987363826 0.00015844104007306268 9.376172538672348e-08 0.00016544415348494486 0.00016528483297754322 0.00023431924120377788 0.0002243195438377074
3.8 22.527340725485256 -9.868171069897555 0.01763175349377256 -952133.6960953781 1.1247272999383044e-09 0.026028195252487906 0.026028195192811892 0.012599367819821208 101.67598938687563 203.80538209778723 400.0 -2.642800457979338e-07 0.013428589232679753 0.0134288274326667 2.795949487463758e-07 0.14680022178724778 2.443053716971055e-08 0.0004909267191150282 0.0002461986810427964 0.00023849770141324967 1.3918011854230433e-07 0.0002456386189599308 0.0002452881001550973 0.00034533387521986953 0.000335334177848994
5.29 22.527341183573515 -9.868171426399844 0.030040506472976763 -952133.6385790039 2.2293580780239916e-09 0.05285748055874141 0.05285748023235129 0.03416248500943231 101.67597057794977 203.46396040970075 400.0 -5.12312025845393e-07 0.01869418954345041 0.0186949955493091 5.408583900655575e-07 0.20381681650492942 2.443124854454123e-08 0.0006834256854492504 0.00034251480286620026 0.0003346792628193811 1.9376032322089499e-07 0.0003420519325092736 0.00034137375293997666 0.0004787477613717728 0.0004687480639990921
7.01 22.52734177706385 -9.868172129723465 0.051425872623759326 -952133.5048583292 1.7081259931908218e-09 0.10655314953531111 0.10655314928140147 0.08177823785331191 101.67590129754535 201.55198178155615 400.0 -8.997453169989138e-07 0.024772877152259183 0.0247749116819992 9.475548778002684e-07 0.26893853814304447 2.4432343919250828e-08 0.000905646211579331 0.0004537286640539796 0.0004456853398502967 2.5677466698472596e-07 0.00045341719195620436 0.00045222901962312643 0.0006327671710004486 0.0006227674736264784
8.98 22.52734146745732 -9.86817353041634 0.08957800715058367 -952133.1960895095 7.606570811827662e-10 0.21720275354762758 0.21720275348312537 0.18546288353858692 101.67564673177449 196.51927588167192 400.0 -1.4766280959066672e-06 0.03173556891206457 0.03173987000904064 1.5498884335848367e-06 0.3423519432981907 2.4433849582292472e-08 0.00116017857371588 0.0005811480500716774 0.0005727980140813835 3.2896223070863347e-07 0.0005810609015757868 0.0005791176721400932 0.0008091841288108811 0.0007991844314369044
11.19 22.527342204756977 -9.868176276539312 0.15911549206325065 -952132.4849582445 1.0441337163697479e-08 0.4459884986624112 0.4459884835177512 0.4064333025797522 101.67491870978523 188.51856958394524 400.0 -2.2929940780069285e-06 0.03954722361267963 0.039555196082659 2.3961465759653917e-06 0.4232593147340597 2.4435718340666587e-08 0.0014457394239749779 0.0007241433367882822 0.0007153634122047541 4.0996386753072157e-07 0.0007243715027555368 0.0007213679212194412 0.001007106807063192 0.0009971071096896993
13.64 22.5273462282651 -9.868181700879676 0.28610731116673116 -952130.8863261578 5.212925021321472e-08 0.8886841408674189 0.8886836807311033 0.8404623393487678 101.6730233193992 180.20208414021877 400.0 -3.407155316458352e-06 0.04820820523330584 0.048221801518651075 3.5415684691288294e-06 0.5115942278338972 2.4437990819088712e-08 0.0017623393024969471 0.0008827336191066245 0.0008733729129315671 4.997893423227988e-07 0.0008833888035882427 0.0008789504989087044 0.0012265405450002228 0.0012165408476280631
16.34 22.527364937990466 -9.868192320704164 0.5086911302770317 -952127.5014741062 1.617782814936785e-07 1.6462288027324714 1.6462234940806373 1.5884521642258491 101.66885888344369 173.7272000387799 400.0 -4.889758114402251e-06 0.05775437558519256 0.05777663850662247 5.0532122439155924e-06 0.6080787491635506 2.4440897489369934e-08 0.0021112842793428355 0.0010575889186431207 0.0010474625317323826 5.988220867362334e-07 0.0010588080004240133 0.0010524762789188226 0.0014683886599214076 0.0014583889625515104
19.27 22.52741593251247 -9.868212252534626 0.8660668018741854 -952121.0475091847 3.679863498444911e-07 2.763500369836308 2.7634679803324156 2.6953488391085862 101.66099909978176 169.41886700233778 400.0 -6.800933004677451e-06 0.0681157745019287 0.06815153072772183 6.988069221197576e-06 0.712770622351639 2.444479492911858e-08 0.002490008383991688 0.0012474410350041575 0.001236334480528389 7.063560663143009e-07 0.0012493823530780226 0.0012406260309136656 0.0017308704297299277 0.0017208707323651605
22.45 22.527527421784303 -9.868247872955328 1.3944340601398206 -952109.8684199284 6.828212603405844e-07 4.224882482444321 4.2247525744662 4.145461293014357 101.64791378195554 166.67591959330153 400.0 -9.231310341960274e-06 0.07936426858177552 0.07942118942996419 9.436393344749952e-06 0.8274377188688116 2.445015404998894e-08 0.00290112458845461 0.0014536201802907256 0.0014412715064267675 8.231664555150218e-07 0.0014564759805705185 0.0014446486078840911 0.0020157935143307344 0.002005793816975035
25.87 22.527731581048357 -9.868307436681901 2.111363160868128 -952092.2995255475 1.0935724159105928e-06 5.941106306844252 5.940722407457637 5.849550908005503 101.62838416246984 164.94363615102353 400.0 -1.2258992283431983e-05 0.09146612054543178 0.09155539883874896 1.2479545124801919e-05 0.9528739714123342 2.445736925989978e-08 0.003343380545662434 0.0016755222862037931 0.0016616253214369167 9.489411631499132e-07 0.0016795154285200759 0.0016638651171423588 0.0023222850210165387 0.002312285323678386
29.53 22.5280608874489 -9.868400967941607 3.018025331024588 -952066.8225971503 1.5723174071993654e-06 7.796714998508319 7.795809345873701 7.69215460660042 101.60159826167006 163.83359510918444 400.0 -1.5974515797793105e-05 0.1044234749653303 0.10456039190789912 1.621633434851776e-05 1.0901381276949684 2.4466725592067724e-08 0.003816831115903969 0.0019132019528197383 0.001897396178451662 1.0837462335386945e-06 0.0019185924408341472 0.0018982386750698219 0.0026503760532619693 0.002640376355950632
33.43 22.52854308117552 -9.868539693892687 4.100967713594761 -952032.2345539737 2.0852159520570314e-06 9.679270595642855 9.677467916874942 9.560827603706139 101.56717451979591 163.10722955397037 400.0 -2.0474911312544573e-05 0.11823897245714567 0.11844299193671642 2.0757324183608717e-05 1.2400305147385338 2.447832795756387e-08 0.004321546726014431 0.0021667250836199005 0.002148588595413161 1.2276542527030911e-06 0.0021738144600655256 0.002147732265948905 0.0030001064014290274 0.0029901067041591366
37.58 22.529201706745614 -9.868736007051561 5.340258219011743 -951987.5843411023 2.60324869787934e-06 11.503425504142946 11.500268317391463 11.370179838425951 101.52499134400865 162.6197074637526 400.0 -2.5877528766111367e-05 0.13295113158770328 0.1332456657169952 2.6238391014513183e-05 1.403350688387354 2.4492098411280378e-08 0.004858908133444226 0.002436819557684903 0.002415855446676426 1.3811077916686554e-06 0.002445960371306176 0.0024129477621380488 0.0033724217993858505 0.003362422102171777
41.96 22.530047376721203 -9.869000979426044 6.70243375375506 -951932.6030722196 3.1005511836416555e-06 13.200322523095469 13.19532413683104 13.051419520566817 101.47545517286446 162.2858080582302 400.0 -3.2266576124525534e-05 0.14849236669196605 0.14890300252865152 3.2764996534531964e-05 1.5792085881544151 2.4507630634881672e-08 0.005426423959989739 0.0027222692950795665 0.002697921432214508 1.5434315747756949e-06 0.0027338537074652488 0.00269257025252449 0.0037655838133429393 0.0037555841162007796
46.59 22.531091934980115 -9.869347611369346 8.165650161415602 -951866.8444496798 3.564591979145108e-06 14.744844292868962 14.737512571177408 14.579353417202473 101.41868099734155 162.04981948634187 400.0 -3.978819018965142e-05 0.1649370434784701 0.16549087566648898 4.050652774012974e-05 1.7677408818491531 2.45244532576412e-08 0.0060267935206176956 0.003024469668178516 0.002996090493143302 1.7154154599686675e-06 0.003038953366357963 0.002987840154259731 0.004181449615644599 0.004171449918591032
51.46 22.532336583186453 -9.869786680657752 9.700780318978111 -951790.4436816011 3.986463479422513e-06 16.121003191618783 16.1108806198576 15.938027304215295 101.35515938939514 161.8786383094848 400.0 -4.855230680222797e-05 0.18225297753103367 0.18297588740348852 4.9593132542284254e-05 1.967326369725728 2.454184664522335e-08 0.006658834437703132 0.0033428641869791137 0.00330973674197463 1.8967168300664864e-06 0.0033607516903062747 0.003298082747396857 0.004619187542933651 0.0046091878459867
56.57 22.533780212773976 -9.870328879398802 11.285090473566612 -951703.5624943312 4.3635461652333545e-06 17.331158776016153 17.31783464143784 17.129800718081377 101.28525267701286 161.75058233406205 400.0 -5.868932656888025e-05 0.20044313740106587 0.20135805793477454 6.016986689804993e-05 2.1762554004066916 2.455906253647452e-08 0.0073226591893705145 0.003677546369608927 0.0036388791393138567 2.0873397131677653e-06 0.003699396612474038 0.003623262576896475 0.005078864445653568 0.005068864748829755
61.92 22.535420950765758 -9.870984202600582 12.89958291783831 -951606.446964918 4.697406042944067e-06 18.386111452831198 18.369221565720935 18.165476227202998 101.20932027891828 161.65159165514245 400.0 -7.033635251783465e-05 0.21951004873585228 0.2206352256281995 7.237895547433114e-05 2.392449869075613 2.4575369659483473e-08 0.008018375397498351 0.0040286049229752 0.003983536600875014 2.287265548413282e-06 0.0040550302127436684 0.003963345184754685 0.005560546195699519 0.005550546499015193
67.52 22.53725660152255 -9.87176345620462 14.531735487189657 -951499.1929018869 4.990921818513076e-06 19.302365885978404 19.281590093656277 19.061526441822217 101.12747573915588 161.5722994469081 400.0 -8.366201302894264e-05 0.23949137063657655 0.24083944415618422 8.638246130916909e-05 2.6139991715907165 2.4590144606168223e-08 0.008747382678513044 0.004396777818193843 0.004344370772830538 2.4968305498455694e-06 0.004428451299223773 0.004318931379289274 0.006065196164259809 0.006055196467731536
73.35 22.539276032567386 -9.872672519810518 16.163571391147492 -951382.4890243744 5.247384347729944e-06 20.093156871241614 20.068227363966134 19.831263745633684 101.04025918365684 161.50678697129487 400.0 -9.876930046423855e-05 0.26031712257554296 0.26189312560792977 0.00010225711521836167 2.8377336732880094 2.4602815722869272e-08 0.009507161643019513 0.004780819068408744 0.0047201082544356615 2.7152333629894852e-06 0.004818442783293478 0.004688718859726033 0.006591068657524868 0.006581068961167676
79.43 22.541480982505554 -9.873722567514891 17.79130276224887 -951256.238009008 5.471906504995651e-06 20.777524048006462 20.7481925929152 20.493661870030017 100.94756588910384 161.45060879246893 400.0 -0.00011586739199560123 0.2820595429022197 0.28386217797644797 0.00012017257962455406 3.0620985627377433 2.4613058445929987e-08 0.010300386962819827 0.005182101896181528 0.005112050495147443 2.9431606717477694e-06 0.005226441666934967 0.005073945295884859 0.007140017321045851 0.00713001762487509
85.75 22.543862781608684 -9.874919628380454 19.404971955233602 -951120.923657434 5.66829478206955e-06 21.36917254113049 21.335222890723795 21.06246874235441 100.84969242092586 161.4009795265178 400.0 -0.00013509555253777013 0.30468318706739583 0.3067037987760775 0.00014020490133415768 3.284545974619058 2.4620633158136778e-08 0.011125807222777161 0.005600009944027414 0.005519562438612976 3.1801709280082053e-06 0.005651860337809594 0.005473946884967566 0.0077111823629330105 0.0077011826669635165
92.31 22.546416920305536 -9.876270703590116 20.99933049801957 -950976.8107446464 5.840553398333735e-06 21.881707080046937 21.842940384118233 21.551295757236446 100.74676127327247 161.3558605518678 400.0 -0.0001566245109972161 0.32818785542665607 0.33041132281049396 0.0001624423657539215 3.503159549510745 2.4625462988599713e-08 0.01198345667281621 0.006034571090199604 0.005942650457168827 3.4261968499355464e-06 0.0060947600628918465 0.0058886966099243624 0.008304597625648377 0.008294597929893607
99.11 22.54913913968168 -9.877782351865068 22.570596281004395 -950824.1390313655 5.9922164516709895e-06 22.327030053771953 22.283259548090033 21.972051640826244 100.63886366973969 161.31381122913396 400.0 -0.0001806316031945298 0.35257296978733776 0.3549784129457081 0.00018695927156745494 3.7163058639833113 2.4627585844565405e-08 0.012873353488384955 0.006485800033740302 0.00638131802772492 3.6811739655397005e-06 0.006555183741478448 0.006318169746906509 0.008920289014455606 0.00891028931892899
106.16 22.55203015916503 -9.87946319807283 24.11827549954529 -950662.8917063427 6.126552281889581e-06 22.715904955566675 22.666943956116903 22.335469609288857 100.52591186997118 161.27373734398864 400.0 -0.00020733994963255278 0.37787356673364025 0.3804353462778179 0.000213855472419613 3.922930981053003 2.4627124200409053e-08 0.013796812196099318 0.006954364901066634 0.006836211550293959 3.945417304029192e-06 0.007033837343301212 0.006762974852798105 0.00955918183019423 0.009549182135072021
113.44 22.555078053978747 -9.88131429127678 25.636237512485277 -950493.7163925263 6.245966898426787e-06 23.0559943969264 23.001672768859088 22.649289740796906 100.4082636869849 161.23500179506158 400.0 -0.00023686435808669117 0.40401678459987206 0.4067046561294939 0.00024310244315689037 4.121400520373144 2.462426362703999e-08 0.014751204547379847 0.007438929037802783 0.007306039431785697 4.218122953829848e-06 0.007529373948160904 0.00722183059921894 0.010219475401230136 0.010209475706363323
120.97 22.558288595300994 -9.883346213131956 27.1276064512127 -950316.3152785779 6.3529560071942545e-06 23.355679599837313 23.295815336576528 22.921825744356177 100.28562958169503 161.19693889754478 400.0 -0.00026948316299975144 0.4310732231203586 0.4338538554811355 0.00027481626572800665 4.311478059716206 2.4619215480932227e-08 0.01573913442070115 0.007940808016193863 0.00779208997747883 4.499991485107368e-06 0.008043153154802966 0.007695981265898179 0.010902990003978527 0.010892990309379257
128.74 22.561654980273737 -9.885561723888053 28.589721961311103 -950131.0653167993 6.449393917834469e-06 23.62075343941973 23.555168805363426 23.158910725875156 100.15817949242194 161.15918968138772 400.0 -0.0003053610148021459 0.4590056655610674 0.4618427135445756 0.00030898262682713405 4.492333670859337 2.4612215493387505e-08 0.01675926546116198 0.008459314330386932 0.008293714338686538 4.790604546730884e-06 0.008574482600313908 0.008184782860848073 0.01160882032545564 0.011598820631137307
136.75 22.56517639498202 -9.887965790435494 30.0224585972304 -949938.0920681958 6.537006995828207e-06 23.85652222280691 23.785034732964178 23.365854639791426 100.02594630159503 161.12142996369 400.0 -0.0003447083051079924 0.48781278187867105 0.490667583015481 0.00034561665066677944 4.663619131057514 2.4603495897909628e-08 0.01781156741622806 0.008994421251451579 0.008810908991396058 5.089923161174774e-06 0.009123341776573885 0.00868822563965417 0.012336964531915528 0.012326964837890357
145.01 22.568854271894484 -9.890566403573535 31.427641410196596 -949737.2620228139 6.617196700463962e-06 24.067686995325072 23.99010420159198 23.547325933554056 99.88872015447487 161.08338724326285 400.0 -0.000387795618926554 0.5175291645237924 0.5203610617710196 0.000384773060545732 4.825335569611074 2.4593264259731995e-08 0.018897319577918528 0.009546766733717203 0.009344315272698 5.398284422131476e-06 0.00969038974363567 0.009206929834282862 0.01308832650796576 0.013078326814246243
153.5 22.572680553962424 -9.893361810340432 32.80225814716507 -949529.1534284313 6.691150105388453e-06 24.25750489514374 24.1736389295327 23.70665658428512 99.74687056959698 161.04494960939022 400.0 -0.0004347421656401934 0.5480815581605162 0.550848310858618 0.00042635580411019646 4.977035797571422 2.458174997343817e-08 0.02001385817092717 0.010114981405415658 0.009892638779318553 5.714909393509726e-06 0.010274221655801698 0.009739636515125476 0.013861080515653278 0.01385108082225315
162.24 22.576660455328717 -9.896362999213627 34.15009573619472 -949313.359226966 6.759785482598103e-06 24.429594492669214 24.339242844246613 23.847396139503324 99.59996857184574 161.0059068258637 400.0 -0.00048588859875595787 0.5795405509811279 0.5821983531658915 0.00047045473869753915 5.119121318691301 2.4569111553533254e-08 0.021163773905498794 0.010700368506876603 0.010457166980166655 6.040512890409677e-06 0.010876175077457414 0.010287598828041375 0.014657036184570342 0.014647036491502454
171.22 22.580793684481407 -9.899570931982407 35.47016615966932 -949090.1873679619 6.824311161245212e-06 24.58641544881325 24.489364003050188 23.972042507429272 99.44827645931413 160.96614655529848 400.0 -0.0005414180213557462 0.611869004007099 0.6143729413839795 0.0005170074399311848 5.251526433758352 2.455553126509032e-08 0.02234571925687531 0.011302226489903363 0.011037253897979575 6.374695442589839e-06 0.01149552565318187 0.010850193603693443 0.015475276304873874 0.015465276612154782
180.43 22.585070910682358 -9.902985945779818 36.76183482530784 -948859.9501007278 6.885005492939389e-06 24.730079313237404 24.626124247536993 24.082745277107414 99.29181642801531 160.92565880433318 400.0 -0.000601506610084855 0.6450295874995075 0.6473340361299903 0.0005659406817211261 5.374296852025775 2.454117719540579e-08 0.023558337756617777 0.011919848022047028 0.011632250397391766 6.717059449588664e-06 0.012131539116554523 0.011426798640063254 0.016314875812883843 0.016304876120530703
189.9 22.589507251279855 -9.906623302788317 38.0300023064116 -948621.9421192746 6.942763375863134e-06 24.86295524134562 24.75186004105402 24.181768055185145 99.13007491534962 160.88422627267147 400.0 -0.0006666050471228045 0.6791292044750622 0.6811871861604757 0.0006173914091755275 5.488023548233531 2.4526143220343895e-08 0.024805546676757224 0.012555211716343226 0.01224409513515352 7.068698574509301e-06 0.012786246192204318 0.012019300484552905 0.01717856013164648 0.017168560439672576
199.6 22.594092634707817 -9.91047548136421 39.27137813159094 -948376.9512114773 6.998238936101128e-06 24.986245141779563 24.867776894410266 24.270421267357193 98.96362097649123 160.84188505530102 400.0 -0.0007367688142876008 0.7140588910740321 0.715823874422373 0.0006711698630153538 5.592564111206881 2.4510609570374167e-08 0.026083367461197108 0.013206273890018593 0.012870853238387972 7.428482791019884e-06 0.013457532529716034 0.012625834931481074 0.018063586111574766 0.01805358641999495
209.54 22.598825158514348 -9.914550030204143 40.48815229843529 -948124.7650519888 7.051405273754535e-06 25.101469677755215 24.975397412828194 24.350190858339978 98.79204817244022 160.7986014753946 400.0 -0.0008123274957008243 0.7498534886556276 0.7512788194152361 0.0007272972967475781 5.688291662193711 2.4494686020553613e-08 0.02739307969375113 0.013873668930657798 0.01351316990326597 7.796769699689098e-06 0.01414604108062257 0.013247038613128568 0.018970850601493897 0.018960850910333876
219.73 22.603712614500562 -9.918854840749221 41.682302973092156 -947865.1511274809 7.102926982289516e-06 25.209927560127955 25.07599657000314 24.422340028329273 98.61519427447763 160.7542667305396 400.0 -0.0008936322094278623 0.7865482410795022 0.7875875317986817 0.0007857955459246612 5.775544716514015 2.447848091344782e-08 0.028735976659977146 0.014558038289207549 0.01417169696296018 8.173925009749727e-06 0.01485242218634994 0.013883554473627201 0.019901259407474996 0.01989125971674389
230.16 22.608756325176927 -9.92338936634313 42.853414861953205 -947598.3768030662 7.153426931675272e-06 25.312534820670678 25.170475270887373 24.487819731928973 98.4333372023567 160.70883910689415 400.0 -0.0009808852177300516 0.8241066390709133 0.8247150887417045 0.0008465692291811485 5.854484915990122 2.4462133984659847e-08 0.030110723621891395 0.015258683895141662 0.014845797749232373 8.559582681099463e-06 0.015575942655183916 0.014534780966707475 0.020853896667012768 0.020843896976719855
240.83 22.613952764585015 -9.928157082294181 44.002297439602074 -947324.4601323049 7.202874055649248e-06 25.41015840190609 25.259702827328265 24.547495724163838 98.24629086115006 160.66232518809213 400.0 -0.0010743691670450897 0.8625280202728529 0.8626626777422532 0.0009095757008281548 5.925366038200141 2.4445766853300195e-08 0.03151729498527243 0.015975574369181518 0.015535478047246275 8.953751639207708e-06 0.01631655579995456 0.01520073918531787 0.02182875255016454 0.02181875286021148
251.74 22.61930155151358 -9.933161364817181 45.12974418442046 -947043.4114849523 7.2514825461435475e-06 25.503554425647515 25.344427557272592 24.602121971688454 98.05394556509187 160.61470866655335 400.0 -0.001174373399554085 0.9018120056249803 0.9014324539590612 0.0009747694355855452 5.9884354707152 2.4429501597019418e-08 0.03295567231100085 0.01670868165330511 0.016240747475589918 9.356450762262951e-06 0.01707421711608447 0.015881455194916384 0.022825821227553722 0.02281582153805841
262.89 22.6248104424142 -9.938405466408552 46.23653568449413 -946755.229303556 7.299829213404568e-06 25.593395979560928 25.425296143403383 24.65236812679191 97.85645161103507 160.56590479925927 400.0 -0.0012811943158516767 0.941958763588396 0.9410278527690196 0.0010421024904714758 6.04393526535074 2.4413461224907305e-08 0.034425853383708044 0.017457985716585224 0.01696162384837758 9.767712154081806e-06 0.01784888933050916 0.016576964053198882 0.023845106993595128 0.023835107304569454
274.29 22.63047888270301 -9.94389753728446 47.32434773865167 -946459.6611109065 7.347764202298268e-06 25.68030929034922 25.502933366786305 24.69882117696071 97.65334352586619 160.51590723541665 400.0 -0.001395236514574513 0.9830041678711011 0.9814881133885107 0.001111584901166792 6.092121970321513 2.4397751813030535e-08 0.03592914049384104 0.01822413073715318 0.017698765277833383 1.0187939645885409e-05 0.018641221070666042 0.017287919423174994 0.0248875181334838 0.02487751844494516
285.93 22.636298644484558 -9.949636124349528 48.392890964746776 -946156.9666174639 7.395183117325848e-06 25.764696501823117 25.577751437551186 24.74191403024574 97.44455745967251 160.46478022410005 400.0 -0.0015167157192156884 1.0249123911226605 1.0227824715773741 0.0011831024579215677 6.133144877067243 2.4382505853688676e-08 0.037464205946814357 0.019006419980301892 0.01845154080484324 1.0616809883302911e-05 0.01945047325961355 0.018013732687200808 0.02595213834469123 0.025942138656651136
297.81 22.64228687932675 -9.955624237778972 49.44288655972906 -945847.124997673 7.4430544189369705e-06 25.847036900962383 25.65017662024482 24.782119240528804 97.2305482137602 160.4123640049489 400.0 -0.001645949473980843 1.0676848463012778 1.0649176604335844 0.0012565997199232503 6.16720409541265 2.4367840614203306e-08 0.03903108075097524 0.019804849150461365 0.01921998573064614 1.1054388963990714e-05 0.020276621748926 0.018754459002049247 0.027038991556840686 0.027028991869311216
309.93 22.648435417642666 -9.961864994530396 50.47499799214526 -945530.1364041617 7.490999534910513e-06 25.92768645737477 25.720579192015887 24.819786469793303 97.01090592686396 160.3587284185951 400.0 -0.001783260586923189 1.1113220922852236 1.107899987581468 0.0013320169293328087 6.194456901924815 2.4353863945919038e-08 0.04062976167246521 0.020619395359277627 0.020004119710693106 1.1500738361421515e-05 0.021119621790517122 0.019510139881948094 0.028148077467015992 0.028138077779946362
322.29 22.654747928200248 -9.968361389563979 51.48987633628686 -945205.9871198434 7.539235955807597e-06 26.006988029361477 25.789284755274178 24.855250868515263 96.78561469899833 160.3038356887771 400.0 -0.001928979519657936 1.155825540352657 1.1517371608462157 0.0014092922070043396 6.215046291561924 2.4340678551566533e-08 0.042260272334775396 0.021450048979870545 0.020803975994655874 1.195593401013139e-05 0.021979441308355264 0.020280831026420136 0.029279412780430007 0.029269413093805624
334.89 22.661225848537114 -9.975116386478822 52.488143710639974 -944874.6630378073 7.5878590957655596e-06 26.085239492296786 25.856579415900832 24.888802025817238 96.55457102883437 160.24767349472995 400.0 -0.0020834435577347767 1.2011968143013476 1.1964374664795494 0.0014883604718341549 6.229088037527001 2.4328377990146806e-08 0.043922640681115746 0.02229680174793905 0.0216195907896901 1.242005770416852e-05 0.022856048367167064 0.021066592313948685 0.03043301588924949 0.030423016203411483
347.74 22.66787704868993 -9.982138415714925 53.47115006713473 -944535.8825837197 7.637046848341804e-06 26.162768379517683 25.922766215377017 24.920723038797025 96.31753035066949 160.19017366699356 400.0 -0.0022471269459581737 1.2474739440799583 1.242045340720656 0.001569216505771666 6.236676299065252 2.431703704256837e-08 0.04561822537344199 0.02316032218920052 0.022451654230895186 1.289356639466945e-05 0.023750110489545895 0.02186811488389609 0.03160982731604247 0.03159982763068421
360.82 22.674693129654255 -9.989419426942902 54.437938931627386 -944190.1539692563 7.686795012920719e-06 26.239689833046338 25.98796541144171 24.951190716342932 96.07476260880398 160.1314101152074 400.0 -0.002420126544226123 1.2945872029705212 1.2884991167034099 0.0016516626462103501 6.2378632821342865 2.430674395267013e-08 0.047344434315274415 0.02403926582033491 0.02329891870599391 1.3375815303568295e-05 0.024660209506130765 0.022684224809143658 0.03280804400521088 0.032798044320427
374.15 22.681686804327384 -9.996973391220777 55.39054042427855 -943836.9271469956 7.737276387519127e-06 26.31633462604673 26.052474852784975 24.980455215751046 95.82579978069862 160.0712755365543 400.0 -0.002603065849550191 1.3426112660832004 1.335879410295677 0.001735749328995829 6.232689636502768 2.4297539329372774e-08 0.04910396428915059 0.024934980246567547 0.024162733390617704 1.386763662784367e-05 0.025587713105250653 0.02351625118389993 0.034029532237713905 0.034019532553237114
387.72 22.688859388597425 -10.004797576155262 56.32873752521434 -943476.4388154354 7.78868637865995e-06 26.39284604570147 26.116420344651182 25.0086854126959 95.5709067807386 160.009760626802 400.0 -0.002796181963863762 1.391513329857377 1.3841606330055678 0.0018213344906829567 6.221170504140642 2.4289472315107183e-08 0.050895572768001066 0.025846806122655226 0.02504251510260462 1.4368759879449479e-05 0.026531909420970574 0.024363663347030492 0.035273422146789524 0.03526342246316272
401.54 22.69620859314956 -10.012900712325939 57.25368381785212 -943108.4065131325 7.8407706151547e-06 26.469422977567806 26.18000292490611 25.036035839215877 95.30936593277778 159.9468931040594 400.0 -0.0029999975702057163 1.4413320368927134 1.4333871383519299 0.0019083954496155982 6.203272623852788 2.4282559485454588e-08 0.05272063527436454 0.026775414563922365 0.025938968249520855 1.4879640297480981e-05 0.0274934618698623 0.025227173404502232 0.036540660385184 0.03653066070210076
415.59 22.70373649688201 -10.021273765718286 58.16454036268977 -942733.3262214417 7.893902560438121e-06 26.546139487448723 26.243270799306377 25.062642128245283 95.04187934600799 159.8826561749945 400.0 -0.003214600407245741 1.491999448900492 1.4834973592034435 0.001996719081371059 6.179003800098602 2.4276815222834295e-08 0.054576622743685625 0.027719489543232043 0.026850879793480296 1.5399633895470304e-05 0.028470975194577117 0.026105647549108518 0.0378294799369036 0.03781948025438621
429.89 22.71145437915476 -10.029931376630858 59.063069243472064 -942350.6371779611 7.948132947108103e-06 26.623239175083768 26.306437803331647 25.08866847504493 94.76786725282693 159.81696020567597 400.0 -0.0034406849035990682 1.5435912981673363 1.5345707000388396 0.0020863371197840223 6.148282635689776 2.4272213362890136e-08 0.05646627170993657 0.028680391581998692 0.02777962574561085 1.592955944747559e-05 0.029465823093980145 0.027000448615956428 0.03914176909777328 0.03913176941584261
444.42 22.7193490685112 -10.03886414455685 59.94845444190106 -941960.8489720577 8.003289914791273e-06 26.700727589770132 26.369524990367715 25.114185105821623 94.48736699445996 159.74992603194713 400.0 -0.0036783308387113257 1.5960389732387066 1.5865424839485118 0.0021770243959967663 6.111088707995333 2.4268720343063478e-08 0.05838703501459509 0.029656792037801007 0.028723987591511384 1.6468740607471118e-05 0.0304765927460448 0.027910442268550294 0.04047574571840479 0.04046574603689369
459.2 22.727442447780724 -10.04808699341297 60.82235469792913 -941563.3854528137 8.059773819095268e-06 26.778850873790702 26.43271741751074 25.13936016319423 94.20024066020821 159.6813712576979 400.0 -0.003928271291913525 1.64941932708203 1.639490710596473 0.0022688031756300845 6.06731206628075 2.426627046328203e-08 0.060341696942412745 0.03065007186112031 0.02968536866257512 1.7017981432054363e-05 0.031504675087441314 0.028837021854971445 0.041833328313623484 0.04182332863250674
474.22 22.735727735910025 -10.057596477854345 61.68455853477944 -941158.4851463557 8.117468527973326e-06 26.857648460757513 26.49605683052329 25.1642649940901 93.90635949693302 159.61136338269117 400.0 -0.004190757464303299 1.7037001112337007 1.6933834666674104 0.0023615002413215533 6.016900163650385 2.4264781328021694e-08 0.0623290526764998 0.031659581384239854 0.03066321381054577 1.7576945626831345e-05 0.032549356021998925 0.02977969665450086 0.04321366445596783 0.043203664775859255
489.48 22.74420878240914 -10.067395212633507 62.53546254716749 -940746.1124666544 8.176456058500744e-06 26.937218062626815 26.55961861405045 25.18899501266552 93.60562354654428 159.5398779433549 400.0 -0.004466210144591743 1.758885569069086 1.7482230499613012 0.002455000377136224 5.95978200952109 2.426414578131269e-08 0.06434924092534822 0.03268535239799599 0.031657629952607444 1.8145652036657353e-05 0.033610625060117326 0.030738615865230898 0.044616833648028036 0.04460683396892782
504.99 22.752894383511165 -10.077492350538684 63.37598042384278 -940325.9600242481 8.236830242583662e-06 27.017697723281557 26.623509184084103 25.213652217100172 93.29769655989017 159.46685005231953 400.0 -0.004755247344175407 1.815016055690313 1.804045506181383 0.002549243066532164 5.895847233367583 2.4264234869423492e-08 0.06640373074252602 0.033728089751814225 0.03266938129181353 1.8724469625409262e-05 0.034689165559639766 0.03171456518288624 0.04604383883103459 0.04603383915249053
520.73 22.761781420065777 -10.087877438478772 64.20539878442834 -939898.527728464 8.298693069699497e-06 27.09907576742304 26.687702928078224 25.23829888527913 92.98308486854248 159.39231302621332 400.0 -0.0050579343513178 1.8720236670338646 1.8607768821439146 0.002643981542335673 5.8251251115069635 2.426489881340734e-08 0.06849003845675683 0.03478649073796171 0.03369728686506372 1.9312627180775567e-05 0.035783582748189054 0.032706455708567776 0.04749293686063219 0.04748293718268165
536.72 22.770876860409583 -10.098566257904771 65.02511221010873 -939463.2411043579 8.361980194661272e-06 27.181504219160146 26.752328270635857 25.263020752817862 92.6608246708573 159.31622308056356 400.0 -0.005375099306257855 1.9299840668201673 1.9184834663422845 0.002739201941151884 5.747473080964731 2.4265967908786966e-08 0.07061094677132262 0.035861922035304174 0.034742762696008664 1.9910807820722754e-05 0.0368952393243646 0.03371570744695804 0.048966043140883125 0.04895604346355691
552.95 22.780185538692717 -10.10955478367939 65.83493192896978 -939020.325278517 8.426879861106176e-06 27.26501462204297 26.817384554245297 25.287892629314772 92.331334984191 159.2385468093186 400.0 -0.005707008042141587 1.9888653303687884 1.9771219927281944 0.002834708478955355 5.662914399852249 2.4267255440621255e-08 0.0727653124095247 0.0369537579214886 0.03580529122974951 2.0518559500841554e-05 0.03802343696713346 0.03474187544239126 0.05046234572007516 0.05045234604339854
569.42 22.78970974160875 -10.12084555512398 66.63517934783835 -938569.740897117 8.493409423481422e-06 27.34966000605333 26.88290355584011 25.312978515968265 91.99437775584421 159.15927747511316 400.0 -0.006054122108694246 2.048670711376987 2.036681490085066 0.0029303586428019073 5.571441775510706 2.4268558976795396e-08 0.07495329332307984 0.038062030641036006 0.036884998173334925 2.113576554006306e-05 0.03916815537970098 0.03578513794337884 0.05198193761578962 0.05197193793978437
586.14 22.799459448317116 -10.132448075748298 67.42663232203773 -938111.1715079903 8.561665569058964e-06 27.435543030963267 26.948949399460364 25.338358704043525 91.64960109802006 159.07834412494003 400.0 -0.006417132041845254 2.1094396107490625 2.09718432691974 0.0030260627583081866 5.473013672279688 2.4269664408706672e-08 0.07717638377008801 0.03918744742373303 0.03798267055393757 2.176265537803882e-05 0.0403300696209713 0.036846314149116696 0.053525840884238604 0.05351584120892271
603.09 22.809430166588836 -10.14435097371556 68.20864641735012 -937645.1202729517 8.631691125722689e-06 27.522616014634966 27.015461431440883 25.364074438789512 91.29743940431344 158.99579468956796 400.0 -0.00679608312146509 2.1711022485594795 2.158541575845452 0.0031215569234722875 5.367797183569052 2.4270346403237187e-08 0.07943209844885982 0.040328700116548974 0.03909713122368885 2.2398306116709693e-05 0.041507772757584105 0.03792432569127571 0.05509231519974036 0.055082315525128066
620.29 22.81963212254197 -10.156570804106636 68.98242407574604 -937170.9994045798 8.703507988991813e-06 27.611005875234166 27.08252912920967 25.390200769364387 90.93695069192424 158.91156162211308 400.0 -0.007191907722889436 2.2337329099902234 2.2208051058697795 0.0032167976681480703 5.255737827079766 2.427037435353801e-08 0.08172323787010734 0.04148715369589829 0.040229815715783705 2.304325433737856e-05 0.042702614683694705 0.0390206231864126 0.05668329350762976 0.05667329383373433
637.72 22.830064028867188 -10.1690958423939 69.74734856274688 -936689.3105880519 8.777212013543876e-06 27.700663209114918 27.150081005141534 25.4167828303291 90.56875827130955 158.82566515309094 400.0 -0.007604642638392223 2.297260983476175 2.2838803787858164 0.0033115198442176855 5.13707918568368 2.426951484536415e-08 0.08404731647368756 0.042661500081242906 0.0413795465510548 2.3696521031623606e-05 0.043913188051564925 0.04013412842212263 0.058297039618540304 0.058287039945371336
655.4 22.840743780532456 -10.18194294623332 70.50456421325431 -936199.4554088464 8.852970054574195e-06 27.791727241069616 27.21819508703375 25.443912914467752 90.19234723993318 158.73797148707288 400.0 -0.008035265560435791 2.3617605316873584 2.3478143266018625 0.0034056739703718043 5.011825820356172 2.4267532867328673e-08 0.08640715673825593 0.04385311322113862 0.04254777225754518 2.4358593397952594e-05 0.04514084975668848 0.04126630698156745 0.059935506191726565 0.059925506519293376
673.32 22.851662867192324 -10.195107455344674 71.25387203913685 -935701.6717066274 8.930668916613119e-06 27.8841539137246 27.286826937787648 25.471612249179614 89.80725354429157 158.64857121475652 400.0 -0.008484052235235767 2.427194695507383 2.4125416645449866 0.0034990419033226203 4.880208837017037 2.4264197068882686e-08 0.0888015386101315 0.04506132296481723 0.04373394293381747 2.5028797279146296e-05 0.046384847655054 0.04241669095507749 0.061597842606467335 0.06158784293477766
691.49 22.86283863106626 -10.208599302418971 71.99592858068857 -935195.6295196345 9.010540356732844e-06 27.97804019312367 27.356006104549696 25.499971684897773 89.41348994369052 158.5573336662604 400.0 -0.008951785756658164 2.4936004559495535 2.478068508225898 0.0035915158200024323 4.742363024550535 2.4259280031860326e-08 0.09123195759213124 0.046286831659773306 0.04493885173328681 2.570719906261731e-05 0.04764584490998994 0.0435861126821413 0.06328508635420071 0.0632750866832622
709.89 22.874266665391815 -10.22240610677737 72.73015624216751 -934681.8376631786 9.092593808281692e-06 28.073312675517467 27.42564356642273 25.529022377495615 89.0114658113353 158.46430917557984 400.0 -0.0094384806373842 2.560904120154456 2.544290298021853 0.0036828349183496024 4.598680868578743 2.4252571662115998e-08 0.09369587216490158 0.04752830642297862 0.0461612900206625 2.6392720304630755e-05 0.048922410523690514 0.04477346164121104 0.06499547651975304 0.06498547684957136
728.54 22.885957984640594 -10.236545341406568 73.45757129111468 -934159.6980386229 9.176889825999408e-06 28.170078250102684 27.495797314654343 25.55883472137384 88.60004359661794 158.36943066846396 400.0 -0.00994519931298879 2.6291764131649744 2.611243528728844 0.003772936054255203 4.4492684851456 2.42438603888642e-08 0.09619604019075026 0.048787085117426784 0.04740267779425969 2.7085743699753262e-05 0.050215859606857434 0.04598018058389282 0.06673093591606002 0.06672093624664083
747.43 22.897919817510942 -10.25101200549129 74.17799888947054 -933629.4362059775 9.263577345918445e-06 28.268328800667284 27.56641050877102 25.589471848003747 88.17980392363243 158.27265116099178 400.0 -0.01047222852632936 2.6983794137780466 2.6788569526635344 0.003861615665880106 4.294511295476887 2.4232960154814432e-08 0.09873125286688 0.05006250992537524 0.048662464068617406 2.7785537743048216e-05 0.05152545825073912 0.04720579461614087 0.06849063742294964 0.0684806377542975
766.56 22.910153992045252 -10.26580856001502 74.8916441004722 -933091.0096917303 9.352679330027379e-06 28.36807386018197 27.63746010014651 25.620981191192605 87.75021418822236 158.17397785041243 400.0 -0.011020118629093528 2.768509638798777 2.747092668989367 0.003948717742521325 4.134733403247447 2.4219697584108558e-08 0.10130157243728384 0.051354563722912826 0.04994072821196567 2.8491716904881998e-05 0.052851130818309895 0.048450441618973925 0.0702746419317184 0.07026464226383713
785.93 22.922669786616453 -10.280937469413592 75.59871352574434 -932544.3693200346 9.444322630222996e-06 28.469343647336444 27.708921887493336 25.65343080088059 87.31129501260452 158.07335247413096 400.0 -0.01158943105378822 2.8395638395562686 2.8159128464558596 0.004034093926100403 3.9702932114870055 2.420391789449115e-08 0.10390707771888366 0.05266324075648677 0.05123755479418923 2.920389730909608e-05 0.05419281622342871 0.049714261495454916 0.07208302648008821 0.0720730268129807
805.54 22.935473738170572 -10.296401198153301 76.29940231382109 -931989.4687047118 9.538599093186165e-06 28.572161015221372 27.78076962211087 25.686882242575678 86.86281380016352 157.97074242113456 400.0 -0.01218073352651497 2.9115377467329795 2.885278772645694 0.004117599232362457 3.8015700266842156 2.4185485918189962e-08 0.10654781698887728 0.053988521826302295 0.05255301129209688 2.9921686667585375e-05 0.05555044095220325 0.05099737603667401 0.07391585242066126 0.07390585275432944
825.39 22.948570783160164 -10.312202209325713 76.99389598434915 -931426.2632488672 9.635589712799094e-06 28.67654578878606 27.852975605324318 25.721394456539954 86.40438005606592 157.86613056056103 400.0 -0.012794600238787602 2.984426209986231 2.955151332246107 0.004199093316589058 3.628962712267895 2.4164287378517345e-08 0.10922381123736112 0.05533037639823385 0.05388714922998017 3.0644689144619334e-05 0.05692392169712522 0.05229988954023589 0.07577316776218829 0.0757631680966327
845.49 22.96197863356706 -10.328351049741531 77.6827201472136 -930854.4182289947 9.73549033857085e-06 28.78258843101716 27.92554819863556 25.757061104889583 85.93584540493146 157.7593935648254 400.0 -0.013431937148204386 3.058261035399105 3.025527326127572 0.00427848463183678 3.452807750527395 2.4140217134592205e-08 0.1119364425446051 0.05668945958361213 0.05524069557523952 3.137288114264429e-05 0.05831387990834637 0.053622562636258725 0.0776559704191642 0.07764597075438548
865.83 22.975692999654434 -10.344842257942545 78.36568999966134 -930274.1756141905 9.83832178514479e-06 28.89025330961463 27.998421665527314 25.79392070030407 85.4567104021104 157.650593149557 400.0 -0.01409302621902701 3.132998761336416 3.096332609310561 0.004355603015078856 3.2736228254810555 2.4113214841150228e-08 0.11468433056035304 0.05806504362644627 0.05661299773499047 3.210550526527476e-05 0.05971952296851825 0.05496480759183481 0.07956334726640604 0.07955334760241112
886.41 22.989725410041178 -10.36167831839714 79.04298005048844 -929685.4859245977 9.944247093822522e-06 28.99958563944379 28.071568175957566 25.83205518305579 84.9670405786541 157.53965734195097 400.0 -0.014778467401555462 3.2086334119957862 3.1675304563879974 0.004430333974835846 3.091862717724887 2.4083232496650502e-08 0.11746746968556919 0.05945709561389044 0.058004083022432686 3.284219171432292e-05 0.06114077497057358 0.056326694714995615 0.08149534434732475 0.08148534468409396
907.23 23.004087779142342 -10.37886172690184 79.71475915556536 -929088.2997989773 1.0053422224718386e-05 29.110634089954576 28.144960424387076 25.87154871405439 84.46693049611311 157.42651222720488 400.0 -0.0154888683588684 3.285158631625379 3.2390853759001814 0.00450257251446074 2.907993154784492 2.405024418704687e-08 0.12028583793519074 0.06086557842213364 0.05941396657571742 3.358258359449972e-05 0.06257755929513398 0.05770827864005675 0.08345200190541188 0.08344200224295734
928.29 23.018789869093794 -10.396394983438748 80.38118742349872 -928482.5703544299 1.016598413670103e-05 29.223445477300462 28.21857159760856 25.91248245267166 83.95626890046692 157.31110462138642 400.0 -0.01622484259399384 3.3625673487833443 3.310963024628802 0.004572222070687546 2.7224850416058395 2.401424576482787e-08 0.1231393828478207 0.06229044341937625 0.06084264456497906 3.4326335852874215e-05 0.0640297907504564 0.05910959209736427 0.08543334468869597 0.08542334502698008
949.6 23.03383924913708 -10.414288995637245 81.04271436416255 -927867.9709775122 1.0282103977715021e-05 29.338104829915363 28.292409085480756 25.954941686215353 83.43358570233762 157.19341020607834 400.0 -0.016987365606392277 3.4408874185711835 3.3831631437000103 0.0046392202423497985 2.5357156108710903 2.3975235757409976e-08 0.12602933576769162 0.06373228454151629 0.06229075439855941 3.507345588423257e-05 0.06549803941603562 0.060531296351655994 0.08744029511855914 0.08743029545759368
971.15 23.049244810899143 -10.432538007218447 81.69917835947929 -927244.7374171866 1.040193052435074e-05 29.45463317664407 28.36641438770511 25.999011537533768 82.89949702940856 157.07337957758 400.0 -0.017776723771288 3.520075242054603 3.455621639110299 0.004703461990949999 2.3482587423314536 2.3933267874765976e-08 0.12895428446686646 0.0651903839633849 0.06375760167368363 3.58232904442621e-05 0.06698154733776425 0.061972737129102166 0.08947194404646992 0.08946194438627059
992.93 23.065007709353658 -10.451135963483921 82.35042606159008 -926613.1159186878 1.0525579228746401e-05 29.573038276140654 28.440530793077297 26.044761752140957 82.35375814116121 156.95103274768624 400.0 -0.01859317112725578 3.6000858716316304 3.5282765239996996 0.004764855122231096 2.160676610478454 2.3888419963942307e-08 0.13191275249491335 0.06666399721940731 0.06524245440648846 3.657520749964023e-05 0.0684795341308798 0.06343321836403355 0.09152734244845302 0.09151734278899724
1014.97 23.081163733153957 -10.470111141933975 82.99749185981909 -925972.1865498514 1.0653423771937239e-05 29.69356663104411 28.51483982948656 26.09236474695935 81.79569251359814 156.82611698280357 400.0 -0.019438489764677165 3.681022006031908 3.6012018840847615 0.0048234334264717045 1.9731929836994433 2.3840702951070185e-08 0.13490871477441935 0.06815510020503135 0.06674731162073178 3.732998280452491e-05 0.06999398981170261 0.06491472496271676 0.09360933335923272 0.09359933370049855
1037.24 23.09769910464288 -10.48944036284242 83.63962004816425 -925322.7776630264 1.0785499834329023e-05 29.81613326137104 28.589220964959107 26.141859191231163 81.22534755678662 156.69877215540643 400.0 -0.0203121887523745 3.7627649029980135 3.6742740701398766 0.004879074415028064 1.7865332552788589 2.379027151063009e-08 0.13793794202718745 0.06966158756748009 0.06827004939402304 3.808634490027945e-05 0.07152276032343444 0.06641518170375302 0.09571506397286553 0.09570506431483834
1059.75 23.11463450965568 -10.509134782442636 84.27724296113168 -924664.5515497625 1.0922091624598555e-05 29.94089123639363 28.663692234259692 26.193385474395814 80.64233082804677 156.5688671262351 400.0 -0.021215305302262767 3.8453435880464513 3.747505761997813 0.004931782531679056 1.601080034444334 2.373721051167824e-08 0.14100165843835333 0.07118407558800297 0.06981127562892969 3.884443253440638e-05 0.0730664636504659 0.06793519478788741 0.09784547431283139 0.09783547465549343
1082.51 23.131989217620752 -10.529205843891171 84.9107661336438 -923997.1693603538 1.1063515006198005e-05 30.068002904310234 28.738272497175412 26.247091939642953 80.04588884347893 156.43628686710082 400.0 -0.022148917599596724 3.928786737481824 3.820910964667281 0.004981567990986345 1.4172105541952482 2.3681614808239562e-08 0.14410106741000844 0.07272317291013158 0.07137158508294322 3.9604397387958296e-05 0.07462571215910173 0.0694753552509067 0.1000014948945801 0.09999149523791256
1105.5 23.14976417080984 -10.54963854484927 85.53976505196894 -923321.1684807837 1.1209899062802072e-05 30.197480877926065 28.81288566387651 26.303070310497333 79.4366081496852 156.30105288556047 400.0 -0.023112880433222488 4.013013961379357 3.8944105674287317 0.005028394229057414 1.2355392445982467 2.3623664485794726e-08 0.14723330531213033 0.07427747529012131 0.07294951837113149 4.036542614491363e-05 0.07619908612749238 0.07103421918463795 0.10218122974409534 0.10217123008807125
1128.74 23.167984558584823 -10.570453276992662 86.16490690855206 -922635.9180656205 1.1361683531088548e-05 30.32956514121406 28.887587587066605 26.3615094333714 78.81294228219362 156.16301223238858 400.0 -0.024108708502419716 4.098090482590105 3.9680557078426633 0.005072317550102498 1.0563405399401629 2.3563451462991986e-08 0.15040090491340308 0.07584826084098188 0.07454633014747314 4.112805291518747e-05 0.07778788514330434 0.07261301977009874 0.104386540702012 0.10437654104660452
1152.22 23.186660475939778 -10.59164387432345 86.78604348842134 -921941.6618826329 1.1519104323669477e-05 30.4643524217272 28.96234045432214 26.422546851066496 78.17519011991621 156.02211940053039 400.0 -0.02513667884265546 4.183973263028458 4.0418055706607054 0.005113354437629198 0.8801242808615617 2.3501150829175185e-08 0.15360235744629347 0.07743480943572693 0.07616123177175563 4.189185866774916e-05 0.07939139423501798 0.0742109632112755 0.10661647891624601 0.10660647926142855
1175.94 23.205811100720382 -10.61321306252749 87.4033013271182 -921238.3490356759 1.1682450794495299e-05 30.602007781503026 29.037141877494804 26.48635327161258 77.5235905809173 155.87826067885908 400.0 -0.02619749289054394 4.27065649944884 4.115654509890451 0.005151559082982717 0.7073079694965763 2.3436919719285824e-08 0.15683752168463289 0.07903708560642388 0.07779411748502803 4.265678733396828e-05 0.081009598014646 0.07582792366998685 0.10887104864858638 0.10886104899432009
1199.91 23.225455250041538 -10.635172728452472 88.01704614912617 -920525.6390135054 1.1852234202955512e-05 30.74276847894807 29.112021708625687 26.553139475991877 76.85635040070223 155.73133970559405 400.0 -0.0272923117691702 4.358169620353343 4.189629002956192 0.005187006143580872 0.538212155148196 2.337089414637846e-08 0.16010755733142043 0.08065570034665903 0.07944553599606022 4.342311439435926e-05 0.0826431353011012 0.07746442203031925 0.11115116342469478 0.11114116377095687
1224.11 23.245598270079807 -10.657507350001282 88.62689026146242 -919804.073598256 1.2028659488454155e-05 30.886719513443992 29.186920576239547 26.62305190717766 76.17430594948797 155.58134857622912 400.0 -0.028420942512494447 4.4464350362714296 4.263667606266331 0.005219753235519995 0.37336695440114076 2.3303295706801685e-08 0.16340960739839216 0.08228928532709939 0.0811139986470703 4.419020333431638e-05 0.08429065805558636 0.07911894934280583 0.11345493562112463 0.11344493596785202
1248.56 23.266272647706153 -10.680003877872654 89.24360190991489 -919037.7295987876 1.2212361176046003e-05 31.03420368402165 29.261905981333932 26.69637019171521 75.47580476818162 155.42396961078026 400.0 -0.029585040071309396 4.535520461084978 4.337833492306444 0.005249923963385111 0.2129996682419646 2.3234238534855832e-08 0.16674623117308005 0.08393915592699919 0.0828007493442407 4.495870741945566e-05 0.08595352905787723 0.08079270211520281 0.11578425603190032 0.11577425637897501
1273.25 23.287495923487153 -10.702801161216932 89.86085897991593 -918247.9859581596 1.2403597206212776e-05 31.185397300896586 29.336954085842997 26.773295180144903 74.76200083962993 155.2646809653936 400.0 -0.03078488667473575 4.625386621968062 4.412102120751681 0.005277627503761545 0.05753982378355049 2.3163920355262435e-08 0.17011596994061173 0.08560464807217545 0.08450499344677422 4.5728369987915095e-05 0.08763112505024305 0.08248484489036864 0.11813821143718467 0.11812821178467642
1298.18 23.30927808656778 -10.725985221858085 90.47517702394595 -917447.181136243 1.2603230477008485e-05 31.34059576333984 29.41207273518346 26.854116246273772 74.02934782526671 155.10548179037917 400.0 -0.03202121456943814 4.716028158978786 4.486479517066069 0.005302984671327235 -0.09269425926891395 2.3092513401820996e-08 0.17351861710742023 0.08728571713565696 0.08622656898884 4.649924985714657e-05 0.08932344617280963 0.08419517093461057 0.12051676219975241 0.12050676254753309
1323.35 23.33165312719559 -10.749558739888457 91.08671083158715 -916635.1463826057 1.2811500973731328e-05 31.500074483922358 29.487276469423506 26.939096451816226 73.28017922687557 154.94645475899844 400.0 -0.03329479769232782 4.8074450930170025 4.560978032106127 0.005326160162725179 -0.23736747101062483 2.302018533505106e-08 0.1769541521010804 0.08898242378164992 0.08796539473200664 4.727147027340907e-05 0.09103061636207341 0.08592353573900696 0.12291999550794987 0.1229099958559656
1348.77 23.354652800136453 -10.773533990672156 91.69582789621063 -915811.42340454 1.3029147792856815e-05 31.664228188961992 29.56260951343488 27.028588572781633 72.51321713225727 154.78774945527698 400.0 -0.034606926835101776 4.899672107222287 4.6356396161803595 0.005347329629789052 -0.37623382563741037 2.2947074467749355e-08 0.180423844876595 0.09069546689459718 0.08972204174539192 4.804546026903703e-05 0.09275340191553788 0.08767044296105711 0.12534890153078163 0.1253389018789503
1374.42 23.37828278225584 -10.797894969833802 92.3021790401875 -914976.5214448774 1.3256801625939866e-05 31.833305682300775 29.63802944561927 27.1228851926711 71.72757951801215 154.62971971219392 400.0 -0.03595735136386061 4.992635953524689 4.71042048962968 0.005366661462474827 -0.5089027450151272 2.2873402134122315e-08 0.18392488999242473 0.09242353870556533 0.0914950123580848 4.88207591342221e-05 0.09449055795077982 0.08943433204164489 0.12780161480717536 0.12779161515541182
1400.32 23.402590920164755 -10.82266356461288 92.90637716800754 -914129.6303787924 1.3495345274571446e-05 32.007838347539774 29.7136147247193 27.22244150679751 70.92234746699464 154.47245231956765 400.0 -0.0373479258775692 5.0864103173065125 4.785396840742261 0.005384379291247339 -0.6352072580071496 2.279926993320894e-08 0.1874599992301078 0.09416806208249581 0.09328559548073387 4.959814894683379e-05 0.0962435945241436 0.0912164047059642 0.13028013047339698 0.13027013082160516
1426.46 23.427600253040602 -10.847833262551331 93.50832855851775 -913270.9047640652 1.3745362296115573e-05 32.188185841415326 29.78935766739418 27.327626258396034 70.09805107782715 154.3162290377363 400.0 -0.03877894764193411 5.180961483620971 4.8605595830192865 0.005400704081931922 -0.7548390908893432 2.2724860535548997e-08 0.19102782789576528 0.09592846356954825 0.09509301987538252 5.037752686388872e-05 0.09801202278306897 0.0930158051126963 0.13278359892374128 0.1327735992718156
1452.84 23.453340770483738 -10.873407099629583 94.10817149269106 -912400.1794122851 1.4008001008796776e-05 32.37487825677648 29.86528128649349 27.438948074065994 69.25254507577786 154.1613230100567 400.0 -0.04025124481449463 5.276292320865115 4.935930182710488 0.005415878204154101 -0.8675665840709541 2.2650322792229043e-08 0.19462839683856953 0.0977048476877979 0.09691720186958692 5.115910609248228e-05 0.0997960407915604 0.09483235604700913 0.13531212348656946 0.13530212383439175
1479.46 23.479849230091986 -10.899388168583615 94.70605687388232 -911517.2644479547 1.4284141859231978e-05 32.56844875587124 29.941411208605626 27.55691594475866 68.3858150560464 154.00798830245085 400.0 -0.041765670493015286 5.372407968534957 5.011532811112574 0.0054301700559457435 -0.973167186699661 2.2575798600961933e-08 0.1982618018507279 0.09949736336575957 0.09875808832599854 5.194312725002948e-05 0.1015959017736166 0.09666590007711129 0.1378658556576677 0.137855856005107
1506.33 23.507173978522395 -10.92578950801942 95.30235768524314 -910621.6289024529 1.457514586723901e-05 32.769612341240496 30.017802947666134 27.682190902655506 67.49608300285385 153.856453687135 400.0 -0.04332368046457252 5.4693507754697235 5.087421438584989 0.005443871844642098 -1.0714712305275258 2.2501395775945887e-08 0.2019295372848264 0.10130685474037329 0.10061632945823647 5.273013950783746e-05 0.10341256446002035 0.09851697282480606 0.14044592680315757 0.14043592715006784
1533.43 23.5353366396435 -10.952594736147724 95.89678943550082 -909713.726868897 1.4881593396919738e-05 32.97882265331834 30.09442869034324 27.81525530518029 66.58523352966941 153.70712946199103 400.0 -0.04492500855644313 5.567056610873435 5.16356734813805 0.0054572834556641065 -1.1622144709280873 2.2427297788171213e-08 0.20562905946244248 0.10313218002459451 0.10249052337604009 5.351983413744701e-05 0.10524500315368532 0.1003840563087571 0.14305062243967648 0.14304062278589558
1560.78 23.564402880110592 -10.979827007243074 96.48995529447002 -908792.6629894908 1.5205759927262657e-05 33.197130102379965 30.171375638030085 27.957073914354165 65.64866236318943 153.56022811958536 400.0 -0.046571752775362324 5.665607175517972 5.240056188025802 0.005470746684721837 -1.2452880818535919 2.2353570715946295e-08 0.2093633362784359 0.10497492254804691 0.10438205464139852 5.431308822763964e-05 0.10709493693162525 0.10226839934681067 0.14568210180525648 0.1456721021506041
1588.37 23.59441131301724 -11.007479947082082 97.08180655298888 -907858.5294238838 1.5548741647811175e-05 33.42525796872318 30.248647780144594 28.10836696487481 64.6873255231644 153.41614909837685 400.0 -0.0482642701595275 5.7649778440607315 5.316891003848364 0.0054846121943065585 -1.320494717104852 2.2280355180000995e-08 0.2131313031643915 0.10683468236498195 0.10629025863162947 5.510992211687558e-05 0.10896210368928556 0.10416919947510597 0.14833968000268116 0.14832968034695543
1616.2 23.625418655927675 -11.035557164894145 97.67253056166938 -906911.0542902872 1.5912756013662612e-05 33.66428992928607 30.3262797548616 28.27018455636641 63.698443584628215 153.27523335234608 400.0 -0.050003538508748904 5.865182831824153 5.394105372919659 0.005499266252762472 -1.3876789766995796 2.2207755989229507e-08 0.21693335951879072 0.1087117899130845 0.10821520430604209 5.591067278404276e-05 0.11084698742731679 0.10608637209147398 0.15102369649732045 0.15101369684029653
1644.27 23.657476683106545 -11.064062413276275 98.262303588405 -905949.9786200634 1.6298578512736036e-05 33.9150626484195 30.404306037772937 28.44332986318894 62.68538519533082 153.13792142345775 400.0 -0.0517905472141922 5.96623620681126 5.471732785230562 0.0055151044911416185 -1.4467146585828115 2.213587144006536e-08 0.22076989404620012 0.1106065722856813 0.11015695327530399 5.671567664570357e-05 0.11275007292925468 0.10801982111694546 0.15373447795313716 0.15372447829456448
1672.59 23.690668530916426 -11.093009857033708 98.85154897244392 -904974.6279705111 1.6709808414122752e-05 34.17920558277579 30.48279311506343 28.629366927700588 61.64207666927039 153.0045300932235 400.0 -0.05362700321517406 6.068193628232762 5.549838655075204 0.005532580650492072 -1.4974788248609006 2.206476521968408e-08 0.22464287034833655 0.11252014856303721 0.11211635005777038 5.752560131253881e-05 0.11467266234482094 0.10997020800351565 0.15647345748105884 0.15646345782065624
1701.14 23.725038633646818 -11.122383142131133 99.44005926965147 -903985.3690084367 1.714818673581749e-05 34.45785214619124 30.56172438236446 28.829446373406185 60.569834238842404 152.87561848281055 400.0 -0.055512681228932055 6.171003058938096 5.628405772785059 0.005552142783025722 -1.539823340212359 2.1994569640198755e-08 0.22855015697933487 0.1144516171322035 0.11409216482177605 5.834025828519974e-05 0.11661403329181282 0.11193612368752207 0.15923916595519821 0.1592291662926515
1729.94 23.760693764121278 -11.152207146012763 100.02848606401047 -902981.1311725047 1.761742121539616e-05 34.752975372868505 30.641197394548747 29.045444764606412 59.46499829068044 152.7515383494258 400.0 -0.0574500339381106 6.2747611547384015 5.707530608262093 0.005574311098217949 -1.5736610873515335 2.192530903823375e-08 0.23249526825145522 0.1164028783987869 0.11608601146990678 5.916063839639127e-05 0.11857629872899098 0.11391896952246425 0.16203412106367188 0.16202412139862626
1758.98 23.79770620079647 -11.182476136584052 100.61686433860437 -901961.8719279685 1.8120374374535637e-05 35.06630680826395 30.72122759697765 29.279078844770975 58.32757946036321 152.6328608460199 400.0 -0.05943957265653581 6.379458093258842 5.787227963492976 0.005599608070259008 -1.5988786545921516 2.1857075199730898e-08 0.23647766924092778 0.11837383643172225 0.11809745100948141 5.998688663130065e-05 0.12055957514700429 0.11591809409392348 0.16485796804342615 0.1648479683754836
1788.26 23.83617493010009 -11.213194909760114 101.20546699118037 -900927.14659285 1.8661144944107416e-05 35.40013131183873 30.8018615654646 29.532587630454234 57.15539548231813 152.52011086491018 400.0 -0.061482530127388677 6.485124898928494 5.867543681384495 0.005628610826500216 -1.615375676186957 2.178992721969046e-08 0.2404983740632627 0.12036517300278313 0.12012681578264756 6.0819470800146496e-05 0.12256478128546394 0.11793359277779876 0.16771144006519817 0.16770144039390977
1817.79 23.876208737934082 -11.24437910609276 101.79475725562364 -899876.1607428486 1.9243295326919077e-05 35.75680686009154 30.883173165003267 29.808256011555383 55.948893947000585 152.41391675096406 400.0 -0.06358088215257844 6.5918290499374805 5.948550848536159 0.005661920170695032 -1.6230845794742212 2.172389682266146e-08 0.24455978262049818 0.122378258971248 0.12217513483070155 6.165914261222811e-05 0.12459353657100845 0.11996624604948972 0.17059624813835805 0.17058624846321568
1847.55 23.917943571528248 -11.276013206042613 102.38474350886581 -898808.9463047227 1.9875078987587513e-05 36.14015375670152 30.96516800334082 30.10989915607978 54.698823166775796 152.31470170940588 400.0 -0.06573467348404319 6.699547947569109 6.030254600621744 0.005700262488167452 -1.621834000152717 2.1659070309652006e-08 0.2486608594659397 0.12441280404061354 0.12424166300098417 6.25059499168912e-05 0.1266458520526829 0.12201500741325681 0.17351164837208155 0.17350164869250703
1877.56 23.961513257755136 -11.30812421529235 102.97610954359168 -897724.2963320309 2.056059409098443e-05 36.553302078208496 31.04795108727349 30.44054291505105 53.40872566269527 152.22326853963023 400.0 -0.06794672270600659 6.808390908520731 6.112759163157441 0.005744317678026341 -1.6115888359547736 2.1595447199511665e-08 0.25280559205660524 0.12647098176300842 0.12632821419739926 6.336097063573527e-05 0.12872418672665975 0.12408140532994552 0.17646046383724917 0.17645046415258459
1907.81 24.007062902368894 -11.340650270435042 103.5684501904667 -896617.4828418186 2.130733363330648e-05 37.000528103704006 31.131562912019856 30.804430118614274 52.07577697119104 152.07728715064957 400.0 -0.07021786397165294 6.918373546566604 6.196097985089731 0.005794858692287059 -1.592247933478289 2.1533083270832768e-08 0.2569943941036386 0.1285532266411829 0.12843476762812245 6.422455048811642e-05 0.13082930055674744 0.12616509354689118 0.1794429631719306 0.1794329634814258
1938.3 24.05478758884106 -11.373261467720946 104.158643849857 -895462.2106264763 2.2125397160967206e-05 37.48747907957562 31.21611299183196 31.207138498245563 50.6948764443628 151.4792317656352 400.0 -0.07254979997700002 7.029558660703645 6.280340581330062 0.005852772593785045 -1.5636791216379158 2.1472006068549427e-08 0.2612294690141912 0.13066088647979404 0.13056217889334676 6.509741105499197e-05 0.13296291824123507 0.12826655077295623 0.1824606737590625 0.1824506740618531
1969.03 24.104920997237954 -11.406347190075353 104.75121126402331 -894286.9193952495 2.3027436884243973e-05 38.02112982874604 31.30163830317871 31.655563767510912 49.25992564829745 150.820474680405 400.0 -0.07494440349798913 7.142021036519409 6.3655660612351355 0.005919058044379094 -1.5257184745399468 2.1412238257570507e-08 0.2655134679432652 0.13279555945938512 0.13271150096475753 6.598037586451173e-05 0.13512706540862524 0.1303864025346399 0.18551542687337777 0.18550542716846313
2000.0 24.1576166964856 -11.439914692422816 105.3465269894781 -893090.914543927 2.4021167378116473e-05 38.60739489724797 31.388202939580843 32.15555699236722 47.77744018607792 150.09511634463604 400.0 -0.07740339204603483 7.255816617825578 6.45183790488076 0.005994550697342359 -1.4783916905143197 2.1353806946945322e-08 0.2698483261069109 0.13495844353354092 0.13488347111080412 6.68741116185736e-05 0.13732330259161515 0.1325250235152958 0.1886085404305828 0.18859854071681723
