0.0 0.0 0.0 2.3496672696410315e-07 0.0 0.0 0.0 0.0
10.0 -2.3495508898463413e-06 4.699218157789799e-07 4.69897299737454e-07 -1.989691182817261e-06 0.0 -0.006594422405607823 0.0016575794958784867
20.0 -9.398275981453708e-06 9.398110988443099e-07 9.39641288510984e-07 -7.936585842364327e-06 0.0 -0.052330630147782525 0.003315086314308857
30.0 -2.1145412837597632e-05 1.4095968626374582e-06 1.4092282333066918e-06 -1.7717841234387722e-05 0.0 -0.17363115916101882 0.004972321032111881
40.0 -3.758995794811426e-05 1.879311715185826e-06 1.879157006179355e-06 -3.1167924006323476e-05 0.0 -0.40428519797733714 0.006629220398102603
50.0 -5.873205372353141e-05 2.3491537377574466e-06 2.3505583738980816e-06 -4.8213160944711464e-05 0.0 -0.7814811859032377 0.008286060474809249
60.0 -8.4574607367216e-05 2.8194714251059086e-06 2.8249788419643096e-06 -6.896467102944784e-05 0.0 -1.3538691051191698 0.00994346572837257
70.0 -0.00011512455077422601 3.2907108682465935e-06 3.3040628446556752e-06 -9.373166983654043e-05 0.0 -2.1863461855312867 0.01160234470239482
80.0 -0.0001503935103812637 3.7633555676433212e-06 3.7892924739324486e-06 -0.0001229810526041429 0.0 -3.360984831229664 0.013263787339287828
90.0 -0.0001903979252269039 4.237877607886382e-06 4.281829870755871e-06 -0.00015728151906684972 0.0 -4.975386560380059 0.014928958789643978
100.0 -0.00023515874751822707 4.714702799667309e-06 4.78243708048609e-06 -0.00019725013334307537 0.0 -7.139409335878141 0.016599009107735707
110.0 -0.0002847008565041165 5.1941877963131315e-06 5.291449271993542e-06 -0.0002435067831234132 0.0 -9.970924511996026 0.018275004369800327
120.0 -0.00033905229322783725 5.67660675929768e-06 5.808785603989008e-06 -0.00029663772843228 0.0 -13.591153315995966 0.01995787825631177
130.0 -0.000398243400809406 6.162145492147219e-06 6.333986794437863e-06 -0.00035716812479070315 0.0 -18.1200491823973 0.021648401032243053
140.0 -0.00046230593623519667 6.6509013572292536e-06 6.8662709628242166e-06 -0.0004255428990179544 0.0 -23.672089437485685 0.023347162655823133
150.0 -0.0005312722043520068 7.142887578540781e-06 7.404600464688826e-06 -0.0005021150697658986 0.0 -30.35272471399778 0.02505456712910039
160.0 -0.0006051742516639536 7.63804071708497e-06 7.947753098669352e-06 -0.0005871404240521753 0.0 -38.25562137611195 0.026770835627090456
170.0 -0.0006840431462364904 8.136230239050798e-06 8.49439192762702e-06 -0.0006807773708629532 0.0 -47.460733672124015 0.02849601627015961
180.0 -0.0007679083597018632 8.637269229579664e-06 9.043129182018106e-06 -0.0007830907891446067 0.0 -58.03316625774496 0.030229998659221782
190.0 -0.00085679725878407 9.14092545697002e-06 9.592581202610972e-06 -0.0008940587579659847 0.0 -70.02273671433308 0.03197253152504084
200.0 -0.0009507347064712235 9.646932160734354e-06 1.0141412840170005e-05 -0.0010135811808697584 0.0 -83.46411984843033 0.03372324208110711
210.0 -0.0010497427678366478 1.0154998108009062e-05 1.0688370986855488e-05 -0.0011414894718300437 0.0 -98.37744640972501 0.03548165591933325
220.0 -0.0011538405113427075 1.0664816621609637e-05 1.1232307843833667e-05 -0.001277556635832703 0.0 -114.76923305379368 0.03724721653954688
230.0 -0.0012630438946459321 1.1176073418988397e-05 1.177219511596661e-05 -0.001421507237078998 0.0 -132.63353289332045 0.03901930384320674
240.0 -0.0013773657225328861 1.16884532094389e-05 1.2307130633359975e-05 -0.0015730268918097631 0.0 -151.95321276350086 0.040797251136560186
250.0 -0.0014968156647832132 1.2201645076688059e-05 1.2836338978416961e-05 -0.0017317710449725875 0.0 -172.70128141744527 0.042580360370814835
260.0 -0.0016214003220227369 1.2715346728164322e-05 1.3359167622084556e-05 -0.0018973728890919572 0.0 -194.8422103209594 0.044367915493778505
270.0 -0.001751123328908477 1.3229267724963941e-05 1.3875079896052966e-05 -0.002069450360306396 0.0 -218.33320440452331 0.04615919389968895
280.0 -0.0018859854850958868 1.3743131822555134e-05 1.4383645940085898e-05 -0.0022476122033157167 0.0 -243.12539351517006 0.04795347604492882
290.0 -0.0020259849056181167 1.4256678556031692e-05 1.4884532525805128e-05 -0.00243146313667335 0.0 -269.1649262578469 0.04975005335172026
300.0 -0.0021711171839982057 1.4769664199111503e-05 1.537749245628106e-05 -0.002620608176091595 0.0 -296.39395653078117 0.05154823455476579
310.0 -0.0023213755622606413 1.5281862216185742e-05 1.5862354067763818e-05 -0.0028146561888493416 0.0 -324.7515195916467 0.05334735066208263
320.0 -0.0024767511033694234 1.5793063313937703e-05 1.6339011185451112e-05 -0.0030132227599886335 0.0 -354.1742992426327 0.05514675870529118
330.0 -0.0026372328626145247 1.6303075185092672e-05 1.6807413775055123e-05 -0.0032159324527587193 0.0 -384.5972910091817 0.05694584445005146
340.0 -0.002802808055196948 1.6811722022905496e-05 1.7267559428191247e-05 -0.0034224205436377054 0.0 -415.954368307165 0.058744024227125144
350.0 -0.002973462218097467 1.7318843871789215e-05 1.771948574180726e-05 -0.003632334307569441 0.0 -448.1787598141487 0.060540746030954024
360.0 -0.0031491793648683597 1.7824295867491006e-05 1.8163263604087376e-05 -0.0038453339228240557 0.0 -481.20344680302287 0.062335490017390055
370.0 -0.0033299421324421985 1.8327947409610124e-05 1.8598991355744942e-05 -0.004061093057979196 0.0 -514.9614892554417 0.06412776851647913
380.0 -0.0035157319194993875 1.8829681300111087e-05 1.902678977749872e-05 -0.004279299196329463 0.0 -549.3862892905275 0.06591712566084136
390.0 -0.0037065290160960274 1.9329392873736867e-05 1.944679783143499e-05 -0.00449965374608948 0.0 -584.411799945822 0.06770313671570641
400.0 -0.0039023127247439504 1.982698913978934e-05 1.985916908466834e-05 -0.004721871978113185 0.0 -619.972686717302 0.06948540718339305
410.0 -0.0041030614729251624 2.0322387949464843e-05 2.026406873838482e-05 -0.00494568282684818 0.0 -656.0044485714737 0.07126357174308584
420.0 -0.004308752917502545 2.0815517198670386e-05 2.0661671180555176e-05 -0.005170828584709081 0.0 -692.4435044348394 0.07303729307623134
430.0 -0.004519364041357221 2.130631407284933e-05 2.1052157996415133e-05 -0.005397064515303059 0.0 -729.2272504738553 0.0748062606186735
440.0 -0.0047348712427144335 2.179472433768661e-05 2.143571636779029e-05 -0.005624158406576917 0.0 -766.2940928265375 0.07657018927275194
450.0 -0.004955250417555845 2.2280701677504447e-05 2.181253779696135e-05 -0.005851890081374641 0.0 -803.5834598455168 0.07832881810581899
460.0 -0.005180477035729325 2.27642070816017e-05 2.2182817101601416e-05 -0.006080050879705374 0.0 -841.0357973703425 0.08008190905593218
470.0 -0.005410526211136357 2.3245208277639407e-05 2.2546751636021155e-05 -0.006308443124287142 0.0 -878.5925500639895 0.08182924566070746
480.0 -0.005645372766437617 2.372367921034217e-05 2.2904540690227294e-05 -0.006536879578749375 0.0 -916.1961314241036 0.08357063182133036
490.0 -0.005884991292816721 2.4199599563217416e-05 2.325638503073435e-05 -0.006765182905886279 0.0 -953.7898847108021 0.08530589061046362
500.0 -0.0061293562051680794 2.4672954320623306e-05 2.3602486557372516e-05 -0.006993185131830139 0.0 -991.318036714419 0.08703486313010192
510.0 -0.006378441793021494 2.5143733367307426e-05 2.394304803949865e-05 -0.0072207271206548365 0.0 -1028.725646013183 0.08875740742326424
520.0 -0.006632222267739962 2.5611931122446405e-05 2.4278272916333776e-05 -0.007447658062860061 0.0 -1065.9585471379362 0.09047339744167131
530.0 -0.0068906718061327865 2.60775462052202e-05 2.4608365140998955e-05 -0.007673834980299133 0.0 -1102.963291860915 0.09218272207018043
540.0 -0.007153764590917433 2.654058112902099e-05 2.493352904835433e-05 -0.007899122249362074 0.0 -1139.6870886582344 0.09388528420767625
550.0 -0.007421474848236187 2.7001042021517354e-05 2.5253969239180662e-05 -0.008123391143701638 0.0 -1176.0777412477942 0.09558099990328263
560.0 -0.007693776882511827 2.7458938367940463e-05 2.5569890470933388e-05 -0.008346519397250144 0.0 -1212.083586985031 0.09726979754615078
570.0 -0.007970645108809293 2.7914282775135793e-05 2.5881497544411048e-05 -0.00856839078798295 0.0 -1247.653435788437 0.09895161710661807
580.0 -0.008252054082959148 2.836709075410852e-05 2.6188995180653763e-05 -0.008788894742476775 0.0 -1282.7365101775283 0.10062640942623766
590.0 -0.008537978529563617 2.881738051897747e-05 2.6492587885762474e-05 -0.0090079259612364 0.0 -1317.2823869243325 0.10229413555395378
600.0 -0.00882839336813035 2.926517280044962e-05 2.6792479802928427e-05 -0.00922538406442778 0.0 -1351.240940748998 0.10395476612561544
610.0 -0.009123273737294824 2.9710490672109702e-05 2.7088874546521426e-05 -0.009441173257614026 0.0 -1384.5622904275428 0.1056082807839668
620.0 -0.00942259501749021 3.0153359387999064e-05 2.7381975017526373e-05 -0.009655202016988322 0.0 -1417.1967476240425 0.10725466763627056
630.0 -0.009726332851943909 3.0593806230133134e-05 2.7671983208499283e-05 -0.009867382793452206 0.0 -1449.0947687079256 0.1088939227467954
640.0 -0.010034463166210372 3.103186036476387e-05 2.7959099983476676e-05 -0.010077631734938142 0.0 -1480.206909770685 0.11052604966147495
650.0 -0.010346962186414288 3.146755270634352e-05 2.8243524852733513e-05 -0.010285868426246528 0.0 -1510.4837850159247 0.11215105896218017
660.0 -0.010663806455973202 3.190091578828391e-05 2.8525455732975048e-05 -0.010492015645706608 0.0 -1539.8760286562024 0.11376896784817148
670.0 -0.010984972851250774 3.233198363973376e-05 2.8805088693140136e-05 -0.01069599913793298 0.0 -1568.3342604135187 0.11537979974245066
680.0 -0.011310438595881322 3.2760791667704114e-05 2.9082617700382228e-05 -0.010897747401975 0.0 -1595.8090546904832 0.11698358392087628
690.0 -0.011640181273968153 3.318737654398106e-05 2.93582343529053e-05 -0.011097191494102489 0.0 -1622.250913446281 0.11858035516207563
700.0 -0.011974178842230288 3.361177609635248e-05 2.9632127615641934e-05 -0.011294264844565263 0.0 -1647.610242783636 0.12017015341632449
710.0 -0.012312409640976796 3.403402920375778e-05 2.9904483552734008e-05 -0.011488903087605166 0.0 -1671.837333228815 0.1217530234917304
720.0 -0.012654852404157424 3.4454175695039855e-05 3.017548506125678e-05 -0.011681043904052084 0.0 -1694.8823436626271 0.12332901475619634
730.0 -0.013001486268343854 3.487225625104203e-05 3.0445311611515536e-05 -0.011870626875838943 0.0 -1716.695288838731 0.12489818085378547
740.0 -0.013352290780783704 3.528831230984463e-05 3.071413899107256e-05 -0.012057593351810668 0.0 -1737.226030407139 0.12646057943423789
750.0 -0.013707245906498855 3.57023859749827e-05 3.098213905712299e-05 -0.012241886324182412 0.0 -1756.4242713438002 0.12801627189452333
760.0 -0.014066332034516904 3.611451992652472e-05 3.124947949917356e-05 -0.012423450315078308 0.0 -1774.2395536714885 0.12956532313142416
770.0 -0.014429529983171818 3.65247573349242e-05 3.1516323612557075e-05 -0.012602231272549771 0.0 -1790.6212593451712 0.13110780130425953
780.0 -0.014796821004622984 3.693314177758436e-05 3.1782830084203795e-05 -0.012778176475534824 0.0 -1805.5186141620572 0.13264377760695933
790.0 -0.015168186788489635 3.733971715809512e-05 3.20491527933342e-05 -0.012951234447201924 0.0 -1818.8806945491126 0.13417332604879317
800.0 -0.015543609464735653 3.7744527628119306e-05 3.231544062476388e-05 -0.013121354876208101 0.0 -1830.6564370721944 0.13569652324313647
810.0 -0.015923071605755013 3.814761751192116e-05 3.258183729908382e-05 -0.013288488545322986 0.0 -1840.794650503231 0.13721344820374842
820.0 -0.01630655622775734 3.8549031233535e-05 3.284848121829498e-05 -0.013452587266987847 0.0 -1849.2440302798325 0.13872418214809032
830.0 -0.016694046791396744 3.8948813246582476e-05 3.311550532991703e-05 -0.013613603825352611 0.0 -1855.9531751858037 0.14022880830728426
840.0 -0.017085527201725625 3.934700796674647e-05 3.338303700655132e-05 -0.01377149192434624 0.0 -1860.8706060828956 0.14172741174236586
850.0 -0.01748098180748414 3.97436597069197e-05 3.3651197940365304e-05 -0.013926206141363723 0.0 -1863.9447865163704 0.14322007916654017
860.0 -0.017880395399782145 4.013881261503473e-05 3.392010405889323e-05 -0.014077701886213496 0.0 -1865.124145026327 0.1447068987731771
870.0 -0.018283753210120324 4.053251061459166e-05 3.4189865455047655e-05 -0.014225935364891874 0.0 -1864.3570989899956 0.14618796006934662
880.0 -0.018691040907892642 4.092479734789016e-05 3.446058633596039e-05 -0.014370863547881845 0.0 -1861.5920798271202 0.14766335371470135
890.0 -0.019102244597259954 4.131571612197066e-05 3.473236498550136e-05 -0.014512444142599166 0.0 -1856.7775594028997 0.14913317136556298
900.0 -0.01951735081358308 4.170530985726844e-05 3.500529374438344e-05 -0.014650635569671491 0.0 -1849.862077463722 0.15059750552408294
910.0 -0.019936346519283887 4.209362103897367e-05 3.527945900945184e-05 -0.014785396942755411 0.0 -1840.7942699500231 0.15205644939237128
920.0 -0.0203592190992552 4.248069167109021e-05 3.555494124043435e-05 -0.014916688051585069 0.0 -1829.522898031873 0.15351009673150567
930.0 -0.020785956355865665 4.2866563233178175e-05 3.583181498783006e-05 -0.015044469347967635 0.0 -1815.99687771963 0.1549585417253499
940.0 -0.021216546503470823 4.325127663976113e-05 3.611014893394327e-05 -0.015168701934503188 0.0 -1800.1653099069918 0.1564018788491135
950.0 -0.0216509781625831 4.363487220237061e-05 3.639000594208852e-05 -0.015289347555723415 0.0 -1781.977510712113 0.15784020274260718
960.0 -0.022089240353686534 4.401738959419986e-05 3.6671443124269844e-05 -0.015406368591465342 0.0 -1761.3830419844733 0.159273608088143
970.0 -0.022531322490653594 4.439886781732736e-05 3.695451191969568e-05 -0.015519728052229138 0.0 -1738.331741857362 0.16070218949304152
980.0 -0.022977214373874233 4.477934517246517e-05 3.7239258178622944e-05 -0.015629389576682688 0.0 -1712.7737552339638 0.16212604137666042
990.0 -0.023426906183193097 4.515885923123339e-05 3.752572226431994e-05 -0.015735317428648955 0.0 -1684.6595640477026 0.1635452578622411
1000.0 -0.023880388470335134 4.5537446810762395e-05 3.7813939161601696e-05 -0.015837476500710535 0.0 -1653.9400173474858 0.1649599326725556
1010.0 -0.02433765215136674 4.591514395081674e-05 3.8103938589451045e-05 -0.015935832312187242 0.0 -1620.5663608545635 0.16637015903094432
1020.0 -0.024798688498780308 4.629198589313445e-05 3.839574512927157e-05 -0.016030351013227234 0.0 -1584.4902661576384 0.16777602956610618
1030.0 -0.025263489133415362 4.666800706306825e-05 3.868937835633801e-05 -0.016120999387888833 0.0 -1545.6638593109549 0.16917763622154602
1040.0 -0.025732046016209154 4.704324105341469e-05 3.898485297728627e-05 -0.016207744858279537 0.0 -1504.0397488093029 0.17057507016934031
1050.0 -0.0262043514398016 4.741772061037195e-05 3.928217897382069e-05 -0.016290555489354288 0.0 -1459.5710528624625 0.17196842172821616
1060.0 -0.026680398020030083 4.779147762155495e-05 3.9581361754059684e-05 -0.01636939999425486 0.0 -1412.211425907023 0.17335778028589868
1070.0 -0.027160178687246628 4.816454310599858e-05 3.9882402305302375e-05 -0.016444247740040614 0.0 -1361.915084295855 0.1747432342256821
1080.0 -0.02764368667763506 4.853694720607338e-05 4.0185297349459856e-05 -0.016515068753748263 0.0 -1308.636831116497 0.17612487085716738
1090.0 -0.028130915524393174 4.890871918124222e-05 4.049003950861163e-05 -0.01658183372865236 0.0 -1252.3320800897698 0.1775027763511144
1100.0 -0.02862185904882608 4.927988740356803e-05 4.0796617460969745e-05 -0.01664451403164294 0.0 -1192.9568785387557 0.1788770356782422
1110.0 -0.029116511351638508 4.965047935497016e-05 4.110501611123141e-05 -0.016703081705664254 0.0 -1130.4679292269518 0.18024773255254622
1120.0 -0.02961486680376879 5.0020521625972944e-05 4.141521675808946e-05 -0.016757509482099944 0.0 -1064.822611446017 0.18161494937747705
1130.0 -0.03011692003766342 5.0390039916111605e-05 4.172719725641372e-05 -0.01680777078311922 0.0 -995.9790007849148 0.18297876719703182
1140.0 -0.030622665938288662 5.0759059035735874e-05 4.204093218689309e-05 -0.016853839728794628 0.0 -923.8958879665745 0.18433926565009295
1150.0 -0.03113209963431629 5.112760290921481e-05 4.2356393023723625e-05 -0.01689569114272296 0.0 -848.5327965627107 0.18569652292859895
1160.0 -0.03164521648923113 5.1495694579443515e-05 4.2673548303717726e-05 -0.01693330055804242 0.0 -769.8499996342795 0.18705061573926904
1170.0 -0.032162012092548764 5.1863356213591245e-05 4.299236378741966e-05 -0.01696664422261185 0.0 -687.8085352526198 0.18840161926891189
1180.0 -0.032682482251136236 5.2230609110009426e-05 4.331280262714898e-05 -0.01699569910398765 0.0 -602.3702209187899 0.18974960715316697
1190.0 -0.033206622980518574 5.25974737062309e-05 4.363482553007003e-05 -0.017020442893986035 0.0 -513.4976668739171 0.1910946514486047
1200.0 -0.033734430496313195 5.296396958798854e-05 4.395839091593245e-05 -0.01704085401284748 0.0 -421.1542883060092 0.1924368226080903
1210.0 -0.03426590120579931 5.333011549918554e-05 4.4283455077653854e-05 -0.017056911612947496 0.0 -325.3043164567031 0.19377618945932068
1220.0 -0.034801031699522866 5.369592935274736e-05 4.4609972337461556e-05 -0.017068595582020913 0.0 -225.91280863991022 0.19511281918643847
1230.0 -0.03533981874305425 5.4061428242292975e-05 4.493789519788294e-05 -0.017075886545929547 0.0 -122.94565718017243 0.19644677731462282
1240.0 -0.03588225926886679 5.442662845455814e-05 4.526717449415685e-05 -0.017078765870889898 0.0 -16.369597287542796 0.1977781276975647
1250.0 -0.03642835036828984 5.479154548251094e-05 4.559775953882905e-05 -0.017077215665212885 0.0 93.84778611675956 0.19910693250772094
1260.0 -0.036978089283699944 5.515619403909761e-05 4.5929598264571327e-05 -0.017071218780501534 0.0 207.7380526045516 0.20043325222925162
1270.0 -0.03753147340074392 5.552058807156133e-05 4.6262637364336004e-05 -0.017060758812327232 0.0 325.3319014552021 0.20175714565353645
1280.0 -0.038088500240785805 5.588474077627778e-05 4.65968224263591e-05 -0.017045820100362905 0.0 446.6591678595564 0.20307866987717313
1290.0 -0.038649167453460365 5.6248664614052236e-05 4.6932098066498895e-05 -0.017026387727983684 0.0 571.7488200882095 0.20439788030235206
1300.0 -0.03921347280939713 5.661237132582629e-05 4.7268408055067826e-05 -0.017002447521331884 0.0 700.6289576003497 0.20571483063950902
1310.0 -0.03978141419308656 5.697587194874509e-05 4.760569543957871e-05 -0.016973986047851546 0.0 833.3268100681277 0.2070295729121548
1320.0 -0.04035298959597711 5.733917683253637e-05 4.794390266518178e-05 -0.01694099061429186 0.0 969.8687372895632 0.20834215746378154
1330.0 -0.04092819710961493 5.770229565615406e-05 4.828297168995022e-05 -0.016903449264190247 0.0 1110.280229960077 0.209652632966745
1340.0 -0.04150703491905361 5.806523744464374e-05 4.862284409341555e-05 -0.016861350774846764 0.0 1254.5859112758767 0.21096104643302477
1350.0 -0.04208950129641664 5.8428010586189786e-05 4.896346118474781e-05 -0.016814684653795268 0.0 1402.809539342069 0.2122674432267665
1360.0 -0.042675594594584254 5.8790622849299654e-05 4.93047641047184e-05 -0.016763441134772593 0.0 1554.9740103502368 0.21357186707850684
1370.0 -0.043265313241093395 5.915308140009258e-05 4.964669392251153e-05 -0.01670761117323123 0.0 1711.1013625007997 0.2148743601009877
1380.0 -0.04385865573220471 5.95153928196525e-05 4.998919172916061e-05 -0.01664718644135339 0.0 1871.2127806361916 0.2161749628064661
1390.0 -0.044455620627150694 5.9877563121416314e-05 5.033219872814243e-05 -0.0165821593227276 0.0 2035.3286015538201 0.21747371412542535
1400.0 -0.04505620654250464 6.023959776855768e-05 5.0675656317800134e-05 -0.016512522906362955 0.0 2203.468319974996 0.21877065142660496
1410.0 -0.045660412146819596 6.060150169134172e-05 5.1019506170746356e-05 -0.01643827098026719 0.0 2375.6505951371946 0.22006581053825408
1420.0 -0.0462682361553739 6.0963279304411575e-05 5.136369032125998e-05 -0.01635939802408058 0.0 2551.8932579944553 0.2213592257705279
1430.0 -0.04687967732500553 6.132493452405779e-05 5.1708151223728296e-05 -0.01627589920586158 0.0 2732.213318805231 0.22265092993887176
1440.0 -0.04749473444936925 6.168647078523433e-05 5.205283182085907e-05 -0.016187770368641965 0.0 2916.626975620385 0.22394095438853462
1450.0 -0.0481134063541333 6.204789105858464e-05 5.239767562184028e-05 -0.016095008026628346 0.0 3105.149622892621 0.22522932901980564
1460.0 -0.04873569189236804 6.240919786724192e-05 5.274262675030173e-05 -0.015997609356036623 0.0 3297.7958607444507 0.22651608231415143
1470.0 -0.04936158994027551 6.277039330346853e-05 5.3087630005421714e-05 -0.015895572186663456 0.0 3494.579504634453 0.2278012413610719
1480.0 -0.049991099392840965 6.313147904510354e-05 5.343263091575068e-05 -0.015788894993170297 0.0 3695.5135954351776 0.22908483188562165
1490.0 -0.05062421915983961 6.349245637179693e-05 5.377757578468589e-05 -0.015677576885996955 0.0 3900.610409894506 0.23036687827652316
1500.0 -0.051260948161921505 6.385332618101915e-05 5.412241173843313e-05 -0.0155616176020268 0.0 4109.881471452959 0.23164740361480549
1510.0 -0.051901285326877655 6.421408900382981e-05 5.446708676863921e-05 -0.015441017495040574 0.0 4323.337561384835 0.23292642970289976
1520.0 -0.052545229586019815 6.457474502039338e-05 5.4811549770583666e-05 -0.015315777525926224 0.0 4540.988730241887 0.2342039770941296
1530.0 -0.05319277987078408 6.493529407522964e-05 5.5155750578173016e-05 -0.015185899252678773 0.0 4762.8443095709545 0.23548006512253414
1540.0 -0.053843935109426866 6.529573569218797e-05 5.5499639996092755e-05 -0.015051384820196223 0.0 4988.9129238813275 0.23675471193296477
1550.0 -0.054498694223923394 6.565606908913727e-05 5.584316983036075e-05 -0.014912236949919248 0.0 5219.202502836158 0.23802793451139898
1560.0 -0.05515705612693722 6.601629319236291e-05 5.618629291870292e-05 -0.014768458929308594 0.0 5453.720293645579 0.23929974871541823
1570.0 -0.05581901971896741 6.637640665068852e-05 5.6528963137481016e-05 -0.014620054602163224 0.0 5692.472873596338 0.24057016930482567
1580.0 -0.056484583885776374 6.673640784916071e-05 5.6871135445035746e-05 -0.014467028353873151 0.0 5935.466162938732 0.24183920997218258
1590.0 -0.057153747495579665 6.70962949227003e-05 5.721276589234492e-05 -0.014309385107077653 0.0 6182.705437479889 0.24310688337366418
1600.0 -0.057826509396829096 6.745606576910876e-05 5.738344022319097e-05 -0.014147130304883118 0.0 6434.1953417912555 0.24437320115952516
