#Found quasiharmonic mode : None
#T(K), volume, F(eV), S(J/K), H(J/K), a(-6/K), Cp(J/mol), Cv, Cpion, Bt(GPa), T_ph-D(K), T-D(K), F_el_atom, S_el_atom, C_el_atom, M_el, Seebeck_coefficients(μV/K), Lorenz_number(WΩK^{−2}), Q_el, Q_p, Q_e, C_mu, W_p, W_e, Y_p, Y_e
0.0 20.612433584461375 -3.659324157271139 0.0 -353071.10664904496 0.0 0.0 0.0 0.0 30.827707075110148 400.0 400.0 0.0 0.0 0.0 0.0 0.0 2.443004551768e-08 0.0 0.0 0.0 0.0 0.0 0.0 0.0 0.0 0.0
0.28 20.612433584458188 -3.659324157271156 5.105032587645473e-08 -353071.1066490323 -1.048760802429001e-13 1.5315089686185275e-07 1.5315089686184214e-07 1.5315092099869848e-07 30.827707075649386 653.1302512196047 400.0 -4.4419789225881714e-14 1.88768921025808e-14 -2.4136845717678305e-14 -0.6831320913707899 1564.6315337821927 2.443004551768e-08 -1.4508151073557933e-15 1.7510747963789811e-15 -3.2018899037347764e-15 2.388057320326017e-12 -1.048760802429001e-13 1.7510747963789811e-15 -3.2018899037347764e-15 1.751068500842054e-15 -3.203244212978277e-15
0.8 20.612433584472946 -3.6593241572735655 1.1906777419497574e-06 -353071.10664832656 1.2934269675202722e-12 3.572033122836815e-06 3.572033122832206e-06 3.572033142838459e-06 30.827707076351473 653.130251219159 400.0 -4.441978922440754e-14 2.7671807553551557e-14 -2.0001643899042462e-14 -0.6822553743903604 1784.7639644388107 2.443004551768e-08 -1.2027343653439332e-15 1.9813497623542538e-15 -3.184084127698185e-15 2.968947132066114e-12 1.2934269675202722e-12 1.9813497623542538e-15 -3.1840841276981866e-15 1.981349031981732e-15 -3.184248164670185e-15
1.56 20.612433584684958 -3.6593241573064748 8.828726375246382e-06 -353071.10663868155 9.332014139533905e-12 2.648617922512736e-05 2.6486179224659473e-05 2.6486179251216812e-05 30.827707073200475 653.1302512127576 400.0 -4.44197892032299e-14 -4.1669926960080326e-14 -2.60894509227633e-14 -0.6808190313910047 1941.863081630588 2.443004551768e-08 -1.5688819694973144e-15 1.6142067910664824e-15 -3.1830887605637966e-15 2.12784123586294e-12 9.332014139533905e-12 1.6142067910664824e-15 -3.183088760563796e-15 1.614206583612632e-15 -3.1831318721449256e-15
2.56 20.6124335860928 -3.659324157527533 3.901612729219691e-05 -353071.10657390195 4.118436679682921e-11 0.00011704838203904037 0.00011704838202408597 0.00011704838206562966 30.827707068165875 653.130251170249 400.0 -4.4419789062602066e-14 -5.802818200189118e-14 -2.658929128426898e-14 -0.6788208457933931 2048.7494232036074 2.443004551768e-08 -1.5989327678864358e-15 1.5916518187196415e-15 -3.190584586606078e-15 2.020734120150191e-12 4.118436679682921e-11 1.5916518187196415e-15 -3.1905845866060776e-15 1.5916517363236011e-15 -3.190600670999098e-15
3.8 20.61243359203806 -3.659324158499769 0.00012351087886088068 -353071.10629824846 1.2122042049078617e-10 0.0003536652120217409 0.0003536652118294321 0.00035366521204286376 30.827707020752296 670.6065457371866 400.0 -4.465148439718759e-14 -1.3010774626045111e-14 -2.1122826439129042e-14 -0.6762579714473159 2125.5619147055177 2.443004551768e-08 -1.270168922994813e-15 1.9239056823567935e-15 -3.194074605351607e-15 2.96247958451404e-12 1.2122042049078617e-10 1.9239056823567935e-15 -3.1940746053516058e-15 1.923905646917741e-15 -3.1940819212302133e-15
5.29 20.612433608805144 -3.6593241617285073 0.0003122447086728815 -353071.1054273411 2.421892910527091e-10 0.000858987438348815 0.0008589874372801798 0.0008589874383734074 30.827706905133876 694.5044544586411 400.0 -4.4651482725627584e-14 -5.5595888252916897e-14 -2.459244705985022e-14 -0.6730136097430717 2201.378360332817 2.443004551768e-08 -1.4787496206781684e-15 1.72991389232792e-15 -3.2086635130060887e-15 2.2868416313436228e-12 2.421892910527091e-10 1.72991389232792e-15 -3.208663513006087e-15 1.7299138736152133e-15 -3.2086673226148734e-15
7.01 20.612433640094153 -3.659324170346342 0.0006734648430127992 -353071.1031896217 3.2928872638796834e-10 0.0018348851939265587 0.0018348851913087636 0.0018348851939474684 30.827706685295507 714.6005622550031 400.0 -4.4419783668458867e-14 -2.6000280337804732e-14 -2.0909665336918147e-14 -0.669199574734277 2258.6579487371164 2.443004551768e-08 -1.2588551486745253e-15 1.9015284120437965e-15 -3.1603835607183234e-15 2.907950023520051e-12 3.2928872638796834e-10 1.9015284120437965e-15 -3.1603835607183234e-15 1.9015284017275693e-15 -3.1603856654054493e-15
8.98 20.61243367816305 -3.659324190746847 0.0013291919723192982 -353071.09794281586 2.5805375632505295e-10 0.00369226619605379 0.0036922661939942955 0.00369226619607495 30.827706419427834 725.092875928028 400.0 -4.4651475811131904e-14 -3.465765495867905e-14 -2.1160153950151276e-14 -0.6646820858549172 2314.0643784516146 2.443004551768e-08 -1.292382414761056e-15 1.925321203281213e-15 -3.217703618042269e-15 2.8588264390670725e-12 2.5805375632505295e-10 1.925321203281213e-15 -3.21770361804227e-15 1.9253211972538656e-15 -3.2177049475662762e-15
11.19 20.612433690554106 -3.659324234857791 0.0024759357330666285 -353071.086429298 -1.4076358768827677e-10 0.0071504570055242744 0.007150457004760659 0.007150457005538433 30.82770632555329 724.881679606196 400.0 -4.452653991938241e-14 1.803646427485242e-14 -1.4158453427806685e-14 -0.6596274627311907 2352.6355476701847 2.443004551768e-08 -9.787953084704308e-16 2.218744424462997e-15 -3.197539732933427e-15 3.999752054880168e-12 -1.4076358768827677e-10 2.218744424462997e-15 -3.197539732933427e-15 2.2187444207570692e-15 -3.1975405786404134e-15
13.64 20.612433606747313 -3.6593243249524994 0.004460640347617567 -353071.06198470236 -1.0504248510833757e-09 0.013752056216917745 0.013752056165084518 0.013752056216928528 30.827706930752836 710.5153446316095 400.0 -4.411325299439206e-14 7.637940603044662e-15 -1.0782079847207936e-14 -0.6537542715475371 2402.7443845925427 2.443004551768e-08 -1.0070552424522405e-15 2.1522968928941603e-15 -3.1593521353464014e-15 3.8492420774857055e-12 -1.0504248510833757e-09 2.1522968928941603e-15 -3.1593521353464018e-15 2.152296890493412e-15 -3.1593526914770327e-15
16.34 20.612433332922468 -3.6593245047891907 0.008025300937672558 -353071.0090460223 -2.1778321927646044e-09 0.027821539328562142 0.027821539061652165 0.02782153932856174 30.82770884769054 672.9869438251546 400.0 -4.412889657272105e-14 4.98444717986175e-14 4.0159057986079507e-16 -0.6472781205791066 2444.6628922086293 2.443004551768e-08 -7.810087573480035e-16 2.3832538927346127e-15 -3.1642626500826176e-15 4.8706542715970635e-12 -2.1778321927646044e-09 2.3832538927346127e-15 -3.1642626500826164e-15 2.383253891194999e-15 -3.16426303967928e-15
19.27 20.612432991854558 -3.6593248643084393 0.014895521805557093 -353070.88783106854 -7.643603056109685e-10 0.060568155346556525 0.060568155307782416 0.060568155346551786 30.827711267981424 612.3718767212631 400.0 -4.436062666597637e-14 1.180357249717183e-14 4.735874126154484e-15 -0.640018315863907 2493.792401693414 2.443004551768e-08 -9.95161905459124e-16 2.2040311428845486e-15 -3.1991930483436726e-15 4.2724720537370225e-12 -7.643603056109685e-10 2.2040311428845486e-15 -3.1991930483436702e-15 2.2040311416714174e-15 -3.1991933359681986e-15
22.45 20.612433834690403 -3.6593256145707445 0.0290548934526597 -353070.5949747234 1.2280726798273141e-08 0.1354441399704089 0.13544412830960828 0.1354441399704045 30.827705318523044 545.5625176407252 400.0 -4.4360542113315606e-14 -3.910141501613861e-14 4.4230087260775015e-15 -0.6318139049783245 2551.685263122128 2.443004551768e-08 -1.256332879182169e-15 1.9575102924286934e-15 -3.2138431716108626e-15 3.3146319634192048e-12 1.2280726798273141e-08 1.9575102924286934e-15 -3.213843171610862e-15 1.957510291571248e-15 -3.213843387043044e-15
25.87 20.61244034964141 -3.6593272145732767 0.05778334247208202 -353069.9067787874 5.609209465883787e-08 0.2879395742030586 0.2879392938772261 0.2879395742030526 30.827659375768825 488.92125660728203 400.0 -4.389649401354933e-14 -5.639619258554149e-14 5.9598185232690666e-15 -0.6228939551810697 2605.130732019486 2.443004551768e-08 -1.334229227830334e-15 1.8348413557876695e-15 -3.1690705836180048e-15 3.042986659308475e-12 5.609209465883787e-08 1.8348413557876695e-15 -3.1690705836180048e-15 1.8348413551522456e-15 -3.169070743002133e-15
29.53 20.612463480076592 -3.659330574302563 0.11211655958118676 -353068.41499644873 1.6012041724623627e-07 0.5595190546015675 0.5595164471368657 0.5595190546015619 30.82749625823069 447.13410699064804 400.0 -4.423261702062667e-14 -7.235956104302974e-14 5.5181105411815156e-15 -0.6131689048235608 2656.322847625048 2.443004551768e-08 -1.415551687066667e-15 1.7777746722007772e-15 -3.193326359267443e-15 2.8176614856649063e-12 1.6012041724623627e-07 1.7777746722007772e-15 -3.193326359267443e-15 1.777774671788879e-15 -3.193326485074383e-15
33.43 20.61252408812677 -3.6593372843151353 0.20600862667797426 -353065.48634785484 3.5939139914416997e-07 0.987200017535252 0.9871851469330545 0.9872000175352413 30.827068854688015 418.31984995665556 400.0 -4.3763074084204543e-14 -2.4841266655655964e-14 1.0699767663916924e-14 -0.6029090834296971 2695.7372893248134 2.443004551768e-08 -1.1853582077037053e-15 1.9827467863692625e-15 -3.1681049940729703e-15 4.040951668077727e-12 3.5939139914416997e-07 1.9827467863692625e-15 -3.1681049940729688e-15 1.9827467860941397e-15 -3.168105092094759e-15
37.58 20.612655747846272 -3.6593498625535026 0.354983558294113 -353060.24654963036 6.873596167671585e-07 1.5958802638713319 1.5958191174117355 1.5958802638713292 30.826140401195875 398.9073827627932 400.0 -4.426331275472021e-14 -6.862535899011944e-14 2.706120509923707e-15 -0.5916427612047105 2737.6442542304435 2.443004551768e-08 -1.4083031678563258e-15 1.7805779097099637e-15 -3.1888810775662892e-15 3.197928932428928e-12 6.873596167671585e-07 1.7805779097099637e-15 -3.1888810775662892e-15 1.7805779094903117e-15 -3.1888811573251885e-15
41.96 20.61290358119564 -3.659371760044411 0.5724977546701577 -353051.677612648 1.1645248641683175e-06 2.387202191945735 2.3870062352432706 2.387202191945739 30.82439263301482 385.863505099404 400.0 -4.379033554367134e-14 -9.289815420986609e-14 -3.965887136718309e-15 -0.5796522103515972 2774.8335727015856 2.443004551768e-08 -1.5182841032350278e-15 1.6620495150762562e-15 -3.180333618311284e-15 2.713437022086822e-12 1.1645248641683175e-06 1.6620495150762562e-15 -3.1803336183112838e-15 1.6620495149173991e-15 -3.180333682831579e-15
46.59 20.613325013779175 -3.65940766892055 0.8710026189707809 -353038.58428625646 1.7998342415161327e-06 3.3508086091155795 3.3502889101600646 3.3508086091155818 30.82142052221022 376.9091168655879 400.0 -4.4085820677626406e-14 -3.7282014953119924e-14 -2.6712737134538258e-15 -0.5672044257619585 2801.6306873343397 2.443004551768e-08 -1.272978003706431e-15 1.9571833107912253e-15 -3.2301613144976547e-15 4.201172906890972e-12 1.7998342415161327e-06 1.9571833107912253e-15 -3.2301613144976547e-15 1.9571833106830658e-15 -3.2301613691239287e-15
51.46 20.61398249944933 -3.6594631697360285 1.2576847714533053 -353019.79885454965 2.583228202196167e-06 4.456568367431807 4.455386039501854 4.45656836743181 30.816783370559083 370.6410390350753 400.0 -4.355463987787746e-14 9.270595097094754e-15 -3.3518164798183067e-15 -0.5541960575319341 2823.3233039391002 2.443004551768e-08 -1.043389296915026e-15 2.099562016019615e-15 -3.142951312934642e-15 5.380885845732491e-12 2.583228202196167e-06 2.099562016019615e-15 -3.142951312934642e-15 2.0995620159316224e-15 -3.1429513556986808e-15
56.57 20.61494072768946 -3.659544775249135 1.7359302933430854 -352994.1914712292 3.4926575545555253e-06 5.667353997867629 5.664978439327233 5.667353997867632 30.81002448242351 366.1494622349278 400.0 -4.3687948306259897e-14 6.673049198271193e-14 -3.657995288227304e-15 -0.5405392645492695 2843.036099867151 2.443004551768e-08 -7.854745664019586e-16 2.3687380915942594e-15 -3.154212657996218e-15 6.899559664260739e-12 3.4926575545555253e-06 2.3687380915942594e-15 -3.154212657996218e-15 2.368738091529764e-15 -3.1542126938182528e-15
61.92 20.61626176507045 -3.659659717216494 2.305155481416097 -352960.7480344095 4.497985697262437e-06 6.943211402102561 6.938899875396056 6.943211402102567 30.800705267688397 362.8561350703772 400.0 -4.348992251197687e-14 9.199513726103806e-14 -6.794206665275555e-15 -0.5261395688253696 2862.9095818784836 2.443004551768e-08 -6.70550886129094e-16 2.4795515963050563e-15 -3.15010248243415e-15 7.612303713680324e-12 4.497985697262437e-06 2.4795515963050563e-15 -3.1501024824341494e-15 2.479551596255037e-15 -3.1501025122837054e-15
67.52 20.618005023853765 -3.6598160669669215 2.9626853316098996 -352918.5282058253 5.567898969350925e-06 8.248305362314301 8.241103540469993 8.248305362314321 30.788405272312573 360.3832208633993 400.0 -4.3306225691860686e-14 -4.3435117302253554e-15 -1.9826066408472048e-14 -0.5103288965057945 2892.2436242761987 2.443004551768e-08 -1.1082178642596303e-15 2.0993436418061925e-15 -3.2075615060658246e-15 5.306191495922344e-12 5.567898969350925e-06 2.0993436418061925e-15 -3.2075615060658222e-15 2.099343641763075e-15 -3.207561532006042e-15
73.35 20.620211952090447 -3.660021366077247 3.69978386362553 -352866.9979258624 6.666391023662468e-06 9.544724607185113 9.533513831505427 9.544724607185138 30.772830140049084 358.4920739636681 400.0 -4.317444719084768e-14 -1.6167619572262778e-14 -2.50187731477893e-14 -0.4943983919878671 2911.733052466313 2.443004551768e-08 -1.1663484144531429e-15 2.0790598448715706e-15 -3.2454082593247153e-15 5.108960033948461e-12 6.666391023662468e-06 2.0790598448715706e-15 -3.245408259324715e-15 2.0790598448333823e-15 -3.245408281655532e-15
79.43 20.622928474537282 -3.660284590620169 4.510943456205953 -352805.4701409788 7.768803866020979e-06 10.810090435306284 10.793611341152383 10.810090435306316 30.75365306533783 357.008846425946 400.0 -4.241156756613639e-14 -5.210251183985226e-14 -3.109731566895258e-14 -0.47752960604587086 2932.5541963354585 2.443004551768e-08 -1.311707139091968e-15 1.9196105644796255e-15 -3.231317703571592e-15 4.209446668652671e-12 7.768803866020979e-06 1.9196105644796255e-15 -3.231317703571592e-15 1.9196105644464176e-15 -3.2313177222283733e-15
85.75 20.62618017484125 -3.66061372063719 5.386031479708179 -352733.67839932325 8.850093304377516e-06 12.022100282963432 11.999026736255 12.022100282963462 30.730689887972904 355.8220506832913 400.0 -4.327495343848033e-14 -2.2566991542854743e-14 -3.1704916261951195e-14 -0.4601751224532521 2948.7423301863328 2.443004551768e-08 -1.162487431201567e-15 2.035590316836763e-15 -3.198077748038329e-15 4.936691732680466e-12 8.850093304377516e-06 2.035590316836763e-15 -3.1980777480383294e-15 2.0355903168081137e-15 -3.1980777634755907e-15
92.31 20.629987457743077 -3.6610169492452824 6.315895317943288 -352651.41594808095 9.892793338443587e-06 13.167109968452511 13.13609502336483 13.167109968452547 30.70379207957406 354.85107473413797 400.0 -4.293072270657898e-14 -5.714689540765027e-14 -3.710659417233152e-14 -0.4418687598736528 2965.3272627227025 2.443004551768e-08 -1.3224374503708643e-15 1.918726741444815e-15 -3.241164191815678e-15 4.162929674366996e-12 9.892793338443587e-06 1.918726741444815e-15 -3.241164191815678e-15 1.91872674141679e-15 -3.241164205239541e-15
99.11 20.634363236352332 -3.6615022819796517 7.291594598101775 -352558.5937943267 1.0884783070858538e-05 14.236937358206035 14.196656767357762 14.236937358206072 30.67286312866495 354.0386168407566 400.0 -4.240591043293071e-14 -2.4281096885649355e-14 -3.7232126408725904e-14 -0.42314980529008145 2975.730250192582 2.443004551768e-08 -1.1700839916873995e-15 2.0582530625667693e-15 -3.2283370542541687e-15 5.0340003655446995e-12 1.0884783070858538e-05 2.0582530625667693e-15 -3.22833705425417e-15 2.0582530625422215e-15 -3.228337065554675e-15
106.16 20.639321547919664 -3.662078345745085 8.306145828101958 -352455.06499756343 1.1819815308894192e-05 15.229117258242479 15.178286257355678 15.229117258242521 30.637797503695012 353.3424358536501 400.0 -4.1455065400970696e-14 -6.723041772589405e-14 -4.1952286660431055e-14 -0.4023393834501014 2995.5760132093837 2.443004551768e-08 -1.3439173601091015e-15 1.903220660450962e-15 -3.247138020560063e-15 3.914451122735635e-12 1.1819815308894192e-05 1.903220660450962e-15 -3.2471380205600645e-15 1.9032206604295364e-15 -3.247138030281698e-15
113.44 20.644850120406495 -3.6627509793396866 9.348946611018734 -352341.200210891 1.2691461551292963e-05 16.140384228372707 16.07782415342088 16.14038422837275 30.598674912970214 352.7342483921972 400.0 -4.0769612493497896e-14 -8.05205615642585e-14 -4.451054304610686e-14 -0.38112792538878043 3007.417823456231 2.443004551768e-08 -1.3966804086253592e-15 1.850603363976862e-15 -3.247283772602219e-15 3.6138782602496816e-12 1.2691461551292963e-05 1.850603363976862e-15 -3.2472837726022193e-15 1.8506033639565906e-15 -3.247283780892775e-15
120.97 20.65096217667456 -3.6635291962997902 10.415924601285846 -352216.8168372844 1.350121766666874e-05 16.97520672575225 16.899793911613664 16.9752067257523 30.555393825006718 352.1899396903352 400.0 -4.011084322314637e-14 -1.2394496656758568e-13 -4.8458510714191907e-14 -0.3579186743795295 3024.231982916165 2.443004551768e-08 -1.5687093637745487e-15 1.6851739715412281e-15 -3.2538833353157776e-15 2.4590426198268794e-12 1.350121766666874e-05 1.6851739715412281e-15 -3.2538833353157776e-15 1.6851739715233924e-15 -3.2538833424322263e-15
128.74 20.65764574418107 -3.664418976095472 11.499524112264998 -352082.23320118897 1.424900757381504e-05 17.73584942347761 17.646565936169072 17.73584942347766 30.50803024400829 351.69359300150717 400.0 -3.913733370386606e-14 -1.5167677604644948e-13 -5.097126531158106e-14 -0.33348999530399576 3037.934507388721 2.443004551768e-08 -1.6699598181844722e-15 1.550804121951816e-15 -3.2207639401362856e-15 1.7018436489270727e-12 1.424900757381504e-05 1.550804121951816e-15 -3.2207639401362867e-15 1.550804121934714e-15 -3.2207639461149933e-15
136.75 20.66489438050026 -3.6654268501085783 12.594431550236541 -351937.6384797968 1.4937445144977095e-05 18.42690569603879 18.32282066076459 18.426905696038844 30.4566203776537 351.23248753945137 400.0 -3.7509429328738974e-14 -1.768265727582546e-13 -5.294355805222836e-14 -0.3075030578617717 3050.4695675928474 2.443004551768e-08 -1.7584780163970929e-15 1.4294862665719294e-15 -3.187964282969022e-15 9.987715849431311e-13 1.4937445144977095e-05 1.4294862665719294e-15 -3.187964282969022e-15 1.429486266555912e-15 -3.187964288008375e-15
145.01 20.672710213666036 -3.6665604701204333 13.697405877935896 -351783.04387127387 1.557077704895595e-05 19.054215367282193 18.934458836086495 19.05421536728225 30.40113894308243 350.7963969386916 400.0 -3.773820140420627e-14 -1.782811523176365e-13 -5.463941907579827e-14 -0.28054357202953906 3056.4757388790126 2.443004551768e-08 -1.7728694652176008e-15 1.4801440779130717e-15 -3.2530135431306723e-15 1.0531007164034155e-12 1.557077704895595e-05 1.4801440779130717e-15 -3.2530135431306727e-15 1.480144077898547e-15 -3.2530135476601775e-15
153.5 20.68106622945468 -3.667823018781862 14.80190272739108 -351619.03005589446 1.615150738752996e-05 19.621592642455614 19.48540374431553 19.621592642455674 30.341766955001408 350.3788730217295 400.0 -3.638674705658981e-14 -2.589238787219317e-13 -5.932514045492542e-14 -0.2499287530054888 3073.7953567394134 2.443004551768e-08 -2.0838612671220047e-15 1.1116853383697024e-15 -3.1955466054917075e-15 -1.1995515667694097e-12 1.615150738752996e-05 1.1116853383697024e-15 -3.195546605491708e-15 1.111685338355798e-15 -3.195546609280069e-15
162.24 20.68997386284942 -3.669223116837631 15.907264611286827 -351445.4164399252 1.6685283151210212e-05 20.135683237418924 19.982323433614614 20.135683237418984 30.27841175314283 349.9730796713719 400.0 -3.470626370383112e-14 -2.7614517078733815e-13 -6.0580238152995e-14 -0.21879919442414192 3079.9603152786094 2.443004551768e-08 -2.1453606307178545e-15 1.0232428416203685e-15 -3.1686034723382224e-15 -1.6635563941478716e-12 1.6685283151210212e-05 1.0232428416203685e-15 -3.168603472338225e-15 1.0232428416067145e-15 -3.168603475579462e-15
171.22 20.69941538427108 -3.6707647189834787 17.00945667277295 -351262.59387398727 1.7175680215891257e-05 20.600895622230937 20.429696445658653 20.600895622230997 30.211187475742772 349.5749226881967 400.0 -3.3013139793231497e-14 -2.6541168162846804e-13 -5.992855125419685e-14 -0.1859459962215943 3082.9479270951506 2.443004551768e-08 -2.084992818951832e-15 1.0550404859189155e-15 -3.1400333048707476e-15 -1.4111174557303548e-12 1.7175680215891257e-05 1.0550404859189155e-15 -3.1400333048707476e-15 1.055040485906289e-15 -3.1400333076529953e-15
180.43 20.709372193462247 -3.672451076524866 18.105066604411604 -351070.96464551927 1.7626415836855354e-05 21.021627972722992 20.831982075296132 21.021627972723053 30.140214204611276 349.1811766498097 400.0 -3.127657345126144e-14 -2.695965393269406e-13 -5.973910662882354e-14 -0.15095567857410286 3084.917971000443 2.443004551768e-08 -2.0839897093098298e-15 1.000975634981536e-15 -3.0849653442913676e-15 -1.5727387450717039e-12 1.7626415836855354e-05 1.000975634981536e-15 -3.0849653442913664e-15 1.0009756349695756e-15 -3.084965346650279e-15
189.9 20.71987007317832 -3.6742927648529426 19.19577445926335 -350870.0801531352 1.8042858952356403e-05 21.40364857362575 21.19492015471524 21.40364857362581 30.06529509651004 348.78766429966305 400.0 -2.8519404988578324e-14 -2.9131778439759923e-13 -6.041268716021478e-14 -0.11292303282613418 3089.2965918867717 2.443004551768e-08 -2.1501360262519544e-15 8.763619341676965e-16 -3.026497960419649e-15 -2.2511173859222555e-12 1.8042858952356403e-05 8.763619341676965e-16 -3.026497960419649e-15 8.763619341564655e-16 -3.0264979624235288e-15
199.6 20.730869780526277 -3.6762888233490822 20.276586647538313 -350660.7413950316 1.8427336152450102e-05 21.749783401507337 21.521420677774294 21.7497834015074 29.986696574719076 348.39329440351025 400.0 -2.7585132144865036e-14 -3.935337963397032e-13 -6.558841909376415e-14 -0.07151713038680489 3097.4915888040323 2.443004551768e-08 -2.5543437866094097e-15 4.1156285695362902e-16 -2.965906643563039e-15 -5.08416246616392e-12 1.8427336152450102e-05 4.1156285695362902e-16 -2.965906643563039e-15 4.1156285694234398e-16 -2.9659066452711216e-15
209.54 20.74237662131446 -3.6784456495627613 21.347490978348716 -350442.896923829 1.8783752707460844e-05 22.064204621843967 21.815652082704055 22.06420462184403 29.90436694876758 347.9957331832918 400.0 -2.545462465983187e-14 -4.0627882288547487e-13 -6.577087774534247e-14 -0.02925615335999872 3096.0646811998163 2.443004551768e-08 -2.588833537647619e-15 3.453139909118999e-16 -2.934147528559518e-15 -5.497991476866283e-12 1.8783752707460844e-05 3.453139909118999e-16 -2.934147528559519e-15 3.4531399090153406e-16 -2.9341475300519215e-15
219.73 20.754397630966217 -3.680769911864713 22.408581057927748 -350216.4698877115 1.9115573904363186e-05 22.35056208254053 22.081253863864877 22.3505620825406 29.818241243342616 347.5930114813156 400.0 -2.218962278765229e-14 -4.215743001670013e-13 -6.508393535803686e-14 0.016133426888060028 3096.0142034146884 2.443004551768e-08 -2.615891129181528e-15 2.1719491540426004e-16 -2.833086044585787e-15 -6.086575728457272e-12 1.9115573904363186e-05 2.1719491540426004e-16 -2.8330860445857873e-15 2.1719491539460596e-16 -2.8330860458355457e-15
230.16 20.766917234192533 -3.6832636629014823 23.458047271974447 -349981.8136404596 1.9425310176078752e-05 22.611579712330304 22.320974777204043 22.611579712330364 29.728415907011065 347.18421930760854 400.0 -2.0180824231643438e-14 -3.8919323954541756e-13 -6.289220149691414e-14 0.061159569838155625 3081.8748594745234 2.443004551768e-08 -2.48002758429829e-15 3.314599694319433e-16 -2.811487553730233e-15 -5.1743974141949706e-12 1.9425310176078752e-05 3.314599694319433e-16 -2.811487553730233e-15 3.3145996942269746e-16 -2.811487554843155e-15
240.83 20.77993211524909 -3.6859309193814367 24.49535530916328 -349739.05250878906 1.971558075313588e-05 22.85000061790806 22.537557670713092 22.850000617908126 29.63489924117336 346.7682541823906 400.0 -1.8380267897177625e-14 -4.994746340042921e-13 -6.7296247035252e-14 0.11356920088638411 3087.266833285217 2.443004551768e-08 -2.8944872206616645e-15 -1.86320367368402e-16 -2.7081668532932625e-15 -8.389241833915583e-12 1.971558075313588e-05 -1.86320367368402e-16 -2.7081668532932633e-15 -1.8632036737729562e-16 -2.7081668542337385e-15
251.74 20.793439747131227 -3.688775560783352 25.520121042435544 -349488.29982709826 1.9988754120917136e-05 23.06827796085988 22.733451317794234 23.068277960859945 29.537693459569287 346.3441794116909 400.0 -1.5638351822991096e-14 -4.267781569384171e-13 -6.165298310173575e-14 0.16267238566397102 3067.227127237579 2.443004551768e-08 -2.5769119348615805e-15 3.547596028422015e-17 -2.6123878951458006e-15 -6.468442223302266e-12 1.9988754120917136e-05 3.547596028422015e-17 -2.612387895145799e-15 3.547596027583456e-17 -2.6123878959490334e-15
262.89 20.80743837518338 -3.691801340727022 26.53208554909702 -349229.65851110587 2.02469683646334e-05 23.268601889413976 22.910837902939626 23.26860188941404 29.436794583462213 345.9111891346973 400.0 -1.2466800830102454e-14 -5.114167804109268e-13 -6.458692784550055e-14 0.21896020918475528 3064.52780769284 2.443004551768e-08 -2.8917848652165543e-15 -3.8361035355505597e-16 -2.5081745116614983e-15 -8.953838643843186e-12 2.02469683646334e-05 -3.8361035355505597e-16 -2.5081745116615e-15 -3.836103535633485e-16 -2.50817451234683e-15
274.29 20.82193979829012 -3.6950147680835164 27.531956203545175 -348962.98681977246 2.0492360420647472e-05 23.45307940432062 23.071792661236604 23.453079404320682 29.33210030752806 345.46819175415203 400.0 -9.51876543737623e-15 -5.124188854414171e-13 -6.257223800205395e-14 0.27511148267059127 3050.327301830422 2.443004551768e-08 -2.8607726042721114e-15 -4.861278819371046e-16 -2.374644722335006e-15 -9.160552104266904e-12 2.0492360420647472e-05 -4.861278819371046e-16 -2.374644722335006e-15 -4.861278819449443e-16 -2.374644722908802e-15
285.93 20.83693125721978 -3.6984167106596773 28.518744475485516 -348688.60003828135 2.0726435868191425e-05 23.62326873339888 23.217880513429638 23.62326873339894 29.2236848393565 345.01495320869407 400.0 -6.810680755178406e-15 -4.1628731896984385e-13 -5.5006882387661543e-14 0.3304983921517204 3024.280150490534 2.443004551768e-08 -2.4389383474901188e-15 -1.984226071997411e-16 -2.240515740290378e-15 -6.654871578708559e-12 2.0726435868191425e-05 -1.984226071997411e-16 -2.240515740290379e-15 -1.984226072069075e-16 -2.240515740772347e-15
297.81 20.852413177567545 -3.702010599521279 29.49245605675319 -348406.57386830926 2.0950771261652082e-05 23.780727192742113 23.350642462270827 23.780727192742173 29.11152679477754 344.55091492689553 400.0 -3.4819735465641197e-15 -4.761571049901381e-13 -5.584746824743419e-14 0.3933879185723398 3015.353241537883 2.443004551768e-08 -2.6345709606723268e-15 -5.532209208097631e-16 -2.0813500398625644e-15 -8.582511967617348e-12 2.0950771261652082e-05 -5.532209208097631e-16 -2.0813500398625644e-15 -5.532209208165024e-16 -2.0813500402594285e-15
309.93 20.868386681203795 -3.7057997764726234 30.45315476931964 -348116.9759455276 2.1166791723655366e-05 23.926842884990982 23.471448088641587 23.926842884991032 28.99559916019688 344.0755685419703 400.0 -2.1013652447346821e-16 -3.940978532191107e-13 -4.9010398827664445e-14 0.45283312237265205 2986.9179385660855 2.443004551768e-08 -2.2655934483634418e-15 -3.493997712100351e-16 -1.916193677153407e-15 -6.497876160215404e-12 2.1166791723655366e-05 -3.493997712100351e-16 -1.916193677153407e-15 -3.493997712162103e-16 -1.916193677478437e-15
322.29 20.88485356877002 -3.7097875013708044 31.400951830466603 -347819.866398946 2.1375788595324872e-05 24.06285388095579 23.581514898733197 24.06285388095583 28.875869278425064 343.588444275783 400.0 1.6101379797449892e-15 -2.7350206543485527e-13 -4.0067357172515975e-14 0.5124047279532712 2952.8290770181784 2.443004551768e-08 -1.7477256026330746e-15 3.800509786072449e-18 -1.7515261124191463e-15 -3.29566089829815e-12 2.1375788595324872e-05 3.800509786072449e-18 -1.7515261124191457e-15 3.800509780368196e-18 -1.7515261126853332e-15
334.89 20.901816304759762 -3.7139769588346194 32.33599684920328 -347515.2983743562 2.1578935157707035e-05 24.189865447789103 23.681925683264385 24.18986544778915 28.752298951915073 343.0891015343462 400.0 6.657281052598721e-15 -3.9466857867367284e-13 -4.447283399806625e-14 0.5838928482174595 2948.8933056476835 2.443004551768e-08 -2.178232505625709e-15 -5.825179229714444e-16 -1.5957145826542661e-15 -7.039830962257442e-12 2.1578935157707035e-05 -5.825179229714444e-16 -1.5957145826542661e-15 -5.825179229766383e-16 -1.5957145828744486e-15
347.74 20.919291672498215 -3.718374734937311 33.2591772639729 -347203.0749452695 2.1777452931486223e-05 24.30895443807284 23.77371164853323 24.30895443807287 28.624744645528573 342.57672111599464 400.0 8.509584008278413e-15 -2.2064599521735692e-13 -3.2581047108231716e-14 0.6441259762917846 2906.3761549718547 2.443004551768e-08 -1.4439492267442135e-15 -3.1667460214701555e-17 -1.412281766529514e-15 -2.3558537337837207e-12 2.1777452931486223e-05 -3.1667460214701555e-17 -1.412281766529514e-15 -3.166746021930456e-17 -1.4122817667048144e-15
360.82 20.937256231214562 -3.722977036334445 34.16926198917788 -346883.7227149271 2.1972013107665194e-05 24.420820441589164 23.857588754132312 24.42082044158919 28.493355682243706 342.0516960885618 400.0 1.19880445611922e-14 -1.5669130105017875e-13 -2.6678063079145217e-14 0.7108212008920916 2879.089664807536 2.443004551768e-08 -1.1357024550916895e-15 7.967103705455015e-17 -1.2153734921462395e-15 -8.748713107307893e-13 2.1972013107665194e-05 7.967103705455015e-17 -1.2153734921462395e-15 7.967103705051276e-17 -1.2153734922813984e-15
374.15 20.955741843178057 -3.727793891316454 35.06786904815771 -346556.7884742071 2.2163816012193148e-05 24.526429017344743 23.93445181825839 24.526429017344764 28.357876438855126 341.5128285008733 400.0 1.5390137353586178e-14 -1.0817221158054925e-13 -2.1737731113989153e-14 0.7790055695585967 2852.987422838147 2.443004551768e-08 -8.918692955939193e-16 1.4008324932944684e-16 -1.031952544923365e-15 1.8334493570592038e-13 2.2163816012193148e-05 1.4008324932944684e-16 -1.031952544923365e-15 1.4008324932591748e-16 -1.0319525450279498e-15
387.72 20.974739871280228 -3.7328247666148107 35.9545334341478 -346222.54564950377 2.2353547049870082e-05 24.626405474085626 24.004917608513654 24.626405474085644 28.218346444377996 340.96012790058694 400.0 1.871619499434854e-14 -1.2855446877874302e-14 -1.4276386575867313e-14 0.8462250462962139 2822.580406076184 2.443004551768e-08 -4.576589453121387e-16 3.8296264385347876e-16 -8.406215891656161e-16 2.5333883527673923e-12 2.2353547049870082e-05 3.8296264385347876e-16 -8.406215891656161e-16 3.829626438505923e-16 -8.406215892431882e-16
401.54 20.994270181892077 -3.738076396731458 36.830132200058614 -345880.77134495607 2.2542113348411862e-05 24.721458836118668 24.069641707865102 24.72145883611867 28.074595113798576 340.3927924280374 400.0 2.173845371341082e-14 1.1008110872173183e-13 -5.122376371750833e-15 0.9130694096006543 2790.975559299051 -5.0898778367786225e-08 8.988261922443625e-17 7.307543792104562e-16 -6.408717599860194e-16 5.639237178548119e-12 2.2542113348411862e-05 7.307543792104562e-16 -6.408717599860194e-16 7.3075437920826e-16 -6.408717600394568e-16
415.59 21.014310824349717 -3.743544025313623 37.69365999983781 -345531.98042889405 2.2729990198852203e-05 24.812033024121828 24.129077092202085 24.81203302412182 27.92675867797687 339.81125051430325 400.0 2.500516779525444e-14 2.585007273822255e-13 5.217894105631374e-15 0.9781720420260867 2756.4287043308054 6.367041005242829e-09 7.31929425132599e-16 1.1849447916409512e-15 -4.530153665083541e-16 9.509928670324797e-12 2.2729990198852203e-05 1.1849447916409512e-15 -4.530153665083542e-16 1.1849447916393672e-15 -4.530153665431244e-16
429.89 21.03489729242498 -3.749238236880023 38.54661461369157 -345175.6923260924 2.2918057349666835e-05 24.898777968582046 24.183798173840554 24.898777968582028 27.774548941258338 339.2142755587758 400.0 2.794970382312334e-14 3.6486841573062535e-13 1.3392751336630655e-14 1.04616654492496 2731.1524916651815 9.831217951245158e-09 1.2166735701984358e-15 1.4825870417386842e-15 -2.6591347154024814e-16 1.2113353737883555e-11 2.2918057349666835e-05 1.4825870417386842e-15 -2.6591347154024814e-16 1.4825870417377691e-15 -2.659134715590632e-16
444.42 21.05600842464504 -3.7551538344377398 39.38807396485039 -344812.41704595805 2.3106983668344196e-05 24.98207835527517 24.23416658007953 24.98207835527514 27.618545520106082 338.602295037949 400.0 3.075551094316773e-14 6.604248198125845e-13 3.198626494610729e-14 1.1032952612597302 2685.2813922912446 1.1722544658073309e-08 2.43698708251282e-15 2.5186233904192118e-15 -8.163630790639112e-17 2.0197211264051598e-11 2.3106983668344196e-05 2.5186233904192118e-15 -8.163630790639112e-17 2.5186233904190414e-15 -8.163630791160805e-17
459.2 21.07767644090164 -3.761237414722053 40.21333475130014 -344438.2778238305 2.328006612885302e-05 25.06145533002227 24.280238083691486 25.06145533002222 27.478016399378106 338.079842859984 400.0 3.32300822327291e-14 9.133145972898119e-13 4.8492353319954924e-14 1.1622784625634424 2649.8277584685616 1.2400889921838242e-08 3.492464507109195e-15 3.4038154671405573e-15 8.864903996863883e-17 2.7031899631028188e-11 2.328006612885302e-05 3.4038154671405573e-15 8.864903996863883e-17 3.4038154671411363e-15 8.864903997388382e-17
474.22 21.09987322578977 -3.767492106195103 41.02243900733943 -344054.0660996524 2.343716835431499e-05 25.137237130089378 24.322427271389927 25.137237130089318 27.352238318345663 337.6407340001669 400.0 3.535489066034858e-14 1.0973062137015749e-12 6.107219291682754e-14 1.223924130581951 2626.3385337398136 1.2740202458151543e-08 4.28133072661011e-15 4.034852150804888e-15 2.464785758052203e-16 3.185288013458753e-11 2.343716835431499e-05 4.034852150804888e-15 2.464785758052203e-16 4.0348521508061836e-15 2.464785758186529e-16
489.48 21.122601303076433 -3.7739773099750478 41.82105122609241 -343662.886012139 2.35955245167323e-05 25.210759237408976 24.36142713626655 25.210759237408904 27.22340863697556 337.1916334033098 400.0 3.709857634402315e-14 1.2634124127997487e-12 7.285985363024144e-14 1.2867764664826857 2611.261786507212 1.3000874724183808e-08 5.005267742794086e-15 4.6124263262810925e-15 3.9284141651299206e-16 3.6114993329308336e-11 2.35955245167323e-05 4.6124263262810925e-15 3.9284141651299206e-16 4.612426326283119e-15 3.9284141653287135e-16
504.99 21.145882983069505 -3.780699983558754 42.60993902543364 -343264.50045129115 2.3754798243300466e-05 25.28231141150808 24.397539859013598 25.28231141150798 27.091087794080902 336.73198339249257 400.0 3.8459499485339783e-14 1.69511625779049e-12 9.974983992656665e-14 1.3331719541810834 2569.910848245024 1.3188037744003875e-08 6.755284106562701e-15 6.233798645280655e-15 5.214854612820459e-16 4.8126590060549694e-11 2.3754798243300466e-05 6.233798645280655e-15 5.214854612820459e-16 6.233798645283559e-15 5.214854613063629e-16
520.73 21.16969603235757 -3.7876540120040745 43.38834844216345 -342859.44061957585 2.3915461399710824e-05 25.352106898019052 24.43097128483788 25.35210689801894 26.955377136875164 336.26211200850076 400.0 3.939479988900196e-14 1.934092238400315e-12 1.1590071822111294e-13 1.3897970116406815 2555.009851931425 1.3342758690168353e-08 7.758041320415344e-15 7.12009446510397e-15 6.379468553113723e-16 5.452459258159254e-11 2.3915461399710824e-05 7.12009446510397e-15 6.379468553113723e-16 7.120094465107596e-15 6.379468553389986e-16
536.72 21.194079060278785 -3.7948507594878476 44.157528890843665 -342447.2069687256 2.4078076315957604e-05 25.420495597930067 24.46199186600474 25.42049559792993 26.816030700817656 335.7811516303824 400.0 3.9685442591375926e-14 2.2332859793258066e-12 1.357573196952434e-13 1.444143670184245 2541.618250981974 1.3470530021736152e-08 9.000987605158306e-15 8.260192458302724e-15 7.407951468555844e-16 6.2619406169747e-11 2.4078076315957604e-05 8.260192458302724e-15 7.407951468555844e-16 8.260192458307167e-15 7.407951468854796e-16
552.95 21.21902593121739 -3.802288355610334 44.9172353787482 -342028.0695043929 2.424297125948234e-05 25.48767989223667 24.49078541314329 25.487679892236514 26.67305618909014 335.28912183366793 400.0 4.001074216781854e-14 2.5839311147605636e-12 1.583309063509095e-13 1.49296749253708 2524.223867638758 1.3557648674162097e-08 1.0430206698297256e-14 9.604180169888726e-15 8.260265284085277e-16 7.230446805406453e-11 2.424297125948234e-05 9.604180169888726e-15 8.260265284085277e-16 9.604180169893852e-15 8.260265284395526e-16
569.42 21.244546181705896 -3.8099692870509063 45.66771986330281 -341602.03898354445 2.441054795253628e-05 25.55388829376156 24.51753822338613 25.55388829376137 26.526370886156535 334.78573625118474 400.0 3.9527895300592264e-14 3.0644551085135537e-12 1.8863009205477843e-13 1.5320418170301497 2496.0084090216446 1.3633301166292582e-08 1.235724168957969e-14 1.1455906819176266e-14 9.013348704034228e-16 8.581151260139161e-11 2.441054795253628e-05 1.1455906819176266e-14 9.01334870403423e-16 1.1455906819182132e-14 9.013348704351971e-16
586.14 21.27066566184839 -3.817900807063411 46.40966752747918 -341168.8648461726 2.458131309982902e-05 25.619373420619013 24.54243320396875 25.619373420618796 26.37579660180471 334.2703891104532 400.0 3.865876039943609e-14 3.4907925041966945e-12 2.1612813135359656e-13 1.577329424807574 2484.4790031676903 1.3702369515595405e-08 1.4087282256086106e-14 1.3123451251914962e-14 9.638310041711402e-16 9.763751201128173e-11 2.458131309982902e-05 1.3123451251914962e-14 9.638310041711402e-16 1.312345125192164e-14 9.63831004203168e-16
603.09 21.29736395169041 -3.826075882993429 47.142433600828 -340729.07200661994 2.4755465018574773e-05 25.68425784747095 24.565593527656013 25.684257847470704 26.221420613754848 333.7433893389608 400.0 3.714718864476223e-14 3.994602269575577e-12 2.47835013264845e-13 1.6157528418769767 2467.3874655642694 1.3744534881094386e-08 1.6104387319508168e-14 1.5105764373515318e-14 9.98622945992847e-16 1.1181120669645905e-10 2.4755465018574773e-05 1.5105764373515318e-14 9.98622945992847e-16 1.510576437352276e-14 9.986229460238021e-16
620.29 21.324684069768466 -3.8345066020900185 47.867121169179484 -340282.1464289578 2.493361554429762e-05 25.74880817079101 24.58718546299957 25.74880817079074 26.062962457268338 333.2037949051935 400.0 3.526758972283513e-14 4.408411234206416e-12 2.741246297092903e-13 1.6587239915564 2463.1889167509676 1.3780969501935228e-08 1.7765599987987396e-14 1.673537693219512e-14 1.0302230557922744e-15 1.2341444425533165e-10 2.493361554429762e-05 1.673537693219512e-14 1.0302230557922745e-15 1.6735376932203106e-14 1.0302230558225021e-15
637.72 21.352606486788797 -3.8431855937898813 48.583120457796824 -339828.6108372699 2.5115969304284857e-05 25.813129799351124 24.60730997403464 25.813129799350815 25.900502329685075 332.6519017528097 400.0 3.2779104781378e-14 4.945170014559517e-12 3.079703215160774e-13 1.6965156923855176 2456.008086792954 1.3814453949336105e-08 1.991070951117336e-14 1.887096840515996e-14 1.0397411060133958e-15 1.385376952011357e-10 2.5115969304284857e-05 1.887096840515996e-14 1.0397411060133958e-15 1.8870968405168722e-14 1.0397411060421545e-15
655.4 21.381176251384648 -3.8521252403206754 49.29148166145707 -339367.9460992562 2.5303156921911793e-05 25.87746943324468 24.62610493515923 25.87746943324433 25.733743600339697 332.0867217663263 400.0 2.859437925662096e-14 5.613138608582597e-12 3.4916953527515815e-13 1.7221975546999244 2435.8932500196115 1.3834881849183836e-08 2.2540963882235724e-14 2.1514825518498072e-14 1.0261383637376508e-15 1.5765776239277556e-10 2.5303156921911793e-05 2.1514825518498072e-14 1.0261383637376516e-15 2.1514825518507516e-14 1.0261383637642676e-15
673.32 21.410391238142513 -3.8613230189341654 49.99201291089399 -338900.4117713009 2.5495508143356408e-05 25.94195659858775 24.64366288358447 25.941956598587367 25.56266216306581 331.50820634997353 400.0 2.4275230430855088e-14 6.1282599510869246e-12 3.813115022453053e-13 1.7614621493449307 2440.8277758783647 1.3847348830758688e-08 2.459375634330208e-14 2.3592826043111693e-14 1.0009303001903865e-15 1.7220657179044543e-10 2.5495508143356408e-05 2.3592826043111693e-14 1.0009303001903865e-15 2.3592826043121794e-14 1.0009303002148723e-15
691.49 21.440282663344078 -3.8707865901921523 50.68531065412636 -338425.74425611034 2.5693582428513516e-05 26.00678874750752 24.66008781269491 26.006788747507105 25.38703698751002 330.9156425965166 400.0 2.1428726398616065e-14 6.622899437108457e-12 4.114991861980834e-13 1.7984652133484171 2446.7218575175693 1.3846780239562167e-08 2.6541885655626626e-14 2.5581789156031695e-14 9.600964995949359e-16 1.8634671197572064e-10 2.5693582428513516e-05 2.5581789156031695e-14 9.600964995949359e-16 2.5581789156042184e-14 9.600964996171202e-16
709.89 21.47083324081606 -3.8805079510443017 51.37082693011507 -337944.4621213908 2.5897630547454988e-05 26.072053001337217 24.67544865609357 26.07205300133677 25.206930143873304 330.30927727231756 400.0 1.6083291399203165e-14 7.24246561392408e-12 4.4857657558420937e-13 1.8266347854570057 2444.2301343994554 1.3831002011847839e-08 2.8966401064452466e-14 2.805471241593131e-14 9.11688648521155e-16 2.0418623970421696e-10 2.5897630547454988e-05 2.805471241593131e-14 9.116886485211547e-16 2.8054712415942256e-14 9.116886485412476e-16
728.54 21.50209278503588 -3.890500082452314 52.049518142392806 -337456.0366208401 2.610836637186077e-05 26.137976753473357 24.68984166771178 26.13797675347287 25.022006596325447 329.6880235115079 400.0 9.88163237174042e-15 7.839535469477936e-12 4.840541736353592e-13 1.8584215885974882 2450.502995131363 1.3810592292165433e-08 3.1303525898622285e-14 3.0465248270084327e-14 8.382776285379602e-16 2.2136590619262814e-10 2.610836637186077e-05 3.0465248270084327e-14 8.382776285379596e-16 3.0465248270095737e-14 8.382776285554098e-16
747.43 21.534062438856136 -3.90076015681797 52.72121460667607 -336960.72181757726 2.632619906217135e-05 26.204680086795424 24.703330948116857 26.204680086794898 24.83221571830049 329.0517570705231 400.0 4.3538615762888084e-15 8.494249529551787e-12 5.220559223371767e-13 1.8846697664509666 2452.8065046249217 1.377479955833649e-08 3.3848804280005115e-14 3.309297253413005e-14 7.558317458750642e-16 2.403417860165022e-10 2.632619906217135e-05 3.309297253413005e-14 7.558317458750636e-16 3.309297253414183e-14 7.558317458900344e-16
766.56 21.566761008178062 -3.9112905994192557 53.38611965577244 -336458.50861947186 2.655167899894036e-05 26.27231906280773 24.715983112045606 26.272319062807174 24.637400345782726 328.3999995434182 400.0 -3.522806399338805e-16 9.076914687034429e-12 5.550574594997114e-13 1.9131546505071353 2461.1487140056743 1.3733492181835944e-08 3.609678741742486e-14 3.543354768657022e-14 6.632397308546321e-16 2.573546371760489e-10 2.655167899894036e-05 3.543354768657022e-14 6.632397308546325e-16 3.54335476865822e-14 6.632397308672139e-16
785.93 21.600208524097145 -3.922093845305866 54.044432868569146 -335949.3861457499 2.67853926025563e-05 26.34105146610759 24.72785919011087 26.341051466106997 24.437393325266093 327.7322437585919 400.0 -8.058714696400389e-15 9.771057254897641e-12 5.949776708080819e-13 1.9450236844474962 2476.190261304104 1.369275776924688e-08 3.880800652673308e-14 3.825995694049183e-14 5.480495862412483e-16 2.7737257260941493e-10 2.67853926025563e-05 3.825995694049183e-14 5.480495862412477e-16 3.8259956940504364e-14 5.480495862510599e-16
805.54 21.634426341846854 -3.933172342217106 54.696350331704174 -335433.34167781484 2.702796768252971e-05 26.41103815430035 24.73901515367444 26.41103815429972 24.232016665832344 327.0479511217448 400.0 -1.530336385655588e-14 1.0416723117469347e-11 6.299088164554756e-13 1.97064397622876 2485.39450479908 1.3626669035163366e-08 4.128569233991871e-14 4.086011434560818e-14 4.2557799431052474e-16 2.963280596253776e-10 2.702796768252971e-05 4.086011434560818e-14 4.2557799431052474e-16 4.086011434562089e-14 4.2557799431775465e-16
825.39 21.66943725151664 -3.9445285536862524 55.34206491904318 -334910.3605957123 2.7280079320575305e-05 26.482444464011436 24.7495023856013 26.482444464010772 24.021080684391986 326.3465486768163 400.0 -2.3896100250611053e-14 1.1011253930119728e-11 6.617164753571598e-13 2.00250991024883 2503.650511444913 1.3564690917727414e-08 4.356860334014189e-14 4.326886940184617e-14 2.997339382957186e-16 3.1377040060828724e-10 2.7280079320575305e-05 4.326886940184617e-14 2.997339382957186e-16 4.326886940185903e-14 2.997339383006405e-16
845.49 21.70528353683815 -3.956170789863467 55.9820816587917 -334380.16236172756 2.754258913191075e-05 26.55547825095303 24.75937283803184 26.555478250952337 23.804274188114793 325.62706552267406 400.0 -3.094696820078122e-14 1.1576832377475215e-11 6.902185699393048e-13 2.0340354168260166 2522.158688336965 1.3482692158296224e-08 4.572162040927459e-14 4.5563034298562023e-14 1.5858611071257427e-16 3.3050151908885864e-10 2.754258913191075e-05 4.5563034298562023e-14 1.5858611071257427e-16 4.556303429857492e-14 1.5858611071503355e-16
865.83 21.741973728632846 -3.9680958695664192 56.61625983941072 -333842.99160235916 2.7816163381990563e-05 26.630282828568248 24.76866455064211 26.630282828567527 23.581486015671896 324.88920026944714 400.0 -4.0274146512288676e-14 1.2178952031028942e-11 7.210256872903752e-13 2.065765330097747 2541.094053322824 1.3411341630273184e-08 4.801645622071127e-14 4.800155113787375e-14 1.490508283751973e-17 3.4830031797015363e-10 2.7816163381990563e-05 4.800155113787375e-14 1.490508283751973e-17 4.800155113788678e-14 1.4905082837741795e-17
886.41 21.77953575841537 -3.9801509399603336 57.24207340673958 -333286.239041335 2.810166401699476e-05 26.706913101200943 24.777284000533577 26.706913101200193 23.35248430994477 324.26329928267535 400.0 -4.7834012960622556e-14 1.2714450234823618e-11 7.499770074293853e-13 2.099628741367223 2561.919773624018 1.3386312703999978e-08 5.003784253100781e-14 5.0171548415093637e-14 -1.3370588408581627e-16 3.642745965319181e-10 2.810166401699476e-05 5.0171548415093637e-14 -1.3370588408581627e-16 5.017154841510661e-14 -1.3370588408773163e-16
907.23 21.817999594549164 -3.9924725853854097 57.86203884798786 -332720.8658768463 2.8400033260678915e-05 26.78569684509221 24.785396092609087 26.785696845091422 23.117020435859835 323.63626225926123 400.0 -5.743509591128732e-14 1.3276415749174982e-11 7.919704791919267e-13 2.1328917012107818 2581.6919193681056 1.356119710971194e-08 5.215819551033613e-14 5.244123355995817e-14 -2.830380496220431e-16 3.810529549586965e-10 2.8400033260678915e-05 5.244123355995817e-14 -2.830380496220435e-16 5.244123355997115e-14 -2.8303804962593253e-16
928.29 21.857397444170672 -4.005080472064244 58.47663639663995 -332148.2427138081 2.8712305161611074e-05 26.866862091028963 24.79304962676534 26.86686209102807 22.87482735279801 322.9929753235457 400.0 -6.654770987468448e-14 1.373414961116432e-11 8.9275668970401e-13 2.1732593795051405 2608.8527707509643 1.4801515446190202e-08 5.386895159194101e-14 5.42920462977179e-14 -4.2309470577688706e-16 3.948410729175286e-10 2.8712305161611074e-05 5.42920462977179e-14 -4.2309470577688667e-16 5.429204629773074e-14 -4.2309470578242343e-16
949.6 21.8977830599323 -4.017983167224826 59.086328135939375 -331568.0631443688 2.903977551294824e-05 26.9506771597853 24.80027862156859 26.95067715978409 22.625499709849148 322.3324514479477 400.0 -7.534185105118436e-14 1.416543020497458e-11 1.2126569987998677e-12 2.2126625176344765 2649.2266850769092 1.952693617218941e-08 5.546454616728112e-14 5.60188995124728e-14 -5.543533451916904e-16 4.0795816044164225e-10 2.903977551294824e-05 5.60188995124728e-14 -5.5435334519169e-16 5.601889951248547e-14 -5.543533451987742e-16
971.15 21.939175294991987 -4.0311772298911315 59.69099778854127 -330980.56135828554 2.9383560161513786e-05 27.037351594119297 24.80710777648024 27.03735159411718 22.368841419941617 321.6542666285849 400.0 -8.231816751782332e-14 1.4494202491047417e-11 2.117300661065572e-12 2.250368881885575 2817.501544033026 3.339151470294232e-08 5.663149231497202e-14 5.730056213770317e-14 -6.690698227311438e-16 4.1834722678310507e-10 2.9383560161513786e-05 5.730056213770317e-14 -6.690698227311438e-16 5.730056213771547e-14 -6.690698227397381e-16
992.93 21.981595010512446 -4.044658986907396 60.29055072249701 -330385.96913501393 2.9744890742775e-05 27.12711350873349 24.813560549276673 27.127113508724417 22.104639823314525 320.9579580637338 400.0 -8.759229380360388e-14 1.4721609050551153e-11 9.075531603693542e-12 2.309205320534925 2958.2850805150883 1.4110132114083552e-07 5.744504661532078e-14 5.800115729985472e-14 -5.561106845339417e-16 4.2546966210681647e-10 2.9744890742775e-05 5.800115729985472e-14 -5.56110684533942e-16 5.80011572998666e-14 -5.561106845432358e-16
1014.97 22.025144908506903 -4.058449703782795 60.88598317027707 -329783.4212234625 3.0125837707473593e-05 27.220384066093512 24.819669902668437 27.220384066056745 21.83216467043156 320.24170919470475 400.0 -9.592612410650643e-14 1.5429650817869002e-11 3.6766470990524476e-11 2.367278507200383 3103.218399319441 5.451438616257532e-07 6.023548519671257e-14 5.994351718247111e-14 2.919680142414517e-16 4.4571998979199307e-10 3.0125837707473593e-05 5.994351718247111e-14 2.919680142414521e-16 5.994351718248313e-14 2.9196801423302846e-16
1037.24 22.069813778128122 -4.072533355581913 61.4766559175469 -329173.6867991827 3.052764221266657e-05 27.317364299875393 24.825449820678568 27.317364299751024 21.551389222802275 319.5055647261688 400.0 -9.769300964791786e-14 1.7023536798519097e-11 1.2436805485430638e-10 2.4340274946537637 2864.4336087586726 1.6609073281162777e-06 6.687673058023361e-14 6.2932221589644e-14 3.944508990589595e-15 4.887420249411822e-10 3.052764221266657e-05 6.2932221589644e-14 3.944508990589595e-15 6.293222158965677e-14 3.944508990597725e-15
1059.75 22.115673111130977 -4.08691886934424 62.06302187818666 -328556.4370207656 3.095244334853296e-05 27.41845847613307 24.830924110127384 27.418458475807345 21.261762009695378 318.74819868598826 400.0 -1.0318250436981326e-13 2.2001900262080664e-11 3.2572402596353697e-10 2.490286640240792 2312.5967185762343 3.3028441408873517e-06 8.807918892436466e-14 7.34359494663656e-14 1.4643239457999062e-14 6.201306543543101e-10 3.095244334853296e-05 7.34359494663656e-14 1.4643239457999062e-14 7.343594946638249e-14 1.4643239458125397e-14
1082.51 22.162800444285708 -4.101615504790905 62.645517104908606 -327931.3354870573 3.1402661257855176e-05 27.52411720773915 24.83611442188826 27.52411720703214 20.96268173545265 317.9681693066674 400.0 -1.0539132290131675e-13 3.331504792364532e-11 7.070067484524521e-10 2.5344791047172395 1591.9965529096744 4.597117638952622e-06 1.373566007938706e-13 9.721778771271981e-14 4.01388130811508e-14 9.119899717078726e-10 3.1402661257855176e-05 9.721778771271981e-14 4.013881308115081e-14 9.721778771274935e-14 4.0138813081881173e-14
1105.5 22.211216454917647 -4.116613191925491 63.223815191904194 -327298.8633378542 3.18804508225584e-05 27.634706423648456 24.84103427186876 27.634706422302283 20.653897964392712 317.1649613770955 400.0 -1.1012680770069656e-13 5.602521589896621e-11 1.3461738655045879e-09 2.5635988143544406 1012.066704766911 5.045783644859304e-06 2.382780970496727e-13 1.4646259157075885e-13 9.181550547891382e-14 1.4861477096346728e-09 3.18804508225584e-05 1.4646259157075885e-13 9.181550547891381e-14 1.464625915708262e-13 9.181550548214024e-14
1128.74 22.261031542656784 -4.131927907689795 63.79860887970009 -326658.3946824739 3.238902106902055e-05 27.75082036389014 24.845704770686005 27.75082036148549 20.33457785230894 316.33655579875204 400.0 -1.240280499566258e-13 9.742350222643416e-11 2.4046454133102974e-09 2.5812548385682508 645.3751918376364 5.041234012449481e-06 4.2601587206174403e-13 2.3880936154902336e-13 1.8720651051272064e-13 2.511265259015545e-09 3.238902106902055e-05 2.3880936154902336e-13 1.8720651051272066e-13 2.388093615492003e-13 1.8720651052477042e-13
1152.22 22.312300180992857 -4.14755618972318 64.36983934094235 -326010.12016638217 3.2931825244937206e-05 27.873059309272822 24.850139391958706 27.873059305110694 20.004231533389163 315.48184124192153 400.0 -1.4705907384586823e-13 1.6950461387567245e-10 4.162127119603026e-09 2.5918221075415886 424.3514844798393 4.892987706308814e-06 7.597186861954249e-13 4.0346534149494625e-13 3.562533447004786e-13 4.258232282785781e-09 3.2931825244937206e-05 4.0346534149494625e-13 3.562533447004786e-13 4.034653414954392e-13 3.562533447409033e-13
1175.94 22.365105835387972 -4.163501178655542 64.93770789665714 -325353.9457805964 3.351140150635769e-05 28.001855738584677 24.854352757857647 28.00185573152515 19.6621694665508 314.5992030932951 400.0 -1.896906283087515e-13 2.920142388352792e-10 7.059528716847032e-09 2.5978249049656674 297.2771550127156 4.70987333372157e-06 1.3386840056812764e-12 6.897164124532281e-13 6.489675932280482e-13 7.163923468833366e-09 3.351140150635769e-05 6.897164124532281e-13 6.489675932280482e-13 6.897164124546187e-13 6.489675933543776e-13
