#T volume alpha alpha_xx alpha_yy alpha_zz alpha_yz alpha_zx alpha_xz alpha_zx alpha_xy alpha_yx
0.0  20.657548   0.0000e+00  -9.0636e-14  -9.0636e-14  -9.0636e-14  -2.3666e-30  -2.3666e-30  -2.3666e-30   2.3666e-30   2.3666e-30   2.3666e-30
0.06  20.657548  -1.9189e-15  -1.9531e-14  -1.9531e-14  -1.9531e-14   5.3153e-32   5.3153e-32   5.3153e-32  -5.3153e-32  -5.3153e-32  -5.3153e-32
0.15  20.657548   2.6865e-15   1.7119e-14   1.7119e-14   1.7119e-14   3.7459e-31   3.7459e-31   3.7459e-31  -3.7459e-31  -3.7459e-31  -3.7459e-31
0.27  20.657548   2.7718e-14   2.8552e-14   2.8552e-14   2.8552e-14   1.2448e-30   1.2448e-30   1.2448e-30  -1.2448e-30  -1.2448e-30  -1.2448e-30
0.43  20.657548   1.1085e-13   1.0609e-13   1.0609e-13   1.0609e-13  -1.1004e-30  -1.1004e-30  -1.1004e-30   1.1004e-30   1.1004e-30   1.1004e-30
0.61  20.657548   3.1954e-13   3.1641e-13   3.1641e-13   3.1641e-13  -1.3185e-30  -1.3185e-30  -1.3185e-30   1.3185e-30   1.3185e-30   1.3185e-30
0.83  20.657548   8.0268e-13   8.0423e-13   8.0423e-13   8.0423e-13  -5.4103e-29   6.8392e-29  -5.4103e-29   4.3343e-29   4.3343e-29   4.3343e-29
1.09  20.657548   1.8180e-12   1.8207e-12   1.8207e-12   1.8207e-12   9.0972e-29   9.0972e-29   9.0972e-29  -9.0972e-29  -9.0972e-29  -9.0972e-29
1.37  20.657548   3.6095e-12   3.5937e-12   3.5937e-12   3.5937e-12  -3.5843e-29  -3.5843e-29  -3.5843e-29   3.5843e-29   3.5843e-29   3.5843e-29
1.69  20.657548   6.7753e-12   6.8239e-12   6.8239e-12   6.8239e-12  -7.7811e-30  -7.7811e-30  -7.7811e-30   7.7811e-30   7.7811e-30   7.7811e-30
2.04  20.657548   1.1917e-11   1.1719e-11   1.1719e-11   1.1719e-11  -1.2311e-27  -2.5381e-28  -1.2311e-27   2.5381e-28   1.1463e-27   1.1463e-27
2.42  20.657548   1.9894e-11   2.0668e-11   2.0668e-11   2.0668e-11  -6.3493e-28  -6.3493e-28  -6.3493e-28   6.3493e-28   6.3493e-28   6.3493e-28
2.84  20.657548   3.2154e-11   2.9115e-11   2.9115e-11   2.9115e-11   4.6946e-28   4.6946e-28   4.6946e-28  -4.6946e-28  -4.6946e-28  -4.6946e-28
3.28  20.657548   4.4690e-11   5.0258e-11   5.0258e-11   5.0258e-11  -1.5874e-27  -1.5874e-27  -1.5874e-27   1.5874e-27   1.5874e-27   1.5874e-27
3.76  20.657548   7.7435e-11   8.0997e-11   8.0997e-11   8.0997e-11  -3.8614e-28  -3.8614e-28  -3.8614e-28   3.8614e-28   3.8614e-28   3.8614e-28
4.28  20.657548   1.1646e-10   1.1548e-10   1.1548e-10   1.1548e-10  -1.8433e-27  -1.8433e-27  -1.8433e-27   1.8433e-27   1.8433e-27   1.8433e-27
4.82  20.657548   1.7000e-10   1.7027e-10   1.7027e-10   1.7027e-10  -4.7078e-27  -4.7078e-27  -4.7078e-27   4.7078e-27   4.7078e-27   4.7078e-27
5.4  20.657548   2.4482e-10   2.4475e-10   2.4475e-10   2.4475e-10   1.2714e-26   1.2714e-26   1.2714e-26  -1.2714e-26  -1.2714e-26  -1.2714e-26
6.01  20.657548   3.4592e-10   3.4593e-10   3.4593e-10   3.4593e-10   7.2760e-28   7.2760e-28   7.2760e-28  -7.2760e-28  -7.2760e-28  -7.2760e-28
6.65  20.657548   4.8033e-10   4.8032e-10   4.8032e-10   4.8032e-10  -3.9465e-26   3.3695e-26  -3.9465e-26   5.4584e-26   5.4584e-26   5.4584e-26
7.32  20.657548   6.5652e-10   6.5651e-10   6.5651e-10   6.5651e-10  -4.4960e-26   5.5036e-26  -4.4960e-26   4.6660e-26   4.6660e-26   4.6660e-26
8.03  20.657548   8.8826e-10   8.8825e-10   8.8825e-10   8.8825e-10   1.1453e-26   1.1453e-26   1.1453e-26  -1.1453e-26  -1.1453e-26  -1.1453e-26
8.77  20.657548   1.1859e-09   1.1859e-09   1.1859e-09   1.1859e-09  -4.2285e-26  -4.2285e-26  -4.2285e-26   4.2285e-26   4.2285e-26   4.2285e-26
9.54  20.657548   1.5650e-09   1.5650e-09   1.5650e-09   1.5650e-09  -4.6409e-26  -4.6409e-26  -4.6409e-26   4.6409e-26   4.6409e-26   4.6409e-26
10.34  20.657549   2.0457e-09   2.0456e-09   2.0456e-09   2.0456e-09   3.5380e-26   3.5380e-26   3.5380e-26  -3.5380e-26  -3.5380e-26  -3.5380e-26
11.18  20.657549   2.6629e-09   2.6628e-09   2.6628e-09   2.6628e-09   7.3211e-26   7.3211e-26   7.3211e-26  -7.3211e-26  -7.3211e-26  -7.3211e-26
12.05  20.657549   3.4512e-09   3.4511e-09   3.4511e-09   3.4511e-09   3.6283e-26   3.6283e-26   3.6283e-26  -3.6283e-26  -3.6283e-26  -3.6283e-26
12.95  20.657549   4.4718e-09   4.4716e-09   4.4716e-09   4.4716e-09   6.9198e-26   6.9198e-26   6.9198e-26  -6.9198e-26  -6.9198e-26  -6.9198e-26
13.89  20.657549   5.8376e-09   5.8373e-09   5.8373e-09   5.8373e-09   1.8593e-25   1.8593e-25   1.8593e-25  -1.8593e-25  -1.8593e-25  -1.8593e-25
14.85  20.657550   7.6725e-09   7.6719e-09   7.6719e-09   7.6719e-09  -5.8656e-26  -5.8656e-26  -5.8656e-26   5.8656e-26   5.8656e-26   5.8656e-26
15.85  20.657550   1.0253e-08   1.0252e-08   1.0252e-08   1.0252e-08  -2.7213e-25  -2.7213e-25  -2.7213e-25   2.7213e-25   2.7213e-25   2.7213e-25
16.88  20.657551   1.3917e-08   1.3916e-08   1.3916e-08   1.3916e-08  -1.8382e-25  -1.8382e-25  -1.8382e-25   1.8382e-25   1.8382e-25   1.8382e-25
17.95  20.657552   1.9226e-08   1.9225e-08   1.9225e-08   1.9225e-08   7.9643e-25   7.9643e-25   7.9643e-25  -7.9643e-25  -7.9643e-25  -7.9643e-25
19.04  20.657554   2.6770e-08   2.6769e-08   2.6769e-08   2.6769e-08  -4.1103e-28  -4.1103e-28  -4.1103e-28   4.1103e-28   4.1103e-28   4.1103e-28
20.17  20.657556   3.7594e-08   3.7593e-08   3.7593e-08   3.7593e-08   8.3904e-25   8.3904e-25   8.3904e-25  -8.3904e-25  -8.3904e-25  -8.3904e-25
21.33  20.657559   5.2775e-08   5.2775e-08   5.2775e-08   5.2775e-08  -7.4331e-25  -7.4331e-25  -7.4331e-25   7.4331e-25   7.4331e-25   7.4331e-25
22.52  20.657564   7.3682e-08   7.3681e-08   7.3681e-08   7.3681e-08  -1.1097e-24  -1.1097e-24  -1.1097e-24   1.1097e-24   1.1097e-24   1.1097e-24
23.75  20.657570   1.0216e-07   1.0216e-07   1.0216e-07   1.0216e-07   8.4329e-25   8.4329e-25   8.4329e-25  -8.4329e-25  -8.4329e-25  -8.4329e-25
25.01  20.657580   1.3988e-07   1.3988e-07   1.3988e-07   1.3988e-07  -1.1877e-23  -3.8070e-24  -1.1877e-23   3.8070e-24   1.4459e-23   1.4459e-23
26.3  20.657593   1.8879e-07   1.8879e-07   1.8879e-07   1.8879e-07  -1.3633e-23   1.8871e-24  -1.3633e-23  -1.8871e-24   1.2490e-23   1.2490e-23
27.62  20.657611   2.5095e-07   2.5096e-07   2.5096e-07   2.5096e-07  -1.0273e-23   2.7951e-23  -1.0273e-23   1.7630e-23   1.7630e-23   1.7630e-23
28.98  20.657635   3.2911e-07   3.2911e-07   3.2911e-07   3.2911e-07   3.0322e-24   3.0322e-24   3.0322e-24  -3.0322e-24  -3.0322e-24  -3.0322e-24
30.37  20.657668   4.2492e-07   4.2492e-07   4.2492e-07   4.2492e-07  -1.0626e-23  -1.0626e-23  -1.0626e-23   1.0626e-23   1.0626e-23   1.0626e-23
31.79  20.657710   5.4038e-07   5.4038e-07   5.4038e-07   5.4038e-07  -1.4108e-23  -1.4108e-23  -1.4108e-23   1.4108e-23   1.4108e-23   1.4108e-23
33.24  20.657764   6.7730e-07   6.7730e-07   6.7730e-07   6.7730e-07  -1.5050e-23  -1.5050e-23  -1.5050e-23   1.5050e-23   1.5050e-23   1.5050e-23
34.73  20.657834   8.3841e-07   8.3841e-07   8.3841e-07   8.3841e-07   1.7347e-23   1.7347e-23   1.7347e-23  -1.7347e-23  -1.7347e-23  -1.7347e-23
36.24  20.657921   1.0229e-06   1.0229e-06   1.0229e-06   1.0229e-06   2.3533e-23   2.3533e-23   2.3533e-23  -2.3533e-23  -2.3533e-23  -2.3533e-23
37.79  20.658029   1.2341e-06   1.2341e-06   1.2341e-06   1.2341e-06   5.6896e-25   5.6896e-25   5.6896e-25  -5.6896e-25  -5.6896e-25  -5.6896e-25
39.38  20.658163   1.4731e-06   1.4731e-06   1.4731e-06   1.4731e-06   1.0119e-23   1.0119e-23   1.0119e-23  -1.0119e-23  -1.0119e-23  -1.0119e-23
40.99  20.658323   1.7371e-06   1.7371e-06   1.7371e-06   1.7371e-06  -3.2627e-23  -3.2627e-23  -3.2627e-23   3.2627e-23   3.2627e-23   3.2627e-23
42.64  20.658515   2.0294e-06   2.0294e-06   2.0294e-06   2.0294e-06  -4.4481e-23  -4.4481e-23  -4.4481e-23   4.4481e-23   4.4481e-23   4.4481e-23
44.32  20.658743   2.3479e-06   2.3479e-06   2.3479e-06   2.3479e-06  -9.6397e-23  -9.6397e-23  -9.6397e-23   9.6397e-23   9.6397e-23   9.6397e-23
46.03  20.659010   2.6917e-06   2.6917e-06   2.6917e-06   2.6917e-06  -1.0293e-22  -1.0293e-22  -1.0293e-22   1.0293e-22   1.0293e-22   1.0293e-22
47.78  20.659321   3.0618e-06   3.0618e-06   3.0618e-06   3.0618e-06  -3.8528e-23  -3.8528e-23  -3.8528e-23   3.8528e-23   3.8528e-23   3.8528e-23
49.55  20.659679   3.4528e-06   3.4528e-06   3.4528e-06   3.4528e-06   9.9498e-23   9.9498e-23   9.9498e-23  -9.9498e-23  -9.9498e-23  -9.9498e-23
51.36  20.660089   3.8673e-06   3.8673e-06   3.8673e-06   3.8673e-06  -1.0110e-22   4.8797e-22  -1.0110e-22   2.3008e-22   2.3008e-22   2.3008e-22
53.21  20.660557   4.3038e-06   4.3038e-06   4.3038e-06   4.3038e-06  -4.6155e-23  -4.6155e-23  -4.6155e-23   4.6155e-23   4.6155e-23   4.6155e-23
55.08  20.661082   4.7555e-06   4.7555e-06   4.7555e-06   4.7555e-06  -1.1026e-22  -1.1026e-22  -1.1026e-22   1.1026e-22   1.1026e-22   1.1026e-22
56.99  20.661673   5.2253e-06   5.2253e-06   5.2253e-06   5.2253e-06  -3.3729e-22   4.5865e-22  -3.3729e-22   3.6283e-22   3.6283e-22   3.6283e-22
58.93  20.662330   5.7086e-06   5.7086e-06   5.7086e-06   5.7086e-06   1.7571e-22   1.7571e-22   1.7571e-22  -1.7571e-22  -1.7571e-22  -1.7571e-22
60.9  20.663058   6.2033e-06   6.2033e-06   6.2033e-06   6.2033e-06  -2.0030e-22  -2.0030e-22  -2.0030e-22   2.0030e-22   2.0030e-22   2.0030e-22
62.91  20.663862   6.7098e-06   6.7098e-06   6.7098e-06   6.7098e-06  -1.9435e-22  -1.9435e-22  -1.9435e-22   1.9435e-22   1.9435e-22   1.9435e-22
64.94  20.664739   7.2209e-06   7.2209e-06   7.2209e-06   7.2209e-06  -7.1952e-22   3.8045e-22  -7.1952e-22   5.9305e-22   5.9305e-22   5.9305e-22
67.01  20.665699   7.7397e-06   7.7397e-06   7.7397e-06   7.7397e-06  -2.7066e-22  -2.7066e-22  -2.7066e-22   2.7066e-22   2.7066e-22   2.7066e-22
69.11  20.666741   8.2617e-06   8.2617e-06   8.2617e-06   8.2617e-06  -4.7858e-22   7.7998e-22  -4.7858e-22   6.9633e-22   6.9633e-22   6.9633e-22
71.25  20.667872   8.7876e-06   8.7876e-06   8.7876e-06   8.7876e-06  -5.0874e-23  -5.0874e-23  -5.0874e-23   5.0874e-23   5.0874e-23   5.0874e-23
73.41  20.669084   9.3108e-06   9.3108e-06   9.3108e-06   9.3108e-06  -2.6250e-22  -2.6250e-22  -2.6250e-22   2.6250e-22   2.6250e-22   2.6250e-22
75.61  20.670390   9.8345e-06   9.8345e-06   9.8345e-06   9.8345e-06  -4.2152e-22  -4.2152e-22  -4.2152e-22   4.2152e-22   4.2152e-22   4.2152e-22
77.85  20.671792   1.0357e-05   1.0357e-05   1.0357e-05   1.0357e-05  -5.9122e-23  -5.9122e-23  -5.9122e-23   5.9122e-23   5.9122e-23   5.9122e-23
80.11  20.673280   1.0873e-05   1.0873e-05   1.0873e-05   1.0873e-05   2.4029e-22   2.4029e-22   2.4029e-22  -2.4029e-22  -2.4029e-22  -2.4029e-22
82.41  20.674868   1.1385e-05   1.1385e-05   1.1385e-05   1.1385e-05  -1.2006e-21   5.3396e-22  -1.2006e-21   1.1803e-21   1.1803e-21   1.1803e-21
84.74  20.676550   1.1890e-05   1.1890e-05   1.1890e-05   1.1890e-05  -2.6514e-22  -2.6514e-22  -2.6514e-22   2.6514e-22   2.6514e-22   2.6514e-22
87.1  20.678327   1.2387e-05   1.2387e-05   1.2387e-05   1.2387e-05  -3.1932e-22  -3.1932e-22  -3.1932e-22   3.1932e-22   3.1932e-22   3.1932e-22
89.49  20.680200   1.2876e-05   1.2876e-05   1.2876e-05   1.2876e-05  -3.7822e-22  -3.7822e-22  -3.7822e-22   3.7822e-22   3.7822e-22   3.7822e-22
91.92  20.682178   1.3357e-05   1.3357e-05   1.3357e-05   1.3357e-05   3.7554e-22   3.7554e-22   3.7554e-22  -3.7554e-22  -3.7554e-22  -3.7554e-22
94.38  20.684253   1.3829e-05   1.3829e-05   1.3829e-05   1.3829e-05   2.0662e-23   2.0662e-23   2.0662e-23  -2.0662e-23  -2.0662e-23  -2.0662e-23
96.87  20.686426   1.4290e-05   1.4290e-05   1.4290e-05   1.4290e-05   1.4264e-22   1.4264e-22   1.4264e-22  -1.4264e-22  -1.4264e-22  -1.4264e-22
99.39  20.688696   1.4740e-05   1.4740e-05   1.4740e-05   1.4740e-05  -8.4980e-25  -8.4980e-25  -8.4980e-25   8.4980e-25   8.4980e-25   8.4980e-25
101.95  20.691073   1.5181e-05   1.5181e-05   1.5181e-05   1.5181e-05  -1.8678e-22  -1.8678e-22  -1.8678e-22   1.8678e-22   1.8678e-22   1.8678e-22
104.54  20.693549   1.5610e-05   1.5610e-05   1.5610e-05   1.5610e-05   4.5217e-22   4.5217e-22   4.5217e-22  -4.5217e-22  -4.5217e-22  -4.5217e-22
107.16  20.696122   1.6028e-05   1.6028e-05   1.6028e-05   1.6028e-05  -4.6325e-22  -4.6325e-22  -4.6325e-22   4.6325e-22   4.6325e-22   4.6325e-22
109.81  20.698793   1.6434e-05   1.6434e-05   1.6434e-05   1.6434e-05  -5.8843e-22  -5.8843e-22  -5.8843e-22   5.8843e-22   5.8843e-22   5.8843e-22
112.5  20.701572   1.6831e-05   1.6831e-05   1.6831e-05   1.6831e-05  -7.4383e-22  -7.4383e-22  -7.4383e-22   7.4383e-22   7.4383e-22   7.4383e-22
115.21  20.704437   1.7214e-05   1.7214e-05   1.7214e-05   1.7214e-05  -1.9490e-21   6.7494e-22  -1.9490e-21   6.3702e-22   6.3702e-22   6.3702e-22
117.96  20.707410   1.7587e-05   1.7587e-05   1.7587e-05   1.7587e-05  -3.3787e-22  -3.3787e-22  -3.3787e-22   3.3787e-22   3.3787e-22   3.3787e-22
120.75  20.710490   1.7950e-05   1.7950e-05   1.7950e-05   1.7950e-05  -7.3394e-22  -7.3394e-22  -7.3394e-22   7.3394e-22   7.3394e-22   7.3394e-22
123.56  20.713655   1.8301e-05   1.8301e-05   1.8301e-05   1.8301e-05  -4.7233e-22  -4.7233e-22  -4.7233e-22   4.7233e-22   4.7233e-22   4.7233e-22
126.41  20.716927   1.8641e-05   1.8641e-05   1.8641e-05   1.8641e-05   1.6295e-22   1.6295e-22   1.6295e-22  -1.6295e-22  -1.6295e-22  -1.6295e-22
129.29  20.720293   1.8971e-05   1.8971e-05   1.8971e-05   1.8971e-05  -2.5548e-22  -2.5548e-22  -2.5548e-22   2.5548e-22   2.5548e-22   2.5548e-22
132.21  20.723766   1.9291e-05   1.9291e-05   1.9291e-05   1.9291e-05   6.7590e-23   6.7590e-23   6.7590e-23  -6.7590e-23  -6.7590e-23  -6.7590e-23
135.15  20.727321   1.9599e-05   1.9599e-05   1.9599e-05   1.9599e-05  -6.6466e-22  -6.6466e-22  -6.6466e-22   6.6466e-22   6.6466e-22   6.6466e-22
138.13  20.730981   1.9898e-05   1.9898e-05   1.9898e-05   1.9898e-05  -8.3896e-22  -8.3896e-22  -8.3896e-22   8.3896e-22   8.3896e-22   8.3896e-22
141.14  20.734733   2.0187e-05   2.0187e-05   2.0187e-05   2.0187e-05  -1.0162e-21   3.6832e-22  -1.0162e-21  -3.6832e-22   1.1709e-21   1.1709e-21
144.18  20.738578   2.0466e-05   2.0466e-05   2.0466e-05   2.0466e-05   7.6802e-22   7.6802e-22   7.6802e-22  -7.6802e-22  -7.6802e-22  -7.6802e-22
147.26  20.742526   2.0736e-05   2.0736e-05   2.0736e-05   2.0736e-05  -6.2495e-22  -6.2495e-22  -6.2495e-22   6.2495e-22   6.2495e-22   6.2495e-22
150.36  20.746552   2.0996e-05   2.0996e-05   2.0996e-05   2.0996e-05  -2.1169e-22  -2.1169e-22  -2.1169e-22   2.1169e-22   2.1169e-22   2.1169e-22
153.5  20.750680   2.1247e-05   2.1247e-05   2.1247e-05   2.1247e-05   1.2742e-22   1.2742e-22   1.2742e-22  -1.2742e-22  -1.2742e-22  -1.2742e-22
156.68  20.754911   2.1491e-05   2.1491e-05   2.1491e-05   2.1491e-05  -5.5169e-22  -5.5169e-22  -5.5169e-22   5.5169e-22   5.5169e-22   5.5169e-22
159.88  20.759217   2.1725e-05   2.1725e-05   2.1725e-05   2.1725e-05   7.8996e-22   7.8996e-22   7.8996e-22  -7.8996e-22  -7.8996e-22  -7.8996e-22
163.12  20.763624   2.1952e-05   2.1952e-05   2.1952e-05   2.1952e-05  -1.0665e-22  -1.0665e-22  -1.0665e-22   1.0665e-22   1.0665e-22   1.0665e-22
166.39  20.768118   2.2170e-05   2.2170e-05   2.2170e-05   2.2170e-05   8.1635e-22   8.1635e-22   8.1635e-22  -8.1635e-22  -8.1635e-22  -8.1635e-22
169.69  20.772699   2.2381e-05   2.2381e-05   2.2381e-05   2.2381e-05  -8.8483e-22   8.3630e-22  -8.8483e-22  -8.3630e-22   8.7130e-22   8.7130e-22
173.03  20.777379   2.2584e-05   2.2584e-05   2.2584e-05   2.2584e-05  -5.1737e-22  -5.1737e-22  -5.1737e-22   5.1737e-22   5.1737e-22   5.1737e-22
176.39  20.782130   2.2779e-05   2.2779e-05   2.2779e-05   2.2779e-05   7.1101e-22   7.1101e-22   7.1101e-22  -7.1101e-22  -7.1101e-22  -7.1101e-22
179.79  20.786980   2.2968e-05   2.2968e-05   2.2968e-05   2.2968e-05   1.4726e-22   1.4726e-22   1.4726e-22  -1.4726e-22  -1.4726e-22  -1.4726e-22
183.23  20.791927   2.3150e-05   2.3150e-05   2.3150e-05   2.3150e-05  -1.8718e-21   1.6619e-21  -1.8718e-21   1.7990e-21   1.7990e-21   1.7990e-21
186.69  20.796943   2.3325e-05   2.3325e-05   2.3325e-05   2.3325e-05   6.5789e-22   6.5789e-22   6.5789e-22  -6.5789e-22  -6.5789e-22  -6.5789e-22
190.19  20.802056   2.3494e-05   2.3494e-05   2.3494e-05   2.3494e-05  -2.0735e-23  -2.0735e-23  -2.0735e-23   2.0735e-23   2.0735e-23   2.0735e-23
193.72  20.807250   2.3656e-05   2.3656e-05   2.3656e-05   2.3656e-05  -7.9748e-22  -7.9748e-22  -7.9748e-22   7.9748e-22   7.9748e-22   7.9748e-22
197.28  20.812525   2.3812e-05   2.3812e-05   2.3812e-05   2.3812e-05   4.5908e-22   4.5908e-22   4.5908e-22  -4.5908e-22  -4.5908e-22  -4.5908e-22
200.87  20.817880   2.3962e-05   2.3962e-05   2.3962e-05   2.3962e-05  -4.5148e-22  -4.5148e-22  -4.5148e-22   4.5148e-22   4.5148e-22   4.5148e-22
204.5  20.823330   2.4107e-05   2.4107e-05   2.4107e-05   2.4107e-05  -6.6907e-22  -6.6907e-22  -6.6907e-22   6.6907e-22   6.6907e-22   6.6907e-22
208.16  20.828858   2.4245e-05   2.4245e-05   2.4245e-05   2.4245e-05   5.8299e-22   5.8299e-22   5.8299e-22  -5.8299e-22  -5.8299e-22  -5.8299e-22
211.85  20.834465   2.4379e-05   2.4379e-05   2.4379e-05   2.4379e-05  -1.9654e-21   6.4340e-23  -1.9654e-21  -6.4340e-23   1.7975e-21   1.7975e-21
215.57  20.840149   2.4506e-05   2.4506e-05   2.4506e-05   2.4506e-05   3.5491e-22   3.5491e-22   3.5491e-22  -3.5491e-22  -3.5491e-22  -3.5491e-22
219.33  20.845925   2.4629e-05   2.4629e-05   2.4629e-05   2.4629e-05  -5.0059e-22  -5.0059e-22  -5.0059e-22   5.0059e-22   5.0059e-22   5.0059e-22
223.12  20.851778   2.4747e-05   2.4747e-05   2.4747e-05   2.4747e-05   1.8890e-22   1.8890e-22   1.8890e-22  -1.8890e-22  -1.8890e-22  -1.8890e-22
226.94  20.857706   2.4860e-05   2.4860e-05   2.4860e-05   2.4860e-05   4.2832e-22   4.2832e-22   4.2832e-22  -4.2832e-22  -4.2832e-22  -4.2832e-22
230.8  20.863724   2.4968e-05   2.4968e-05   2.4968e-05   2.4968e-05  -1.3027e-22  -1.3027e-22  -1.3027e-22   1.3027e-22   1.3027e-22   1.3027e-22
234.68  20.869801   2.5071e-05   2.5071e-05   2.5071e-05   2.5071e-05  -2.0265e-21   1.8051e-21  -2.0265e-21   1.8048e-21   1.8048e-21   1.8048e-21
238.6  20.875967   2.5169e-05   2.5169e-05   2.5169e-05   2.5169e-05  -2.5670e-21   1.2801e-21  -2.5670e-21   2.3375e-21   2.3375e-21   2.3375e-21
242.55  20.882206   2.5263e-05   2.5263e-05   2.5263e-05   2.5263e-05   3.7621e-22   3.7621e-22   3.7621e-22  -3.7621e-22  -3.7621e-22  -3.7621e-22
246.54  20.888533   2.5353e-05   2.5353e-05   2.5353e-05   2.5353e-05  -2.6625e-21   1.2134e-21  -2.6625e-21   2.4186e-21   2.4186e-21   2.4186e-21
250.55  20.894916   2.5438e-05   2.5438e-05   2.5438e-05   2.5438e-05  -2.1223e-21   1.7671e-21  -2.1223e-21   1.8717e-21   1.8717e-21   1.8717e-21
254.6  20.901385   2.5519e-05   2.5519e-05   2.5519e-05   2.5519e-05   7.9087e-22   7.9087e-22   7.9087e-22  -7.9087e-22  -7.9087e-22  -7.9087e-22
258.68  20.907925   2.5596e-05   2.5596e-05   2.5596e-05   2.5596e-05   4.2188e-22   4.2188e-22   4.2188e-22  -4.2188e-22  -4.2188e-22  -4.2188e-22
262.79  20.914534   2.5669e-05   2.5669e-05   2.5669e-05   2.5669e-05  -1.3682e-21  -8.3041e-22  -1.3682e-21   8.3041e-22   2.7933e-21   2.7933e-21
266.94  20.921228   2.5738e-05   2.5738e-05   2.5738e-05   2.5738e-05   3.2543e-22   3.2543e-22   3.2543e-22  -3.2543e-22  -3.2543e-22  -3.2543e-22
271.12  20.927990   2.5803e-05   2.5803e-05   2.5803e-05   2.5803e-05  -7.6393e-23  -7.6393e-23  -7.6393e-23   7.6393e-23   7.6393e-23   7.6393e-23
275.33  20.934820   2.5864e-05   2.5864e-05   2.5864e-05   2.5864e-05   6.0916e-22   6.0916e-22   6.0916e-22  -6.0916e-22  -6.0916e-22  -6.0916e-22
279.57  20.941716   2.5921e-05   2.5921e-05   2.5921e-05   2.5921e-05   1.8301e-22   1.8301e-22   1.8301e-22  -1.8301e-22  -1.8301e-22  -1.8301e-22
283.85  20.948694   2.5975e-05   2.5975e-05   2.5975e-05   2.5975e-05   7.2577e-22   7.2577e-22   7.2577e-22  -7.2577e-22  -7.2577e-22  -7.2577e-22
288.16  20.955738   2.6025e-05   2.6025e-05   2.6025e-05   2.6025e-05   7.9034e-22   7.9034e-22   7.9034e-22  -7.9034e-22  -7.9034e-22  -7.9034e-22
292.5  20.962846   2.6071e-05   2.6071e-05   2.6071e-05   2.6071e-05   7.1812e-22   7.1812e-22   7.1812e-22  -7.1812e-22  -7.1812e-22  -7.1812e-22
296.87  20.970019   2.6114e-05   2.6114e-05   2.6114e-05   2.6114e-05  -5.0732e-22  -5.0732e-22  -5.0732e-22   5.0732e-22   5.0732e-22   5.0732e-22
301.27  20.977254   2.6153e-05   2.6153e-05   2.6153e-05   2.6153e-05  -7.9713e-22  -7.9713e-22  -7.9713e-22   7.9713e-22   7.9713e-22   7.9713e-22
305.71  20.984568   2.6189e-05   2.6189e-05   2.6189e-05   2.6189e-05   7.3598e-22   7.3598e-22   7.3598e-22  -7.3598e-22  -7.3598e-22  -7.3598e-22
310.18  20.991943   2.6221e-05   2.6221e-05   2.6221e-05   2.6221e-05  -4.7003e-22  -4.7003e-22  -4.7003e-22   4.7003e-22   4.7003e-22   4.7003e-22
314.69  20.999396   2.6250e-05   2.6250e-05   2.6250e-05   2.6250e-05   8.1972e-22   8.1972e-22   8.1972e-22  -8.1972e-22  -8.1972e-22  -8.1972e-22
319.22  21.006893   2.6276e-05   2.6276e-05   2.6276e-05   2.6276e-05  -4.9010e-22  -4.9010e-22  -4.9010e-22   4.9010e-22   4.9010e-22   4.9010e-22
323.79  21.014465   2.6298e-05   2.6298e-05   2.6298e-05   2.6298e-05  -5.1377e-23  -5.1377e-23  -5.1377e-23   5.1377e-23   5.1377e-23   5.1377e-23
328.39  21.022096   2.6317e-05   2.6317e-05   2.6317e-05   2.6317e-05   1.1010e-22   1.1010e-22   1.1010e-22  -1.1010e-22  -1.1010e-22  -1.1010e-22
333.02  21.029784   2.6333e-05   2.6333e-05   2.6333e-05   2.6333e-05  -8.4441e-22  -8.4441e-22  -8.4441e-22   8.4441e-22   8.4441e-22   8.4441e-22
337.69  21.037546   2.6346e-05   2.6346e-05   2.6346e-05   2.6346e-05  -1.5005e-21   2.5367e-21  -1.5005e-21   1.1760e-21   1.1760e-21   1.1760e-21
342.38  21.045347   2.6355e-05   2.6355e-05   2.6355e-05   2.6355e-05  -6.4385e-22  -6.4385e-22  -6.4385e-22   6.4385e-22   6.4385e-22   6.4385e-22
347.11  21.053220   2.6361e-05   2.6361e-05   2.6361e-05   2.6361e-05  -1.7165e-21   2.3241e-21  -1.7165e-21   1.3903e-21   1.3903e-21   1.3903e-21
351.88  21.061164   2.6364e-05   2.6364e-05   2.6364e-05   2.6364e-05   5.2958e-22   5.2958e-22   5.2958e-22  -5.2958e-22  -5.2958e-22  -5.2958e-22
356.67  21.069144   2.6364e-05   2.6364e-05   2.6364e-05   2.6364e-05   1.2670e-22   1.2670e-22   1.2670e-22  -1.2670e-22  -1.2670e-22  -1.2670e-22
361.5  21.077194   2.6361e-05   2.6361e-05   2.6361e-05   2.6361e-05  -2.6117e-22  -2.6117e-22  -2.6117e-22   2.6117e-22   2.6117e-22   2.6117e-22
366.36  21.085296   2.6355e-05   2.6355e-05   2.6355e-05   2.6355e-05  -1.6763e-21   2.3654e-21  -1.6763e-21   1.3495e-21   1.3495e-21   1.3495e-21
371.25  21.093449   2.6346e-05   2.6346e-05   2.6346e-05   2.6346e-05   4.8624e-22   4.8624e-22   4.8624e-22  -4.8624e-22  -4.8624e-22  -4.8624e-22
376.17  21.101651   2.6334e-05   2.6334e-05   2.6334e-05   2.6334e-05  -1.2366e-21   2.8030e-21  -1.2366e-21   2.6050e-21   2.6050e-21   2.6050e-21
381.13  21.109919   2.6319e-05   2.6319e-05   2.6319e-05   2.6319e-05  -2.0629e-21   1.9749e-21  -2.0629e-21   1.7381e-21   1.7381e-21   1.7381e-21
386.12  21.118235   2.6301e-05   2.6301e-05   2.6301e-05   2.6301e-05  -2.5589e-23  -2.5589e-23  -2.5589e-23   2.5589e-23   2.5589e-23   2.5589e-23
391.14  21.126598   2.6280e-05   2.6280e-05   2.6280e-05   2.6280e-05   7.4032e-22   7.4032e-22   7.4032e-22  -7.4032e-22  -7.4032e-22  -7.4032e-22
396.2  21.135024   2.6256e-05   2.6256e-05   2.6256e-05   2.6256e-05  -4.8970e-22  -4.8970e-22  -4.8970e-22   4.8970e-22   4.8970e-22   4.8970e-22
401.28  21.143479   2.6230e-05   2.6230e-05   2.6230e-05   2.6230e-05   5.9204e-22   5.9204e-22   5.9204e-22  -5.9204e-22  -5.9204e-22  -5.9204e-22
406.4  21.151994   2.6200e-05   2.6200e-05   2.6200e-05   2.6200e-05  -1.8007e-22  -1.8007e-22  -1.8007e-22   1.8007e-22   1.8007e-22   1.8007e-22
411.55  21.160553   2.6168e-05   2.6168e-05   2.6168e-05   2.6168e-05  -1.2151e-22  -1.2151e-22  -1.2151e-22   1.2151e-22   1.2151e-22   1.2151e-22
416.74  21.169171   2.6133e-05   2.6133e-05   2.6133e-05   2.6133e-05  -5.2056e-22  -5.2056e-22  -5.2056e-22   5.2056e-22   5.2056e-22   5.2056e-22
421.95  21.177813   2.6095e-05   2.6095e-05   2.6095e-05   2.6095e-05  -1.4979e-23  -1.4979e-23  -1.4979e-23   1.4979e-23   1.4979e-23   1.4979e-23
427.2  21.186512   2.6054e-05   2.6054e-05   2.6054e-05   2.6054e-05   7.4496e-23   7.4496e-23   7.4496e-23  -7.4496e-23  -7.4496e-23  -7.4496e-23
432.48  21.195250   2.6011e-05   2.6011e-05   2.6011e-05   2.6011e-05  -7.7359e-22  -7.7359e-22  -7.7359e-22   7.7359e-22   7.7359e-22   7.7359e-22
437.8  21.204043   2.5965e-05   2.5965e-05   2.5965e-05   2.5965e-05   9.8409e-23   9.8409e-23   9.8409e-23  -9.8409e-23  -9.8409e-23  -9.8409e-23
443.15  21.212873   2.5916e-05   2.5916e-05   2.5916e-05   2.5916e-05   1.1840e-22   1.1840e-22   1.1840e-22  -1.1840e-22  -1.1840e-22  -1.1840e-22
448.52  21.221723   2.5865e-05   2.5865e-05   2.5865e-05   2.5865e-05   6.3161e-22   6.3161e-22   6.3161e-22  -6.3161e-22  -6.3161e-22  -6.3161e-22
453.94  21.230641   2.5811e-05   2.5811e-05   2.5811e-05   2.5811e-05  -2.5609e-23  -2.5609e-23  -2.5609e-23   2.5609e-23   2.5609e-23   2.5609e-23
459.38  21.239576   2.5755e-05   2.5755e-05   2.5755e-05   2.5755e-05   5.7188e-22   5.7188e-22   5.7188e-22  -5.7188e-22  -5.7188e-22  -5.7188e-22
464.85  21.248544   2.5696e-05   2.5696e-05   2.5696e-05   2.5696e-05   4.5155e-22   4.5155e-22   4.5155e-22  -4.5155e-22  -4.5155e-22  -4.5155e-22
470.36  21.257561   2.5634e-05   2.5634e-05   2.5634e-05   2.5634e-05   1.6710e-22   1.6710e-22   1.6710e-22  -1.6710e-22  -1.6710e-22  -1.6710e-22
475.9  21.266608   2.5570e-05   2.5570e-05   2.5570e-05   2.5570e-05  -5.0635e-22  -5.0635e-22  -5.0635e-22   5.0635e-22   5.0635e-22   5.0635e-22
481.48  21.275701   2.5503e-05   2.5503e-05   2.5503e-05   2.5503e-05  -1.4005e-21   2.5224e-21  -1.4005e-21   1.1331e-21   1.1331e-21   1.1331e-21
487.08  21.284806   2.5434e-05   2.5434e-05   2.5434e-05   2.5434e-05  -5.3830e-22  -5.3830e-22  -5.3830e-22   5.3830e-22   5.3830e-22   5.3830e-22
492.72  21.293955   2.5363e-05   2.5363e-05   2.5363e-05   2.5363e-05   4.6113e-23   4.6113e-23   4.6113e-23  -4.6113e-23  -4.6113e-23  -4.6113e-23
498.39  21.303131   2.5289e-05   2.5289e-05   2.5289e-05   2.5289e-05   1.2713e-22   1.2713e-22   1.2713e-22  -1.2713e-22  -1.2713e-22  -1.2713e-22
504.1  21.312347   2.5213e-05   2.5213e-05   2.5213e-05   2.5213e-05   8.1863e-22   8.1863e-22   8.1863e-22  -8.1863e-22  -8.1863e-22  -8.1863e-22
509.83  21.321572   2.5134e-05   2.5134e-05   2.5134e-05   2.5134e-05   5.8077e-23   5.8077e-23   5.8077e-23  -5.8077e-23  -5.8077e-23  -5.8077e-23
515.6  21.330836   2.5054e-05   2.5054e-05   2.5054e-05   2.5054e-05   5.5893e-22   5.5893e-22   5.5893e-22  -5.5893e-22  -5.5893e-22  -5.5893e-22
521.4  21.340121   2.4971e-05   2.4971e-05   2.4971e-05   2.4971e-05  -7.8706e-22  -7.8706e-22  -7.8706e-22   7.8706e-22   7.8706e-22   7.8706e-22
527.23  21.349427   2.4886e-05   2.4886e-05   2.4886e-05   2.4886e-05   2.4004e-22   2.4004e-22   2.4004e-22  -2.4004e-22  -2.4004e-22  -2.4004e-22
533.1  21.358769   2.4798e-05   2.4798e-05   2.4798e-05   2.4798e-05  -8.2706e-23  -8.2706e-23  -8.2706e-23   8.2706e-23   8.2706e-23   8.2706e-23
539.0  21.368129   2.4709e-05   2.4709e-05   2.4709e-05   2.4709e-05  -1.0724e-21   2.7338e-21  -1.0724e-21   2.5574e-21   2.5574e-21   2.5574e-21
544.93  21.377507   2.4617e-05   2.4617e-05   2.4617e-05   2.4617e-05   2.3107e-22   2.3107e-22   2.3107e-22  -2.3107e-22  -2.3107e-22  -2.3107e-22
550.89  21.386900   2.4524e-05   2.4524e-05   2.4524e-05   2.4524e-05  -8.0644e-22  -8.0644e-22  -8.0644e-22   8.0644e-22   8.0644e-22   8.0644e-22
556.88  21.396309   2.4428e-05   2.4428e-05   2.4428e-05   2.4428e-05  -4.0195e-22  -4.0195e-22  -4.0195e-22   4.0195e-22   4.0195e-22   4.0195e-22
562.91  21.405748   2.4331e-05   2.4331e-05   2.4331e-05   2.4331e-05  -1.3049e-22  -1.3049e-22  -1.3049e-22   1.3049e-22   1.3049e-22   1.3049e-22
568.97  21.415199   2.4231e-05   2.4231e-05   2.4231e-05   2.4231e-05   6.9410e-22   6.9410e-22   6.9410e-22  -6.9410e-22  -6.9410e-22  -6.9410e-22
575.06  21.424661   2.4130e-05   2.4130e-05   2.4130e-05   2.4130e-05   6.4544e-22   6.4544e-22   6.4544e-22  -6.4544e-22  -6.4544e-22  -6.4544e-22
581.19  21.434150   2.4026e-05   2.4026e-05   2.4026e-05   2.4026e-05   7.0660e-24   7.0660e-24   7.0660e-24  -7.0660e-24  -7.0660e-24  -7.0660e-24
587.35  21.443649   2.3921e-05   2.3921e-05   2.3921e-05   2.3921e-05   4.4550e-22   4.4550e-22   4.4550e-22  -4.4550e-22  -4.4550e-22  -4.4550e-22
593.54  21.453155   2.3814e-05   2.3814e-05   2.3814e-05   2.3814e-05  -5.0121e-22  -5.0121e-22  -5.0121e-22   5.0121e-22   5.0121e-22   5.0121e-22
599.76  21.462669   2.3706e-05   2.3706e-05   2.3706e-05   2.3706e-05  -5.1777e-22  -5.1777e-22  -5.1777e-22   5.1777e-22   5.1777e-22   5.1777e-22
606.01  21.472189   2.3596e-05   2.3596e-05   2.3596e-05   2.3596e-05  -2.7065e-22  -2.7065e-22  -2.7065e-22   2.7065e-22   2.7065e-22   2.7065e-22
612.3  21.481728   2.3484e-05   2.3484e-05   2.3484e-05   2.3484e-05  -1.8153e-22  -1.8153e-22  -1.8153e-22   1.8153e-22   1.8153e-22   1.8153e-22
618.62  21.491272   2.3370e-05   2.3370e-05   2.3370e-05   2.3370e-05   1.3723e-22   1.3723e-22   1.3723e-22  -1.3723e-22  -1.3723e-22  -1.3723e-22
624.97  21.500819   2.3255e-05   2.3255e-05   2.3255e-05   2.3255e-05  -5.9704e-22  -5.9704e-22  -5.9704e-22   5.9704e-22   5.9704e-22   5.9704e-22
631.36  21.510382   2.3139e-05   2.3139e-05   2.3139e-05   2.3139e-05   7.6318e-22   7.6318e-22   7.6318e-22  -7.6318e-22  -7.6318e-22  -7.6318e-22
637.77  21.519931   2.3021e-05   2.3021e-05   2.3021e-05   2.3021e-05   8.1319e-23   8.1319e-23   8.1319e-23  -8.1319e-23  -8.1319e-23  -8.1319e-23
644.22  21.529495   2.2902e-05   2.2901e-05   2.2901e-05   2.2901e-05  -5.4268e-22  -5.4268e-22  -5.4268e-22   5.4268e-22   5.4268e-22   5.4268e-22
650.71  21.539071   2.2781e-05   2.2781e-05   2.2781e-05   2.2781e-05  -1.1282e-22  -1.1282e-22  -1.1282e-22   1.1282e-22   1.1282e-22   1.1282e-22
657.22  21.548631   2.2659e-05   2.2659e-05   2.2659e-05   2.2659e-05  -2.0471e-22  -2.0471e-22  -2.0471e-22   2.0471e-22   2.0471e-22   2.0471e-22
663.77  21.558201   2.2535e-05   2.2535e-05   2.2535e-05   2.2535e-05  -1.3186e-22  -1.3186e-22  -1.3186e-22   1.3186e-22   1.3186e-22   1.3186e-22
670.35  21.567767   2.2411e-05   2.2411e-05   2.2411e-05   2.2411e-05   7.7220e-22   7.7220e-22   7.7220e-22  -7.7220e-22  -7.7220e-22  -7.7220e-22
676.96  21.577327   2.2285e-05   2.2285e-05   2.2285e-05   2.2285e-05   6.4803e-23   6.4803e-23   6.4803e-23  -6.4803e-23  -6.4803e-23  -6.4803e-23
683.6  21.586880   2.2158e-05   2.2158e-05   2.2158e-05   2.2158e-05   1.7319e-22   1.7319e-22   1.7319e-22  -1.7319e-22  -1.7319e-22  -1.7319e-22
690.28  21.596440   2.2030e-05   2.2030e-05   2.2030e-05   2.2030e-05   2.9553e-22   2.9553e-22   2.9553e-22  -2.9553e-22  -2.9553e-22  -2.9553e-22
696.99  21.605992   2.1901e-05   2.1901e-05   2.1901e-05   2.1901e-05  -5.0766e-22  -5.0766e-22  -5.0766e-22   5.0766e-22   5.0766e-22   5.0766e-22
703.73  21.615534   2.1771e-05   2.1771e-05   2.1771e-05   2.1771e-05   2.2618e-22   2.2618e-22   2.2618e-22  -2.2618e-22  -2.2618e-22  -2.2618e-22
710.5  21.625065   2.1640e-05   2.1640e-05   2.1640e-05   2.1640e-05   8.2611e-22   8.2611e-22   8.2611e-22  -8.2611e-22  -8.2611e-22  -8.2611e-22
717.31  21.634599   2.1509e-05   2.1508e-05   2.1508e-05   2.1508e-05  -5.4987e-23  -5.4987e-23  -5.4987e-23   5.4987e-23   5.4987e-23   5.4987e-23
724.15  21.644120   2.1376e-05   2.1376e-05   2.1376e-05   2.1376e-05   1.8154e-23   1.8154e-23   1.8154e-23  -1.8154e-23  -1.8154e-23  -1.8154e-23
731.02  21.653628   2.1242e-05   2.1242e-05   2.1242e-05   2.1242e-05   2.8578e-22   2.8578e-22   2.8578e-22  -2.8578e-22  -2.8578e-22  -2.8578e-22
737.92  21.663121   2.1108e-05   2.1108e-05   2.1108e-05   2.1108e-05  -7.3921e-22  -7.3921e-22  -7.3921e-22   7.3921e-22   7.3921e-22   7.3921e-22
744.86  21.672613   2.0973e-05   2.0973e-05   2.0973e-05   2.0973e-05   6.6122e-22   6.6122e-22   6.6122e-22  -6.6122e-22  -6.6122e-22  -6.6122e-22
751.83  21.682089   2.0837e-05   2.0837e-05   2.0837e-05   2.0837e-05   4.2929e-22   4.2929e-22   4.2929e-22  -4.2929e-22  -4.2929e-22  -4.2929e-22
758.83  21.691548   2.0701e-05   2.0701e-05   2.0701e-05   2.0701e-05  -2.9436e-22  -2.9436e-22  -2.9436e-22   2.9436e-22   2.9436e-22   2.9436e-22
765.86  21.700989   2.0564e-05   2.0564e-05   2.0564e-05   2.0564e-05   4.1515e-22   4.1515e-22   4.1515e-22  -4.1515e-22  -4.1515e-22  -4.1515e-22
772.93  21.710424   2.0427e-05   2.0427e-05   2.0427e-05   2.0427e-05   2.3167e-22   2.3167e-22   2.3167e-22  -2.3167e-22  -2.3167e-22  -2.3167e-22
780.02  21.719827   2.0289e-05   2.0289e-05   2.0289e-05   2.0289e-05   2.1368e-23   2.1368e-23   2.1368e-23  -2.1368e-23  -2.1368e-23  -2.1368e-23
787.16  21.729236   2.0151e-05   2.0150e-05   2.0150e-05   2.0150e-05  -4.2889e-22  -4.2889e-22  -4.2889e-22   4.2889e-22   4.2889e-22   4.2889e-22
794.32  21.738611   2.0012e-05   2.0012e-05   2.0012e-05   2.0012e-05   2.4195e-22   2.4195e-22   2.4195e-22  -2.4195e-22  -2.4195e-22  -2.4195e-22
801.51  21.747964   1.9873e-05   1.9873e-05   1.9873e-05   1.9873e-05  -2.3395e-21   7.3974e-22  -2.3395e-21   7.9988e-22   7.9988e-22   7.9988e-22
808.74  21.757307   1.9733e-05   1.9733e-05   1.9733e-05   1.9733e-05  -5.5558e-24  -5.5558e-24  -5.5558e-24   5.5558e-24   5.5558e-24   5.5558e-24
816.0  21.766627   1.9593e-05   1.9593e-05   1.9593e-05   1.9593e-05  -7.0149e-22  -7.0149e-22  -7.0149e-22   7.0149e-22   7.0149e-22   7.0149e-22
823.3  21.775936   1.9453e-05   1.9453e-05   1.9453e-05   1.9453e-05   7.7261e-23   7.7261e-23   7.7261e-23  -7.7261e-23  -7.7261e-23  -7.7261e-23
830.62  21.785207   1.9313e-05   1.9313e-05   1.9313e-05   1.9313e-05  -1.1400e-22  -1.1400e-22  -1.1400e-22   1.1400e-22   1.1400e-22   1.1400e-22
837.98  21.794465   1.9173e-05   1.9172e-05   1.9172e-05   1.9172e-05  -2.0547e-21   9.1816e-22  -2.0547e-21   2.2623e-21   2.2623e-21   2.2623e-21
845.37  21.803697   1.9032e-05   1.9032e-05   1.9032e-05   1.9032e-05   1.2670e-22   1.2670e-22   1.2670e-22  -1.2670e-22  -1.2670e-22  -1.2670e-22
852.79  21.812902   1.8891e-05   1.8891e-05   1.8891e-05   1.8891e-05  -6.4860e-22   2.2815e-21  -6.4860e-22   8.7763e-22   8.7763e-22   8.7763e-22
860.25  21.822091   1.8750e-05   1.8750e-05   1.8750e-05   1.8750e-05  -1.5176e-22  -1.5176e-22  -1.5176e-22   1.5176e-22   1.5176e-22   1.5176e-22
867.73  21.831241   1.8610e-05   1.8610e-05   1.8610e-05   1.8610e-05   6.7101e-22   6.7101e-22   6.7101e-22  -6.7101e-22  -6.7101e-22  -6.7101e-22
875.25  21.840374   1.8469e-05   1.8469e-05   1.8469e-05   1.8469e-05  -7.3749e-22   2.1283e-21  -7.3749e-22   9.9866e-22   9.9866e-22   9.9866e-22
882.81  21.849489   1.8328e-05   1.8328e-05   1.8328e-05   1.8328e-05   7.8142e-22   7.8142e-22   7.8142e-22  -7.8142e-22  -7.8142e-22  -7.8142e-22
890.39  21.858562   1.8188e-05   1.8188e-05   1.8188e-05   1.8188e-05   1.0292e-22   1.0292e-22   1.0292e-22  -1.0292e-22  -1.0292e-22  -1.0292e-22
898.01  21.867617   1.8047e-05   1.8047e-05   1.8047e-05   1.8047e-05  -5.8642e-22  -5.8642e-22  -5.8642e-22   5.8642e-22   5.8642e-22   5.8642e-22
905.66  21.876641   1.7907e-05   1.7907e-05   1.7907e-05   1.7907e-05  -7.6877e-22  -7.6877e-22  -7.6877e-22   7.6877e-22   7.6877e-22   7.6877e-22
913.34  21.885633   1.7766e-05   1.7766e-05   1.7766e-05   1.7766e-05  -1.4173e-21   1.3413e-21  -1.4173e-21   1.7321e-21   1.7321e-21   1.7321e-21
921.06  21.894605   1.7626e-05   1.7626e-05   1.7626e-05   1.7626e-05   1.6514e-22   1.6514e-22   1.6514e-22  -1.6514e-22  -1.6514e-22  -1.6514e-22
928.8  21.903532   1.7487e-05   1.7486e-05   1.7486e-05   1.7486e-05   4.6452e-22   4.6452e-22   4.6452e-22  -4.6452e-22  -4.6452e-22  -4.6452e-22
936.58  21.912438   1.7347e-05   1.7347e-05   1.7347e-05   1.7347e-05   2.2252e-22   2.2252e-22   2.2252e-22  -2.2252e-22  -2.2252e-22  -2.2252e-22
944.39  21.921310   1.7208e-05   1.7208e-05   1.7208e-05   1.7208e-05   3.9162e-22   3.9162e-22   3.9162e-22  -3.9162e-22  -3.9162e-22  -3.9162e-22
952.24  21.930159   1.7069e-05   1.7069e-05   1.7069e-05   1.7069e-05  -8.7199e-22   1.7801e-21  -8.7199e-22   1.2400e-21   1.2400e-21   1.2400e-21
960.12  21.938974   1.6930e-05   1.6930e-05   1.6930e-05   1.6930e-05  -4.4307e-22  -4.4307e-22  -4.4307e-22   4.4307e-22   4.4307e-22   4.4307e-22
968.03  21.947753   1.6792e-05   1.6792e-05   1.6792e-05   1.6792e-05  -6.3194e-22  -6.3194e-22  -6.3194e-22   6.3194e-22   6.3194e-22   6.3194e-22
975.97  21.956498   1.6654e-05   1.6654e-05   1.6654e-05   1.6654e-05   7.3896e-22   7.3896e-22   7.3896e-22  -7.3896e-22  -7.3896e-22  -7.3896e-22
983.94  21.965206   1.6517e-05   1.6517e-05   1.6517e-05   1.6517e-05  -2.6771e-22  -2.6771e-22  -2.6771e-22   2.6771e-22   2.6771e-22   2.6771e-22
991.95  21.973890   1.6380e-05   1.6379e-05   1.6379e-05   1.6379e-05   1.5473e-22   1.5473e-22   1.5473e-22  -1.5473e-22  -1.5473e-22  -1.5473e-22
999.99  21.982537   1.6243e-05   1.6243e-05   1.6243e-05   1.6243e-05   5.8412e-22   5.8412e-22   5.8412e-22  -5.8412e-22  -5.8412e-22  -5.8412e-22
1008.06  21.991147   1.6107e-05   1.6107e-05   1.6107e-05   1.6107e-05   2.3908e-23   2.3908e-23   2.3908e-23  -2.3908e-23  -2.3908e-23  -2.3908e-23
1016.16  21.999719   1.5972e-05   1.5971e-05   1.5971e-05   1.5971e-05   2.7101e-22   2.7101e-22   2.7101e-22  -2.7101e-22  -2.7101e-22  -2.7101e-22
1024.3  22.008265   1.5837e-05   1.5836e-05   1.5836e-05   1.5836e-05  -7.8671e-22  -7.8671e-22  -7.8671e-22   7.8671e-22   7.8671e-22   7.8671e-22
1032.47  22.016773   1.5702e-05   1.5702e-05   1.5702e-05   1.5702e-05   5.2379e-22   5.2379e-22   5.2379e-22  -5.2379e-22  -5.2379e-22  -5.2379e-22
1040.67  22.025243   1.5568e-05   1.5568e-05   1.5568e-05   1.5568e-05  -3.3089e-22  -3.3089e-22  -3.3089e-22   3.3089e-22   3.3089e-22   3.3089e-22
1048.9  22.033674   1.5435e-05   1.5435e-05   1.5435e-05   1.5435e-05  -1.5618e-21   8.4024e-22  -1.5618e-21  -8.4024e-22   3.6078e-22   3.6078e-22
1057.17  22.042077   1.5302e-05   1.5302e-05   1.5302e-05   1.5302e-05  -4.2968e-22   1.9520e-21  -4.2968e-22   9.3290e-22   9.3290e-22   9.3290e-22
1065.47  22.050441   1.5170e-05   1.5170e-05   1.5170e-05   1.5170e-05  -3.4393e-22  -3.4393e-22  -3.4393e-22   3.4393e-22   3.4393e-22   3.4393e-22
1073.8  22.058766   1.5039e-05   1.5039e-05   1.5039e-05   1.5039e-05  -3.1400e-22  -3.1400e-22  -3.1400e-22   3.1400e-22   3.1400e-22   3.1400e-22
