#Found quasiharmonic mode : None
#T(K), volume, F(eV), S(J/K), H(J/K), a(-6/K), Cp(J/mol), Cv, Cpion, Bt(GPa), T_ph-D(K), T-D(K), F_el_atom, S_el_atom, C_el_atom, M_el, Seebeck_coefficients(μV/K), Lorenz_number(WΩK^{−2}), Q_el, Q_p, Q_e, C_mu, W_p, W_e, Y_p, Y_e
0.0 22.277784863343587 -9.761270218584812 0.0 -941819.3989532207 0.0 0.0 0.0 0.0 100.67860388735643 400.0 400.0 0.0 0.0 0.0 0.0 0.0 2.443004551768e-08 0.0 0.0 0.0 0.0 0.0 0.0 0.0 0.0 0.0
0.28 22.277784867075933 -9.761270220206208 0.0011462191717585685 -941819.3987887203 3.9684949461943085e-10 0.0011735625599103802 0.0011735625593743213 4.101508307400744e-05 100.6786038403276 101.32698971825806 400.0 -1.6432849467586765e-09 0.0011325474775792522 0.0011325474768363725 5.591398736214978e-10 0.0039938023469562375 2.443004507389721e-08 4.1404137429675284e-05 2.069682753599697e-05 2.0632607899646082e-05 0.0011325474775861673 3.9684949461943085e-10 2.0702473861467144e-05 2.070166356820813e-05 2.869920604449252e-05 2.8699206060284823e-05
0.8 22.27778489592372 -9.761270232441653 0.0035547224563313197 -941819.3974464246 1.3065982497522452e-09 0.004192462576777713 0.00419246256017509 0.0009566115341036338 100.67860343674339 101.32728800051086 400.0 -1.3414849760327038e-08 0.0032358500810787598 0.0032358510426740796 4.565472294266919e-09 0.011422455926737794 2.443005307111132e-08 0.00011829753732648097 5.914470829019363e-05 5.9078126663727025e-05 0.003235851060196584 1.3065982497522452e-09 5.915207689122327e-05 5.914546043525769e-05 8.199761987765693e-05 8.199761989504802e-05
1.56 22.277785012593064 -9.761270278814926 0.008674292161306482 -941819.3912326475 3.5178778481003756e-09 0.013402817685750471 0.01340281745106365 0.007092871327185894 100.67860186557962 101.32863982533125 400.0 -5.101009614733862e-08 0.006309915592734843 0.006309946358564577 1.7447848624828825e-08 0.02256027188153593 2.443017957382362e-08 0.00023068034956287212 0.00011533992220434096 0.00011526572494694202 0.006309946491795039 3.5178778481003756e-09 0.00011535282859574611 0.00011532752096712604 0.00015989541310836575 0.0001598954131236368
2.56 22.277785422370656 -9.761270427378804 0.020787843570309338 -941819.3658818988 9.448336967707163e-09 0.04153147103489279 0.04153146825675813 0.03117652093703518 100.67859623838791 101.51083484116472 400.0 -1.3736876034409853e-07 0.010354783658293395 0.01035495009785761 4.7619161167622857e-08 0.03788258878347794 2.4430494057219514e-08 0.000378553576216588 0.0001892855099899982 0.0001891933638057213 0.010354950714300556 9.448336967707163e-09 0.00018931138555301844 0.00018924219066356954 0.00026239309209828937 0.0002623930921128417
3.8 22.277786763676502 -9.761270872369243 0.04894115082535477 -941819.2760574555 2.467285852924674e-08 0.1131332399680452 0.11313321184741425 0.09776223279044213 100.678577933575 102.94570520335061 400.0 -3.026755399880604e-07 0.015370524191376139 0.01537100717760307 1.0667595145172291e-07 0.0574324930455017 2.4430928052733587e-08 0.0005619193059165291 0.000280986008160279 0.00028085859533014563 0.015371009282218294 2.467285852924674e-08 0.00028103726924372165 0.00028088203667280746 0.0003894918083530137 0.0003894918083683977
5.29 22.27779080279217 -9.761272094026051 0.10740801060970781 -941819.0117174153 6.003337038144916e-08 0.2591161935209382 0.2591159617582645 0.23771746222004086 100.67852281067131 106.57329924223204 400.0 -5.865766607266219e-07 0.02139767514189489 0.0213987313008973 2.099542191925059e-07 0.08122697001881166 2.4431436323283623e-08 0.0007822590899145287 0.0003911867465348924 0.0003909976409438245 0.021398737166998416 6.003337038144916e-08 0.00039128240331690636 0.0003909766865976225 0.0005422181847917119 0.0005422181848071091
7.01 22.27780142140284 -9.761275001717479 0.21141398902445685 -941818.3784433015 1.3043640845494978e-07 0.5042882441492488 0.5042867943174127 0.47593084747206316 100.67837787708181 112.03778686130454 400.0 -1.0300397587004576e-06 0.028355438952251892 0.02835739667718562 3.73395875959384e-07 0.10883309167373761 2.443199471496878e-08 0.0010366186676175322 0.0005184152845682678 0.00051812868058841 0.028357410645587434 1.3043640845494978e-07 0.0005185812024382956 0.0005180374651792367 0.0007185242159262938 0.0007185242159415997
8.98 22.27782625072419 -9.761281186943174 0.378654599648123 -941817.0569206151 2.547280368515946e-07 0.877628096373429 0.8776210131522101 0.8412999680768709 100.6780389375469 118.59799300009708 400.0 -1.6903494300185493e-06 0.036324847818690734 0.036328128296558015 6.189875068255015e-07 0.1404943070324541 2.443259875192368e-08 0.0013279598747085483 0.0006641590085741236 0.0006637261636133697 0.03632815814376773 2.547280368515946e-07 0.0006644305065930293 0.000663529368115519 0.0009204625599028452 0.0009204625599169179
11.19 22.27787763558308 -9.761292997533735 0.6259821362556413 -941814.5920475681 4.5105634262688557e-07 1.4101402062604877 1.4101125310697349 1.3648694385082694 100.67733760396398 125.38587236117085 400.0 -2.624770702285001e-06 0.045265617401711755 0.04527076775221852 9.687203253613263e-07 0.17598190001223996 2.443326337163149e-08 0.001654809388810615 0.000827687705015884 0.0008270469811464285 0.04527082616200259 4.5105634262688557e-07 0.0008281095560811125 0.0008266998327295023 0.0011470116833067138 0.001147011683321893
13.64 22.277973919815963 -9.761313778403425 0.9728183241403067 -941810.3325948453 7.365075071637263e-07 2.142588797557097 2.1424988552792597 2.087402812519952 100.67602337788574 131.68355041287737 400.0 -3.900041333539123e-06 0.055178002601889486 0.0551859850371451 1.4480410712913283e-06 0.21525002366174978 2.4434126342693648e-08 0.0020171749974491914 0.001009012718594919 0.00100808757596428 0.05518609164987401 7.365075071637263e-07 0.001009640630605838 0.0010075343668433537 0.0013981765996220238 0.0013981765996370827
16.34 22.278140797046657 -9.761348226465767 1.4427648955740573 -941803.3507911288 1.1249667432114997e-06 3.118928929570046 3.118677555774591 3.05281324810924 100.67374549820426 137.04535835450915 400.0 -5.597015030033159e-06 0.06610291521069153 0.06611568146080611 2.087695391878091e-06 0.25847665084391086 2.4435465460265378e-08 0.0024165481632902473 0.0012088887865198343 0.0012075846734578603 0.06611586574237358 1.1249667432114997e-06 0.001209791674372028 0.00120675648891822 0.0016749903833895925 0.0016749903834043251
19.27 22.27840814272934 -9.76140204783556 2.0538177433304003 -941792.5414743483 1.6155330544003616e-06 4.350009068644444 4.349397716468192 4.272028120069235 100.67009617475895 141.28743689767973 400.0 -7.78451033627779e-06 0.0779601687416551 0.07798094857520876 2.9140792383700277e-06 0.3054399596143359 2.443749637737366e-08 0.0028499903939421278 0.0014258543989809185 0.0014240612909678433 0.07798125208936355 1.6155330544003616e-06 0.0014271125093912175 0.0014228778845509099 0.00197541491405544 0.001975414914072381
22.45 22.278812848912924 -9.761483110732978 2.826570560062979 -941776.4834137687 2.198824992266728e-06 5.822095234439152 5.820775885168327 5.73123037942967 100.66457163186503 144.53472517108034 400.0 -1.0566255361535034e-05 0.0908317337353596 0.09086485500948199 3.967251224849762e-06 0.3566254071030816 2.4440232631952174e-08 0.003320490143198463 0.0016614156300226572 0.0016589998081480175 0.09086533679539711 2.198824992266728e-06 0.0016631264121049576 0.0016573637310935056 0.002301519147736778 0.0023015191477563954
25.87 22.279389508364048 -9.761600242918632 3.7659774696788815 -941753.8156235364 2.8472043976499697e-06 7.469046203587844 7.46649718440768 7.364317581791078 100.65669927646005 146.96698114859882 400.0 -1.4031630872990734e-05 0.10467838570590846 0.10472862179676687 5.282669172563473e-06 0.4120906135417041 2.44434787998913e-08 0.0038266079228452252 0.0019148633321065985 0.0019116698842334546 0.104729362199467 2.8472043976499697e-06 0.0019171394614219638 0.0019094684614232612 0.002652302109488467 0.0026523021095115834
29.53 22.28016986972349 -9.761763645777085 4.867588045061305 -941723.2675647736 3.527625107530572e-06 9.205969186880157 9.201502999695089 9.086395325258811 100.64604527434578 148.78329513615853 400.0 -1.828422440979446e-05 0.11950149063122172 0.11957386162134472 6.902337121798995e-06 0.4721045605236093 2.4447042129032182e-08 0.0043683912330741564 0.002186233934815084 0.0021820825897518907 0.11957496891205494 3.527625107530572e-06 0.0021892061337659917 0.002179185099308164 0.0030277931252108885 0.003027793125237502
33.43 22.281179355907604 -9.761984366270575 6.117014705055887 -941683.8119282741 4.207663222394815e-06 10.94720942377549 10.940016803385165 10.81180662259711 100.63226155439247 150.1462976313511 400.0 -2.3435004914449376e-05 0.13530253944498669 0.13540280117838036 8.872656103641195e-06 0.5369888665303824 2.445088258914892e-08 0.00494589283006727 0.0024755679723391204 0.0024702501466294423 0.13540441956184043 4.207663222394815e-06 0.002479386911191024 0.0024665059188762463 0.0034280253490256134 0.0034280253490545773
37.58 22.28243917859097 -9.762274652290523 7.496543286154361 -941634.591976215 4.862406438275043e-06 12.626095313417164 12.615298927195388 12.473835698861075 100.61505742166594 151.17956527724363 400.0 -2.9618118149063327e-05 0.15212376996959018 0.15225961455608925 1.1251001525511545e-05 0.6072847313016546 2.445516900531712e-08 0.005560651151397649 0.0027836522827172842 0.0027769241543471545 0.15226193626808185 4.862406438275043e-06 0.002788493311615945 0.0027721578397817055 0.003854061930819297 0.003854061930819549
41.96 22.283954009313085 -9.76264464838794 8.975313296992042 -941575.4071233093 5.470564401734646e-06 14.185936442979408 14.170679796634671 14.015868100116537 100.59436748637374 151.965874188107 400.0 -3.692968324054099e-05 0.1698861376267687 0.1700683428628732 1.4082674635548745e-05 0.6830617966344247 2.4460193964166543e-08 0.0062097651577181666 0.003109050637676544 0.0031006398018205744 0.1700716157793942 5.470564401734646e-06 0.0031151086178979963 0.0030946565398201707 0.004303889558942168 0.004303889558943852
46.59 22.28573537886555 -9.763107355016079 10.535673466726369 -941505.7986451263 6.024812197576627e-06 15.606750625521483 15.586207396457832 15.417833180682619 100.57003224043932 152.57174046682687 400.0 -4.553658672210636e-05 0.1886732177062679 0.18891744483886436 1.7443387535559113e-05 0.7650970150203275 2.4466369488494896e-08 0.006896267923496855 0.003453303194279644 0.003442890006427643 0.18892199628560802 6.024812197576627e-06 0.0034608055920364853 0.003435462331460369 0.004779606673766199 0.004779606673769283
51.46 22.287780012192204 -9.763672874246813 12.15168638851494 -941425.8942011859 6.520034643449691e-06 16.874928826698785 16.848359671850538 16.66615366210414 100.54209424987984 153.04024807223075 400.0 -5.556419422070644e-05 0.20844747577382192 0.2087751645946431 2.139635278951083e-05 0.8536527597493507 2.4474073516401542e-08 0.007618757795291732 0.0038157293722497 0.0038029536950144865 0.20878141465380193 6.520034643449691e-06 0.0038249309158928223 0.00379382687939891 0.005280236921789798 0.005280236921794111
56.57 22.290084712543297 -9.764351511373308 13.803685745609698 -941335.8240086485 6.957137221235789e-06 17.992734064970783 17.959486159599802 17.76308219505724 100.51059443693343 153.40405299185102 400.0 -6.716123659115821e-05 0.22921251391995479 0.2296518699135436 2.6017746529464153e-05 0.9491422543039283 2.4483640855888386e-08 0.00837732913101585 0.004196400798894864 0.0041808535981975245 0.22966035657699124 6.957137221235789e-06 0.004207589083638017 0.004169740047377837 0.005805838220632527 0.005805838220638425
61.92 22.292644328379197 -9.765152954316521 15.475253666535407 -941235.798292797 7.339808781287525e-06 18.969785474186757 18.929289108635697 18.718226342829944 100.47560042772552 153.6870339765771 400.0 -8.048411359255902e-05 0.2509725514838401 0.2515591313568129 3.139092229555766e-05 1.0519352404384923 2.4495325091996344e-08 0.00917209346580657 0.0045954001602141956 0.004576618565132036 0.25157053762392334 7.339808781287525e-06 0.004608898770953374 0.004563194694853195 0.0063564773052302 0.0063564773052365575
67.52 22.29545781624409 -9.766088023641373 17.156064501841943 -941125.868999028 7.67373714613269e-06 19.820875050964517 19.772619159515994 19.5463244919389 100.43712324996281 153.90720184068573 400.0 -9.572537530303143e-05 0.2737731599185923 0.2745505590256159 3.761823072729961e-05 1.162535156459487 2.4509317246222902e-08 0.01000466870223502 0.005013569327249342 0.004991024627354469 0.2745657511919427 7.67373714613269e-06 0.0050297460497749314 0.004974922652460091 0.00693326109505209 0.00693326109505905
73.35 22.298508566291254 -9.767161847551172 18.829681766356238 -941006.6975732055 7.963411896221276e-06 20.557769683758575 20.50133040409521 20.259212472746963 100.39538668236132 154.07702575762295 400.0 -0.0001130026865276282 0.29753833735133034 0.2985572110116145 4.47754402980406e-05 1.2807620279108745 2.4525646013471808e-08 0.010872231778181042 0.005449521831960377 0.005422635190831578 0.29857725192547896 7.963411896221276e-06 0.005468777266332841 0.005403454511848199 0.007534216733118075 0.007534216733126662
79.43 22.301800524694112 -9.768386014740551 20.49384050845182 -940878.143157019 8.215502049170205e-06 21.197720167965986 21.132691488211904 20.874045134466105 100.35033319863068 154.20715192293224 400.0 -0.00013255546266166795 0.32235559938423847 0.32367503349988386 5.299219689861854e-05 1.4071280644434252 2.454436801210686e-08 0.011777929229593937 0.005904872392832464 0.005872982073022517 0.32370124952088547 8.215502049170205e-06 0.005927663176932486 0.005850266052661449 0.008161503758160382 0.008161503758168459
85.75 22.305322379581188 -9.76976616243477 22.139609448610805 -940740.6614070383 8.434773162970266e-06 21.753104120902325 21.679127763030188 21.403227460118064 100.3021137672196 154.30494860305694 400.0 -0.00015454359970264536 0.34819070317623907 0.34987666078426044 6.236846790637766e-05 1.541414671298625 2.4565388735238326e-08 0.012720463167329632 0.00637900446139965 0.006341383933283273 0.34991065554974315 8.434773162970266e-06 0.006405830559757551 0.006314632607572078 0.00881420056218489 0.008814200562192776
92.31 22.309068467046295 -9.77130921985338 23.76262255093085 -940594.4876370952 8.626013909626065e-06 22.236292867199037 22.15303375738525 21.859117125552494 100.25080204730794 154.37635853381929 400.0 -0.00017916354490106573 0.37505058538556624 0.37717574164654455 7.302161640046269e-05 1.6834662960748397 2.4588581814581614e-08 0.013700040939990913 0.006872059161365214 0.00682790699653333 0.37721944073955055 8.626013909626065e-06 0.006903471406311769 0.006796569533679144 0.009492426356968845 0.009492426356976998
99.11 22.313033709807925 -9.773021701808455 25.3598042418192 -940439.8345165497 8.793435072929324e-06 22.658147092298712 22.565284880094136 22.25256147517471 100.1964635562919 154.42600489077395 400.0 -0.0002066200073818213 0.40294255720910577 0.4055856171240046 8.507372160364561e-05 1.8329840518792708 2.4613773781250646e-08 0.014716886268723032 0.007384186839960431 0.0073326246367053285 0.40564130293841244 8.793435072929324e-06 0.007420789023699647 0.007296097245023381 0.01019631031794849 0.01019631031795587
106.16 22.317219622119364 -9.774912516421393 26.931259731804655 -940276.6580577347 8.940878166227022e-06 23.02853756937079 22.92574580261687 22.593376344843556 100.13907322636717 154.45754633441146 400.0 -0.0002371709088442509 0.4319153736623431 0.43516122452723477 9.867046174947836e-05 1.989749816985329 2.4640796200944266e-08 0.015772736434325543 0.00791630129813916 0.007856360333647262 0.43523158943192886 8.940878166227022e-06 0.007958760405323851 0.007813976029001694 0.010927028122736134 0.010927028122744183
113.44 22.321610441128726 -9.77698211587811 28.47124985152321 -940105.5879986429 9.071053304314447e-06 23.354454768338893 23.241438004496974 22.888623673203114 100.07884285337015 154.4737626477989 400.0 -0.0002709512536957321 0.46189470921081444 0.46583109513578136 0.00011390107384536318 2.152742320815934 2.466934659005158e-08 0.016864847614527865 0.008467057591206762 0.008397715209828727 0.4659192022289517 9.071053304314447e-06 0.008516079556403487 0.00834876805812438 0.0116826539553349 0.011682653955342584
120.97 22.326214890392816 -9.7792417048581 29.983331636461347 -939926.3001469261 9.186991017614271e-06 23.643644265908307 23.520077770122665 23.14595271048273 100.01564826535804 154.47698714533882 400.0 -0.0003082842269118736 0.49297099043227455 0.49769155542557547 0.00013093596485060758 2.321711953687655 2.469927611921466e-08 0.01799648295913626 0.009038138302485194 0.008958269831718338 0.4978009463794658 9.186991017614271e-06 0.009094503057641316 0.008901979901494944 0.01246541873282589 0.012465418732832644
128.74 22.33102416312392 -9.78169377909785 31.46511732909683 -939739.1537674462 9.290764088521783e-06 23.90142580793183 23.766994783516186 23.370713298757195 99.94960562879828 154.46902264874979 400.0 -0.0003493641876013224 0.5251113105045367 0.5307125091746334 0.00014988285405529548 2.4956375915942495 2.4730335346528572e-08 0.0191664160672977 0.009628960734550912 0.009537380495914533 0.5308471415425611 9.290764088521783e-06 0.009693495280273386 0.009472920787024318 0.013274447349447795 0.013274447349454249
136.75 22.336035921247387 -9.784343366003098 32.91672954231624 -939544.2564800159 9.384288908114316e-06 24.13269749996357 23.98708074572331 23.567791362041923 99.88074222716362 154.4513472175843 400.0 -0.0003944391560215291 0.5583240502230323 0.5649061379216485 0.0001708672511411832 2.6736443081817463 2.4762347593767527e-08 0.020374927440131366 0.010239699820103506 0.010135152770848433 0.5650704063724398 9.384288908114316e-06 0.010313285976477665 0.0100616414636537 0.01410990816045742 0.014109908160463843
145.01 22.34125461169023 -9.787198817336845 34.340222243802046 -939341.4527876431 9.469281106489281e-06 24.341827948740317 24.184682209519927 23.74149962375428 99.80899194895278 154.42512192025058 400.0 -0.0004438276692538394 0.5926593801918186 0.60032832498604 0.00019403995639044749 2.85502029541785 2.479522456564073e-08 0.021623818218806583 0.010871297190045728 0.010752446166781211 0.6005270941347751 9.469281106489281e-06 0.010954882605398534 0.010668935613408044 0.01497302118423611 0.014973021184243575
153.5 22.346666091516898 -9.790257855083105 35.73270761529325 -939131.3100691849 9.546903652959032e-06 24.531800715378235 24.36280129389928 23.8948932277155 99.7345441896448 154.39138584250455 400.0 -0.0004976762706176111 0.6280429315912399 0.6369074876627379 0.00021946169462800627 3.0383605123446493 2.482881888844525e-08 0.0229103585949281 0.011522399700182219 0.011387884019552754 0.6371459425662707 9.546903652959032e-06 0.011616959079101721 0.011293399515826379 0.015861876208805283 0.015861876208811635
162.24 22.352281954313806 -9.793532151204188 37.098161483078684 -938913.3965178195 9.618501022738732e-06 24.70601836628658 24.524802242296634 24.031272492083183 99.65723411071484 154.35085905372776 400.0 -0.0005563872491749609 0.6645671175474092 0.6747458742034018 0.0002473029535624051 3.223109400884304 2.4863209938412654e-08 0.024237880139296973 0.012194717184677612 0.012043088065775791 0.6750296644349708 9.618501022738732e-06 0.01230129976519776 0.011936580374099216 0.016778752312406938 0.016778752312412548
171.22 22.35809502146979 -9.797022491500305 38.43569000838226 -938688.0100362817 9.684961442739061e-06 24.866747867809462 24.672954813040587 24.15292878090007 99.57715508780552 154.3042348392585 400.0 -0.000620183910528415 0.7021997653933064 0.7138190869093908 0.0002776379573481357 3.4080498072127035 2.4898429787148638e-08 0.025605177451672033 0.012887659754996362 0.012717442793766364 0.7141541438277804 9.684961442739061e-06 0.013007347864088853 0.01259782958758318 0.017722794567796 0.01772279456780189
180.43 22.36409821647553 -9.800728966464652 39.7447481658214 -938455.4444358872 9.747057358315185e-06 25.015960072965658 24.809232108398916 24.261855147230694 99.49439906826153 154.2521134004531 400.0 -0.0006892835841967991 0.7409087349041305 0.7541049257349632 0.00031052471932925595 3.5919789203545327 2.4934581365708374e-08 0.027011038956947314 0.013600628028475824 0.013410336011101684 0.7544973834486828 9.747057358315185e-06 0.013734530168197912 0.013276508788749407 0.018693145493930977 0.01869314549393765
189.9 22.370310888771666 -9.804667914282028 41.03037988090852 -938214.9708964247 9.805695857087018e-06 25.155928000883577 24.9358525506319 24.36016779662554 99.40869339391888 154.1947662568745 400.0 -0.0007642214746005786 0.7808308872801846 0.7957602042580394 0.0003461582693132912 3.774471048631445 2.497199012162772e-08 0.028460377400803948 0.014336124960268945 0.01412417750826626 0.7962165864128823 9.805695857087018e-06 0.014485435157454901 0.013974942243349045 0.019693173892007195 0.019693173892013346
199.6 22.37671339465738 -9.808831011673798 42.28931156212423 -937967.3712825021 9.861292706008776e-06 25.287734303765728 25.053928124992535 24.449051786715106 99.32030308616585 154.132740214311 400.0 -0.0008450803562330661 0.8218513065907861 0.83868251705062 0.0003845028463287828 3.9539100707651076 2.5010801337298463e-08 0.029948948302573726 0.01509200307656092 0.014856870278456063 0.8392092583362232 9.861292706008776e-06 0.015257901228348962 0.014691047074224766 0.020719928353961605 0.020719928353967586
209.54 22.383312472366033 -9.81322620448738 43.523828006793416 -937712.4065881085 9.914435706102733e-06 25.41286019354333 25.164912604408855 24.52991113025098 99.22912903284858 154.0662843650397 400.0 -0.0009322613055317401 0.864024354823579 0.8829490632923529 0.0004256573467363272 4.129447545824494 2.5051360679284355e-08 0.03147863726811806 0.015869219470387483 0.015609342834481938 0.8835526627251646 9.914435706102733e-06 0.01605292967389287 0.015425707594225183 0.021774686380922965 0.0217746863809284
219.73 22.390115220753287 -9.81786186832571 44.735982854338516 -937449.8255611062 9.96562410481669e-06 25.532562712269115 25.270034849661027 24.603920338787365 99.13506664720768 153.9955839028131 400.0 -0.0010261931495618398 0.9074059891543883 0.9286423734817492 0.0004697148471456828 4.300179296791031 2.5094044360155845e-08 0.033051367099918794 0.016668746292752522 0.016382545827805614 0.9293292887647567 9.96562410481669e-06 0.016871534479962407 0.016179832619956386 0.02285874739822998 0.02285874739823558
230.16 22.39711561283847 -9.822737320926121 45.925391569429244 -937179.8846134561 1.0015193505858103e-05 25.647704879980942 25.37015774526749 24.67194520745181 99.03819259863091 153.92091773804162 400.0 -0.00112713577461806 0.9519683351524887 0.9757596725291285 0.0005166690368401357 4.464831287625758 2.5139156153824758e-08 0.034666002360837854 0.01748999522905778 0.017175932135901257 0.9765360173357553 1.0015193505858103e-05 0.017713126261836378 0.016952876099001465 0.023971299318898732 0.02397129931890612
240.83 22.404314420868612 -9.827856162366185 47.09291932645592 -936902.5780920996 1.0063483041925569e-05 25.759150495079545 25.466130288514833 24.73480431236457 98.9384894804915 153.8424630331059 400.0 -0.001235445517514987 0.9977271149032005 1.0243461827149754 0.0005665380291168929 4.62228818344555 2.518703076471358e-08 0.03632297180073344 0.018333165907651917 0.017989730880275334 1.025217642337417 1.0063483041925569e-05 0.018577914256215494 0.01774505754451795 0.025112604818635476 0.02511260481864293
251.74 22.411712585297508 -9.833221924695197 48.239408181779915 -936617.8945982005 1.011078794785571e-05 25.86765382024143 25.55869146102597 24.793203706707807 98.83593714848503 153.76036651213727 400.0 -0.0013514899979764014 1.044699344332855 1.0744501135336246 0.0006193225393103823 4.771419078735795 2.5237974273335993e-08 0.038022735252633305 0.019198466712193246 0.018824193510292783 1.0754217723437547 1.011078794785571e-05 0.01946610902919736 0.018556626223435933 0.02628294325520647 0.02628294325521337
262.89 22.419311205189924 -9.838838077827512 49.36567484837609 -936325.8173532004 1.015736608228428e-05 25.973876190719828 25.648486829881122 24.84775435300362 98.73051326405691 153.67474922749358 400.0 -0.0014756484757628208 1.092903350324954 1.1261218377162068 0.0006750046095494347 4.911089161934726 2.529224570388721e-08 0.039765786918319425 0.02008611600313984 0.019679595867271697 1.1271979982819849 1.015736608228428e-05 0.020377923135862782 0.019387863782456646 0.02748261224040823 0.027482612240417027
274.29 22.427118394925586 -9.844713246064456 50.47346272525937 -936026.061081781 1.0203483279187336e-05 26.07848978978156 25.736157384653804 24.899029877375046 98.6220975339524 153.58563164409742 400.0 -0.0016084312991730453 1.1424022640948273 1.1794599124065126 0.0007335985717589671 5.040283356358733 2.5350092037588872e-08 0.04155422978669097 0.020997143813559115 0.020557010907020605 1.1806440076165148 1.0203483279187336e-05 0.02131439494280477 0.020239834843886202 0.028713010008081092 0.028713010008089766
285.93 22.435128748431534 -9.850845807303838 51.56251086896011 -935718.8606478586 1.0249296072405035e-05 26.18191268924864 25.822119086554228 24.94744283124234 98.51075719104016 153.49317090300207 400.0 -0.0017501337324357037 1.1931738106311258 1.234469858006298 0.0007949964550043291 5.157779916396566 2.5411582659537498e-08 0.04338707463334422 0.021930996854150984 0.0214560026944432 1.2357640836411743 1.0249296072405035e-05 0.022274926498672458 0.021112148134671764 0.029973400587979458 0.029973400587987933
297.81 22.443343794707193 -9.857239070012374 52.63356017539888 -935404.1849005484 1.0294979541742274e-05 26.28460047698946 25.90681025442092 24.993398357037282 98.39646302682493 153.39743322747285 400.0 -0.0019011726790291595 1.245239970650255 1.2912021199521766 0.0008591180998562333 5.262544890387639 2.5476744859180526e-08 0.0452649333737333 0.022887928597906823 0.022376929671992386 1.2926073658083939 1.0294979541742274e-05 0.023259738753474875 0.022005194620258434 0.031264143683795466 0.031264143683804826
309.93 22.45176519399048 -9.863896299721816 53.687323363623506 -935081.9983458107 1.0340687841078296e-05 26.386956347330432 25.990616337045967 25.037251678825655 98.27918366588042 153.29846759846956 400.0 -0.0020619782553426454 1.298623690394432 1.349704668504774 0.0009258617313364012 5.353626280791271 2.554550834937769e-08 0.04718845881713097 0.02386820479139114 0.02332017890236527 1.3512203811423649 1.0340687841078296e-05 0.024269055607927522 0.022919403209203444 0.0325856206473775 0.032585620647387493
322.29 22.46039473241991 -9.870820722833308 54.72448535146961 -934752.2613556251 1.0386556695393942e-05 26.489337067699356 26.073875899070245 25.07931533553939 98.15888565815214 153.19631474462815 400.0 -0.0022329941843332217 1.3533486963685308 1.410021732159965 0.0009951041101728705 5.430179690685999 2.5617701141515388e-08 0.049158343997795506 0.024872103223947617 0.02428616563046419 1.4116458113567776 1.0386556695393942e-05 0.02530310372833282 0.023855240269462674 0.03393823430167118 0.03393823430164406
334.89 22.469234317028686 -9.878015530133212 55.74570379214385 -934414.9303684698 1.0432705497572139e-05 26.592057858188205 26.15688552410896 25.119865274569772 98.03553360450056 153.09100373175895 400.0 -0.0024146781763522565 1.409439278843324 1.472192583618432 0.0010667011253843283 5.491493038656364 2.5693049136001383e-08 0.05117532046775261 0.02589991316639325 0.02527533213748458 1.4739213207536146 1.0432705497572139e-05 0.026362112220931194 0.024813208246821414 0.03532240829566852 0.03532240829559236
347.74 22.478293037737853 -9.885489749043192 56.75238011995172 -934069.6889423758 1.04792752386701e-05 26.695476462925683 26.239967987991957 25.159175879339127 97.90899143326688 152.98246967000887 400.0 -0.0026076554987456845 1.4669649455592035 1.5363005835865562 0.0011405465810421574 5.537038035308981 2.5771240515216605e-08 0.05324176746011801 0.026952755661906636 0.026288936613332994 1.5381287227377627 1.04792752386701e-05 0.027447158544989657 0.025794608915128348 0.03673969118605662 0.03673969118592957
360.82 22.487558930801445 -9.893234874719449 57.74355372951668 -933717.0235717884 1.0526285317222724e-05 26.799675628544925 26.32321826200391 25.197403541132616 97.77941679117518 152.87089353741317 400.0 -0.00281211268734069 1.5258608459809584 1.6022720874123082 0.0012163431692345592 5.566361033616049 2.585168760477129e-08 0.05535526837816045 0.028029301463762087 0.027325891708021653 1.604192635566194 1.0526285317222724e-05 0.028556786526757656 0.026798481851402788 0.038188338761623225 0.03818833876144436
374.15 22.49704840746976 -9.90126584899322 58.72132307481456 -933356.3408200827 1.0573887868287582e-05 26.905027312955013 26.406956492521584 25.234801118317158 97.64657030572018 152.7561097805546 400.0 -0.0030288644168532113 1.5862415198416744 1.6702261946378572 0.0012940078355248158 5.579314406929211 2.593396346663756e-08 0.05751988229750568 0.02913151422666411 0.028388292842423484 1.6722308114099587 1.0573887868287582e-05 0.02969292635508602 0.027826955942419664 0.03967104413022669 0.03967104412999435
387.72 22.50675674804935 -9.909579877354536 59.685477022387865 -932987.8524851012 1.0622116474824227e-05 27.011635358093578 26.49128234917255 25.271512948664014 97.51050791902895 152.63820209124228 400.0 -0.003258274937638666 1.6480860795622798 1.7401224094295622 0.0013732697725989628 5.575877819125904 2.6017384669013317e-08 0.05973484686525332 0.03025889683238653 0.029475874781864864 1.7422013397442544 1.0622116474824227e-05 0.030854965470808394 0.02887988139444492 0.04118719407744436 0.04118719407715608
401.54 22.516693606954416 -9.918186290239056 60.63722909507885 -932611.2252709081 1.0671066538574328e-05 27.119735045880397 26.5763940131647 25.307721387923515 97.37108364559954 152.51707565911866 400.0 -0.003501056219938905 1.71146377886678 1.8120136579568815 0.0014539629900128881 5.556246683165543 2.6101330717563706e-08 0.06200267263395722 0.03141261476589675 0.03058998259389949 1.814156046373272 1.0671066538574328e-05 0.03204399967019869 0.02995867296375852 0.042738416696791716 0.04273841669644546
415.59 22.52684714552238 -9.927075665924702 61.5757150084145 -932226.9412067683 1.0720718525055807e-05 27.229302566843035 26.66228035050986 25.343515285572813 97.2284528179576 152.3928939773912 400.0 -0.003757405681263778 1.7763051353324224 1.885787281270225 0.0015357380714054593 5.520872553744254 2.6184955054042778e-08 0.06432095180309803 0.03259132975459387 0.03172954675062649 1.8879812803969864 1.0720718525055807e-05 0.03325854061714607 0.03106241118595196 0.04432297828978853 0.04432297828938162
429.89 22.537234450623053 -9.936263672411805 62.50276286950767 -931834.3877345714 1.0771186579932518e-05 27.340603880931287 26.749152815893417 25.379073561583603 97.08236404476102 152.2654639791745 400.0 -0.004028252977727792 1.8427234243799882 1.9615303193476845 0.0016184736812847862 5.470332544133633 2.6267622256717646e-08 0.06669386037292457 0.03379705176875365 0.03289673328196953 1.9637635311206647 1.0771186579932518e-05 0.03450054797986494 0.03219331239305962 0.045943650659725624 0.04594365066018682
444.42 22.547843714562035 -9.945740460524881 63.41754520845305 -931434.0460715243 1.082243638841727e-05 27.45357227400514 26.83695791313707 25.41446254657835 96.93297204025585 152.13494348352634 400.0 -0.0043137997411556075 1.9106452309955646 2.039109727426792 0.001701815144185087 5.405517892567369 2.634844943802478e-08 0.06911894910603074 0.035028425033705964 0.03409044872521143 2.041369374124025 1.082243638841727e-05 0.03576851326057749 0.03335043584545323 0.04759868454977002 0.04759868455020334
459.2 22.55869234472926 -9.955522060500739 64.32177081637288 -931025.2952765222 1.0874568388867283e-05 27.56843310085732 26.925865275440014 25.449836836038923 96.78001956249017 152.0011287292139 400.0 -0.004615035554311869 1.9801818335812895 2.1185962648184 0.0017856401478876557 5.327342327444394 2.642678144182011e-08 0.07160041213538379 0.03628747163993342 0.03531286512278784 2.1208695910679984 1.0874568388867283e-05 0.03706440762792253 0.03453600450746125 0.04929087364151623 0.04929087364192108
474.22 22.569775943240487 -9.965604972091976 65.2152310908528 -930608.3386211136 1.0927571459529085e-05 27.6851610106728 27.01584555609669 25.485268722971654 96.62355606880614 151.8640816907872 400.0 -0.004932380092565938 2.051302558093336 2.1998922877011484 0.0018696596155998284 5.237014044760252 2.6501810238368905e-08 0.07413742028142795 0.03757366802091769 0.036563676861664486 2.2021668110794113 1.0927571459529085e-05 0.038387583200505136 0.03574983708092282 0.051019592035963436 0.051019592036344694
489.48 22.581097471295703 -9.97599215868791 66.09833685416174 -930183.1027341437 1.0981464667933683e-05 27.80379264909068 27.10691412234846 25.52084711446967 96.46352696224443 151.72377175711952 400.0 -0.005266461788182281 2.124021313782402 2.2829455346210104 0.001953651322973955 5.1358456352590665 2.657281303840789e-08 0.07673077970651426 0.03888732847091828 0.03784337580991969 2.285209364898575 1.0981464667933683e-05 0.03973825908845427 0.03699252061805999 0.052785341099565876 0.052785341099917164
504.99 22.592667443587015 -9.986693520572242 66.97203619603329 -929749.23255443 1.1036297970584071e-05 27.924428328655598 27.199131489245822 25.556676893106903 96.29977007843937 151.5800724450354 400.0 -0.005618155512640087 2.1983979889480283 2.367751435548696 0.0020374591414669347 5.025198568201371 2.6639147662264302e-08 0.07938297600849727 0.040229625774258385 0.039153274781054716 2.3699935298538133 1.1036297970584071e-05 0.04111754182905288 0.0382654341794444 0.054589776602365234 0.054589776602687635
520.73 22.60447404639472 -9.997698205107888 67.83557737831323 -929307.2115471535 1.109201131797473e-05 28.046922474441118 27.29236732770282 25.592787552346692 96.13243890926861 151.43313290582228 400.0 -0.005987667662664774 2.27434625306048 2.454134922094428 0.002120781074564615 4.906750027850422 2.670009485495383e-08 0.08209131716688113 0.041599123198095556 0.04049211848744025 2.456345370047575 1.109201131797473e-05 0.04252386378935624 0.0395674533775249 0.05643104574668215 0.05643104574697591
536.72 22.616535455913773 -10.009023134122337 68.69041634910552 -928856.4010296653 1.1148682823520224e-05 28.171429736142517 27.38671765670191 25.62929524009684 95.96126168698731 151.28272780223554 400.0 -0.006376143249526043 2.351969921701081 2.542134496045677 0.0022035476975303617 4.781959541371291 2.6755155423622065e-08 0.0848599240195612 0.04299784257575122 0.04186200593360389 2.5443046517488104 1.1148682823520224e-05 0.04395921833641976 0.040900705683141414 0.05831194401733678 0.05831194401760201
552.95 22.62884743228387 -10.020664295149944 69.53633993330419 -928397.0034144475 1.12062815693338e-05 28.297861806198206 27.48209112489409 25.666242365415457 95.78628360769265 151.12890917388592 400.0 -0.006784042388839268 2.4312259177966498 2.6316194407827513 0.002285551540386937 4.652560671987736 2.680377514825313e-08 0.08768770684069337 0.044425184009053154 0.04326244729188194 2.6337421350479775 1.12062815693338e-05 0.04542291582757455 0.042264791013118815 0.0602317399000738 0.06023173990028887
569.42 22.641413279105358 -10.03262461731295 70.37367503964462 -927928.9401956535 1.1264809625558142e-05 28.426200081837383 27.57844758884219 25.70369002641726 95.60744262935012 150.97163386650516 400.0 -0.007212070823889881 2.512116987681206 2.7225100554201247 0.002366662338533827 4.5202381222769015 2.6845508085974013e-08 0.09057523246428018 0.04588140025753252 0.04469375663673688 2.7245796854639037 1.1264809625558142e-05 0.046915153100590974 0.043660079363689194 0.062190845150759275 0.06219084515097128
586.14 22.654244057864666 -10.044914420852562 71.20322370563287 -927451.8464701172 1.1324302753589697e-05 28.556497110157252 27.67579815668767 25.741718249442478 95.42456530625638 150.81076006555708 400.0 -0.007661221985491694 2.59469314708344 2.814778860714771 0.002446822756485821 4.386598239991611 2.6879996241143552e-08 0.09352477454684123 0.047367619212722215 0.04615707973312862 2.8167914157184817 1.1324302753589697e-05 0.0484370342458816 0.045087740300959626 0.06419084563955385 0.0641908456397405
603.09 22.66732784679635 -10.057521928414012 72.0242914973176 -926966.2136080916 1.1384688384509123e-05 28.688566068596568 27.773973770876523 25.780335437284002 95.23780528488254 150.6464329766394 400.0 -0.008131693494290956 2.6788539048238147 2.9082306313125703 0.002525859480890534 4.25346623044713 2.690689226205337e-08 0.09653324323140534 0.04888228278990445 0.04765088480883321 2.910183812860627 1.1384688384509123e-05 0.04998692543216338 0.046546317799241954 0.0662297082292523 0.06622970822941697
620.29 22.68068356987537 -10.070464936687376 72.83813205757524 -926471.389085103 1.1446035223694077e-05 28.822527333431285 27.873033097811923 25.819638073061864 95.04687560558855 150.47840956264494 400.0 -0.008624789578092805 2.7646946970676867 3.0028892603694195 0.0026038167458923077 4.122309801928201 2.692599098475453e-08 0.09960455820376171 0.05042738018573383 0.04917710235294059 3.004782323147951 1.1446035223694077e-05 0.05156683666313626 0.04803772154062544 0.0683101691626874 0.06831016916283013
637.72 22.69429924046885 -10.083731317029912 73.64407011576958 -925967.8687382475 1.1508268539869975e-05 28.958186210130123 27.972800239547624 25.859628659797945 94.85193033681018 150.3068342240957 400.0 -0.009140699438398318 2.8521097956677535 3.098557550332172 0.002680584022973425 3.994844802724771 2.6937100045417166e-08 0.10273544830401235 0.05200129859957149 0.05073407400622241 3.1003913863308985 1.1508268539869975e-05 0.053175106588176556 0.049560341715835815 0.07043010997989217 0.07043010998001574
655.4 22.70819408359776 -10.097339212062515 74.44328971228076 -925454.995326722 1.1571455812206843e-05 29.095656763480214 28.073326195528107 25.90039895117075 94.65267621155216 150.131457312026 400.0 -0.009680791157954548 2.9411916071273163 3.195257812309464 0.002756259129165829 3.8724127332502642 2.6940125334009055e-08 0.10592973512017874 0.053606009180137984 0.05232365020793458 3.1970347351675312 1.1571455812206843e-05 0.05481375063784439 0.051115984482334335 0.07259223308440314 0.07259223308450877
673.32 22.72236397117072 -10.111283974282815 75.23557089109383 -924932.9778259197 1.1635557143961689e-05 29.234817598073285 28.17448802139015 25.941969839643118 94.44915356483652 149.95232234767676 400.0 -0.01024556269760842 3.0318803214296848 3.292847758430166 0.002830836749850358 3.7564860498648445 2.693501005605787e-08 0.10918578549369698 0.05524075752619994 0.053944952200758595 3.294571511734326 1.1635557143961689e-05 0.05648201229211233 0.05270377320158463 0.07479556407716575 0.07479556407723016
691.49 22.736820601733832 -10.125576433621866 76.02157809617998 -924401.4440667235 1.1700604042075418e-05 29.375701321071396 28.276274549171475 25.984406683010576 94.24117491378591 149.76927193132514 400.0 -0.010836145940584525 3.1242153064212044 3.3912946380608227 0.0029044254963001394 3.6483030880006906 2.692175024243697e-08 0.11250551840355442 0.0569065898738596 0.05559885272755267 3.392970233832754 1.1700604042075418e-05 0.05818098654159242 0.054324531861962004 0.07704154909297703 0.07704154909295431
709.89 22.75155183875685 -10.140203782091868 76.80067223262039 -923860.9004683992 1.1766520757624064e-05 29.518107138770837 28.378505781985034 26.027703060260233 94.02889499298013 149.58244956661605 400.0 -0.011452705113295067 3.218081699055838 3.490404078510604 0.002977041694938432 3.549166585452206 2.690041396758222e-08 0.11588529667088524 0.05860178058713447 0.057283440245464654 3.4920377745385665 1.1766520757624064e-05 0.05990895467379339 0.05597634199709187 0.07932789084578905 0.07932789084569992
728.54 22.766577529777372 -10.155184844533101 77.57391655363242 -923310.6812987835 1.1833375063680629e-05 29.662143610274136 28.48122422906972 26.07194488493986 93.81200730928386 149.39159249167454 400.0 -0.012096736759797576 3.3135667138713156 3.5901987253342758 0.003048889393328054 3.460033899358328 2.687107366314494e-08 0.11932874187566817 0.06032826091925198 0.059000405081198116 3.5917978355034488 1.1833375063680629e-05 0.061667939302411975 0.0576608025732562 0.08165721748475845 0.08165721748462151
747.43 22.78189358898679 -10.170514641760128 78.34109009788034 -922751.0020696901 1.190112765699168e-05 29.807686792483903 28.584305092404467 26.117146285315684 93.5905493179539 149.19674043719382 400.0 -0.012768748917769968 3.4106031384150772 3.6905405071682176 0.0031200802559836712 3.3819030717219674 2.683387041741077e-08 0.12283390285817336 0.0620851812062418 0.06074864573900385 3.6921133963211386 1.190112765699168e-05 0.06345714030074061 0.059376762557432766 0.08402840107842119 0.08402840107825238
766.56 22.797503971705225 -10.186196106328799 79.10239065049815 -922181.7857815392 1.1969775633199061e-05 29.95469017334838 28.68767915837671 26.163343701239246 93.36444187991006 148.99783029206588 400.0 -0.013469590776485546 3.5091733004018657 3.7913464721091312 0.003190790874074367 3.315588115279397 2.6788965734285733e-08 0.12640059559412717 0.06387259165131852 0.06252792799138333 3.7929024771551285 1.1969775633199061e-05 0.06527668662660474 0.06112390896752241 0.08644152192265644 0.08644152192288124
785.93 22.813412694568168 -10.20223217527059 79.85800725568576 -921602.9561538718 1.2039316629634844e-05 30.103107266889616 28.791277085206225 26.210572553120553 93.1336042564406 148.79479722430779 400.0 -0.014200122288575931 3.609258236129278 3.8925347137690642 0.0032612210938620123 3.261774684685967 2.673654522602161e-08 0.13002857351836328 0.06569052330002711 0.06433797422761396 3.894084115405387 1.2039316629634844e-05 0.06712669858508115 0.06290187493328214 0.08889662973402293 0.08889662973419506
805.54 22.829623836788258 -10.218625790615333 80.60812065455472 -921014.4377054479 1.2109749189945096e-05 30.252891697746175 28.89502942100434 26.258867421391187 92.89795381468542 148.5875746616562 400.0 -0.01496121379657207 3.7108377689560714 3.994024276354987 0.0033315921363288284 3.2210206113877 2.6676813177524508e-08 0.1337175299778975 0.06753898805595032 0.06617846589111594 3.9955782992973847 1.2109749189945096e-05 0.06900728707450791 0.06471024290338954 0.09139374427334879 0.09139374427347821
825.39 22.846141541714548 -10.235379899903027 81.35290369560359 -920416.1558352016 1.21810718128231e-05 30.403996951910987 28.998866571978596 26.30826192995169 92.65740621668309 148.37609426437038 400.0 -0.01575374565778986 3.8138905796431724 4.095735021959297 0.00340214456489483 3.1937579093270902 2.6609987539162458e-08 0.13746710077990823 0.06941797866997962 0.06804904603816211 4.097305864740996 1.21810718128231e-05 0.0709185527389607 0.06654854804094752 0.09393285603809494 0.09393285603819136
845.49 22.86297842286738 -10.252506016955085 82.09288643149956 -919807.7335592412 1.2253322834856998e-05 30.556452910548813 29.102770112984032 26.358815019298213 92.4117523760577 148.16017802745867 400.0 -0.016579024161568597 3.9184463323351983 4.197637891250601 0.0034731714145972677 3.18029285356829 2.6536257288370212e-08 0.14127876668081438 0.07132842105316618 0.06995026951408359 4.199238803447927 1.2253322834856998e-05 0.07286155357964401 0.06841721310117035 0.09651521449358672 0.09651521449365681
865.83 22.880130465538596 -10.269998700462283 82.8278489525038 -919189.3990275256 1.232645799113524e-05 30.7101345797165 29.20661726634097 26.410532265797706 92.16102487563288 147.93986003227178 400.0 -0.01743755543881269 4.024429698317571 4.299602313918792 0.003544910115635784 3.1808338086017085 2.6455887343521493e-08 0.14515016979654152 0.07326932448800053 0.07188076915231852 4.301247659806271 1.232645799113524e-05 0.07483540573465246 0.07031476406188909 0.09913947704735723 0.09913947704740689
886.41 22.8976020184434 -10.28786091624144 83.55794331146282 -918561.0807772091 1.2400513390715895e-05 30.865003687343478 29.31033746707624 26.463454148066 91.90513337740083 147.7150663751895 400.0 -0.018330248126711243 4.131816227654007 4.401549539277478 0.003617646436567815 3.1954588183160664 2.636911225584864e-08 0.1490807874216188 0.07524062339590078 0.07384008782595863 4.4032549135199055 1.2400513390715895e-05 0.07684017291177335 0.0722406145098455 0.1018055503501422 0.10180555035017502
907.23 22.915397502054834 -10.306095637641796 84.28331501303369 -917922.7085790773 1.2475362776668718e-05 31.020980536497536 29.41385964706309 26.517579569987547 91.64398576998909 147.48572122116445 400.0 -0.01925801933346223 4.240580527679061 4.5034009665099894 0.003691676439928477 3.224138950684424 2.6276165425444906e-08 0.15307004932782325 0.07724223251150973 0.07582774057211708 4.505183324374362 1.2475362776668718e-05 0.07887590427054701 0.07419414505727626 0.1045133147609436 0.1045133147609649
928.29 22.933521410938543 -10.32470584601085 85.00410330796838 -917274.2135339086 1.25514935489291e-05 31.17814471940827 29.517112142394804 26.573066726131064 91.3775493793426 147.25174674865448 400.0 -0.020221794239759713 4.350696294881461 4.605077993277206 0.0037673041133244167 3.266744961644201 2.6177276769831554e-08 0.15711734004682823 0.07927404661605593 0.07784321714121545 4.606955795609243 1.25514935489291e-05 0.0809426331653155 0.07617470688151273 0.1072626250758715 0.10726262507588494
949.6 22.951986732652166 -10.343702458250622 85.72074991500918 -916615.142915479 1.2626562499672123e-05 31.336073514437306 29.62007041548577 26.629524419284756 91.11573866915985 147.01315849259768 400.0 -0.02122298121669428 4.462188583311839 4.706549095152547 0.0038448755851204575 3.323083559826725 2.6072620913508956e-08 0.16122392724629642 0.08133690812183829 0.07988694278857113 4.7085425209412675 1.2626562499672123e-05 0.08304136064411154 0.0781825666021849 0.11005462144335186 0.11005462144336008
971.15 22.970783452888796 -10.362735346823982 86.42486244154003 -915920.4564498736 1.269734129301754e-05 31.494300551366358 29.72258377811582 26.686615420617578 90.8893874205398 146.8388619424265 400.0 -0.02226205888102627 4.5749750083525775 4.80768513074878 0.003924670727013001 3.3928247660516595 2.5962465944034125e-08 0.16538711432303005 0.08342966908307453 0.08195736885677705 4.809816133923922 1.269734129301754e-05 0.08517106703239816 0.08021604729063192 0.11288775342095891 0.11288775342096398
992.93 22.989900913862055 -10.382137711988094 87.12426767205406 -915215.7061571355 1.2766683428149445e-05 31.65292727662227 29.824559099180917 26.74456777858119 90.66889672239496 146.66135809104793 400.0 -0.023339458678760815 4.688971775509726 4.908359498041078 0.004006988273529093 3.475545762203133 2.584708359395947e-08 0.16960412443779396 0.08555114051660738 0.08405290748976071 4.910651947246517 1.2766683428149445e-05 0.08733070102100425 0.0822734234167897 0.11576041181129704 0.11576041181130026
1014.97 23.009369228636736 -10.401939310520502 87.82003321637407 -914499.8699540314 1.2837046194210899e-05 31.812578643384505 29.926061128209515 26.80394834801172 90.44390452720752 146.48035609842927 400.0 -0.02445762894881629 4.804305244501588 5.008630295372784 0.004092289704126629 3.5709238042524305 2.5726520313148886e-08 0.17387995535054954 0.08770404541749272 0.0861758334523268 5.011110455262202 1.2837046194210899e-05 0.08952320009834941 0.08435675525220013 0.11867628755715925 0.11867628755716379
1037.24 23.029165994942225 -10.422116225509383 88.51131174808573 -913773.8724139293 1.2907838973368863e-05 31.972839278954368 30.026875511787694 26.864558929153635 90.21459283494856 146.29605251020178 400.0 -0.025616017450408448 4.9207869958108015 5.108280349800732 0.004180808672594808 3.678329585403272 2.560113768101892e-08 0.1782079406470026 0.08988523309801782 0.0883226310179231 5.110976540113766 1.2907838973368863e-05 0.09174552341548722 0.08646241723151539 0.12163112304163563 0.12163112304164049
1059.75 23.049304078797547 -10.442680332474104 89.19852446096607 -913037.3438042473 1.2979221922594082e-05 32.133762420903 30.126973234839028 26.926486567635703 89.98078574507801 146.10831564287287 400.0 -0.02681608007927294 5.038437132699434 5.2072758532672925 0.004272931414625421 3.7972415485146103 2.5471074082414513e-08 0.18258912974530273 0.09209543164477055 0.09049362151804868 5.2102188820574975 1.2979221922594082e-05 0.09399858078053633 0.08859054896476638 0.1246259203674363 0.12462592036743494
1082.51 23.069796622869788 -10.463643815882879 89.88206726895108 -912289.9121215316 1.305118826674574e-05 32.29535000264199 30.226321795637116 26.98977004990279 89.7423024477618 145.91701022143997 400.0 -0.0280593283087031 5.157274798541952 5.305579952739198 0.004369046922599711 3.9271092098418467 2.5336454573297318e-08 0.18702454810500138 0.09433535542603788 0.09268911604390136 5.308803256676272 1.305118826674574e-05 0.09628327084168121 0.09074127726332018 0.1276616722010282 0.1276616722009822
1105.5 23.09062978149272 -10.48499119814536 90.5614330421484 -911532.1938002368 1.3123682539422695e-05 32.457404599274476 30.32475803273718 27.054377820432077 89.49927521959272 145.72225239912575 400.0 -0.02934563157092356 5.277161731563453 5.4030267788424 0.004469413467667244 4.0671687841678 2.5197575528925603e-08 0.19150933895430805 0.09660274122962481 0.09490652103588514 5.406566107364725 1.3123682539422695e-05 0.09859745504922438 0.09291188390508365 0.1307353445264385 0.13073534452633562
1128.74 23.111825894269337 -10.50674400105099 91.23730209225722 -910763.492077608 1.3196764562421593e-05 32.62000809199818 30.422291804019803 27.120386131784592 89.25141387180962 145.52381969585676 400.0 -0.030677073491431946 5.398167613864997 5.499621960213586 0.004574456425576651 4.216859324820561 2.5054488165332646e-08 0.19604641060586833 0.09889924209038668 0.09714709177169353 5.503515924433368 1.3196764562421593e-05 0.10094299033380198 0.09510342027206636 0.13384922147583164 0.13384922147566286
1152.22 23.133380201071766 -10.528895935080481 91.90946168145969 -909984.1012145468 1.3270404013191437e-05 32.78303202281737 30.518804422244912 27.18778789974288 88.99874309374422 145.32163947013217 400.0 -0.032054067945606765 5.52020490634128 5.595244123074495 0.0046844649698391866 4.375413004301007 2.490741895857521e-08 0.20063278730032202 0.10122352852563511 0.09940918197462442 5.599533782262042 1.3270404013191437e-05 0.10331868904638666 0.09731409825393537 0.13700155494869684 0.13700155494889812
1175.94 23.155297033254648 -10.5514499668329 92.57799289918563 -909193.989427567 1.3344602638234658e-05 32.94641908604562 30.61422103988771 27.25660357680858 88.74118074987426 145.1158665444222 400.0 -0.033477583002929655 5.6432375518629385 5.689815509237042 0.004799764031047678 4.542101969401984 2.4756529973421688e-08 0.20526741178103958 0.10357523135909599 0.10169210356426536 5.6945444544374135 1.3344602638234658e-05 0.10572434200604675 0.0995430697749928 0.14019190993756472 0.1401919099377544
1199.91 23.177590115052926 -10.574418690192818 93.2432483723903 -908392.7931446746 1.3419395067788564e-05 33.11018111349228 30.7085065798608 27.326883104740915 88.47853287845595 144.9062489612942 400.0 -0.03494920836389026 5.767280513411696 5.783298008751361 0.0049207218429249645 4.716259268903261 2.4601914571095735e-08 0.20995115031315034 0.10595494969138822 0.10399612370504098 5.788512489653543 1.3419395067788564e-05 0.10816073019195438 0.10179042012119596 0.14342117771792148 0.1434211777180967
1224.11 23.200245305245474 -10.597785923788571 93.9047466048245 -907581.1552269696 1.3494723915834013e-05 33.27412661554214 30.801509580815544 27.398588307628703 88.210932808905 144.69290377005822 400.0 -0.036468685226259 5.892192934085623 5.875538307913432 0.005047545451611384 4.896991670994117 2.4443857147289968e-08 0.21467897745229278 0.10836027824569117 0.10631862222939492 5.8812864944531205 1.3494723915834013e-05 0.11062555631203637 0.10405342114025641 0.1466861851512301 0.14668618515139137
1248.56 23.22328585692364 -10.621573970645077 94.56310448944242 -906758.3824534992 1.357065825024576e-05 33.43833800505127 30.893235593147374 27.471799030220605 87.93807161253739 144.47559545612478 400.0 -0.038038238080794456 6.018040091883165 5.966538974830668 0.005180638158708865 5.083698691543468 2.4282380397522886e-08 0.21945365398745095 0.11079275966389615 0.1086608172843007 5.972871644922119 1.357065825024576e-05 0.11312056475137594 0.10633308923607504 0.14998913039593967 0.14998913039608733
1273.25 23.246707043630163 -10.645776211739113 95.2181135141823 -905924.7904329112 1.36471756170854e-05 33.60269633113386 30.983576218003922 27.546506589439502 87.65996963219568 144.2543512170581 400.0 -0.039658213794042295 6.144731804559042 6.056189741694362 0.005320236995838194 5.275560106376716 2.4117701183819896e-08 0.22427205168651024 0.11325092996025818 0.11102104462334006 6.063159435121434 1.36471756170854e-05 0.11564441739243408 0.10862763429407618 0.15332814410796025 0.15332814410809473
1298.18 23.270513548537494 -10.67039565613268 95.86983739731038 -905080.3632213266 1.372428678399227e-05 33.76715326158847 31.072464068829877 27.622732086394265 87.37653493049123 144.02910897819265 400.0 -0.04132957839262021 6.272229098492973 6.144421175194201 0.005466619932292096 5.471837728591111 2.394997066990073e-08 0.2291329698310788 0.11573429354643702 0.11339859911638334 6.15208217881135 1.372428678399227e-05 0.1181967651397507 0.11093620469132812 0.1567026849261128 0.15670268492623673
1323.35 23.29471013893195 -10.69543532214189 96.51833683823978 -904225.088169955 1.3802004724508802e-05 33.931663470601556 31.159834199349966 27.700497052379593 87.08767353437055 143.79980511939806 400.0 -0.04305329557236607 6.400492581662846 6.231166418221962 0.005620054236935981 5.671805937538667 2.3779339832284998e-08 0.2340351824250911 0.11824233014006667 0.11579277504964781 6.239574510879516 1.3802004724508802e-05 0.1207772305241926 0.11325795190089848 0.16011219174350255 0.16011219174352118
1348.77 23.319311382396936 -10.720908294602042 97.1639218552632 -903358.6145520175 1.3880375587881676e-05 34.09624948838624 31.24565769659786 27.77985494320831 86.79317259310092 143.56628214057298 400.0 -0.04483103271827913 6.529533167822456 6.316394545177927 0.005780860826503227 5.874835511451596 2.3605891534326807e-08 0.23897938291276874 0.12077549167786748 0.11820381393051957 6.3256070438665715 1.3880375587881676e-05 0.12338643600154842 0.11559294691122032 0.1635574398672629 0.1635574398672709
1374.42 23.34430287727445 -10.746797569373994 97.80613977415679 -902481.6180790621 1.3959355584173529e-05 34.26074375070978 31.329807875029548 27.860766081246762 86.49316500905684 143.32865679434983 400.0 -0.04666234847139789 6.65920928197142 6.399977669463014 0.00594915899903959 6.080077130469883 2.3429914324888322e-08 0.2439604079767882 0.1233312166430347 0.12062911395844057 6.410052169222176 1.3959355584173529e-05 0.1260218971754194 0.11793851080136881 0.16703511951133088 0.16703511951133274
1400.32 23.369709168207127 -10.773126380178514 98.44554424444568 -901593.4122458752 1.4039026844393354e-05 34.42524069148171 31.412294513009744 27.94331712698942 86.18731546685193 143.08667498761784 400.0 -0.04854962405002428 6.789581752918016 6.481923564492293 0.006125315326545793 6.287023818400798 2.32514242206079e-08 0.24898084607790638 0.12591090596271937 0.12306986266686205 6.4929189258373095 1.4039026844393354e-05 0.12868521111603004 0.12029563496187634 0.17054732488068186 0.1705473248806822
1426.46 23.39552571429067 -10.799887727523322 99.08193374379977 -900694.3390406192 1.4119381975986436e-05 34.58964670936055 31.493032080123715 28.027501245394074 85.87563628469807 142.84035822695176 400.0 -0.0504931015171295 6.920559478722716 6.562145463966476 0.006309490560677537 6.494953977891105 2.3070644232815378e-08 0.2540374378802715 0.12851294882673475 0.1255244115300413 6.574120485265223 1.4119381975986436e-05 0.13137486766839004 0.12266257021188144 0.17409206542463426 0.1740920654246353
1452.84 23.421757803850184 -10.827084679722436 99.71535676224418 -899784.4022959243 1.4200447406235522e-05 34.75393769846427 31.571972175858672 28.113344101618274 85.55802053664678 142.58963373074272 400.0 -0.05249372429317865 7.052101947886329 6.6405935968459975 0.006501900123426679 6.703253913246924 2.288773039176444e-08 0.25912884907834205 0.1311367095301585 0.12799206194724735 6.653607004606529 1.4200447406235522e-05 0.13409035965567634 0.12503848942266568 0.17766868965080698 0.17766868965081542
1479.46 23.448410852732536 -10.854720316283322 100.34585981722789 -898863.6090211119 1.4282252724841676e-05 34.918094985233715 31.649070468738955 28.20087263791402 85.23435829414494 142.33442655879776 400.0 -0.054552429990690834 7.18416865487819 6.7172223473196935 0.00670275026158028 6.911339774816611 2.270284025377874e-08 0.2642537284844596 0.13378153200285067 0.13047211880084406 6.731332458298446 1.4282252724841676e-05 0.1368311571938095 0.1274225712906501 0.18127653029412705 0.18127653029414637
1506.33 23.47550053036329 -10.882808217389094 100.97371972754209 -897931.6220158635 1.4364861643631355e-05 35.08216647414335 31.7243144240988 28.290148660084792 84.90441301388456 142.07456234453977 400.0 -0.056670945869873576 7.316768392996606 6.792017814058559 0.00691231801705346 7.118735784676085 2.2516063385525466e-08 0.2694126269377046 0.1364477324811178 0.13296481669344856 6.807282638508843 1.4364861643631355e-05 0.13959773870900735 0.12981488822869724 0.18491625927003047 0.1849162592700644
1533.43 23.503012373890236 -10.911330579878586 101.598512311908 -896989.1481362485 1.4448249146544683e-05 35.24602335632019 31.797612429296795 28.38113576841917 84.56831391940854 141.81015483431102 400.0 -0.05884861960702755 7.44976220103553 6.864887587901016 0.007130637535419794 7.32476772760269 2.232769941202282e-08 0.27460032449872934 0.1391326329553711 0.13546761369523064 6.881363203235802 1.4448249146544683e-05 0.14238747403297072 0.13221285046575865 0.1885844709794236 0.18858447097947398
1560.78 23.530972546800598 -10.940311569225814 102.22074046983022 -896035.5079425295 1.453251697904231e-05 35.40978640099615 31.868987588964757 28.4739330054091 84.22569290596276 141.54092661608223 400.0 -0.06108797562160953 7.583208199822339 6.935853395587053 0.007358053349226562 7.529101295688464 2.213777134553684e-08 0.27981925772064054 0.14183750445350254 0.13798167533120165 6.953595381813743 1.453251697904231e-05 0.1452018329287987 0.1346174247918418 0.19228316269015 0.19228316269012757
1588.37 23.559376962447814 -10.969743825629559 102.8402126653476 -895071.0676959293 1.4617678468618165e-05 35.57340153624067 31.938386130722073 28.56854090690927 83.87654968979027 141.2668897870088 400.0 -0.06338912753208051 7.7170174661260225 7.004860629331396 0.007594663902506161 7.731207763984229 2.1946511952343502e-08 0.28506610763515255 0.14456062957873583 0.14050540002973452 7.023922435182609 1.4617678468618165e-05 0.14803918061704638 0.13702692701810618 0.1960102580429856 0.19601025804299466
1616.2 23.5882318328132 -10.99963049248936 103.4569683410611 -894095.849032292 1.47037817744536e-05 35.736882604523096 32.00578665171782 28.664995655936444 83.52075646126548 140.98795638571977 400.0 -0.06575297674299856 7.851150700593133 7.071886948586652 0.007840642322796937 7.930669862630859 2.175408543709983e-08 0.2903394651096307 0.14730126878593874 0.1430381182031686 7.092320047533904 1.47037817744536e-05 0.15089889793967157 0.13944056716995915 0.199765023679879 0.19976502367992788
1644.27 23.61754356519117 -11.029974728202601 104.07104598683676 -893109.8761410587 1.4790879333974251e-05 35.90025091687412 32.07117267295365 28.76333592423472 83.1581813322658 140.7040353419989 400.0 -0.06818041607724346 7.985569094530171 7.136914992639402 0.008096158380922907 8.127105304352755 2.1560656713621115e-08 0.29563791580653426 0.15005867044925114 0.1455791671396563 7.1587686225819676 1.4790879333974251e-05 0.15378035395515252 0.1418575618513817 0.20354671618737902 0.2035467161874579
1672.59 23.647329331793664 -11.060790623863387 104.68269791225445 -892112.8231521832 1.487905923653958e-05 36.063592946159154 32.13455462345555 28.863638703054317 82.78855677720357 140.41492971734903 400.0 -0.07067321736738977 8.120281815761473 7.199954243104839 0.008361474831957238 8.320233994881452 2.1366322670542758e-08 0.3009619184015348 0.15283305078237644 0.14812878930095288 7.223275694774232 1.487905923653958e-05 0.15668393277779583 0.14427798562373903 0.20735592709082457 0.2073559270909919
1701.14 23.677574939839086 -11.092059608075623 105.29152928294279 -891105.4230556283 1.4968320807676967e-05 36.226830429143874 32.19588126327461 28.96587750823135 82.41200267623516 140.12074576385382 400.0 -0.07323049482584386 8.255156131559863 7.260952920912528 0.008636571443614748 8.509606754592946 2.1171386079133542e-08 0.30630629463927805 0.15562167959644538 0.1506845366204568 7.2857857675239295 1.4968320807676967e-05 0.1596069360466628 0.14669935859261524 0.2111892058768282 0.21118920587694842
1729.94 23.70830866164983 -11.123550357221971 105.8958865128621 -890065.9206560459 1.5058793120491812e-05 36.39011922522803 32.255190203109976 29.070167638882694 82.02810903448761 139.85478584697086 400.0 -0.0758549049932168 8.390249645149497 7.319951586345333 0.00892180896700774 8.695077570664015 2.0975875806287567e-08 0.31167337118368577 0.15842573236823093 0.15324756028504527 7.346337597097028 1.5058793120491812e-05 0.16255075859940726 0.1491226125842785 0.21504847050384082 0.21504847050397086
1758.98 23.739527285448784 -11.155267362807185 106.49569182581115 -888995.8843800825 1.5150516698598133e-05 36.55345649340631 32.31246366758292 29.176525169722645 81.6368556383918 139.61564446695576 400.0 -0.07854641522917552 8.525478865680395 7.376931323683665 0.009217262924345621 8.876334029049586 2.0780025286968806e-08 0.31705985851541213 0.16124344762983542 0.15581633224309574 7.404908729442573 1.5150516698598133e-05 0.16551372068880063 0.15154613782661147 0.2189316040634372 0.21893160406357098
1788.26 23.771238431491113 -11.187450231749914 107.09293257263111 -887914.8435840282 1.524356868130485e-05 36.71690878596915 32.36771394081805 29.285008736287494 81.23808523777339 139.3723068804046 400.0 -0.08130587077038598 8.660808583213532 7.431900049681658 0.009523108020016394 9.05316380331032 2.0583998685348175e-08 0.3224643495392978 0.1640740390355081 0.15839023174497713 7.461503946983439 1.524356868130485e-05 0.16849516754856012 0.1539691819907377 0.22283782928782772 0.2228378292879599
1817.79 23.80346096910844 -11.220113203678046 107.68784425697132 -886822.4624689937 1.5338064013984358e-05 36.880603261526346 32.42097213028358 29.395715076361174 80.83149618986006 139.12460598364234 400.0 -0.08413507248009477 8.796250220314555 7.484888185165174 0.009839633449819443 9.225443764836019 2.0387892914048105e-08 0.32788727763503334 0.16691768005216776 0.16096951870318316 7.516151011518956 1.5338064013984358e-05 0.17149546229672322 0.15639181533831012 0.22676769497205976 0.22676769497218516
1847.55 23.836181309553776 -11.253237319350259 108.28005938860635 -885719.5164592685 1.5434027604480803e-05 37.0445103848728 32.472220527758004 29.50863274409584 80.41719425216456 138.8726232607543 400.0 -0.08703292879156914 8.93167878864154 7.535877640776962 0.01016681328441762 9.3929076295707 2.0192002430052597e-08 0.3333235827726855 0.16977165775353928 0.16355184601388786 7.56882742708139 1.5434027604480803e-05 0.17451192677548438 0.1588116559972011 0.23071775724589327 0.23071775724600965
1877.56 23.869430018525936 -11.286848022019338 108.87001172015673 -884605.3007872035 1.5531618984644056e-05 37.20883119001414 32.52151674883156 29.623905864818415 79.994724601807 138.61609940730855 400.0 -0.09000220121680377 9.06715311840525 7.584925325195724 0.010505065604509322 9.5555480516586 1.99963555475363e-08 0.3387755445979084 0.17263710558049275 0.16613835988152556 7.61958792304883 1.5531618984644056e-05 0.17754595031899734 0.16122959427891093 0.23468988766825205 0.2346898876683573
1907.81 23.90320508444093 -11.320937420113522 109.45753722406076 -883480.2227979538 1.5630908766293572e-05 37.37361184862053 32.56887104607089 29.74157077201293 79.5640418832083 138.35502480439692 400.0 -0.09304272729494789 9.202596476417844 7.632041076607596 0.010854491850932471 9.713216331619394 1.9801176367464802e-08 0.34423997374059306 0.17551228245411793 0.16872761201465852 7.668438460053025 1.5630908766293572e-05 0.18059589136348395 0.16364408237710912 0.23868197466346247 0.238681974663555
1938.3 23.937515838024314 -11.355508740989386 110.04267263312616 -882344.3199011355 1.5732003070940272e-05 37.538961734669485 32.61431587483157 29.86170486020685 79.1249545934052 138.0893013852192 400.0 -0.096155299781496 9.337979019593488 7.67725687446264 0.011215315929420652 9.865848286147 1.960662057840023e-08 0.34971553124426796 0.17839641494372113 0.17131903688721045 7.715407733502147 1.5732003070940272e-05 0.18366113726885672 0.1660543939754113 0.2426932377604624 0.2426932377605419
1969.03 23.972372026917412 -11.39056523715001 110.62545536055099 -881197.6295723597 1.5835029399431555e-05 37.705009476858976 32.657888147445284 29.98440029573925 78.67726296145506 137.81882661882662 400.0 -0.09934070075091594 9.473272164587463 7.7206091811197295 0.011587777882664664 10.01340557387769 1.9412841333817483e-08 0.35520089942251726 0.1812887382049246 0.17391208165682778 7.760528977234387 1.5835029399431555e-05 0.18674109205209594 0.16845980737042132 0.24672289976806894 0.24672289976813497
2000.0 24.007783845130273 -11.426110188272219 111.20592364032196 -880040.189074517 1.5940071491266496e-05 37.871861535998875 32.69962910356759 30.10972272541709 78.22075863790602 137.5434932015516 400.0 -0.10259970163076099 9.608448642146604 7.762138810581786 0.01197213622642916 10.155874284102488 1.921998902633667e-08 0.36069478432774493 0.1841884979240754 0.17650620668923228 7.803839857004291 1.5940071491266496e-05 0.18983517681131817 0.1708596075164267 0.25077018803930756 0.2507701880393606
