#Found quasiharmonic mode : None
#T(K), volume, F(eV), S(J/K), H(J/K), a(-6/K), Cp(J/mol), Cv, Cpion, Bt(GPa), T_ph-D(K), T-D(K), F_el_atom, S_el_atom, C_el_atom, M_el, Seebeck_coefficients(μV/K), Lorenz_number(WΩK^{−2}), Q_el, Q_p, Q_e, C_mu, W_p, W_e, Y_p, Y_e
0.0 14.320852612092763 -7.311729663136126 0.0 -705474.6649193449 0.0 0.0 0.0 0.0 247.72206542488172 400.0 400.0 0.0 0.0 0.0 0.0 0.0 2.443004551768e-08 0.0 0.0 0.0 0.0 0.0 0.0 0.0 0.0
1.6 14.320852662111083 -7.311729706209139 0.005287163850271629 -705474.6606157967 1.4005153877629444e-09 0.005321007659156711 0.005321007598814291 5.076594425911667e-05 247.72206123165714 539.2758487799177 400.0 -4.369768727765814e-08 0.005270241888966064 0.005270241714897594 -2.109374103761205e-08 -0.026366829925525408 2.4430044267870307e-08 0.00019267167506321496 9.883086872292557e-05 9.376545248877972e-05 0.005270241864962691 9.632341518274678e-05 9.634825988046817e-05 0.00013861509108633634 0.0001286150909319832
5.12 14.320853146463085 -7.311730110972332 0.01741144523544282 -705474.6189823704 5.2264071413224625e-09 0.018488901602597585 0.018488898913519864 0.0016241353708996852 247.72202035512117 543.5978875095982 400.0 -4.4746504238795447e-07 0.016864772228484173 0.0168647662316979 -2.1598865412284593e-07 -0.0843678774950887 2.443003613391807e-08 0.0006165493002146835 0.00031072350769047175 0.0003057503914430266 0.01686477114814586 0.000308147452308071 0.00030840184790661247 0.00043238093110622126 0.0004223809309504989
10.59 14.320855317854095 -7.311731688617451 0.03973538162242599 -705474.4395508919 1.3777833330980249e-08 0.04980197327614551 0.04980193462303264 0.014919587075621089 247.72183720166618 536.8575170481865 400.0 -1.9143051948318025e-06 0.03488240525293248 0.034882386200524425 -9.240029414867735e-07 -0.17449750639736047 2.4430033410576604e-08 0.001275245260073201 0.0006399019465773186 0.0006352679084940967 0.03488242970266922 0.0006370784748600719 0.0006381667852131292 0.0008889451536613191 0.0008789451535028207
17.98 14.320865505293456 -7.311736449067367 0.08626840602422449 -705473.7685562341 6.186569353455441e-08 0.15532971259712453 0.15532838942932667 0.09610435799001815 247.7209779353088 489.8829065958726 400.0 -5.518222781908435e-06 0.059224501501259415 0.05922535460710636 -2.6621760700116394e-06 -0.29570156522524815 2.4430440271256434e-08 0.0021651498980737056 0.0010844380931580638 0.0010806363990897557 0.0592255667089914 0.0010810073034452094 0.0010841425946284964 0.0015057779391263759 0.00149577793896816
27.31 14.320941336107452 -7.3117528322395895 0.23245471033325224 -705470.5520598483 3.9172806514337673e-07 0.7045698333977063 0.7044892570413721 0.6146015186860667 247.7145817374911 400.7541662926628 400.0 -1.273121390564756e-05 0.08995940024988619 0.08996831471163959 -6.125276888238015e-06 -0.44607932109178033 2.4432800893266884e-08 0.0032887277457012538 0.0016453994656230662 0.0016432528734962168 0.0899690478017801 0.0016407586675788546 0.0016479690781223994 0.002284577701590916 0.002274577701434719
38.57 14.321340592744091 -7.3118169761337315 0.7417539224789016 -705454.4798941272 1.3572083214933587e-06 2.5801670892924267 2.578801210143315 2.453086474834021 247.6809037947903 351.2244007871863 400.0 -2.5395443953039563e-05 0.12706202832367125 0.12708061445840566 -1.2151211356688137e-05 -0.6234187742474585 2.4434306390081103e-08 0.004645055244919221 0.002322127927494765 0.002322851907757058 0.1270826364208324 0.0023153815248031116 0.0023296737201161087 0.003224685301184538 0.003214685301037048
51.77 14.322543282874298 -7.3120223697548825 1.9589693339767782 -705401.4909722493 2.9085376315281166e-06 5.9699531693896795 5.9615362014436855 5.799368583809192 247.57944139012653 331.64216943372224 400.0 -4.5760311784341e-05 0.17057758294206105 0.17058458558048697 -2.172485208800069e-05 -0.8254667102322609 2.4431544540669124e-08 0.006235918836800851 0.0031152866062686122 0.0031205568116298254 0.1705893438790869 0.003105194089815474 0.0031307247469853764 0.004327343307080838 0.004317343306935577
66.9 14.325008666740136 -7.312522744699652 3.9895560417492555 -705284.2843582069 4.627579049997647e-06 9.970636113211645 9.94312098217812 9.75016864894996 247.37139025963916 322.8553203579255 400.0 -7.644056384300768e-05 0.2204939800950933 0.22046746426168495 -3.591965542665891e-05 -1.047902818813937 2.4426999654478023e-08 0.008060945290137364 0.004024441539197945 0.004036428313083134 0.2204773758072512 0.00400938501055523 0.004051560279582134 0.005592347511100894 0.005582347510954948
83.96 14.328997664564321 -7.313506529995567 6.6781075458786034 -705085.412598859 6.176983940646281e-06 13.680308135186799 13.618848164503317 13.403517130813867 247.03458026000607 318.247180810179 400.0 -0.00012045605019818234 0.27684604428820564 0.2767910043729319 -5.5882769202234315e-05 -1.2881539026303142 2.4424635583226334e-08 0.010121280748071903 0.005049907846741605 0.005071297432840888 0.276809809154729 0.005027863919535531 0.005093416828536374 0.007020544082829438 0.007010544082678136
102.96 14.334585772734629 -7.315168384825045 9.785010065278138 -704798.9864872474 7.4312285901546985e-06 16.713959116456763 16.60504225193426 16.374282871445295 246.56236985618534 315.483185842333 400.0 -0.0001812641564263397 0.3397157403881241 0.3396762450114675 -8.287935079112413e-05 -1.5480814849066604 2.442677037714495e-08 0.0124196889429534 0.006192780188047971 0.006226833243645952 0.33970957164611437 0.006161275705107625 0.0062584132378457735 0.008613841154232344 0.008603841154082338
123.89 14.341736857504186 -7.317688692568447 13.100379728974366 -704426.6178086125 8.396262793837085e-06 19.051532095228442 18.884552493946135 18.642336846029895 245.95743710863678 313.6106447070241 400.0 -0.0002626761786245217 0.40913118237065826 0.4091952491985463 -0.00011833601143456571 -1.8327754998463854 2.443428922848799e-08 0.014956930146902867 0.007453096193111421 0.00750375838808269 0.4092515035128123 0.007409148070017966 0.0075477820768849015 0.01037269744130743 0.010362697441155765
146.75 14.350378632711852 -7.321228826642243 16.480370455905863 -703972.7005006906 9.127343363063708e-06 20.81732191684581 20.584143059415172 20.331851226745844 245.22543349230747 312.18976799059055 400.0 -0.00036894554825560105 0.4851649429665575 0.4854706900999632 -0.00016395976051301599 -2.148535161289208 2.4447511155864122e-08 0.017735357807718895 0.008831596150460225 0.008903686026194438 0.48556235945094284 0.008771608664690378 0.008963749143028516 0.012298637360285298 0.012288637360133468
171.55 14.360441327633273 -7.325932959404649 19.838120911923276 -703441.8450345717 9.6845842195108e-06 22.155763245965886 21.849732646368476 21.587080480180322 244.3717346181445 310.99921437756973 400.0 -0.000504815082520172 0.5679351474823163 0.5686827657855636 -0.00022180049263469502 -2.5008720539906695 2.4466771639933173e-08 0.02075893128165511 0.01032971423660615 0.010429141338501223 0.5688281415843566 0.01024935310758819 0.01050957817406691 0.014394272829217389 0.014384272829064756
198.28 14.371860270527014 -7.33192532503577 23.12260145847867 -702838.5006479281 1.0117434625262202e-05 23.187333383625027 22.802521126926703 22.528355926536207 243.40123331680715 309.9205555705301 400.0 -0.0006753714984260733 0.657507283567312 0.6589774570888245 -0.0002941929906383843 -2.89323141326272 2.4492649134209823e-08 0.02402959160481555 0.011947787004048317 0.012081728809360847 0.6592026841349278 0.011841872313764257 0.012187719291051297 0.01666079267634077 0.016650792676189474
226.94 14.38459132545965 -7.339318295173982 26.30875354734418 -702166.0547142195 1.0463345526588687e-05 24.00345042854497 23.534067741632647 23.24687486482539 242.31703279155317 308.8857657464433 400.0 -0.0008862030932369844 0.7539966005478613 0.7565755637195767 -0.0003838035656248122 -3.3275393277377625 2.4526022407085988e-08 0.027550962918461642 0.013686902165701148 0.013863984867725212 0.7569171436070997 0.013549283027897081 0.014001679890564559 0.01910052301667549 0.01909052301652944
257.54 14.398611243145927 -7.348217005093191 29.387135081208925 -701426.7954574338 1.0749425582484882e-05 24.670160693814953 24.110192713094907 23.80837663915823 241.1204082793729 307.85355756026735 400.0 -0.0011434654420337566 0.8575719552796184 0.8617840546567234 -0.0004936329163082948 -3.8049590402077724 2.4568075406008332e-08 0.03132845016446044 0.015548952860475052 0.01577942131700338 0.8622919178323708 0.015372378866020088 0.015956071298440348 0.02171698447598652 0.021706984475840702
290.07 14.413901928371043 -7.358713160496466 32.35471263665413 -700622.7517718022 1.0994813237319503e-05 25.23394443573849 24.577006005504977 24.259036234916245 239.8121405229305 306.79830187211513 400.0 -0.001453658534081919 0.9683582429235278 0.9749082008222463 -0.0006269110072720149 -4.326407904701093 2.4620331404388492e-08 0.035365631873603295 0.017534860516632653 0.017830695260136743 0.9756494099809874 0.017310888116556913 0.018054743757046385 0.02451238059398158 0.02450238059383881
324.54 14.430466652124585 -7.370898508387016 35.21517613516759 -699754.8573416267 1.1213333425592416e-05 25.728193527628008 24.967339109243575 24.631783169791976 238.39112099915224 305.70226478134475 400.0 -0.0018239916794529076 1.0865769017169573 1.096410357836031 -0.0007872716098554103 -4.894134942484301 2.468482437090393e-08 0.03966931314085722 0.019647053284749857 0.020022183641770497 1.097474271388891 0.019365887678662652 0.02030342546219458 0.027491081736744777 0.027481081736604195
360.93 14.448304628955293 -7.384849440631377 37.9723109623046 -698824.30473989 1.1414813502655296e-05 26.176529981843018 25.304249278092183 24.94977439545914 236.8565186169967 304.55368996814326 400.0 -0.002261906270090813 1.2123812558295903 1.2267555863838753 -0.0009785986563830367 -5.511572267755273 2.4763998317533477e-08 0.04424343843322288 0.021886448425914636 0.02235691366809381 1.228260442313393 0.021536837359849032 0.022706601073373855 0.0306553923692966 0.03064539236915775
399.27 14.467448660435016 -7.400657885695338 40.634995286220125 -697830.5994398826 1.1606761038436746e-05 26.596815104230302 25.604796511080735 25.230110207135827 235.20453122229614 303.34220277425146 400.0 -0.0027760409806659087 1.3461390568758704 1.3667048970944748 -0.001205527800291988 -6.18481380510046 2.4860572630449553e-08 0.04909929039733039 0.024257410379890747 0.024841803546006944 1.3688078030912105 0.02382635531135172 0.025272935085978665 0.03401258608944511 0.03400258608930721
439.53 14.487910159545036 -7.41838937568368 43.2082427071545 -696774.4437912438 1.1794580220354761e-05 27.001817624580774 25.881051227158572 25.4849163053956 233.4331041840102 302.06105278757633 400.0 -0.0033749197538686837 1.4880564536083356 1.516901319185176 -0.0014729599767641967 -6.92018805162818 2.4976680690628442e-08 0.054241813373665036 0.026761015486423706 0.02748072127642358 1.519809757520858 0.026233652813351632 0.028008160560313404 0.0375654250609529 0.03755542506081269
481.73 14.509733339716362 -7.438128402675508 45.7005947486666 -695654.9417750763 1.1982705203229789e-05 27.401804924803887 26.142336913913308 25.723586093739453 231.53724180766054 300.70285885590704 400.0 -0.00406844970144161 1.638562248909615 1.6782188310644341 -0.0017867867481077423 -7.724975269962929 2.511334720187148e-08 0.059683678433249725 0.029401886399735223 0.030281715276080125 1.6822067006999215 0.028761103344872602 0.030922575088377112 0.041321870842168186 0.04131187084203065
525.86 14.532954782765586 -7.459945260685828 48.11847425547926 -694471.7152023058 1.2174585624268035e-05 27.804555910480637 26.3954872389519 25.953169644988865 229.51248280202483 299.2616409310108 400.0 -0.004866864478138725 1.7980229278741409 1.8513862654917743 -0.002153426597097784 -8.604322723886948 2.5269529780265446e-08 0.06543520537884824 0.032183260640239415 0.03325186782729317 1.8568105219288926 0.03140947161252066 0.03402573376632758 0.0452881189817677 0.04527811898163621
571.93 14.557629066139047 -7.483919274578672 50.469156019284256 -693223.6123648834 1.2373173699548004e-05 28.21641717150742 26.645731820749987 26.179339927343463 227.35265754807196 297.73087010121935 400.0 -0.005781575635049649 1.9669088563110075 2.037077244163959 -0.0025801235231758687 -9.560398206146663 2.544178881940278e-08 0.07151076874982584 0.03511011930340468 0.03640057237377141 2.0443957942149282 0.03418092720586228 0.03732984154396357 0.04947304461489749 0.04946304461476651
619.92 14.583802368907017 -7.510113958861292 52.75803272986494 -691910.079929882 1.2580916697102597e-05 28.64221184859521 26.896761046570656 26.40659970247521 225.05217192804463 296.1048574443729 400.0 -0.006824283920643005 2.1455948572676284 2.2356121461200025 -0.003074339044999042 -10.589828242826982 2.562403342499615e-08 0.0779220843691594 0.03818600302512876 0.039736004102403244 2.2453968292701454 0.03707607352285184 0.04084601084630755 0.05388362559137124 0.05387362559120433
669.86 14.611556134292444 -7.53862035485414 54.99250908137344 -690529.0065314452 1.2800133435397349e-05 29.086169489425117 27.15138643299311 26.638963933097315 222.60214951287543 294.37587938344507 400.0 -0.008008722311407757 2.33463525309342 2.4472055563278015 -0.0036442690406290677 -11.68437404143295 2.5808175739470508e-08 0.0846885574826014 0.041418079742605626 0.04327040032123994 2.4601519565888506 0.04009881795327816 0.04458973952932324 0.05853214149415347 0.05852214149399108
721.72 14.64094728512839 -7.569496806289433 57.17680835708969 -689079.7672086365 1.3033062763373336e-05 29.551262660400223 27.411141206203908 26.87980092491735 219.99566244563135 292.5377454758743 400.0 -0.009348264236279505 2.53433022486372 2.671461735482871 -0.004297307233509637 -12.828253711254119 2.5984431324899076e-08 0.09182212392937167 0.044810011726572715 0.04701203459828341 2.688381600334502 0.04324979299513511 0.04857233093423658 0.06342584880679628 0.06341584880664507
775.52 14.672069773814721 -7.602831505183187 59.316982405244936 -687560.2166350838 1.328087182173255e-05 30.03984220948014 27.67699677892392 27.13201136842291 217.22226821849083 290.5818518604269 400.0 -0.010858524572261946 2.7451199419446994 2.9078308410572284 -0.005040832112427856 -14.000945390162547 2.6142643371838795e-08 0.09934161883556573 0.04836898294972194 0.05097255808603696 2.9296358320914133 0.04653308713638033 0.05280853169918541 0.06857696839081626 0.06856696839067972
831.25 14.705010674552287 -7.638696498659038 61.41741888871534 -685968.9391857538 1.3549381732727066e-05 30.555223757737185 27.94910323362868 27.399923463857164 214.27185292516762 288.4998152048686 400.0 -0.012555424022308932 2.967263075555783 3.155300293880025 -0.005880784939207164 -15.176468418433554 2.6272960538886563e-08 0.1072613545626607 0.052100423000283176 0.0551608535566425 3.1829623168116723 0.049951485892295665 0.05730986867036504 0.07399495763417048 0.07398495763404872
888.92 14.739874403688377 -7.676711829587677 63.511342740096104 -684233.5876787737 1.3820108880220417e-05 31.093638163684815 28.227325782504888 27.680963753992224 211.3249223499153 286.1232667467513 400.0 -0.014456548243862935 3.201017929901212 3.4126744096925887 -0.006821859781927446 -16.32590450929732 2.6366837361653563e-08 0.11559749109704286 0.05601119780482884 0.05958621506838258 3.4471717709575245 0.053509581756431786 0.06208790934061106 0.0796909807820292 0.07968098078192527
948.52 14.776691414389258 -7.716301554978595 65.64173370733963 -682247.4210140965 1.4085161560571192e-05 31.65542083718452 28.511003740472706 27.97696411530043 208.64086516166876 283.22024864119606 400.0 -0.016579789660967955 3.446449557674793 3.6784567218840873 -0.007866415111667496 -17.418175671613447 2.641760655921827e-08 0.12436087691364058 0.06010639112222925 0.06425440733632147 3.720699510903466 0.05721098881590821 0.06714988809773233 0.08567308855311749 0.08566308855302775
1010.05 14.815543044619458 -7.758577144080882 67.74944503822059 -680158.5655644303 1.4366903602236515e-05 32.2440171314588 28.798856456382946 28.292882724920425 205.79236886488636 280.12665077376903 400.0 -0.018944419982443943 3.703593708595206 3.9511344065383733 -0.00901471960718885 -18.422763131875488 2.6420983064849243e-08 0.1335624643398878 0.06439196386261697 0.0691704217768769 4.001884631104815 0.06106089282902687 0.07250157151086094 0.09194995760394747 0.09193995760387025
1073.52 14.856553430690889 -7.8036268408363485 69.83853294789532 -677962.4655884169 1.4669744130394917e-05 32.86184289581641 29.08992344764442 28.63257264666842 202.7662693371802 276.8256905115976 400.0 -0.021571238716601052 3.9724694314672195 4.229270249147991 -0.010264791618472307 -19.311065942089115 2.6375068379536546e-08 0.14321332763272962 0.06887483080349666 0.07433841786827425 4.28905958781121 0.0650661838477788 0.07814714378495077 0.09853090431538059 0.0985209043153121
1138.92 14.899847741156607 -7.851527595690238 71.91220368461222 -675655.0006990392 1.4995506786019348e-05 33.51024120528683 29.383162889916683 28.9987984394328 199.55010149546723 273.29932086475304 400.0 -0.0244813224075448 4.25295828034954 4.51144276585403 -0.011611673905002732 -20.057092306883256 2.628019582500556e-08 0.15331987196305055 0.0735606809509316 0.07975911177401337 4.5804909181643 0.0692335628843667 0.08408630907868389 0.10542258976973023 0.10541258976967124
1206.25 14.945573649825937 -7.902366229784258 73.97389099401096 -673231.4242030807 1.5347415525983153e-05 34.19161941206015 29.677674477612733 29.395177381866194 196.12927652147434 269.52620459971723 400.0 -0.027697217547098144 4.544949062264829 4.7964420301939565 -0.013047985545277321 -20.638761611358774 2.6138585215403016e-08 0.16388858879751597 0.07845620400680717 0.0854323052573281 4.874592462014732 0.07357156577656362 0.09031702302095235 0.11263220759031835 0.11262220759026609
1275.52 14.993905336310542 -7.956241091353787 76.02726305904075 -670686.2695489938 1.572891420731231e-05 34.9089586034501 29.972748697461384 29.82565339236986 192.48668046443677 265.4809555405998 400.0 -0.0312431549862595 4.84836156444915 5.0833052110802415 -0.014564035642795152 -21.03823234918971 2.5953859734670927e-08 0.1749265883206835 0.08356931840173226 0.09135719007040027 5.169980633107917 0.07809072564397554 0.09683586267670798 0.12016777560106053 0.12015777560101815
1346.72 15.045026750242863 -8.013239477619962 78.0754007411712 -668014.3686691072 1.614529930175507e-05 35.66667905991059 30.267765341708106 30.29547221860648 188.6038267421092 261.1350169914452 400.0 -0.035143626043824365 5.1630375287481245 5.371206841304114 -0.01614731541157463 -21.241870421820995 2.573063429334985e-08 0.18643737418756015 0.08890717934748274 0.09753011465462688 5.465385843620429 0.08280179107979743 0.10363558310776272 0.12803517301541026 0.12802517301537045
1419.86 15.099164826545202 -8.073469540217962 80.12206322455921 -665209.2772586112 1.6599068944679265e-05 36.467874698123246 30.562365869749158 30.80825751446727 184.4582156429951 256.45318370899327 400.0 -0.03942557284965078 5.488938238933388 5.659617183655976 -0.01778358398451057 -21.240413016350423 2.5473930557547236e-08 0.1984278783339851 0.09447938658856242 0.10394841119928461 5.759843882904751 0.0877185570481621 0.11070932128582303 0.13624286879439323 0.136232868794354
1494.92 15.156559832646025 -8.137020684543252 82.17035324644438 -662265.0387402908 1.710902037548217e-05 37.32759831345252 30.856229707533597 31.379522206277628 180.02542646360237 251.3952112942423 400.0 -0.04411575016293667 5.8259450960520525 5.948076107174895 -0.01945603810833727 -21.028687458884566 2.518890410364051e-08 0.2109010959755083 0.10029449575974075 0.1106065192831443 6.052494827968199 0.09285471829569172 0.11804637767981656 0.14479682063346336 0.14478682063341797
1571.93 15.217524841061197 -8.203567934770172 84.17769034036985 -659202.539978545 1.7630876182970465e-05 38.22273476200773 31.149168010347566 31.986279093275147 175.5173412566218 246.63644011694413 400.0 -0.04924583324360833 6.174232832009324 6.2364556687325825 -0.021147415672550074 -20.60521191679042 2.4880188657050358e-08 0.22386992989198223 0.1063663886387417 0.11750345990607453 6.342880036459823 0.09822943122942746 0.1256404986625547 0.15370992452574003 0.15369992452569586
1650.86 15.282097760038775 -8.271889289056457 86.01151946060718 -656123.008297745 1.813500264225894e-05 39.157896963391536 31.440411434411818 32.63358897903331 171.61448732861555 244.27245557251405 400.0 -0.054843889374931544 6.533572880530585 6.524307984358218 -0.0228371792637857 -19.97217995878988 2.455221367883133e-08 0.23733150416639787 0.11270227190696862 0.12462915046922475 6.630307622137724 0.10385675736022411 0.13347474680617374 0.16298440571195763 0.1629744057119117
1731.73 15.350483659291012 -8.3437677852956 87.84254623576292 -652931.6333035452 1.868079964936534e-05 40.14912971257091 31.730480681996994 33.337749844424536 167.43869207818906 241.74407427547936 400.0 -0.060943306965602455 6.9040311279330275 6.811379868146378 -0.024503943246470834 -19.13352983980589 2.420836881055958e-08 0.2512934490191948 0.11931507767586957 0.13197828907901643 6.9143869353446865 0.10975682703853509 0.14153662198065972 0.17263001192215438 0.17262001192210952
1814.53 15.423032962030565 -8.419316681533745 89.67339845168124 -649625.4945487105 1.9291188570471336e-05 41.21781660400637 32.01908984034986 34.12048527430617 162.96051741714686 239.03287801831254 400.0 -0.06757817084395451 7.28566888489682 7.0973313297002 -0.026124272579357937 -18.095462949557493 2.3851318910708002e-08 0.26576285077501793 0.12621814722814004 0.13954462077352472 7.194767370424232 0.11595095486972297 0.14981189590529495 0.18265644207442272 0.18264644207437722
1899.27 15.50018340991023 -8.498677414769482 91.50740362625565 -646200.446459538 1.997595924605979e-05 42.37491938030636 32.305955036603855 34.99308747292308 158.14394159901366 236.11572888525927 400.0 -0.07478672093258196 7.678704261567903 7.381831907383284 -0.027673717776874357 -16.865704489431298 2.348292033927109e-08 0.28075250477430036 0.13342815671415487 0.14732426473815152 7.471246013005954 0.12246423157160188 0.15828827320269853 0.19307777512529262 0.1930677751252423
1985.93 15.582436542338794 -8.581975875033228 93.34759498193237 -642653.0032459396 2.0753371251259572e-05 43.63931613953266 32.59061722750537 35.9749326091467 152.94705299571876 232.96588557411295 400.0 -0.08260772001113915 8.083291926504026 7.664383530385961 -0.029125872462179975 -15.453597626426589 2.310453210578728e-08 0.29627270580530357 0.1409611864384729 0.15531143545125647 7.743600430627686 0.12932204243651577 0.16695066336878786 0.20390693367372478 0.20389693367366746
2074.54 15.67046300668411 -8.669402042767874 95.19856909449926 -638976.8958489624 2.1646803312708066e-05 45.0354526204613 32.87272468372851 37.090852895782966 147.31480552195123 229.54732475145556 400.0 -0.09108821691587748 8.499914320798343 7.944599724678337 -0.030453607644244454 -13.868165547508223 2.271680214612131e-08 0.3123463377353394 0.14884008140297647 0.1635061717713686 8.011860031407107 0.13655683284219852 0.17578950489314082 0.21516641175685883 0.2151564117567929
2165.07 15.765041812683034 -8.758748654542048 97.13864228893382 -634778.8126285907 2.268982283075412e-05 46.59800837213542 33.15173417724968 38.37611946098182 141.18198133327172 225.6545324958716 400.0 -0.10027446394284506 8.928898866061717 8.221888911153593 -0.031626900468975455 -12.11906553540722 2.232029815098826e-08 0.32899038524725815 0.15708560489437207 0.17190469508643236 8.275999382187797 0.1442003061055011 0.1847900791417569 0.2268756341505442 0.22686563415046376
2257.54 15.867237525658362 -8.852153400542216 99.11392561224514 -630349.3092018352 2.392657354549342e-05 48.37193271767936 33.42727144324625 39.87606304439213 134.46054559973504 221.35316681221104 400.0 -0.11022378409435146 9.370987843023086 8.495869673287217 -0.03261375535080919 -10.213505091709102 2.191516976012424e-08 0.3462378923213543 0.16572748382919855 0.18051032244911722 8.536334381319916 0.15229400520775588 0.1939438871135985 0.2390666830651204 0.23905668306502792
2351.94 15.9784296533684 -8.950061323585162 101.12505036173908 -625709.5883526925 2.544131868026545e-05 50.44686522897287 33.699030249529 41.680650664639934 127.0356727649494 216.57640140178165 400.0 -0.12099903328192133 9.827051609981568 8.766214564332932 -0.03337763698697451 -8.156066290516836 2.1501610972663717e-08 0.3641268375270228 0.17479949571525233 0.1893272549063532 8.79337416679744 0.16088543774524688 0.20324139978177597 0.2517769828029851 0.25176698280288234
2448.28 16.10055512888399 -9.052738466974642 103.18366593229321 -620833.9719528332 2.7299159024045174e-05 52.873702499073836 33.967042108846165 43.84076927659984 118.74653327844142 211.20575045461652 400.0 -0.13267766158572453 10.298484653290249 9.032933222473993 -0.0338753894897999 -5.9451760385739245 2.1079696359061372e-08 0.38271549129575816 0.18434813940169412 0.19836726401958907 9.048102541263136 0.1700373642710414 0.21267812702471675 0.26506085587757666 0.265050855877467
