# T(K)     volome         F(eV)   S(J/K)         H(J/K)      a(-6/K)     Cp(J/mol)         Cvion         Cpion     Sion     Sele     Smag           Hion     T-D(K)           Cv  Bt(GPa)      dCp   Gamma
# Pressure =       0.0000  GPa
   0.0  10.993119   -5.74791664   0.0000      -554589.7   0.00000000  0.000000E+00  0.000000E+00  0.000000E+00   0.0000   0.0000   0.0000      -554589.7   373.2255  0.000000E+00  1.906186E+02  0.000000E+00   0.0000   0.0000  0.000000E+00  0.000000E+00  0.000000E+00  0.000000E+00  0.000000E+00
  10.0  10.993122   -5.74791692   0.0109      -554589.6   0.02501793  3.248079E-02  3.248072E-02  2.071569E-02   0.0109   0.0000   0.0000      -554589.6   391.1469  3.248072E-02  1.906184E+02  7.108565E-08   2.9160   0.0000  0.000000E+00  0.000000E+00  0.000000E+00  0.000000E+00  0.000000E+00
  20.0  10.993160   -5.74792110   0.0871      -554588.4   0.24907145  2.662313E-01  2.662172E-01  2.699780E-01   0.0871   0.0000   0.0000      -554588.4   387.9979  2.662172E-01  1.906155E+02  1.409133E-05   3.5419   0.0000  0.000000E+00  0.000000E+00  0.000000E+00  0.000000E+00  0.000000E+00
  30.0  10.993325   -5.74793982   0.3091      -554582.7   0.83033836  9.813094E-01  9.810745E-01  9.857009E-01   0.3091   0.0000   0.0000      -554582.7   376.1885  9.810745E-01  1.906032E+02  2.349006E-04   3.2039   0.0000  0.000000E+00  0.000000E+00  0.000000E+00  0.000000E+00  0.000000E+00
  40.0  10.993753   -5.74799281   0.7640      -554566.5   1.81688257  2.352457E+00  2.350957E+00  2.356819E+00   0.7640   0.0000   0.0000      -554566.5   369.8924  2.350957E+00  1.905712E+02  1.499376E-03   2.9252   0.0000  0.000000E+00  0.000000E+00  0.000000E+00  0.000000E+00  0.000000E+00
  50.0  10.994548   -5.74810635   1.4833      -554533.8   3.02561827  4.229826E+00  4.224629E+00  4.235065E+00   1.4833   0.0000   0.0000      -554533.8   368.2950  4.224629E+00  1.905118E+02  5.196262E-03   2.7102   0.0000  0.000000E+00  0.000000E+00  0.000000E+00  0.000000E+00  0.000000E+00
  60.0  10.995753   -5.74830666   2.4384      -554481.0   4.27484981  6.335548E+00  6.323105E+00  6.342077E+00   2.4384   0.0000   0.0000      -554481.0   368.4439  6.323105E+00  1.904217E+02  1.244308E-02   2.5574   0.0000  0.000000E+00  0.000000E+00  0.000000E+00  0.000000E+00  0.000000E+00
  70.0  10.997361   -5.74861530   3.5731      -554407.0   5.45452389  8.441118E+00  8.417495E+00  8.448616E+00   3.5731   0.0000   0.0000      -554407.0   369.0786  8.417495E+00  1.903016E+02  2.362305E-02   2.4501   0.0000  0.000000E+00  0.000000E+00  0.000000E+00  0.000000E+00  0.000000E+00
  80.0  10.999339   -5.74904779   4.8291      -554312.5   6.51532421  1.041015E+01  1.037166E+01  1.041822E+01   4.8291   0.0000   0.0000      -554312.5   369.7602  1.037166E+01  1.901536E+02  3.849698E-02   2.3737   0.0000  0.000000E+00  0.000000E+00  0.000000E+00  0.000000E+00  0.000000E+00
  90.0  11.001646   -5.74961404   6.1576      -554199.3   7.44454857  1.218086E+01  1.212435E+01  1.218917E+01   6.1576   0.0000   0.0000      -554199.3   370.3520  1.212435E+01  1.899810E+02  5.650417E-02   2.3186   0.0000  0.000000E+00  0.000000E+00  0.000000E+00  0.000000E+00  0.000000E+00
 100.0  11.004239   -5.75031952   7.5210      -554069.4   8.24772764  1.373796E+01  1.366096E+01  1.374631E+01   7.5210   0.0000   0.0000      -554069.4   370.8230  1.366096E+01  1.897868E+02  7.699955E-02   2.2780   0.0000  0.000000E+00  0.000000E+00  0.000000E+00  0.000000E+00  0.000000E+00
 110.0  11.007079   -5.75116637   8.8927      -553925.1   8.93799283  1.509081E+01  1.499142E+01  1.509907E+01   8.8927   0.0000   0.0000      -553925.1   371.1780  1.499142E+01  1.895741E+02  9.938418E-02   2.2476   0.0000  0.000000E+00  0.000000E+00  0.000000E+00  0.000000E+00  0.000000E+00
 120.0  11.010132   -5.75215443  10.2543      -553768.1   9.53057449  1.625961E+01  1.613645E+01  1.626770E+01  10.2543   0.0000   0.0000      -553768.1   371.4322  1.613645E+01  1.893453E+02  1.231572E-01   2.2245   0.0000  0.000000E+00  0.000000E+00  0.000000E+00  0.000000E+00  0.000000E+00
 130.0  11.013366   -5.75328198  11.5934      -553600.2  10.04020776  1.726784E+01  1.711992E+01  1.727574E+01  11.5934   0.0000   0.0000      -553600.2   371.6021  1.711992E+01  1.891026E+02  1.479244E-01   2.2066   0.0000  0.000000E+00  0.000000E+00  0.000000E+00  0.000000E+00  0.000000E+00
 140.0  11.016759   -5.75454625  12.9025      -553423.0  10.48007280  1.813848E+01  1.796509E+01  1.814617E+01  12.9025   0.0000   0.0000      -553423.0   371.7024  1.796509E+01  1.888480E+02  1.733869E-01   2.1927   0.0000  0.000000E+00  0.000000E+00  0.000000E+00  0.000000E+00  0.000000E+00
 150.0  11.020287   -5.75594389  14.1768      -553237.7  10.86149720  1.889231E+01  1.869299E+01  1.889978E+01  14.1768   0.0000   0.0000      -553237.7   371.7455  1.869299E+01  1.885829E+02  1.993239E-01   2.1816   0.0000  0.000000E+00  0.000000E+00  0.000000E+00  0.000000E+00  0.000000E+00
 160.0  11.023935   -5.75747114  15.4139      -553045.4  11.19400988  1.954740E+01  1.932183E+01  1.955467E+01  15.4139   0.0000   0.0000      -553045.4   371.7416  1.932183E+01  1.883086E+02  2.255754E-01   2.1728   0.0000  0.000000E+00  0.000000E+00  0.000000E+00  0.000000E+00  0.000000E+00
 170.0  11.027687   -5.75912409  16.6128      -552846.9  11.48553542  2.011913E+01  1.986711E+01  2.012621E+01  16.6128   0.0000   0.0000      -552846.9   371.6988  1.986711E+01  1.880263E+02  2.520275E-01   2.1657   0.0000  0.000000E+00  0.000000E+00  0.000000E+00  0.000000E+00  0.000000E+00
 180.0  11.031531   -5.76089878  17.7735      -552643.1  11.74262759  2.062042E+01  2.034182E+01  2.062732E+01  17.7735   0.0000   0.0000      -552643.1   371.6237  2.034182E+01  1.877368E+02  2.786005E-01   2.1599   0.0000  0.000000E+00  0.000000E+00  0.000000E+00  0.000000E+00  0.000000E+00
 190.0  11.035456   -5.76279127  18.8966      -552434.5  11.97069685  2.106204E+01  2.075680E+01  2.106878E+01  18.8966   0.0000   0.0000      -552434.5   371.5215  2.075680E+01  1.874409E+02  3.052395E-01   2.1552   0.0000  0.000000E+00  0.000000E+00  0.000000E+00  0.000000E+00  0.000000E+00
 200.0  11.039454   -5.76479772  19.9831      -552221.9  12.17421126  2.145298E+01  2.112107E+01  2.145957E+01  19.9831   0.0000   0.0000      -552221.9   371.3965  2.112107E+01  1.871393E+02  3.319081E-01   2.1513   0.0000  0.000000E+00  0.000000E+00  0.000000E+00  0.000000E+00  0.000000E+00
 210.0  11.043518   -5.76691440  21.0344      -552005.5  12.35686795  2.180072E+01  2.144213E+01  2.180718E+01  21.0344   0.0000   0.0000      -552005.5   371.2523  2.144213E+01  1.868325E+02  3.585828E-01   2.1482   0.0000  0.000000E+00  0.000000E+00  0.000000E+00  0.000000E+00  0.000000E+00
 220.0  11.047640   -5.76913773  22.0518      -551785.8  12.52173479  2.211149E+01  2.172624E+01  2.211785E+01  22.0518   0.0000   0.0000      -551785.8   371.0915  2.172624E+01  1.865209E+02  3.852497E-01   2.1456   0.0000  0.000000E+00  0.000000E+00  0.000000E+00  0.000000E+00  0.000000E+00
 230.0  11.051816   -5.77146427  23.0368      -551563.2  12.67136640  2.239052E+01  2.197862E+01  2.239678E+01  23.0368   0.0000   0.0000      -551563.2   370.9167  2.197862E+01  1.862050E+02  4.119014E-01   2.1435   0.0000  0.000000E+00  0.000000E+00  0.000000E+00  0.000000E+00  0.000000E+00
 240.0  11.056041   -5.77389073  23.9910      -551338.0  12.80789861  2.264218E+01  2.220364E+01  2.264835E+01  23.9910   0.0000   0.0000      -551338.0   370.7296  2.220364E+01  1.858851E+02  4.385355E-01   2.1418   0.0000  0.000000E+00  0.000000E+00  0.000000E+00  0.000000E+00  0.000000E+00
 250.0  11.060311   -5.77641398  24.9157      -551110.4  12.93312347  2.287014E+01  2.240498E+01  2.287624E+01  24.9157   0.0000   0.0000      -551110.4   370.5320  2.240498E+01  1.855615E+02  4.651527E-01   2.1404   0.0000  0.000000E+00  0.000000E+00  0.000000E+00  0.000000E+00  0.000000E+00
 260.0  11.064623   -5.77903105  25.8125      -550880.5  13.04855180  2.307750E+01  2.258574E+01  2.308356E+01  25.8125   0.0000   0.0000      -550880.5   370.3251  2.258574E+01  1.852344E+02  4.917561E-01   2.1392   0.0000  0.000000E+00  0.000000E+00  0.000000E+00  0.000000E+00  0.000000E+00
 270.0  11.068973   -5.78173908  26.6827      -550648.7  13.15546221  2.326691E+01  2.274856E+01  2.327292E+01  26.6827   0.0000   0.0000      -550648.7   370.1101  2.274856E+01  1.849041E+02  5.183502E-01   2.1383   0.0000  0.000000E+00  0.000000E+00  0.000000E+00  0.000000E+00  0.000000E+00
 280.0  11.073359   -5.78453539  27.5277      -550415.1  13.25494140  2.344059E+01  2.289565E+01  2.344658E+01  27.5277   0.0000   0.0000      -550415.1   369.8881  2.289565E+01  1.845707E+02  5.449408E-01   2.1377   0.0000  0.000000E+00  0.000000E+00  0.000000E+00  0.000000E+00  0.000000E+00
 290.0  11.077779   -5.78741741  28.3486      -550179.9  13.34791666  2.360047E+01  2.302894E+01  2.360644E+01  28.3486   0.0000   0.0000      -550179.9   369.6597  2.302894E+01  1.842344E+02  5.715339E-01   2.1372   0.0000  0.000000E+00  0.000000E+00  0.000000E+00  0.000000E+00  0.000000E+00
 300.0  11.082230   -5.79038269  29.1467      -549943.0  13.43518248  2.374818E+01  2.315004E+01  2.375415E+01  29.1467   0.0000   0.0000      -549943.0   369.4257  2.315004E+01  1.838954E+02  5.981361E-01   2.1368   0.0000  0.000000E+00  0.000000E+00  0.000000E+00  0.000000E+00  0.000000E+00
 310.0  11.086712   -5.79342891  29.9231      -549704.8  13.51742264  2.388514E+01  2.326038E+01  2.389111E+01  29.9231   0.0000   0.0000      -549704.8   369.1868  2.326038E+01  1.835538E+02  6.247542E-01   2.1366   0.0000  0.000000E+00  0.000000E+00  0.000000E+00  0.000000E+00  0.000000E+00
 320.0  11.091222   -5.79655385  30.6788      -549465.3  13.59522695  2.401256E+01  2.336116E+01  2.401855E+01  30.6788   0.0000   0.0000      -549465.3   368.9435  2.336116E+01  1.832097E+02  6.513947E-01   2.1364   0.0000  0.000000E+00  0.000000E+00  0.000000E+00  0.000000E+00  0.000000E+00
 330.0  11.095759   -5.79975540  31.4149      -549224.5  13.66910702  2.413150E+01  2.345343E+01  2.413751E+01  31.4149   0.0000   0.0000      -549224.5   368.6963  2.345343E+01  1.828631E+02  6.780643E-01   2.1364   0.0000  0.000000E+00  0.000000E+00  0.000000E+00  0.000000E+00  0.000000E+00
 340.0  11.100321   -5.80303155  32.1322      -548982.5  13.73950785  2.424287E+01  2.353810E+01  2.424893E+01  32.1322   0.0000   0.0000      -548982.5   368.4455  2.353810E+01  1.825143E+02  7.047697E-01   2.1365   0.0000  0.000000E+00  0.000000E+00  0.000000E+00  0.000000E+00  0.000000E+00
 350.0  11.104909   -5.80638038  32.8317      -548739.5  13.80681758  2.434749E+01  2.361598E+01  2.435359E+01  32.8317   0.0000   0.0000      -548739.5   368.1915  2.361598E+01  1.821632E+02  7.315168E-01   2.1367   0.0000  0.000000E+00  0.000000E+00  0.000000E+00  0.000000E+00  0.000000E+00
 360.0  11.109521   -5.80980005  33.5141      -548495.5  13.87137631  2.444606E+01  2.368774E+01  2.445220E+01  33.5141   0.0000   0.0000      -548495.5   367.9347  2.368774E+01  1.818099E+02  7.583121E-01   2.1369   0.0000  0.000000E+00  0.000000E+00  0.000000E+00  0.000000E+00  0.000000E+00
 370.0  11.114155   -5.81328880  34.1802      -548250.5  13.93348284  2.453918E+01  2.375401E+01  2.454539E+01  34.1802   0.0000   0.0000      -548250.5   367.6754  2.375401E+01  1.814545E+02  7.851611E-01   2.1372   0.0000  0.000000E+00  0.000000E+00  0.000000E+00  0.000000E+00  0.000000E+00
 380.0  11.118812   -5.81684496  34.8308      -548004.6  13.99340051  2.462740E+01  2.381533E+01  2.463368E+01  34.8308   0.0000   0.0000      -548004.6   367.4138  2.381533E+01  1.810970E+02  8.120696E-01   2.1375   0.0000  0.000000E+00  0.000000E+00  0.000000E+00  0.000000E+00  0.000000E+00
 390.0  11.123490   -5.82046691  35.4665      -547757.8  14.05136207  2.471120E+01  2.387216E+01  2.471756E+01  35.4665   0.0000   0.0000      -547757.8   367.1502  2.387216E+01  1.807375E+02  8.390431E-01   2.1379   0.0000  0.000000E+00  0.000000E+00  0.000000E+00  0.000000E+00  0.000000E+00
 400.0  11.128190   -5.82415312  36.0879      -547510.2  14.10757396  2.479101E+01  2.392493E+01  2.479745E+01  36.0879   0.0000   0.0000      -547510.2   366.8847  2.392493E+01  1.803760E+02  8.660868E-01   2.1383   0.0000  0.000000E+00  0.000000E+00  0.000000E+00  0.000000E+00  0.000000E+00
 410.0  11.132910   -5.82790210  36.6957      -547261.9  14.16221994  2.486721E+01  2.397400E+01  2.487373E+01  36.6957   0.0000   0.0000      -547261.9   366.6177  2.397400E+01  1.800126E+02  8.932057E-01   2.1388   0.0000  0.000000E+00  0.000000E+00  0.000000E+00  0.000000E+00  0.000000E+00
 420.0  11.137650   -5.83171242  37.2904      -547012.8  14.21546348  2.494012E+01  2.401972E+01  2.494674E+01  37.2904   0.0000   0.0000      -547012.8   366.3491  2.401972E+01  1.796472E+02  9.204047E-01   2.1393   0.0000  0.000000E+00  0.000000E+00  0.000000E+00  0.000000E+00  0.000000E+00
 430.0  11.142409   -5.83558273  37.8726      -546763.0  14.26745110  2.501005E+01  2.406236E+01  2.501678E+01  37.8726   0.0000   0.0000      -546763.0   366.0794  2.406236E+01  1.792799E+02  9.476884E-01   2.1399   0.0000  0.000000E+00  0.000000E+00  0.000000E+00  0.000000E+00  0.000000E+00
 440.0  11.147188   -5.83951171  38.4428      -546512.5  14.31831424  2.507727E+01  2.410221E+01  2.508411E+01  38.4428   0.0000   0.0000      -546512.5   365.8085  2.410221E+01  1.789108E+02  9.750613E-01   2.1405   0.0000  0.000000E+00  0.000000E+00  0.000000E+00  0.000000E+00  0.000000E+00
 450.0  11.151986   -5.84349809  39.0014      -546261.3  14.36817067  2.514202E+01  2.413949E+01  2.514897E+01  39.0014   0.0000   0.0000      -546261.3   365.5366  2.413949E+01  1.785399E+02  1.002528E+00   2.1411   0.0000  0.000000E+00  0.000000E+00  0.000000E+00  0.000000E+00  0.000000E+00
 460.0  11.156802   -5.84754064  39.5489      -546009.5  14.41712691  2.520451E+01  2.417442E+01  2.521158E+01  39.5489   0.0000   0.0000      -546009.5   365.2640  2.417442E+01  1.781671E+02  1.030092E+00   2.1417   0.0000  0.000000E+00  0.000000E+00  0.000000E+00  0.000000E+00  0.000000E+00
 470.0  11.161636   -5.85163819  40.0856      -545757.1  14.46527904  2.526495E+01  2.420719E+01  2.527214E+01  40.0856   0.0000   0.0000      -545757.1   364.9906  2.420719E+01  1.777925E+02  1.057758E+00   2.1424   0.0000  0.000000E+00  0.000000E+00  0.000000E+00  0.000000E+00  0.000000E+00
 480.0  11.166489   -5.85578960  40.6121      -545504.1  14.51271409  2.532350E+01  2.423797E+01  2.533082E+01  40.6121   0.0000   0.0000      -545504.1   364.7167  2.423797E+01  1.774161E+02  1.085530E+00   2.1431   0.0000  0.000000E+00  0.000000E+00  0.000000E+00  0.000000E+00  0.000000E+00
 490.0  11.171360   -5.85999377  41.1287      -545250.5  14.55951118  2.538032E+01  2.426691E+01  2.538778E+01  41.1287   0.0000   0.0000      -545250.5   364.4423  2.426691E+01  1.770379E+02  1.113411E+00   2.1438   0.0000  0.000000E+00  0.000000E+00  0.000000E+00  0.000000E+00  0.000000E+00
 500.0  11.176248   -5.86424963  41.6357      -544996.3  14.60574222  2.543557E+01  2.429416E+01  2.544317E+01  41.6357   0.0000   0.0000      -544996.3   364.1676  2.429416E+01  1.766580E+02  1.141406E+00   2.1445   0.0000  0.000000E+00  0.000000E+00  0.000000E+00  0.000000E+00  0.000000E+00
 510.0  11.181154   -5.86855616  42.1334      -544741.6  14.65147291  2.548936E+01  2.431984E+01  2.549711E+01  42.1334   0.0000   0.0000      -544741.6   363.8927  2.431984E+01  1.762763E+02  1.169517E+00   2.1452   0.0000  0.000000E+00  0.000000E+00  0.000000E+00  0.000000E+00  0.000000E+00
 520.0  11.186077   -5.87291234  42.6223      -544486.4  14.69676319  2.554183E+01  2.434408E+01  2.554973E+01  42.6223   0.0000   0.0000      -544486.4   363.6177  2.434408E+01  1.758928E+02  1.197750E+00   2.1460   0.0000  0.000000E+00  0.000000E+00  0.000000E+00  0.000000E+00  0.000000E+00
 530.0  11.191018   -5.87731722  43.1026      -544230.6  14.74166820  2.559307E+01  2.436697E+01  2.560113E+01  43.1026   0.0000   0.0000      -544230.6   363.3426  2.436697E+01  1.755076E+02  1.226106E+00   2.1468   0.0000  0.000000E+00  0.000000E+00  0.000000E+00  0.000000E+00  0.000000E+00
 540.0  11.195976   -5.88176984  43.5745      -543974.3  14.78623849  2.564320E+01  2.438861E+01  2.565142E+01  43.5745   0.0000   0.0000      -543974.3   363.0677  2.438861E+01  1.751206E+02  1.254590E+00   2.1475   0.0000  0.000000E+00  0.000000E+00  0.000000E+00  0.000000E+00  0.000000E+00
 550.0  11.200951   -5.88626930  44.0384      -543717.6  14.83052053  2.569230E+01  2.440909E+01  2.570068E+01  44.0384   0.0000   0.0000      -543717.6   362.7929  2.440909E+01  1.747319E+02  1.283205E+00   2.1483   0.0000  0.000000E+00  0.000000E+00  0.000000E+00  0.000000E+00  0.000000E+00
 560.0  11.205943   -5.89081470  44.4945      -543460.3  14.87455751  2.574045E+01  2.442849E+01  2.574900E+01  44.4945   0.0000   0.0000      -543460.3   362.5184  2.442849E+01  1.743414E+02  1.311954E+00   2.1492   0.0000  0.000000E+00  0.000000E+00  0.000000E+00  0.000000E+00  0.000000E+00
 570.0  11.210952   -5.89540518  44.9431      -543202.6  14.91838902  2.578773E+01  2.444689E+01  2.579646E+01  44.9431   0.0000   0.0000      -543202.6   362.2443  2.444689E+01  1.739491E+02  1.340840E+00   2.1500   0.0000  0.000000E+00  0.000000E+00  0.000000E+00  0.000000E+00  0.000000E+00
 580.0  11.215977   -5.90003989  45.3844      -542944.4  14.96205203  2.583421E+01  2.446434E+01  2.584312E+01  45.3844   0.0000   0.0000      -542944.4   361.9706  2.446434E+01  1.735551E+02  1.369867E+00   2.1508   0.0000  0.000000E+00  0.000000E+00  0.000000E+00  0.000000E+00  0.000000E+00
 590.0  11.221020   -5.90471802  45.8186      -542685.7  15.00558087  2.587996E+01  2.448092E+01  2.588905E+01  45.8186   0.0000   0.0000      -542685.7   361.6975  2.448092E+01  1.731594E+02  1.399038E+00   2.1517   0.0000  0.000000E+00  0.000000E+00  0.000000E+00  0.000000E+00  0.000000E+00
 600.0  11.226080   -5.90943874  46.2460      -542426.6  15.04900732  2.592503E+01  2.449667E+01  2.593432E+01  46.2460   0.0000   0.0000      -542426.6   361.4250  2.449667E+01  1.727619E+02  1.428357E+00   2.1525   0.0000  0.000000E+00  0.000000E+00  0.000000E+00  0.000000E+00  0.000000E+00
 610.0  11.231157   -5.91420129  46.6667      -542167.1  15.09236141  2.596949E+01  2.451166E+01  2.597897E+01  46.6667   0.0000   0.0000      -542167.1   361.1532  2.451166E+01  1.723627E+02  1.457825E+00   2.1534   0.0000  0.000000E+00  0.000000E+00  0.000000E+00  0.000000E+00  0.000000E+00
 620.0  11.236250   -5.91900489  47.0809      -541907.1  15.13567103  2.601338E+01  2.452593E+01  2.602306E+01  47.0809   0.0000   0.0000      -541907.1   360.8823  2.452593E+01  1.719617E+02  1.487447E+00   2.1543   0.0000  0.000000E+00  0.000000E+00  0.000000E+00  0.000000E+00  0.000000E+00
 630.0  11.241361   -5.92384879  47.4889      -541646.6  15.17896227  2.605675E+01  2.453953E+01  2.606663E+01  47.4889   0.0000   0.0000      -541646.6   360.6123  2.453953E+01  1.715589E+02  1.517226E+00   2.1552   0.0000  0.000000E+00  0.000000E+00  0.000000E+00  0.000000E+00  0.000000E+00
 640.0  11.246488   -5.92873225  47.8907      -541385.7  15.22225988  2.609965E+01  2.455249E+01  2.610974E+01  47.8907   0.0000   0.0000      -541385.7   360.3433  2.455249E+01  1.711543E+02  1.547165E+00   2.1561   0.0000  0.000000E+00  0.000000E+00  0.000000E+00  0.000000E+00  0.000000E+00
 650.0  11.251633   -5.93365457  48.2866      -541124.4  15.26558718  2.614212E+01  2.456485E+01  2.615241E+01  48.2866   0.0000   0.0000      -541124.4   360.0753  2.456485E+01  1.707480E+02  1.577266E+00   2.1570   0.0000  0.000000E+00  0.000000E+00  0.000000E+00  0.000000E+00  0.000000E+00
 660.0  11.256794   -5.93861502  48.6767      -540862.7  15.30896595  2.618419E+01  2.457665E+01  2.619470E+01  48.6767   0.0000   0.0000      -540862.7   359.8086  2.457665E+01  1.703399E+02  1.607534E+00   2.1579   0.0000  0.000000E+00  0.000000E+00  0.000000E+00  0.000000E+00  0.000000E+00
 670.0  11.261973   -5.94361291  49.0612      -540600.5  15.35241716  2.622590E+01  2.458793E+01  2.623663E+01  49.0612   0.0000   0.0000      -540600.5   359.5431  2.458793E+01  1.699300E+02  1.637971E+00   2.1588   0.0000  0.000000E+00  0.000000E+00  0.000000E+00  0.000000E+00  0.000000E+00
 680.0  11.267168   -5.94864757  49.4402      -540337.9  15.39596049  2.626729E+01  2.459871E+01  2.627824E+01  49.4402   0.0000   0.0000      -540337.9   359.2790  2.459871E+01  1.695182E+02  1.668581E+00   2.1597   0.0000  0.000000E+00  0.000000E+00  0.000000E+00  0.000000E+00  0.000000E+00
 690.0  11.272381   -5.95371832  49.8139      -540075.0  15.43961480  2.630838E+01  2.460901E+01  2.631956E+01  49.8139   0.0000   0.0000      -540075.0   359.0163  2.460901E+01  1.691047E+02  1.699366E+00   2.1607   0.0000  0.000000E+00  0.000000E+00  0.000000E+00  0.000000E+00  0.000000E+00
 700.0  11.277611   -5.95882451  50.1824      -539811.6  15.48339808  2.634921E+01  2.461888E+01  2.636062E+01  50.1824   0.0000   0.0000      -539811.6   358.7551  2.461888E+01  1.686893E+02  1.730330E+00   2.1616   0.0000  0.000000E+00  0.000000E+00  0.000000E+00  0.000000E+00  0.000000E+00
 710.0  11.282858   -5.96396548  50.5458      -539547.7  15.52732742  2.638980E+01  2.462833E+01  2.640145E+01  50.5458   0.0000   0.0000      -539547.7   358.4956  2.462833E+01  1.682721E+02  1.761476E+00   2.1625   0.0000  0.000000E+00  0.000000E+00  0.000000E+00  0.000000E+00  0.000000E+00
 720.0  11.288122   -5.96914059  50.9042      -539283.5  15.57141940  2.643019E+01  2.463738E+01  2.644207E+01  50.9042   0.0000   0.0000      -539283.5   358.2377  2.463738E+01  1.678531E+02  1.792807E+00   2.1635   0.0000  0.000000E+00  0.000000E+00  0.000000E+00  0.000000E+00  0.000000E+00
 730.0  11.293404   -5.97434921  51.2579      -539018.9  15.61568984  2.647038E+01  2.464606E+01  2.648252E+01  51.2579   0.0000   0.0000      -539018.9   357.9817  2.464606E+01  1.674322E+02  1.824327E+00   2.1645   0.0000  0.000000E+00  0.000000E+00  0.000000E+00  0.000000E+00  0.000000E+00
 740.0  11.298703   -5.97959073  51.6067      -538753.9  15.66015415  2.651042E+01  2.465438E+01  2.652280E+01  51.6067   0.0000   0.0000      -538753.9   357.7276  2.465438E+01  1.670095E+02  1.856039E+00   2.1654   0.0000  0.000000E+00  0.000000E+00  0.000000E+00  0.000000E+00  0.000000E+00
 750.0  11.304020   -5.98486451  51.9510      -538488.4  15.70482681  2.655031E+01  2.466237E+01  2.656295E+01  51.9510   0.0000   0.0000      -538488.4   357.4755  2.466237E+01  1.665849E+02  1.887946E+00   2.1664   0.0000  0.000000E+00  0.000000E+00  0.000000E+00  0.000000E+00  0.000000E+00
 760.0  11.309355   -5.99016996  52.2908      -538222.6  15.74972223  2.659009E+01  2.467004E+01  2.660298E+01  52.2908   0.0000   0.0000      -538222.6   357.2255  2.467004E+01  1.661583E+02  1.920052E+00   2.1674   0.0000  0.000000E+00  0.000000E+00  0.000000E+00  0.000000E+00  0.000000E+00
 770.0  11.314708   -5.99550647  52.6261      -537956.4  15.79485447  2.662977E+01  2.467741E+01  2.664292E+01  52.6261   0.0000   0.0000      -537956.4   356.9777  2.467741E+01  1.657299E+02  1.952360E+00   2.1684   0.0000  0.000000E+00  0.000000E+00  0.000000E+00  0.000000E+00  0.000000E+00
 780.0  11.320078   -6.00087344  52.9571      -537689.8  15.84023672  2.666936E+01  2.468449E+01  2.668278E+01  52.9571   0.0000   0.0000      -537689.8   356.7321  2.468449E+01  1.652996E+02  1.984873E+00   2.1694   0.0000  0.000000E+00  0.000000E+00  0.000000E+00  0.000000E+00  0.000000E+00
 790.0  11.325466   -6.00627028  53.2839      -537422.7  15.88588249  2.670889E+01  2.469129E+01  2.672258E+01  53.2839   0.0000   0.0000      -537422.7   356.4890  2.469129E+01  1.648673E+02  2.017595E+00   2.1704   0.0000  0.000000E+00  0.000000E+00  0.000000E+00  0.000000E+00  0.000000E+00
 800.0  11.330873   -6.01169641  53.6066      -537155.3  15.93180448  2.674837E+01  2.469784E+01  2.676233E+01  53.6066   0.0000   0.0000      -537155.3   356.2483  2.469784E+01  1.644331E+02  2.050530E+00   2.1714   0.0000  0.000000E+00  0.000000E+00  0.000000E+00  0.000000E+00  0.000000E+00
 810.0  11.336298   -6.01715124  53.9252      -536887.5  15.97801513  2.678783E+01  2.470415E+01  2.680207E+01  53.9252   0.0000   0.0000      -536887.5   356.0102  2.470415E+01  1.639970E+02  2.083681E+00   2.1724   0.0000  0.000000E+00  0.000000E+00  0.000000E+00  0.000000E+00  0.000000E+00
 820.0  11.341741   -6.02263420  54.2398      -536619.3  16.02452716  2.682727E+01  2.471021E+01  2.684179E+01  54.2398   0.0000   0.0000      -536619.3   355.7749  2.471021E+01  1.635589E+02  2.117052E+00   2.1734   0.0000  0.000000E+00  0.000000E+00  0.000000E+00  0.000000E+00  0.000000E+00
 830.0  11.347203   -6.02814471  54.5506      -536350.6  16.07135271  2.686671E+01  2.471606E+01  2.688152E+01  54.5506   0.0000   0.0000      -536350.6   355.5423  2.471606E+01  1.631187E+02  2.150647E+00   2.1744   0.0000  0.000000E+00  0.000000E+00  0.000000E+00  0.000000E+00  0.000000E+00
 840.0  11.352683   -6.03368220  54.8575      -536081.6  16.11850357  2.690616E+01  2.472169E+01  2.692126E+01  54.8575   0.0000   0.0000      -536081.6   355.3126  2.472169E+01  1.626766E+02  2.184469E+00   2.1754   0.0000  0.000000E+00  0.000000E+00  0.000000E+00  0.000000E+00  0.000000E+00
 850.0  11.358182   -6.03924610  55.1606      -535812.2  16.16599179  2.694564E+01  2.472712E+01  2.696104E+01  55.1606   0.0000   0.0000      -535812.2   355.0860  2.472712E+01  1.622325E+02  2.218522E+00   2.1764   0.0000  0.000000E+00  0.000000E+00  0.000000E+00  0.000000E+00  0.000000E+00
 860.0  11.363700   -6.04483583  55.4601      -535542.4  16.21382915  2.698516E+01  2.473235E+01  2.700087E+01  55.4601   0.0000   0.0000      -535542.4   354.8625  2.473235E+01  1.617863E+02  2.252810E+00   2.1775   0.0000  0.000000E+00  0.000000E+00  0.000000E+00  0.000000E+00  0.000000E+00
 870.0  11.369237   -6.05045085  55.7559      -535272.2  16.26202722  2.702474E+01  2.473740E+01  2.704075E+01  55.7559   0.0000   0.0000      -535272.2   354.6422  2.473740E+01  1.613380E+02  2.287337E+00   2.1785   0.0000  0.000000E+00  0.000000E+00  0.000000E+00  0.000000E+00  0.000000E+00
 880.0  11.374793   -6.05609057  56.0482      -535001.6  16.31059775  2.706439E+01  2.474228E+01  2.708071E+01  56.0482   0.0000   0.0000      -535001.6   354.4253  2.474228E+01  1.608877E+02  2.322108E+00   2.1796   0.0000  0.000000E+00  0.000000E+00  0.000000E+00  0.000000E+00  0.000000E+00
 890.0  11.380369   -6.06175444  56.3369      -534730.6  16.35955207  2.710411E+01  2.474698E+01  2.712075E+01  56.3369   0.0000   0.0000      -534730.6   354.2118  2.474698E+01  1.604353E+02  2.357125E+00   2.1806   0.0000  0.000000E+00  0.000000E+00  0.000000E+00  0.000000E+00  0.000000E+00
 900.0  11.385964   -6.06744190  56.6223      -534459.2  16.40890185  2.714392E+01  2.475153E+01  2.716088E+01  56.6223   0.0000   0.0000      -534459.2   354.0019  2.475153E+01  1.599808E+02  2.392395E+00   2.1817   0.0000  0.000000E+00  0.000000E+00  0.000000E+00  0.000000E+00  0.000000E+00
 910.0  11.391579   -6.07315239  56.9042      -534187.4  16.45865865  2.718383E+01  2.475592E+01  2.720112E+01  56.9042   0.0000   0.0000      -534187.4   353.7958  2.475592E+01  1.595242E+02  2.427920E+00   2.1827   0.0000  0.000000E+00  0.000000E+00  0.000000E+00  0.000000E+00  0.000000E+00
 920.0  11.397213   -6.07888533  57.1828      -533915.2  16.50883378  2.722386E+01  2.476016E+01  2.724148E+01  57.1828   0.0000   0.0000      -533915.2   353.5935  2.476016E+01  1.590655E+02  2.463705E+00   2.1838   0.0000  0.000000E+00  0.000000E+00  0.000000E+00  0.000000E+00  0.000000E+00
 930.0  11.402868   -6.08464016  57.4581      -533642.5  16.55943888  2.726401E+01  2.476426E+01  2.728196E+01  57.4581   0.0000   0.0000      -533642.5   353.3951  2.476426E+01  1.586045E+02  2.499754E+00   2.1849   0.0000  0.000000E+00  0.000000E+00  0.000000E+00  0.000000E+00  0.000000E+00
 940.0  11.408543   -6.09041633  57.7302      -533369.5  16.61048554  2.730429E+01  2.476822E+01  2.732259E+01  57.7302   0.0000   0.0000      -533369.5   353.2008  2.476822E+01  1.581414E+02  2.536073E+00   2.1859   0.0000  0.000000E+00  0.000000E+00  0.000000E+00  0.000000E+00  0.000000E+00
 950.0  11.414238   -6.09621327  57.9991      -533096.1  16.66198536  2.734472E+01  2.477206E+01  2.736336E+01  57.9991   0.0000   0.0000      -533096.1   353.0107  2.477206E+01  1.576761E+02  2.572665E+00   2.1870   0.0000  0.000000E+00  0.000000E+00  0.000000E+00  0.000000E+00  0.000000E+00
 960.0  11.419954   -6.10203040  58.2648      -532822.3  16.71395008  2.738530E+01  2.477577E+01  2.740429E+01  58.2648   0.0000   0.0000      -532822.3   352.8250  2.477577E+01  1.572085E+02  2.609536E+00   2.1881   0.0000  0.000000E+00  0.000000E+00  0.000000E+00  0.000000E+00  0.000000E+00
 970.0  11.425691   -6.10786716  58.5275      -532548.0  16.76639144  2.742605E+01  2.477936E+01  2.744540E+01  58.5275   0.0000   0.0000      -532548.0   352.6437  2.477936E+01  1.567387E+02  2.646691E+00   2.1892   0.0000  0.000000E+00  0.000000E+00  0.000000E+00  0.000000E+00  0.000000E+00
 980.0  11.431448   -6.11372298  58.7871      -532273.3  16.81934503  2.746697E+01  2.478283E+01  2.748668E+01  58.7871   0.0000   0.0000      -532273.3   352.4671  2.478283E+01  1.562667E+02  2.684141E+00   2.1903   0.0000  0.000000E+00  0.000000E+00  0.000000E+00  0.000000E+00  0.000000E+00
 990.0  11.437227   -6.11959727  59.0436      -531998.3  16.87269080  2.750805E+01  2.478620E+01  2.752814E+01  59.0436   0.0000   0.0000      -531998.3   352.2952  2.478620E+01  1.557923E+02  2.721849E+00   2.1914   0.0000  0.000000E+00  0.000000E+00  0.000000E+00  0.000000E+00  0.000000E+00
1000.0  11.443027   -6.12548947  59.2972      -531722.8  16.92686236  2.754942E+01  2.478946E+01  2.756984E+01  59.2972   0.0000   0.0000      -531722.8   352.1282  2.478946E+01  1.553156E+02  2.759958E+00   2.1925   0.0000  0.000000E+00  0.000000E+00  0.000000E+00  0.000000E+00  0.000000E+00
1010.0  11.448848   -6.13139898  59.5478      -531446.9  16.98055323  2.759066E+01  2.479262E+01  2.761159E+01  59.5478   0.0000   0.0000      -531446.9   351.9662  2.479262E+01  1.548366E+02  2.798040E+00   2.1935   0.0000  0.000000E+00  0.000000E+00  0.000000E+00  0.000000E+00  0.000000E+00
1020.0  11.454690   -6.13732531  59.7955      -531170.6  17.02568734  2.763095E+01  2.479568E+01  2.765202E+01  59.7955   0.0000   0.0000      -531170.6   351.8095  2.479568E+01  1.544572E+02  2.835271E+00   2.1948   0.0000  0.000000E+00  0.000000E+00  0.000000E+00  0.000000E+00  0.000000E+00
1030.0  11.460549   -6.14326823  60.0403      -530893.8  17.06516969  2.766999E+01  2.479865E+01  2.769157E+01  60.0403   0.0000   0.0000      -530893.8   351.6579  2.479865E+01  1.541090E+02  2.871345E+00   2.1958   0.0000  0.000000E+00  0.000000E+00  0.000000E+00  0.000000E+00  0.000000E+00
1040.0  11.466425   -6.14922746  60.2823      -530616.7  17.10618101  2.770958E+01  2.480152E+01  2.773144E+01  60.2823   0.0000   0.0000      -530616.7   351.5116  2.480152E+01  1.537593E+02  2.908054E+00   2.1969   0.0000  0.000000E+00  0.000000E+00  0.000000E+00  0.000000E+00  0.000000E+00
1050.0  11.472318   -6.15520274  60.5216      -530339.2  17.14715519  2.774919E+01  2.480431E+01  2.777137E+01  60.5216   0.0000   0.0000      -530339.2   351.3702  2.480431E+01  1.534082E+02  2.944874E+00   2.1980   0.0000  0.000000E+00  0.000000E+00  0.000000E+00  0.000000E+00  0.000000E+00
1060.0  11.478228   -6.16119381  60.7581      -530061.3  17.18850856  2.778897E+01  2.480702E+01  2.781144E+01  60.7581   0.0000   0.0000      -530061.3   351.2338  2.480702E+01  1.530556E+02  2.981947E+00   2.1992   0.0000  0.000000E+00  0.000000E+00  0.000000E+00  0.000000E+00  0.000000E+00
1070.0  11.484156   -6.16720043  60.9920      -529783.0  17.23015855  2.782889E+01  2.480965E+01  2.785165E+01  60.9920   0.0000   0.0000      -529783.0   351.1021  2.480965E+01  1.527016E+02  3.019245E+00   2.2003   0.0000  0.000000E+00  0.000000E+00  0.000000E+00  0.000000E+00  0.000000E+00
1080.0  11.490101   -6.17322238  61.2234      -529504.3  17.27212129  2.786897E+01  2.481220E+01  2.789199E+01  61.2234   0.0000   0.0000      -529504.3   350.9750  2.481220E+01  1.523460E+02  3.056775E+00   2.2014   0.0000  0.000000E+00  0.000000E+00  0.000000E+00  0.000000E+00  0.000000E+00
1090.0  11.496063   -6.17925943  61.4521      -529225.1  17.31440398  2.790922E+01  2.481468E+01  2.793248E+01  61.4521   0.0000   0.0000      -529225.1   350.8524  2.481468E+01  1.519889E+02  3.094540E+00   2.2026   0.0000  0.000000E+00  0.000000E+00  0.000000E+00  0.000000E+00  0.000000E+00
1100.0  11.502044   -6.18531139  61.6784      -528945.6  17.35701339  2.794963E+01  2.481708E+01  2.797312E+01  61.6784   0.0000   0.0000      -528945.6   350.7341  2.481708E+01  1.516303E+02  3.132545E+00   2.2037   0.0000  0.000000E+00  0.000000E+00  0.000000E+00  0.000000E+00  0.000000E+00
1110.0  11.508042   -6.19137806  61.9023      -528665.7  17.39995615  2.799021E+01  2.481942E+01  2.801392E+01  61.9023   0.0000   0.0000      -528665.7   350.6201  2.481942E+01  1.512702E+02  3.170791E+00   2.2049   0.0000  0.000000E+00  0.000000E+00  0.000000E+00  0.000000E+00  0.000000E+00
1120.0  11.514058   -6.19745927  62.1238      -528385.3  17.44323901  2.803098E+01  2.482169E+01  2.805489E+01  62.1238   0.0000   0.0000      -528385.3   350.5101  2.482169E+01  1.509085E+02  3.209283E+00   2.2060   0.0000  0.000000E+00  0.000000E+00  0.000000E+00  0.000000E+00  0.000000E+00
1130.0  11.520092   -6.20355486  62.3430      -528104.6  17.48686866  2.807193E+01  2.482390E+01  2.809603E+01  62.3430   0.0000   0.0000      -528104.6   350.4040  2.482390E+01  1.505453E+02  3.248024E+00   2.2072   0.0000  0.000000E+00  0.000000E+00  0.000000E+00  0.000000E+00  0.000000E+00
1140.0  11.526145   -6.20966467  62.5598      -527823.4  17.53085191  2.811307E+01  2.482605E+01  2.813734E+01  62.5598   0.0000   0.0000      -527823.4   350.3017  2.482605E+01  1.501805E+02  3.287018E+00   2.2083   0.0000  0.000000E+00  0.000000E+00  0.000000E+00  0.000000E+00  0.000000E+00
1150.0  11.532216   -6.21578857  62.7745      -527541.8  17.57519590  2.815441E+01  2.482814E+01  2.817884E+01  62.7745   0.0000   0.0000      -527541.8   350.2030  2.482814E+01  1.498142E+02  3.326269E+00   2.2095   0.0000  0.000000E+00  0.000000E+00  0.000000E+00  0.000000E+00  0.000000E+00
1160.0  11.538306   -6.22192643  62.9870      -527259.8  17.61990736  2.819596E+01  2.483018E+01  2.822053E+01  62.9870   0.0000   0.0000      -527259.8   350.1077  2.483018E+01  1.494462E+02  3.365780E+00   2.2107   0.0000  0.000000E+00  0.000000E+00  0.000000E+00  0.000000E+00  0.000000E+00
1170.0  11.544414   -6.22807816  63.1973      -526977.4  17.66499346  2.823771E+01  2.483216E+01  2.826241E+01  63.1973   0.0000   0.0000      -526977.4   350.0156  2.483216E+01  1.490766E+02  3.405554E+00   2.2118   0.0000  0.000000E+00  0.000000E+00  0.000000E+00  0.000000E+00  0.000000E+00
1180.0  11.550542   -6.23424365  63.4056      -526694.6  17.71046134  2.827968E+01  2.483408E+01  2.830450E+01  63.4056   0.0000   0.0000      -526694.6   349.9267  2.483408E+01  1.487055E+02  3.445597E+00   2.2130   0.0000  0.000000E+00  0.000000E+00  0.000000E+00  0.000000E+00  0.000000E+00
1190.0  11.556688   -6.24042282  63.6118      -526411.3  17.75631815  2.832187E+01  2.483596E+01  2.834679E+01  63.6118   0.0000   0.0000      -526411.3   349.8407  2.483596E+01  1.483326E+02  3.485912E+00   2.2142   0.0000  0.000000E+00  0.000000E+00  0.000000E+00  0.000000E+00  0.000000E+00
1200.0  11.562854   -6.24661562  63.8160      -526127.6  17.80257143  2.836429E+01  2.483779E+01  2.838929E+01  63.8160   0.0000   0.0000      -526127.6   349.7575  2.483779E+01  1.479582E+02  3.526502E+00   2.2154   0.0000  0.000000E+00  0.000000E+00  0.000000E+00  0.000000E+00  0.000000E+00
1210.0  11.569039   -6.25282198  64.0183      -525843.5  17.84922838  2.840694E+01  2.483957E+01  2.843202E+01  64.0183   0.0000   0.0000      -525843.5   349.6769  2.483957E+01  1.475820E+02  3.567373E+00   2.2166   0.0000  0.000000E+00  0.000000E+00  0.000000E+00  0.000000E+00  0.000000E+00
1220.0  11.575244   -6.25904187  64.2187      -525559.0  17.89629665  2.844983E+01  2.484131E+01  2.847497E+01  64.2187   0.0000   0.0000      -525559.0   349.5986  2.484131E+01  1.472042E+02  3.608527E+00   2.2177   0.0000  0.000000E+00  0.000000E+00  0.000000E+00  0.000000E+00  0.000000E+00
1230.0  11.581469   -6.26527526  64.4172      -525274.0  17.94378397  2.849297E+01  2.484300E+01  2.851815E+01  64.4172   0.0000   0.0000      -525274.0   349.5226  2.484300E+01  1.468247E+02  3.649970E+00   2.2189   0.0000  0.000000E+00  0.000000E+00  0.000000E+00  0.000000E+00  0.000000E+00
1240.0  11.587713   -6.27152217  64.6140      -524988.6  17.99169795  2.853636E+01  2.484465E+01  2.856157E+01  64.6140   0.0000   0.0000      -524988.6   349.4486  2.484465E+01  1.464435E+02  3.691707E+00   2.2201   0.0000  0.000000E+00  0.000000E+00  0.000000E+00  0.000000E+00  0.000000E+00
1250.0  11.593978   -6.27778258  64.8090      -524702.8  18.04004652  2.858000E+01  2.484626E+01  2.860523E+01  64.8090   0.0000   0.0000      -524702.8   349.3764  2.484626E+01  1.460605E+02  3.733740E+00   2.2213   0.0000  0.000000E+00  0.000000E+00  0.000000E+00  0.000000E+00  0.000000E+00
1260.0  11.600263   -6.28405653  65.0022      -524416.5  18.08883785  2.862390E+01  2.484783E+01  2.864914E+01  65.0022   0.0000   0.0000      -524416.5   349.3059  2.484783E+01  1.456758E+02  3.776075E+00   2.2225   0.0000  0.000000E+00  0.000000E+00  0.000000E+00  0.000000E+00  0.000000E+00
1270.0  11.606568   -6.29034407  65.1938      -524129.8  18.13807996  2.866808E+01  2.484936E+01  2.869331E+01  65.1938   0.0000   0.0000      -524129.8   349.2368  2.484936E+01  1.452893E+02  3.818717E+00   2.2237   0.0000  0.000000E+00  0.000000E+00  0.000000E+00  0.000000E+00  0.000000E+00
1280.0  11.612894   -6.29664523  65.3838      -523842.7  18.18778125  2.871253E+01  2.485086E+01  2.873774E+01  65.3838   0.0000   0.0000      -523842.7   349.1689  2.485086E+01  1.449011E+02  3.861670E+00   2.2250   0.0000  0.000000E+00  0.000000E+00  0.000000E+00  0.000000E+00  0.000000E+00
1290.0  11.619241   -6.30296011  65.5722      -523555.1  18.23795004  2.875726E+01  2.485232E+01  2.878243E+01  65.5722   0.0000   0.0000      -523555.1   349.1020  2.485232E+01  1.445111E+02  3.904939E+00   2.2262   0.0000  0.000000E+00  0.000000E+00  0.000000E+00  0.000000E+00  0.000000E+00
1300.0  11.625609   -6.30928879  65.7591      -523267.0  18.28859510  2.880227E+01  2.485375E+01  2.882740E+01  65.7591   0.0000   0.0000      -523267.0   349.0359  2.485375E+01  1.441193E+02  3.948529E+00   2.2274   0.0000  0.000000E+00  0.000000E+00  0.000000E+00  0.000000E+00  0.000000E+00
1310.0  11.631998   -6.31563138  65.9445      -522978.5  18.33972521  2.884758E+01  2.485514E+01  2.887265E+01  65.9445   0.0000   0.0000      -522978.5   348.9705  2.485514E+01  1.437256E+02  3.992445E+00   2.2286   0.0000  0.000000E+00  0.000000E+00  0.000000E+00  0.000000E+00  0.000000E+00
1320.0  11.638408   -6.32198800  66.1285      -522689.6  18.39134909  2.889319E+01  2.485650E+01  2.891819E+01  66.1285   0.0000   0.0000      -522689.6   348.9053  2.485650E+01  1.433301E+02  4.036693E+00   2.2299   0.0000  0.000000E+00  0.000000E+00  0.000000E+00  0.000000E+00  0.000000E+00
1330.0  11.644841   -6.32835879  66.3111      -522400.2  18.44347619  2.893911E+01  2.485783E+01  2.896402E+01  66.3111   0.0000   0.0000      -522400.2   348.8403  2.485783E+01  1.429328E+02  4.081277E+00   2.2311   0.0000  0.000000E+00  0.000000E+00  0.000000E+00  0.000000E+00  0.000000E+00
1340.0  11.651295   -6.33474393  66.4923      -522110.3  18.49611553  2.898533E+01  2.485913E+01  2.901014E+01  66.4923   0.0000   0.0000      -522110.3   348.7752  2.485913E+01  1.425335E+02  4.126203E+00   2.2323   0.0000  0.000000E+00  0.000000E+00  0.000000E+00  0.000000E+00  0.000000E+00
1350.0  11.657771   -6.34114358  66.6722      -521819.9  18.54927664  2.903188E+01  2.486040E+01  2.905658E+01  66.6722   0.0000   0.0000      -521819.9   348.7097  2.486040E+01  1.421324E+02  4.171477E+00   2.2336   0.0000  0.000000E+00  0.000000E+00  0.000000E+00  0.000000E+00  0.000000E+00
1360.0  11.664269   -6.34755795  66.8509      -521529.1  18.60296940  2.907875E+01  2.486165E+01  2.910332E+01  66.8509   0.0000   0.0000      -521529.1   348.6437  2.486165E+01  1.417293E+02  4.217103E+00   2.2348   0.0000  0.000000E+00  0.000000E+00  0.000000E+00  0.000000E+00  0.000000E+00
1370.0  11.670790   -6.35398726  67.0283      -521237.9  18.65720350  2.912596E+01  2.486287E+01  2.915039E+01  67.0283   0.0000   0.0000      -521237.9   348.5768  2.486287E+01  1.413243E+02  4.263089E+00   2.2361   0.0000  0.000000E+00  0.000000E+00  0.000000E+00  0.000000E+00  0.000000E+00
1380.0  11.677334   -6.36043173  67.2046      -520946.1  18.71198918  2.917350E+01  2.486406E+01  2.919778E+01  67.2046   0.0000   0.0000      -520946.1   348.5088  2.486406E+01  1.409174E+02  4.309440E+00   2.2373   0.0000  0.000000E+00  0.000000E+00  0.000000E+00  0.000000E+00  0.000000E+00
1390.0  11.683901   -6.36689164  67.3797      -520653.9  18.76733662  2.922139E+01  2.486522E+01  2.924550E+01  67.3797   0.0000   0.0000      -520653.9   348.4395  2.486522E+01  1.405085E+02  4.356162E+00   2.2386   0.0000  0.000000E+00  0.000000E+00  0.000000E+00  0.000000E+00  0.000000E+00
1400.0  11.690491   -6.37336725  67.5538      -520361.2  18.82325635  2.926963E+01  2.486637E+01  2.929356E+01  67.5538   0.0000   0.0000      -520361.2   348.3685  2.486637E+01  1.400975E+02  4.403260E+00   2.2398   0.0000  0.000000E+00  0.000000E+00  0.000000E+00  0.000000E+00  0.000000E+00
1410.0  11.697104   -6.37985887  67.7268      -520068.1  18.87975941  2.931823E+01  2.486748E+01  2.934197E+01  67.7268   0.0000   0.0000      -520068.1   348.2956  2.486748E+01  1.396846E+02  4.450741E+00   2.2411   0.0000  0.000000E+00  0.000000E+00  0.000000E+00  0.000000E+00  0.000000E+00
1420.0  11.703741   -6.38636681  67.8989      -519774.4  18.93685655  2.936719E+01  2.486858E+01  2.939073E+01  67.8989   0.0000   0.0000      -519774.4   348.2206  2.486858E+01  1.392696E+02  4.498614E+00   2.2424   0.0000  0.000000E+00  0.000000E+00  0.000000E+00  0.000000E+00  0.000000E+00
1430.0  11.710402   -6.39289142  68.0700      -519480.2  18.99455919  2.941654E+01  2.486965E+01  2.943986E+01  68.0700   0.0000   0.0000      -519480.2   348.1431  2.486965E+01  1.388526E+02  4.546884E+00   2.2437   0.0000  0.000000E+00  0.000000E+00  0.000000E+00  0.000000E+00  0.000000E+00
1440.0  11.717087   -6.39943306  68.2402      -519185.6  19.05287880  2.946626E+01  2.487071E+01  2.948935E+01  68.2402   0.0000   0.0000      -519185.6   348.0629  2.487071E+01  1.384335E+02  4.595555E+00   2.2449   0.0000  0.000000E+00  0.000000E+00  0.000000E+00  0.000000E+00  0.000000E+00
1450.0  11.723797   -6.40599213  68.4096      -518890.4  19.11182721  2.951638E+01  2.487174E+01  2.953922E+01  68.4096   0.0000   0.0000      -518890.4   347.9797  2.487174E+01  1.380123E+02  4.644638E+00   2.2462   0.0000  0.000000E+00  0.000000E+00  0.000000E+00  0.000000E+00  0.000000E+00
1460.0  11.730531   -6.41256902  68.5782      -518594.8  19.17141660  2.956689E+01  2.487275E+01  2.958947E+01  68.5782   0.0000   0.0000      -518594.8   347.8931  2.487275E+01  1.375889E+02  4.694137E+00   2.2475   0.0000  0.000000E+00  0.000000E+00  0.000000E+00  0.000000E+00  0.000000E+00
1470.0  11.737290   -6.41916418  68.7460      -518298.7  19.23165928  2.961780E+01  2.487374E+01  2.964012E+01  68.7460   0.0000   0.0000      -518298.7   347.8028  2.487374E+01  1.371634E+02  4.744064E+00   2.2488   0.0000  0.000000E+00  0.000000E+00  0.000000E+00  0.000000E+00  0.000000E+00
1480.0  11.744075   -6.42577807  68.9131      -518002.0  19.29256799  2.966914E+01  2.487471E+01  2.969116E+01  68.9131   0.0000   0.0000      -518002.0   347.7086  2.487471E+01  1.367357E+02  4.794421E+00   2.2501   0.0000  0.000000E+00  0.000000E+00  0.000000E+00  0.000000E+00  0.000000E+00
1490.0  11.750885   -6.43241116  69.0796      -517704.8  19.35415555  2.972089E+01  2.487567E+01  2.974261E+01  69.0796   0.0000   0.0000      -517704.8   347.6100  2.487567E+01  1.363059E+02  4.845218E+00   2.2514   0.0000  0.000000E+00  0.000000E+00  0.000000E+00  0.000000E+00  0.000000E+00
1500.0  11.757721   -6.43906398  69.2454      -517407.1  19.41643551  2.977307E+01  2.487661E+01  2.979448E+01  69.2454   0.0000   0.0000      -517407.1   347.5069  2.487661E+01  1.358738E+02  4.896464E+00   2.2527   0.0000  0.000000E+00  0.000000E+00  0.000000E+00  0.000000E+00  0.000000E+00
1510.0  11.764583   -6.44573705  69.4107      -517108.9  19.47942165  2.982570E+01  2.487753E+01  2.984677E+01  69.4107   0.0000   0.0000      -517108.9   347.3987  2.487753E+01  1.354394E+02  4.948165E+00   2.2540   0.0000  0.000000E+00  0.000000E+00  0.000000E+00  0.000000E+00  0.000000E+00
1520.0  11.771471   -6.45243094  69.5755      -516810.2  19.54312758  2.987877E+01  2.487843E+01  2.989950E+01  69.5755   0.0000   0.0000      -516810.2   347.2853  2.487843E+01  1.350028E+02  5.000332E+00   2.2554   0.0000  0.000000E+00  0.000000E+00  0.000000E+00  0.000000E+00  0.000000E+00
1530.0  11.778386   -6.45914624  69.7399      -516511.0  19.60756791  2.993230E+01  2.487932E+01  2.995267E+01  69.7399   0.0000   0.0000      -516511.0   347.1661  2.487932E+01  1.345639E+02  5.052971E+00   2.2567   0.0000  0.000000E+00  0.000000E+00  0.000000E+00  0.000000E+00  0.000000E+00
1540.0  11.785328   -6.46588358  69.9038      -516211.2  19.67275749  2.998629E+01  2.488020E+01  3.000629E+01  69.9038   0.0000   0.0000      -516211.2   347.0409  2.488020E+01  1.341227E+02  5.106091E+00   2.2580   0.0000  0.000000E+00  0.000000E+00  0.000000E+00  0.000000E+00  0.000000E+00
1550.0  11.792297   -6.47264360  70.0674      -515910.8  19.73871131  3.004076E+01  2.488106E+01  3.006038E+01  70.0674   0.0000   0.0000      -515910.8   346.9093  2.488106E+01  1.336791E+02  5.159704E+00   2.2594   0.0000  0.000000E+00  0.000000E+00  0.000000E+00  0.000000E+00  0.000000E+00
1560.0  11.799294   -6.47942697  70.2306      -515609.9  19.80544503  3.009572E+01  2.488190E+01  3.011493E+01  70.2306   0.0000   0.0000      -515609.9   346.7709  2.488190E+01  1.332331E+02  5.213815E+00   2.2607   0.0000  0.000000E+00  0.000000E+00  0.000000E+00  0.000000E+00  0.000000E+00
1570.0  11.806318   -6.48623442  70.3936      -515308.5  19.87297450  3.015117E+01  2.488273E+01  3.016996E+01  70.3936   0.0000   0.0000      -515308.5   346.6253  2.488273E+01  1.327848E+02  5.268436E+00   2.2620   0.0000  0.000000E+00  0.000000E+00  0.000000E+00  0.000000E+00  0.000000E+00
1580.0  11.813371   -6.49306669  70.5565      -515006.5  19.94131575  3.020712E+01  2.488355E+01  3.022549E+01  70.5565   0.0000   0.0000      -515006.5   346.4721  2.488355E+01  1.323340E+02  5.323576E+00   2.2634   0.0000  0.000000E+00  0.000000E+00  0.000000E+00  0.000000E+00  0.000000E+00
1590.0  11.820453   -6.49992454  70.7191      -514704.0  20.01048776  3.026360E+01  2.488435E+01  3.028151E+01  70.7191   0.0000   0.0000      -514704.0   346.3109  2.488435E+01  1.318807E+02  5.379246E+00   2.2647   0.0000  0.000000E+00  0.000000E+00  0.000000E+00  0.000000E+00  0.000000E+00
1600.0  11.827563   -6.50680878  70.8817      -514400.9  20.08050035  3.032060E+01  2.488515E+01  3.033805E+01  70.8817   0.0000   0.0000      -514400.9   346.1412  2.488515E+01  1.314250E+02  5.435452E+00   2.2661   0.0000  0.000000E+00  0.000000E+00  0.000000E+00  0.000000E+00  0.000000E+00
