# T(K)     a(1,1) da/dT(-4/K)     a(1,2) da/dT(-4/K)     a(1,3) da/dT(-4/K)     a(2,1) da/dT(-4/K)     a(2,2) da/dT(-4/K)     a(2,3) da/dT(-4/K)     a(3,1) da/dT(-4/K)     a(3,2) da/dT(-4/K)     a(3,3) da/dT(-4/K)
   0.0   0.000000    0.000000   1.764806    0.000839   1.764806    0.000839   1.764806    0.000839   0.000000    0.000000   1.764806    0.000839   1.764806    0.000839   1.764806    0.000839   0.000000    0.000000
  10.0   0.000000    0.000000   1.764806    0.000442   1.764806    0.000442   1.764806    0.000442   0.000000    0.000000   1.764806    0.000442   1.764806    0.000442   1.764806    0.000442   0.000000    0.000000
  20.0   0.000000    0.000000   1.764808    0.004396   1.764808    0.004396   1.764808    0.004396   0.000000    0.000000   1.764808    0.004396   1.764808    0.004396   1.764808    0.004396   0.000000    0.000000
  30.0   0.000000    0.000000   1.764817    0.014654   1.764817    0.014654   1.764817    0.014654   0.000000    0.000000   1.764817    0.014654   1.764817    0.014654   1.764817    0.014654   0.000000    0.000000
  40.0   0.000000    0.000000   1.764840    0.032065   1.764840    0.032065   1.764840    0.032065   0.000000    0.000000   1.764840    0.032065   1.764840    0.032065   1.764840    0.032065   0.000000    0.000000
  50.0   0.000000    0.000000   1.764882    0.053399   1.764882    0.053399   1.764882    0.053399   0.000000    0.000000   1.764882    0.053399   1.764882    0.053399   1.764882    0.053399   0.000000    0.000000
  60.0   0.000000    0.000000   1.764947    0.075449   1.764947    0.075449   1.764947    0.075449   0.000000    0.000000   1.764947    0.075449   1.764947    0.075449   1.764947    0.075449   0.000000    0.000000
  70.0   0.000000    0.000000   1.765033    0.096274   1.765033    0.096274   1.765033    0.096274   0.000000    0.000000   1.765033    0.096274   1.765033    0.096274   1.765033    0.096274   0.000000    0.000000
  80.0   0.000000    0.000000   1.765139    0.115005   1.765139    0.115005   1.765139    0.115005   0.000000    0.000000   1.765139    0.115005   1.765139    0.115005   1.765139    0.115005   0.000000    0.000000
  90.0   0.000000    0.000000   1.765262    0.131416   1.765262    0.131416   1.765262    0.131416   0.000000    0.000000   1.765262    0.131416   1.765262    0.131416   1.765262    0.131416   0.000000    0.000000
 100.0   0.000000    0.000000   1.765401    0.145606   1.765401    0.145606   1.765401    0.145606   0.000000    0.000000   1.765401    0.145606   1.765401    0.145606   1.765401    0.145606   0.000000    0.000000
 110.0   0.000000    0.000000   1.765553    0.157805   1.765553    0.157805   1.765553    0.157805   0.000000    0.000000   1.765553    0.157805   1.765553    0.157805   1.765553    0.157805   0.000000    0.000000
 120.0   0.000000    0.000000   1.765716    0.168283   1.765716    0.168283   1.765716    0.168283   0.000000    0.000000   1.765716    0.168283   1.765716    0.168283   1.765716    0.168283   0.000000    0.000000
 130.0   0.000000    0.000000   1.765889    0.177299   1.765889    0.177299   1.765889    0.177299   0.000000    0.000000   1.765889    0.177299   1.765889    0.177299   1.765889    0.177299   0.000000    0.000000
 140.0   0.000000    0.000000   1.766070    0.185086   1.766070    0.185086   1.766070    0.185086   0.000000    0.000000   1.766070    0.185086   1.766070    0.185086   1.766070    0.185086   0.000000    0.000000
 150.0   0.000000    0.000000   1.766259    0.191843   1.766259    0.191843   1.766259    0.191843   0.000000    0.000000   1.766259    0.191843   1.766259    0.191843   1.766259    0.191843   0.000000    0.000000
 160.0   0.000000    0.000000   1.766454    0.197737   1.766454    0.197737   1.766454    0.197737   0.000000    0.000000   1.766454    0.197737   1.766454    0.197737   1.766454    0.197737   0.000000    0.000000
 170.0   0.000000    0.000000   1.766654    0.202910   1.766654    0.202910   1.766654    0.202910   0.000000    0.000000   1.766654    0.202910   1.766654    0.202910   1.766654    0.202910   0.000000    0.000000
 180.0   0.000000    0.000000   1.766859    0.207476   1.766859    0.207476   1.766859    0.207476   0.000000    0.000000   1.766859    0.207476   1.766859    0.207476   1.766859    0.207476   0.000000    0.000000
 190.0   0.000000    0.000000   1.767069    0.211531   1.767069    0.211531   1.767069    0.211531   0.000000    0.000000   1.767069    0.211531   1.767069    0.211531   1.767069    0.211531   0.000000    0.000000
 200.0   0.000000    0.000000   1.767282    0.215153   1.767282    0.215153   1.767282    0.215153   0.000000    0.000000   1.767282    0.215153   1.767282    0.215153   1.767282    0.215153   0.000000    0.000000
 210.0   0.000000    0.000000   1.767499    0.218408   1.767499    0.218408   1.767499    0.218408   0.000000    0.000000   1.767499    0.218408   1.767499    0.218408   1.767499    0.218408   0.000000    0.000000
 220.0   0.000000    0.000000   1.767719    0.221350   1.767719    0.221350   1.767719    0.221350   0.000000    0.000000   1.767719    0.221350   1.767719    0.221350   1.767719    0.221350   0.000000    0.000000
 230.0   0.000000    0.000000   1.767941    0.224023   1.767941    0.224023   1.767941    0.224023   0.000000    0.000000   1.767941    0.224023   1.767941    0.224023   1.767941    0.224023   0.000000    0.000000
 240.0   0.000000    0.000000   1.768167    0.226466   1.768167    0.226466   1.768167    0.226466   0.000000    0.000000   1.768167    0.226466   1.768167    0.226466   1.768167    0.226466   0.000000    0.000000
 250.0   0.000000    0.000000   1.768394    0.228709   1.768394    0.228709   1.768394    0.228709   0.000000    0.000000   1.768394    0.228709   1.768394    0.228709   1.768394    0.228709   0.000000    0.000000
 260.0   0.000000    0.000000   1.768624    0.230780   1.768624    0.230780   1.768624    0.230780   0.000000    0.000000   1.768624    0.230780   1.768624    0.230780   1.768624    0.230780   0.000000    0.000000
 270.0   0.000000    0.000000   1.768856    0.232702   1.768856    0.232702   1.768856    0.232702   0.000000    0.000000   1.768856    0.232702   1.768856    0.232702   1.768856    0.232702   0.000000    0.000000
 280.0   0.000000    0.000000   1.769089    0.234492   1.769089    0.234492   1.769089    0.234492   0.000000    0.000000   1.769089    0.234492   1.769089    0.234492   1.769089    0.234492   0.000000    0.000000
 290.0   0.000000    0.000000   1.769325    0.236169   1.769325    0.236169   1.769325    0.236169   0.000000    0.000000   1.769325    0.236169   1.769325    0.236169   1.769325    0.236169   0.000000    0.000000
 300.0   0.000000    0.000000   1.769562    0.237744   1.769562    0.237744   1.769562    0.237744   0.000000    0.000000   1.769562    0.237744   1.769562    0.237744   1.769562    0.237744   0.000000    0.000000
 310.0   0.000000    0.000000   1.769800    0.239232   1.769800    0.239232   1.769800    0.239232   0.000000    0.000000   1.769800    0.239232   1.769800    0.239232   1.769800    0.239232   0.000000    0.000000
 320.0   0.000000    0.000000   1.770040    0.240641   1.770040    0.240641   1.770040    0.240641   0.000000    0.000000   1.770040    0.240641   1.770040    0.240641   1.770040    0.240641   0.000000    0.000000
 330.0   0.000000    0.000000   1.770282    0.241982   1.770282    0.241982   1.770282    0.241982   0.000000    0.000000   1.770282    0.241982   1.770282    0.241982   1.770282    0.241982   0.000000    0.000000
 340.0   0.000000    0.000000   1.770524    0.243262   1.770524    0.243262   1.770524    0.243262   0.000000    0.000000   1.770524    0.243262   1.770524    0.243262   1.770524    0.243262   0.000000    0.000000
 350.0   0.000000    0.000000   1.770768    0.244487   1.770768    0.244487   1.770768    0.244487   0.000000    0.000000   1.770768    0.244487   1.770768    0.244487   1.770768    0.244487   0.000000    0.000000
 360.0   0.000000    0.000000   1.771013    0.245664   1.771013    0.245664   1.771013    0.245664   0.000000    0.000000   1.771013    0.245664   1.771013    0.245664   1.771013    0.245664   0.000000    0.000000
 370.0   0.000000    0.000000   1.771259    0.246799   1.771259    0.246799   1.771259    0.246799   0.000000    0.000000   1.771259    0.246799   1.771259    0.246799   1.771259    0.246799   0.000000    0.000000
 380.0   0.000000    0.000000   1.771507    0.247894   1.771507    0.247894   1.771507    0.247894   0.000000    0.000000   1.771507    0.247894   1.771507    0.247894   1.771507    0.247894   0.000000    0.000000
 390.0   0.000000    0.000000   1.771755    0.248956   1.771755    0.248956   1.771755    0.248956   0.000000    0.000000   1.771755    0.248956   1.771755    0.248956   1.771755    0.248956   0.000000    0.000000
 400.0   0.000000    0.000000   1.772005    0.249987   1.772005    0.249987   1.772005    0.249987   0.000000    0.000000   1.772005    0.249987   1.772005    0.249987   1.772005    0.249987   0.000000    0.000000
 410.0   0.000000    0.000000   1.772255    0.250991   1.772255    0.250991   1.772255    0.250991   0.000000    0.000000   1.772255    0.250991   1.772255    0.250991   1.772255    0.250991   0.000000    0.000000
 420.0   0.000000    0.000000   1.772507    0.251970   1.772507    0.251970   1.772507    0.251970   0.000000    0.000000   1.772507    0.251970   1.772507    0.251970   1.772507    0.251970   0.000000    0.000000
 430.0   0.000000    0.000000   1.772759    0.252928   1.772759    0.252928   1.772759    0.252928   0.000000    0.000000   1.772759    0.252928   1.772759    0.252928   1.772759    0.252928   0.000000    0.000000
 440.0   0.000000    0.000000   1.773012    0.253866   1.773012    0.253866   1.773012    0.253866   0.000000    0.000000   1.773012    0.253866   1.773012    0.253866   1.773012    0.253866   0.000000    0.000000
 450.0   0.000000    0.000000   1.773267    0.254786   1.773267    0.254786   1.773267    0.254786   0.000000    0.000000   1.773267    0.254786   1.773267    0.254786   1.773267    0.254786   0.000000    0.000000
 460.0   0.000000    0.000000   1.773522    0.255691   1.773522    0.255691   1.773522    0.255691   0.000000    0.000000   1.773522    0.255691   1.773522    0.255691   1.773522    0.255691   0.000000    0.000000
 470.0   0.000000    0.000000   1.773778    0.256582   1.773778    0.256582   1.773778    0.256582   0.000000    0.000000   1.773778    0.256582   1.773778    0.256582   1.773778    0.256582   0.000000    0.000000
 480.0   0.000000    0.000000   1.774035    0.257461   1.774035    0.257461   1.774035    0.257461   0.000000    0.000000   1.774035    0.257461   1.774035    0.257461   1.774035    0.257461   0.000000    0.000000
 490.0   0.000000    0.000000   1.774293    0.258329   1.774293    0.258329   1.774293    0.258329   0.000000    0.000000   1.774293    0.258329   1.774293    0.258329   1.774293    0.258329   0.000000    0.000000
 500.0   0.000000    0.000000   1.774552    0.259187   1.774552    0.259187   1.774552    0.259187   0.000000    0.000000   1.774552    0.259187   1.774552    0.259187   1.774552    0.259187   0.000000    0.000000
 510.0   0.000000    0.000000   1.774811    0.260036   1.774811    0.260036   1.774811    0.260036   0.000000    0.000000   1.774811    0.260036   1.774811    0.260036   1.774811    0.260036   0.000000    0.000000
 520.0   0.000000    0.000000   1.775072    0.260878   1.775072    0.260878   1.775072    0.260878   0.000000    0.000000   1.775072    0.260878   1.775072    0.260878   1.775072    0.260878   0.000000    0.000000
 530.0   0.000000    0.000000   1.775333    0.261714   1.775333    0.261714   1.775333    0.261714   0.000000    0.000000   1.775333    0.261714   1.775333    0.261714   1.775333    0.261714   0.000000    0.000000
 540.0   0.000000    0.000000   1.775595    0.262544   1.775595    0.262544   1.775595    0.262544   0.000000    0.000000   1.775595    0.262544   1.775595    0.262544   1.775595    0.262544   0.000000    0.000000
 550.0   0.000000    0.000000   1.775858    0.263369   1.775858    0.263369   1.775858    0.263369   0.000000    0.000000   1.775858    0.263369   1.775858    0.263369   1.775858    0.263369   0.000000    0.000000
 560.0   0.000000    0.000000   1.776122    0.264190   1.776122    0.264190   1.776122    0.264190   0.000000    0.000000   1.776122    0.264190   1.776122    0.264190   1.776122    0.264190   0.000000    0.000000
 570.0   0.000000    0.000000   1.776387    0.265008   1.776387    0.265008   1.776387    0.265008   0.000000    0.000000   1.776387    0.265008   1.776387    0.265008   1.776387    0.265008   0.000000    0.000000
 580.0   0.000000    0.000000   1.776652    0.265823   1.776652    0.265823   1.776652    0.265823   0.000000    0.000000   1.776652    0.265823   1.776652    0.265823   1.776652    0.265823   0.000000    0.000000
 590.0   0.000000    0.000000   1.776918    0.266637   1.776918    0.266637   1.776918    0.266637   0.000000    0.000000   1.776918    0.266637   1.776918    0.266637   1.776918    0.266637   0.000000    0.000000
 600.0   0.000000    0.000000   1.777185    0.267449   1.777185    0.267449   1.777185    0.267449   0.000000    0.000000   1.777185    0.267449   1.777185    0.267449   1.777185    0.267449   0.000000    0.000000
 610.0   0.000000    0.000000   1.777453    0.268259   1.777453    0.268259   1.777453    0.268259   0.000000    0.000000   1.777453    0.268259   1.777453    0.268259   1.777453    0.268259   0.000000    0.000000
 620.0   0.000000    0.000000   1.777722    0.269070   1.777722    0.269070   1.777722    0.269070   0.000000    0.000000   1.777722    0.269070   1.777722    0.269070   1.777722    0.269070   0.000000    0.000000
 630.0   0.000000    0.000000   1.777991    0.269880   1.777991    0.269880   1.777991    0.269880   0.000000    0.000000   1.777991    0.269880   1.777991    0.269880   1.777991    0.269880   0.000000    0.000000
 640.0   0.000000    0.000000   1.778262    0.270691   1.778262    0.270691   1.778262    0.270691   0.000000    0.000000   1.778262    0.270691   1.778262    0.270691   1.778262    0.270691   0.000000    0.000000
 650.0   0.000000    0.000000   1.778533    0.271503   1.778533    0.271503   1.778533    0.271503   0.000000    0.000000   1.778533    0.271503   1.778533    0.271503   1.778533    0.271503   0.000000    0.000000
 660.0   0.000000    0.000000   1.778805    0.272316   1.778805    0.272316   1.778805    0.272316   0.000000    0.000000   1.778805    0.272316   1.778805    0.272316   1.778805    0.272316   0.000000    0.000000
 670.0   0.000000    0.000000   1.779077    0.273131   1.779077    0.273131   1.779077    0.273131   0.000000    0.000000   1.779077    0.273131   1.779077    0.273131   1.779077    0.273131   0.000000    0.000000
 680.0   0.000000    0.000000   1.779351    0.273948   1.779351    0.273948   1.779351    0.273948   0.000000    0.000000   1.779351    0.273948   1.779351    0.273948   1.779351    0.273948   0.000000    0.000000
 690.0   0.000000    0.000000   1.779625    0.274767   1.779625    0.274767   1.779625    0.274767   0.000000    0.000000   1.779625    0.274767   1.779625    0.274767   1.779625    0.274767   0.000000    0.000000
 700.0   0.000000    0.000000   1.779900    0.275589   1.779900    0.275589   1.779900    0.275589   0.000000    0.000000   1.779900    0.275589   1.779900    0.275589   1.779900    0.275589   0.000000    0.000000
 710.0   0.000000    0.000000   1.780176    0.276413   1.780176    0.276413   1.780176    0.276413   0.000000    0.000000   1.780176    0.276413   1.780176    0.276413   1.780176    0.276413   0.000000    0.000000
 720.0   0.000000    0.000000   1.780453    0.277241   1.780453    0.277241   1.780453    0.277241   0.000000    0.000000   1.780453    0.277241   1.780453    0.277241   1.780453    0.277241   0.000000    0.000000
 730.0   0.000000    0.000000   1.780731    0.278073   1.780731    0.278073   1.780731    0.278073   0.000000    0.000000   1.780731    0.278073   1.780731    0.278073   1.780731    0.278073   0.000000    0.000000
 740.0   0.000000    0.000000   1.781009    0.278908   1.781009    0.278908   1.781009    0.278908   0.000000    0.000000   1.781009    0.278908   1.781009    0.278908   1.781009    0.278908   0.000000    0.000000
 750.0   0.000000    0.000000   1.781289    0.279748   1.781289    0.279748   1.781289    0.279748   0.000000    0.000000   1.781289    0.279748   1.781289    0.279748   1.781289    0.279748   0.000000    0.000000
 760.0   0.000000    0.000000   1.781569    0.280592   1.781569    0.280592   1.781569    0.280592   0.000000    0.000000   1.781569    0.280592   1.781569    0.280592   1.781569    0.280592   0.000000    0.000000
 770.0   0.000000    0.000000   1.781850    0.281440   1.781850    0.281440   1.781850    0.281440   0.000000    0.000000   1.781850    0.281440   1.781850    0.281440   1.781850    0.281440   0.000000    0.000000
 780.0   0.000000    0.000000   1.782132    0.282293   1.782132    0.282293   1.782132    0.282293   0.000000    0.000000   1.782132    0.282293   1.782132    0.282293   1.782132    0.282293   0.000000    0.000000
 790.0   0.000000    0.000000   1.782414    0.283152   1.782414    0.283152   1.782414    0.283152   0.000000    0.000000   1.782414    0.283152   1.782414    0.283152   1.782414    0.283152   0.000000    0.000000
 800.0   0.000000    0.000000   1.782698    0.284015   1.782698    0.284015   1.782698    0.284015   0.000000    0.000000   1.782698    0.284015   1.782698    0.284015   1.782698    0.284015   0.000000    0.000000
 810.0   0.000000    0.000000   1.782983    0.284885   1.782983    0.284885   1.782983    0.284885   0.000000    0.000000   1.782983    0.284885   1.782983    0.284885   1.782983    0.284885   0.000000    0.000000
 820.0   0.000000    0.000000   1.783268    0.285760   1.783268    0.285760   1.783268    0.285760   0.000000    0.000000   1.783268    0.285760   1.783268    0.285760   1.783268    0.285760   0.000000    0.000000
 830.0   0.000000    0.000000   1.783554    0.286641   1.783554    0.286641   1.783554    0.286641   0.000000    0.000000   1.783554    0.286641   1.783554    0.286641   1.783554    0.286641   0.000000    0.000000
 840.0   0.000000    0.000000   1.783841    0.287528   1.783841    0.287528   1.783841    0.287528   0.000000    0.000000   1.783841    0.287528   1.783841    0.287528   1.783841    0.287528   0.000000    0.000000
 850.0   0.000000    0.000000   1.784129    0.288421   1.784129    0.288421   1.784129    0.288421   0.000000    0.000000   1.784129    0.288421   1.784129    0.288421   1.784129    0.288421   0.000000    0.000000
 860.0   0.000000    0.000000   1.784418    0.289322   1.784418    0.289322   1.784418    0.289322   0.000000    0.000000   1.784418    0.289322   1.784418    0.289322   1.784418    0.289322   0.000000    0.000000
 870.0   0.000000    0.000000   1.784708    0.290229   1.784708    0.290229   1.784708    0.290229   0.000000    0.000000   1.784708    0.290229   1.784708    0.290229   1.784708    0.290229   0.000000    0.000000
 880.0   0.000000    0.000000   1.784998    0.291143   1.784998    0.291143   1.784998    0.291143   0.000000    0.000000   1.784998    0.291143   1.784998    0.291143   1.784998    0.291143   0.000000    0.000000
 890.0   0.000000    0.000000   1.785290    0.292065   1.785290    0.292065   1.785290    0.292065   0.000000    0.000000   1.785290    0.292065   1.785290    0.292065   1.785290    0.292065   0.000000    0.000000
 900.0   0.000000    0.000000   1.785583    0.292994   1.785583    0.292994   1.785583    0.292994   0.000000    0.000000   1.785583    0.292994   1.785583    0.292994   1.785583    0.292994   0.000000    0.000000
 910.0   0.000000    0.000000   1.785876    0.293931   1.785876    0.293931   1.785876    0.293931   0.000000    0.000000   1.785876    0.293931   1.785876    0.293931   1.785876    0.293931   0.000000    0.000000
 920.0   0.000000    0.000000   1.786170    0.294875   1.786170    0.294875   1.786170    0.294875   0.000000    0.000000   1.786170    0.294875   1.786170    0.294875   1.786170    0.294875   0.000000    0.000000
 930.0   0.000000    0.000000   1.786466    0.295828   1.786466    0.295828   1.786466    0.295828   0.000000    0.000000   1.786466    0.295828   1.786466    0.295828   1.786466    0.295828   0.000000    0.000000
 940.0   0.000000    0.000000   1.786762    0.296789   1.786762    0.296789   1.786762    0.296789   0.000000    0.000000   1.786762    0.296789   1.786762    0.296789   1.786762    0.296789   0.000000    0.000000
 950.0   0.000000    0.000000   1.787059    0.297759   1.787059    0.297759   1.787059    0.297759   0.000000    0.000000   1.787059    0.297759   1.787059    0.297759   1.787059    0.297759   0.000000    0.000000
 960.0   0.000000    0.000000   1.787358    0.298738   1.787358    0.298738   1.787358    0.298738   0.000000    0.000000   1.787358    0.298738   1.787358    0.298738   1.787358    0.298738   0.000000    0.000000
 970.0   0.000000    0.000000   1.787657    0.299725   1.787657    0.299725   1.787657    0.299725   0.000000    0.000000   1.787657    0.299725   1.787657    0.299725   1.787657    0.299725   0.000000    0.000000
 980.0   0.000000    0.000000   1.787957    0.300722   1.787957    0.300722   1.787957    0.300722   0.000000    0.000000   1.787957    0.300722   1.787957    0.300722   1.787957    0.300722   0.000000    0.000000
 990.0   0.000000    0.000000   1.788258    0.301727   1.788258    0.301727   1.788258    0.301727   0.000000    0.000000   1.788258    0.301727   1.788258    0.301727   1.788258    0.301727   0.000000    0.000000
1000.0   0.000000    0.000000   1.788561    0.302747   1.788561    0.302747   1.788561    0.302747   0.000000    0.000000   1.788561    0.302747   1.788561    0.302747   1.788561    0.302747   0.000000    0.000000
1010.0   0.000000    0.000000   1.788864    0.303759   1.788864    0.303759   1.788864    0.303759   0.000000    0.000000   1.788864    0.303759   1.788864    0.303759   1.788864    0.303759   0.000000    0.000000
1020.0   0.000000    0.000000   1.789168    0.304618   1.789168    0.304618   1.789168    0.304618   0.000000    0.000000   1.789168    0.304618   1.789168    0.304618   1.789168    0.304618   0.000000    0.000000
1030.0   0.000000    0.000000   1.789473    0.305377   1.789473    0.305377   1.789473    0.305377   0.000000    0.000000   1.789473    0.305377   1.789473    0.305377   1.789473    0.305377   0.000000    0.000000
1040.0   0.000000    0.000000   1.789779    0.306163   1.789779    0.306163   1.789779    0.306163   0.000000    0.000000   1.789779    0.306163   1.789779    0.306163   1.789779    0.306163   0.000000    0.000000
1050.0   0.000000    0.000000   1.790085    0.306949   1.790085    0.306949   1.790085    0.306949   0.000000    0.000000   1.790085    0.306949   1.790085    0.306949   1.790085    0.306949   0.000000    0.000000
1060.0   0.000000    0.000000   1.790393    0.307742   1.790393    0.307742   1.790393    0.307742   0.000000    0.000000   1.790393    0.307742   1.790393    0.307742   1.790393    0.307742   0.000000    0.000000
1070.0   0.000000    0.000000   1.790701    0.308541   1.790701    0.308541   1.790701    0.308541   0.000000    0.000000   1.790701    0.308541   1.790701    0.308541   1.790701    0.308541   0.000000    0.000000
1080.0   0.000000    0.000000   1.791010    0.309346   1.791010    0.309346   1.791010    0.309346   0.000000    0.000000   1.791010    0.309346   1.791010    0.309346   1.791010    0.309346   0.000000    0.000000
1090.0   0.000000    0.000000   1.791319    0.310157   1.791319    0.310157   1.791319    0.310157   0.000000    0.000000   1.791319    0.310157   1.791319    0.310157   1.791319    0.310157   0.000000    0.000000
1100.0   0.000000    0.000000   1.791630    0.310974   1.791630    0.310974   1.791630    0.310974   0.000000    0.000000   1.791630    0.310974   1.791630    0.310974   1.791630    0.310974   0.000000    0.000000
1110.0   0.000000    0.000000   1.791941    0.311798   1.791941    0.311798   1.791941    0.311798   0.000000    0.000000   1.791941    0.311798   1.791941    0.311798   1.791941    0.311798   0.000000    0.000000
1120.0   0.000000    0.000000   1.792254    0.312628   1.792254    0.312628   1.792254    0.312628   0.000000    0.000000   1.792254    0.312628   1.792254    0.312628   1.792254    0.312628   0.000000    0.000000
1130.0   0.000000    0.000000   1.792567    0.313464   1.792567    0.313464   1.792567    0.313464   0.000000    0.000000   1.792567    0.313464   1.792567    0.313464   1.792567    0.313464   0.000000    0.000000
1140.0   0.000000    0.000000   1.792881    0.314308   1.792881    0.314308   1.792881    0.314308   0.000000    0.000000   1.792881    0.314308   1.792881    0.314308   1.792881    0.314308   0.000000    0.000000
1150.0   0.000000    0.000000   1.793195    0.315158   1.793195    0.315158   1.793195    0.315158   0.000000    0.000000   1.793195    0.315158   1.793195    0.315158   1.793195    0.315158   0.000000    0.000000
1160.0   0.000000    0.000000   1.793511    0.316016   1.793511    0.316016   1.793511    0.316016   0.000000    0.000000   1.793511    0.316016   1.793511    0.316016   1.793511    0.316016   0.000000    0.000000
1170.0   0.000000    0.000000   1.793827    0.316880   1.793827    0.316880   1.793827    0.316880   0.000000    0.000000   1.793827    0.316880   1.793827    0.316880   1.793827    0.316880   0.000000    0.000000
1180.0   0.000000    0.000000   1.794145    0.317752   1.794145    0.317752   1.794145    0.317752   0.000000    0.000000   1.794145    0.317752   1.794145    0.317752   1.794145    0.317752   0.000000    0.000000
1190.0   0.000000    0.000000   1.794463    0.318631   1.794463    0.318631   1.794463    0.318631   0.000000    0.000000   1.794463    0.318631   1.794463    0.318631   1.794463    0.318631   0.000000    0.000000
1200.0   0.000000    0.000000   1.794782    0.319518   1.794782    0.319518   1.794782    0.319518   0.000000    0.000000   1.794782    0.319518   1.794782    0.319518   1.794782    0.319518   0.000000    0.000000
1210.0   0.000000    0.000000   1.795102    0.320413   1.795102    0.320413   1.795102    0.320413   0.000000    0.000000   1.795102    0.320413   1.795102    0.320413   1.795102    0.320413   0.000000    0.000000
1220.0   0.000000    0.000000   1.795423    0.321315   1.795423    0.321315   1.795423    0.321315   0.000000    0.000000   1.795423    0.321315   1.795423    0.321315   1.795423    0.321315   0.000000    0.000000
1230.0   0.000000    0.000000   1.795745    0.322225   1.795745    0.322225   1.795745    0.322225   0.000000    0.000000   1.795745    0.322225   1.795745    0.322225   1.795745    0.322225   0.000000    0.000000
1240.0   0.000000    0.000000   1.796067    0.323144   1.796067    0.323144   1.796067    0.323144   0.000000    0.000000   1.796067    0.323144   1.796067    0.323144   1.796067    0.323144   0.000000    0.000000
1250.0   0.000000    0.000000   1.796391    0.324070   1.796391    0.324070   1.796391    0.324070   0.000000    0.000000   1.796391    0.324070   1.796391    0.324070   1.796391    0.324070   0.000000    0.000000
1260.0   0.000000    0.000000   1.796715    0.325006   1.796715    0.325006   1.796715    0.325006   0.000000    0.000000   1.796715    0.325006   1.796715    0.325006   1.796715    0.325006   0.000000    0.000000
1270.0   0.000000    0.000000   1.797041    0.325949   1.797041    0.325949   1.797041    0.325949   0.000000    0.000000   1.797041    0.325949   1.797041    0.325949   1.797041    0.325949   0.000000    0.000000
1280.0   0.000000    0.000000   1.797367    0.326902   1.797367    0.326902   1.797367    0.326902   0.000000    0.000000   1.797367    0.326902   1.797367    0.326902   1.797367    0.326902   0.000000    0.000000
1290.0   0.000000    0.000000   1.797695    0.327863   1.797695    0.327863   1.797695    0.327863   0.000000    0.000000   1.797695    0.327863   1.797695    0.327863   1.797695    0.327863   0.000000    0.000000
1300.0   0.000000    0.000000   1.798023    0.328834   1.798023    0.328834   1.798023    0.328834   0.000000    0.000000   1.798023    0.328834   1.798023    0.328834   1.798023    0.328834   0.000000    0.000000
1310.0   0.000000    0.000000   1.798352    0.329813   1.798352    0.329813   1.798352    0.329813   0.000000    0.000000   1.798352    0.329813   1.798352    0.329813   1.798352    0.329813   0.000000    0.000000
1320.0   0.000000    0.000000   1.798683    0.330803   1.798683    0.330803   1.798683    0.330803   0.000000    0.000000   1.798683    0.330803   1.798683    0.330803   1.798683    0.330803   0.000000    0.000000
1330.0   0.000000    0.000000   1.799014    0.331801   1.799014    0.331801   1.799014    0.331801   0.000000    0.000000   1.799014    0.331801   1.799014    0.331801   1.799014    0.331801   0.000000    0.000000
1340.0   0.000000    0.000000   1.799346    0.332810   1.799346    0.332810   1.799346    0.332810   0.000000    0.000000   1.799346    0.332810   1.799346    0.332810   1.799346    0.332810   0.000000    0.000000
1350.0   0.000000    0.000000   1.799680    0.333828   1.799680    0.333828   1.799680    0.333828   0.000000    0.000000   1.799680    0.333828   1.799680    0.333828   1.799680    0.333828   0.000000    0.000000
1360.0   0.000000    0.000000   1.800014    0.334856   1.800014    0.334856   1.800014    0.334856   0.000000    0.000000   1.800014    0.334856   1.800014    0.334856   1.800014    0.334856   0.000000    0.000000
1370.0   0.000000    0.000000   1.800349    0.335895   1.800349    0.335895   1.800349    0.335895   0.000000    0.000000   1.800349    0.335895   1.800349    0.335895   1.800349    0.335895   0.000000    0.000000
1380.0   0.000000    0.000000   1.800686    0.336944   1.800686    0.336944   1.800686    0.336944   0.000000    0.000000   1.800686    0.336944   1.800686    0.336944   1.800686    0.336944   0.000000    0.000000
1390.0   0.000000    0.000000   1.801023    0.338004   1.801023    0.338004   1.801023    0.338004   0.000000    0.000000   1.801023    0.338004   1.801023    0.338004   1.801023    0.338004   0.000000    0.000000
1400.0   0.000000    0.000000   1.801362    0.339075   1.801362    0.339075   1.801362    0.339075   0.000000    0.000000   1.801362    0.339075   1.801362    0.339075   1.801362    0.339075   0.000000    0.000000
1410.0   0.000000    0.000000   1.801701    0.340157   1.801701    0.340157   1.801701    0.340157   0.000000    0.000000   1.801701    0.340157   1.801701    0.340157   1.801701    0.340157   0.000000    0.000000
1420.0   0.000000    0.000000   1.802042    0.341250   1.802042    0.341250   1.802042    0.341250   0.000000    0.000000   1.802042    0.341250   1.802042    0.341250   1.802042    0.341250   0.000000    0.000000
1430.0   0.000000    0.000000   1.802384    0.342355   1.802384    0.342355   1.802384    0.342355   0.000000    0.000000   1.802384    0.342355   1.802384    0.342355   1.802384    0.342355   0.000000    0.000000
1440.0   0.000000    0.000000   1.802727    0.343471   1.802727    0.343471   1.802727    0.343471   0.000000    0.000000   1.802727    0.343471   1.802727    0.343471   1.802727    0.343471   0.000000    0.000000
1450.0   0.000000    0.000000   1.803071    0.344600   1.803071    0.344600   1.803071    0.344600   0.000000    0.000000   1.803071    0.344600   1.803071    0.344600   1.803071    0.344600   0.000000    0.000000
1460.0   0.000000    0.000000   1.803416    0.345740   1.803416    0.345740   1.803416    0.345740   0.000000    0.000000   1.803416    0.345740   1.803416    0.345740   1.803416    0.345740   0.000000    0.000000
1470.0   0.000000    0.000000   1.803762    0.346893   1.803762    0.346893   1.803762    0.346893   0.000000    0.000000   1.803762    0.346893   1.803762    0.346893   1.803762    0.346893   0.000000    0.000000
1480.0   0.000000    0.000000   1.804110    0.348059   1.804110    0.348059   1.804110    0.348059   0.000000    0.000000   1.804110    0.348059   1.804110    0.348059   1.804110    0.348059   0.000000    0.000000
1490.0   0.000000    0.000000   1.804458    0.349237   1.804458    0.349237   1.804458    0.349237   0.000000    0.000000   1.804458    0.349237   1.804458    0.349237   1.804458    0.349237   0.000000    0.000000
1500.0   0.000000    0.000000   1.804808    0.350429   1.804808    0.350429   1.804808    0.350429   0.000000    0.000000   1.804808    0.350429   1.804808    0.350429   1.804808    0.350429   0.000000    0.000000
1510.0   0.000000    0.000000   1.805159    0.351634   1.805159    0.351634   1.805159    0.351634   0.000000    0.000000   1.805159    0.351634   1.805159    0.351634   1.805159    0.351634   0.000000    0.000000
1520.0   0.000000    0.000000   1.805511    0.352853   1.805511    0.352853   1.805511    0.352853   0.000000    0.000000   1.805511    0.352853   1.805511    0.352853   1.805511    0.352853   0.000000    0.000000
1530.0   0.000000    0.000000   1.805865    0.354086   1.805865    0.354086   1.805865    0.354086   0.000000    0.000000   1.805865    0.354086   1.805865    0.354086   1.805865    0.354086   0.000000    0.000000
1540.0   0.000000    0.000000   1.806220    0.355333   1.806220    0.355333   1.806220    0.355333   0.000000    0.000000   1.806220    0.355333   1.806220    0.355333   1.806220    0.355333   0.000000    0.000000
1550.0   0.000000    0.000000   1.806576    0.356594   1.806576    0.356594   1.806576    0.356594   0.000000    0.000000   1.806576    0.356594   1.806576    0.356594   1.806576    0.356594   0.000000    0.000000
1560.0   0.000000    0.000000   1.806933    0.357871   1.806933    0.357871   1.806933    0.357871   0.000000    0.000000   1.806933    0.357871   1.806933    0.357871   1.806933    0.357871   0.000000    0.000000
1570.0   0.000000    0.000000   1.807291    0.359162   1.807291    0.359162   1.807291    0.359162   0.000000    0.000000   1.807291    0.359162   1.807291    0.359162   1.807291    0.359162   0.000000    0.000000
1580.0   0.000000    0.000000   1.807651    0.360469   1.807651    0.360469   1.807651    0.360469   0.000000    0.000000   1.807651    0.360469   1.807651    0.360469   1.807651    0.360469   0.000000    0.000000
1590.0   0.000000    0.000000   1.808012    0.361791   1.808012    0.361791   1.808012    0.361791   0.000000    0.000000   1.808012    0.361791   1.808012    0.361791   1.808012    0.361791   0.000000    0.000000
1600.0   0.000000    0.000000   1.808375    0.363130   1.808375    0.363130   1.808375    0.363130   0.000000    0.000000   1.808375    0.363130   1.808375    0.363130   1.808375    0.363130   0.000000    0.000000
