# T(K)          a da/dT(-6/K)          b db/dT(-6/K)          c dc/dT(-6/K)
   0.0   2.495813    0.047544   2.495813    0.047544   2.495813    0.047544
  10.0   2.495813    0.038510   2.495813    0.038510   2.495813    0.038510
  20.0   2.495816    0.276182   2.495816    0.276182   2.495816    0.276182
  30.0   2.495830    0.871133   2.495830    0.871133   2.495830    0.871133
  40.0   2.495863    1.871341   2.495863    1.871341   2.495863    1.871341
  50.0   2.495925    3.093666   2.495925    3.093666   2.495925    3.093666
  60.0   2.496018    4.356403   2.496018    4.356403   2.496018    4.356403
  70.0   2.496142    5.549507   2.496142    5.549507   2.496142    5.549507
  80.0   2.496294    6.623683   2.496294    6.623683   2.496294    6.623683
  90.0   2.496472    7.566259   2.496472    7.566259   2.496472    7.566259
 100.0   2.496671    8.382801   2.496671    8.382801   2.496671    8.382801
 110.0   2.496889    9.086473   2.496889    9.086473   2.496889    9.086473
 120.0   2.497124    9.692538   2.497124    9.692538   2.497124    9.692538
 130.0   2.497373   10.215758   2.497373   10.215758   2.497373   10.215758
 140.0   2.497633   10.669332   2.497633   10.669332   2.497633   10.669332
 150.0   2.497905   11.064602   2.497905   11.064602   2.497905   11.064602
 160.0   2.498186   11.411104   2.498186   11.411104   2.498186   11.411104
 170.0   2.498475   11.716765   2.498475   11.716765   2.498475   11.716765
 180.0   2.498771   11.988135   2.498771   11.988135   2.498771   11.988135
 190.0   2.499074   12.230618   2.499074   12.230618   2.499074   12.230618
 200.0   2.499382   12.448672   2.499382   12.448672   2.499382   12.448672
 210.0   2.499696   12.645983   2.499696   12.645983   2.499696   12.645983
 220.0   2.500014   12.825604   2.500014   12.825604   2.500014   12.825604
 230.0   2.500337   12.990079   2.500337   12.990079   2.500337   12.990079
 240.0   2.500664   13.141528   2.500664   13.141528   2.500664   13.141528
 250.0   2.500994   13.281730   2.500994   13.281730   2.500994   13.281730
 260.0   2.501328   13.412186   2.501328   13.412186   2.501328   13.412186
 270.0   2.501665   13.534161   2.501665   13.534161   2.501665   13.534161
 280.0   2.502005   13.648732   2.502005   13.648732   2.502005   13.648732
 290.0   2.502348   13.756818   2.502348   13.756818   2.502348   13.756818
 300.0   2.502693   13.859205   2.502693   13.859205   2.502693   13.859205
 310.0   2.503042   13.956570   2.503042   13.956570   2.503042   13.956570
 320.0   2.503392   14.049498   2.503392   14.049498   2.503392   14.049498
 330.0   2.503745   14.138496   2.503745   14.138496   2.503745   14.138496
 340.0   2.504100   14.224004   2.504100   14.224004   2.504100   14.224004
 350.0   2.504457   14.306410   2.504457   14.306410   2.504457   14.306410
 360.0   2.504817   14.386050   2.504817   14.386050   2.504817   14.386050
 370.0   2.505178   14.463222   2.505178   14.463222   2.505178   14.463222
 380.0   2.505541   14.538190   2.505541   14.538190   2.505541   14.538190
 390.0   2.505907   14.611185   2.505907   14.611185   2.505907   14.611185
 400.0   2.506274   14.682415   2.506274   14.682415   2.506274   14.682415
 410.0   2.506642   14.752064   2.506642   14.752064   2.506642   14.752064
 420.0   2.507013   14.820297   2.507013   14.820297   2.507013   14.820297
 430.0   2.507386   14.887262   2.507386   14.887262   2.507386   14.887262
 440.0   2.507760   14.953092   2.507760   14.953092   2.507760   14.953092
 450.0   2.508136   15.017908   2.508136   15.017908   2.508136   15.017908
 460.0   2.508513   15.081817   2.508513   15.081817   2.508513   15.081817
 470.0   2.508892   15.144918   2.508892   15.144918   2.508892   15.144918
 480.0   2.509273   15.207301   2.509273   15.207301   2.509273   15.207301
 490.0   2.509655   15.269048   2.509655   15.269048   2.509655   15.269048
 500.0   2.510039   15.330233   2.510039   15.330233   2.510039   15.330233
 510.0   2.510425   15.390925   2.510425   15.390925   2.510425   15.390925
 520.0   2.510812   15.451187   2.510812   15.451187   2.510812   15.451187
 530.0   2.511201   15.511078   2.511201   15.511078   2.511201   15.511078
 540.0   2.511591   15.570650   2.511591   15.570650   2.511591   15.570650
 550.0   2.511983   15.629955   2.511983   15.629955   2.511983   15.629955
 560.0   2.512376   15.689038   2.512376   15.689038   2.512376   15.689038
 570.0   2.512771   15.747943   2.512771   15.747943   2.512771   15.747943
 580.0   2.513168   15.806711   2.513168   15.806711   2.513168   15.806711
 590.0   2.513566   15.865379   2.513566   15.865379   2.513566   15.865379
 600.0   2.513965   15.923983   2.513965   15.923983   2.513965   15.923983
 610.0   2.514366   15.982557   2.514366   15.982557   2.514366   15.982557
 620.0   2.514769   16.041134   2.514769   16.041134   2.514769   16.041134
 630.0   2.515173   16.099743   2.515173   16.099743   2.515173   16.099743
 640.0   2.515579   16.158414   2.515579   16.158414   2.515579   16.158414
 650.0   2.515986   16.217174   2.515986   16.217174   2.515986   16.217174
 660.0   2.516395   16.276051   2.516395   16.276051   2.516395   16.276051
 670.0   2.516805   16.335069   2.516805   16.335069   2.516805   16.335069
 680.0   2.517217   16.394253   2.517217   16.394253   2.517217   16.394253
 690.0   2.517631   16.453629   2.517631   16.453629   2.517631   16.453629
 700.0   2.518046   16.513217   2.518046   16.513217   2.518046   16.513217
 710.0   2.518462   16.573043   2.518462   16.573043   2.518462   16.573043
 720.0   2.518880   16.633126   2.518880   16.633126   2.518880   16.633126
 730.0   2.519300   16.693490   2.519300   16.693490   2.519300   16.693490
 740.0   2.519722   16.754156   2.519722   16.754156   2.519722   16.754156
 750.0   2.520145   16.815144   2.520145   16.815144   2.520145   16.815144
 760.0   2.520569   16.876476   2.520569   16.876476   2.520569   16.876476
 770.0   2.520995   16.938172   2.520995   16.938172   2.520995   16.938172
 780.0   2.521423   17.000252   2.521423   17.000252   2.521423   17.000252
 790.0   2.521853   17.062737   2.521853   17.062737   2.521853   17.062737
 800.0   2.522284   17.125646   2.522284   17.125646   2.522284   17.125646
 810.0   2.522717   17.189001   2.522717   17.189001   2.522717   17.189001
 820.0   2.523151   17.252822   2.523151   17.252822   2.523151   17.252822
 830.0   2.523587   17.317128   2.523587   17.317128   2.523587   17.317128
 840.0   2.524025   17.381939   2.524025   17.381939   2.524025   17.381939
 850.0   2.524465   17.447278   2.524465   17.447278   2.524465   17.447278
 860.0   2.524906   17.513164   2.524906   17.513164   2.524906   17.513164
 870.0   2.525349   17.579618   2.525349   17.579618   2.525349   17.579618
 880.0   2.525794   17.646660   2.525794   17.646660   2.525794   17.646660
 890.0   2.526240   17.714313   2.526240   17.714313   2.526240   17.714313
 900.0   2.526689   17.782599   2.526689   17.782599   2.526689   17.782599
 910.0   2.527139   17.851537   2.527139   17.851537   2.527139   17.851537
 920.0   2.527591   17.921152   2.527591   17.921152   2.527591   17.921152
 930.0   2.528045   17.991465   2.528045   17.991465   2.528045   17.991465
 940.0   2.528501   18.062540   2.528501   18.062540   2.528501   18.062540
 950.0   2.528958   18.134144   2.528958   18.134144   2.528958   18.134144
 960.0   2.529418   18.207263   2.529418   18.207263   2.529418   18.207263
 970.0   2.529880   18.278552   2.529880   18.278552   2.529880   18.278552
 980.0   2.530343   18.338432   2.530343   18.338432   2.530343   18.338432
 990.0   2.530808   18.392302   2.530808   18.392302   2.530808   18.392302
1000.0   2.531274   18.448028   2.531274   18.448028   2.531274   18.448028
1010.0   2.531741   18.503637   2.531741   18.503637   2.531741   18.503637
1020.0   2.532211   18.559662   2.532211   18.559662   2.532211   18.559662
1030.0   2.532681   18.615992   2.532681   18.615992   2.532681   18.615992
1040.0   2.533154   18.672653   2.533154   18.672653   2.533154   18.672653
1050.0   2.533627   18.729652   2.533627   18.729652   2.533627   18.729652
1060.0   2.534103   18.787000   2.534103   18.787000   2.534103   18.787000
1070.0   2.534580   18.844704   2.534580   18.844704   2.534580   18.844704
1080.0   2.535058   18.902774   2.535058   18.902774   2.535058   18.902774
1090.0   2.535538   18.961219   2.535538   18.961219   2.535538   18.961219
1100.0   2.536020   19.020048   2.536020   19.020048   2.536020   19.020048
1110.0   2.536503   19.079270   2.536503   19.079270   2.536503   19.079270
1120.0   2.536987   19.138894   2.536987   19.138894   2.536987   19.138894
1130.0   2.537474   19.198930   2.537474   19.198930   2.537474   19.198930
1140.0   2.537962   19.259386   2.537962   19.259386   2.537962   19.259386
1150.0   2.538451   19.320271   2.538451   19.320271   2.538451   19.320271
1160.0   2.538943   19.381596   2.538943   19.381596   2.538943   19.381596
1170.0   2.539436   19.443370   2.539436   19.443370   2.539436   19.443370
1180.0   2.539930   19.505602   2.539930   19.505602   2.539930   19.505602
1190.0   2.540426   19.568302   2.540426   19.568302   2.540426   19.568302
1200.0   2.540924   19.631479   2.540924   19.631479   2.540924   19.631479
1210.0   2.541424   19.695143   2.541424   19.695143   2.541424   19.695143
1220.0   2.541926   19.759305   2.541926   19.759305   2.541926   19.759305
1230.0   2.542429   19.823974   2.542429   19.823974   2.542429   19.823974
1240.0   2.542934   19.889161   2.542934   19.889161   2.542934   19.889161
1250.0   2.543440   19.954875   2.543440   19.954875   2.543440   19.954875
1260.0   2.543949   20.021127   2.543949   20.021127   2.543949   20.021127
1270.0   2.544459   20.087928   2.544459   20.087928   2.544459   20.087928
1280.0   2.544971   20.155288   2.544971   20.155288   2.544971   20.155288
1290.0   2.545485   20.223218   2.545485   20.223218   2.545485   20.223218
1300.0   2.546000   20.291729   2.546000   20.291729   2.546000   20.291729
1310.0   2.546518   20.360833   2.546518   20.360833   2.546518   20.360833
1320.0   2.547037   20.430540   2.547037   20.430540   2.547037   20.430540
1330.0   2.547559   20.500863   2.547559   20.500863   2.547559   20.500863
1340.0   2.548082   20.571813   2.548082   20.571813   2.548082   20.571813
1350.0   2.548607   20.643402   2.548607   20.643402   2.548607   20.643402
1360.0   2.549134   20.715642   2.549134   20.715642   2.549134   20.715642
1370.0   2.549663   20.788545   2.549663   20.788545   2.549663   20.788545
1380.0   2.550194   20.862126   2.550194   20.862126   2.550194   20.862126
1390.0   2.550727   20.936395   2.550727   20.936395   2.550727   20.936395
1400.0   2.551262   21.011367   2.551262   21.011367   2.551262   21.011367
1410.0   2.551799   21.087054   2.551799   21.087054   2.551799   21.087054
1420.0   2.552339   21.163472   2.552339   21.163472   2.552339   21.163472
1430.0   2.552880   21.240633   2.552880   21.240633   2.552880   21.240633
1440.0   2.553423   21.318552   2.553423   21.318552   2.553423   21.318552
1450.0   2.553968   21.397244   2.553968   21.397244   2.553968   21.397244
1460.0   2.554516   21.476724   2.554516   21.476724   2.554516   21.476724
1470.0   2.555066   21.557007   2.555066   21.557007   2.555066   21.557007
1480.0   2.555618   21.638109   2.555618   21.638109   2.555618   21.638109
1490.0   2.556172   21.720046   2.556172   21.720046   2.556172   21.720046
1500.0   2.556728   21.802834   2.556728   21.802834   2.556728   21.802834
1510.0   2.557287   21.886491   2.557287   21.886491   2.557287   21.886491
1520.0   2.557847   21.971034   2.557847   21.971034   2.557847   21.971034
1530.0   2.558411   22.056481   2.558411   22.056481   2.558411   22.056481
1540.0   2.558976   22.142850   2.558976   22.142850   2.558976   22.142850
1550.0   2.559544   22.230160   2.559544   22.230160   2.559544   22.230160
1560.0   2.560114   22.318430   2.560114   22.318430   2.560114   22.318430
1570.0   2.560687   22.407680   2.560687   22.407680   2.560687   22.407680
1580.0   2.561262   22.497930   2.561262   22.497930   2.561262   22.497930
1590.0   2.561839   22.589203   2.561839   22.589203   2.561839   22.589203
1600.0   2.562419   22.681512   2.562419   22.681512   2.562419   22.681512
