# T(K)     a(1,1) da/dT(-4/K)     a(1,2) da/dT(-4/K)     a(1,3) da/dT(-4/K)     a(2,1) da/dT(-4/K)     a(2,2) da/dT(-4/K)     a(2,3) da/dT(-4/K)     a(3,1) da/dT(-4/K)     a(3,2) da/dT(-4/K)     a(3,3) da/dT(-4/K)
   0.0   0.000000    0.000000   1.764806    0.000839   1.764806    0.000839   1.764806    0.000839   0.000000    0.000000   1.764806    0.000839   1.764806    0.000839   1.764806    0.000839   0.000000    0.000000
  10.0   0.000000    0.000000   1.764806    0.000680   1.764806    0.000680   1.764806    0.000680   0.000000    0.000000   1.764806    0.000680   1.764806    0.000680   1.764806    0.000680   0.000000    0.000000
  20.0   0.000000    0.000000   1.764809    0.004874   1.764809    0.004874   1.764809    0.004874   0.000000    0.000000   1.764809    0.004874   1.764809    0.004874   1.764809    0.004874   0.000000    0.000000
  30.0   0.000000    0.000000   1.764818    0.015374   1.764818    0.015374   1.764818    0.015374   0.000000    0.000000   1.764818    0.015374   1.764818    0.015374   1.764818    0.015374   0.000000    0.000000
  40.0   0.000000    0.000000   1.764842    0.033026   1.764842    0.033026   1.764842    0.033026   0.000000    0.000000   1.764842    0.033026   1.764842    0.033026   1.764842    0.033026   0.000000    0.000000
  50.0   0.000000    0.000000   1.764885    0.054600   1.764885    0.054600   1.764885    0.054600   0.000000    0.000000   1.764885    0.054600   1.764885    0.054600   1.764885    0.054600   0.000000    0.000000
  60.0   0.000000    0.000000   1.764951    0.076888   1.764951    0.076888   1.764951    0.076888   0.000000    0.000000   1.764951    0.076888   1.764951    0.076888   1.764951    0.076888   0.000000    0.000000
  70.0   0.000000    0.000000   1.765039    0.097951   1.765039    0.097951   1.765039    0.097951   0.000000    0.000000   1.765039    0.097951   1.765039    0.097951   1.765039    0.097951   0.000000    0.000000
  80.0   0.000000    0.000000   1.765146    0.116918   1.765146    0.116918   1.765146    0.116918   0.000000    0.000000   1.765146    0.116918   1.765146    0.116918   1.765146    0.116918   0.000000    0.000000
  90.0   0.000000    0.000000   1.765272    0.133565   1.765272    0.133565   1.765272    0.133565   0.000000    0.000000   1.765272    0.133565   1.765272    0.133565   1.765272    0.133565   0.000000    0.000000
 100.0   0.000000    0.000000   1.765413    0.147991   1.765413    0.147991   1.765413    0.147991   0.000000    0.000000   1.765413    0.147991   1.765413    0.147991   1.765413    0.147991   0.000000    0.000000
 110.0   0.000000    0.000000   1.765567    0.160428   1.765567    0.160428   1.765567    0.160428   0.000000    0.000000   1.765567    0.160428   1.765567    0.160428   1.765567    0.160428   0.000000    0.000000
 120.0   0.000000    0.000000   1.765733    0.171144   1.765733    0.171144   1.765733    0.171144   0.000000    0.000000   1.765733    0.171144   1.765733    0.171144   1.765733    0.171144   0.000000    0.000000
 130.0   0.000000    0.000000   1.765909    0.180401   1.765909    0.180401   1.765909    0.180401   0.000000    0.000000   1.765909    0.180401   1.765909    0.180401   1.765909    0.180401   0.000000    0.000000
 140.0   0.000000    0.000000   1.766094    0.188430   1.766094    0.188430   1.766094    0.188430   0.000000    0.000000   1.766094    0.188430   1.766094    0.188430   1.766094    0.188430   0.000000    0.000000
 150.0   0.000000    0.000000   1.766286    0.195432   1.766286    0.195432   1.766286    0.195432   0.000000    0.000000   1.766286    0.195432   1.766286    0.195432   1.766286    0.195432   0.000000    0.000000
 160.0   0.000000    0.000000   1.766484    0.201575   1.766484    0.201575   1.766484    0.201575   0.000000    0.000000   1.766484    0.201575   1.766484    0.201575   1.766484    0.201575   0.000000    0.000000
 170.0   0.000000    0.000000   1.766688    0.206999   1.766688    0.206999   1.766688    0.206999   0.000000    0.000000   1.766688    0.206999   1.766688    0.206999   1.766688    0.206999   0.000000    0.000000
 180.0   0.000000    0.000000   1.766898    0.211818   1.766898    0.211818   1.766898    0.211818   0.000000    0.000000   1.766898    0.211818   1.766898    0.211818   1.766898    0.211818   0.000000    0.000000
 190.0   0.000000    0.000000   1.767112    0.216129   1.767112    0.216129   1.767112    0.216129   0.000000    0.000000   1.767112    0.216129   1.767112    0.216129   1.767112    0.216129   0.000000    0.000000
 200.0   0.000000    0.000000   1.767330    0.220009   1.767330    0.220009   1.767330    0.220009   0.000000    0.000000   1.767330    0.220009   1.767330    0.220009   1.767330    0.220009   0.000000    0.000000
 210.0   0.000000    0.000000   1.767552    0.223524   1.767552    0.223524   1.767552    0.223524   0.000000    0.000000   1.767552    0.223524   1.767552    0.223524   1.767552    0.223524   0.000000    0.000000
 220.0   0.000000    0.000000   1.767777    0.226728   1.767777    0.226728   1.767777    0.226728   0.000000    0.000000   1.767777    0.226728   1.767777    0.226728   1.767777    0.226728   0.000000    0.000000
 230.0   0.000000    0.000000   1.768005    0.229665   1.768005    0.229665   1.768005    0.229665   0.000000    0.000000   1.768005    0.229665   1.768005    0.229665   1.768005    0.229665   0.000000    0.000000
 240.0   0.000000    0.000000   1.768236    0.232373   1.768236    0.232373   1.768236    0.232373   0.000000    0.000000   1.768236    0.232373   1.768236    0.232373   1.768236    0.232373   0.000000    0.000000
 250.0   0.000000    0.000000   1.768470    0.234883   1.768470    0.234883   1.768470    0.234883   0.000000    0.000000   1.768470    0.234883   1.768470    0.234883   1.768470    0.234883   0.000000    0.000000
 260.0   0.000000    0.000000   1.768706    0.237222   1.768706    0.237222   1.768706    0.237222   0.000000    0.000000   1.768706    0.237222   1.768706    0.237222   1.768706    0.237222   0.000000    0.000000
 270.0   0.000000    0.000000   1.768944    0.239412   1.768944    0.239412   1.768944    0.239412   0.000000    0.000000   1.768944    0.239412   1.768944    0.239412   1.768944    0.239412   0.000000    0.000000
 280.0   0.000000    0.000000   1.769185    0.241471   1.769185    0.241471   1.769185    0.241471   0.000000    0.000000   1.769185    0.241471   1.769185    0.241471   1.769185    0.241471   0.000000    0.000000
 290.0   0.000000    0.000000   1.769427    0.243417   1.769427    0.243417   1.769427    0.243417   0.000000    0.000000   1.769427    0.243417   1.769427    0.243417   1.769427    0.243417   0.000000    0.000000
 300.0   0.000000    0.000000   1.769672    0.245262   1.769672    0.245262   1.769672    0.245262   0.000000    0.000000   1.769672    0.245262   1.769672    0.245262   1.769672    0.245262   0.000000    0.000000
 310.0   0.000000    0.000000   1.769918    0.247020   1.769918    0.247020   1.769918    0.247020   0.000000    0.000000   1.769918    0.247020   1.769918    0.247020   1.769918    0.247020   0.000000    0.000000
 320.0   0.000000    0.000000   1.770166    0.248699   1.770166    0.248699   1.770166    0.248699   0.000000    0.000000   1.770166    0.248699   1.770166    0.248699   1.770166    0.248699   0.000000    0.000000
 330.0   0.000000    0.000000   1.770415    0.250310   1.770415    0.250310   1.770415    0.250310   0.000000    0.000000   1.770415    0.250310   1.770415    0.250310   1.770415    0.250310   0.000000    0.000000
 340.0   0.000000    0.000000   1.770666    0.251860   1.770666    0.251860   1.770666    0.251860   0.000000    0.000000   1.770666    0.251860   1.770666    0.251860   1.770666    0.251860   0.000000    0.000000
 350.0   0.000000    0.000000   1.770919    0.253355   1.770919    0.253355   1.770919    0.253355   0.000000    0.000000   1.770919    0.253355   1.770919    0.253355   1.770919    0.253355   0.000000    0.000000
 360.0   0.000000    0.000000   1.771173    0.254802   1.771173    0.254802   1.771173    0.254802   0.000000    0.000000   1.771173    0.254802   1.771173    0.254802   1.771173    0.254802   0.000000    0.000000
 370.0   0.000000    0.000000   1.771428    0.256206   1.771428    0.256206   1.771428    0.256206   0.000000    0.000000   1.771428    0.256206   1.771428    0.256206   1.771428    0.256206   0.000000    0.000000
 380.0   0.000000    0.000000   1.771685    0.257571   1.771685    0.257571   1.771685    0.257571   0.000000    0.000000   1.771685    0.257571   1.771685    0.257571   1.771685    0.257571   0.000000    0.000000
 390.0   0.000000    0.000000   1.771943    0.258902   1.771943    0.258902   1.771943    0.258902   0.000000    0.000000   1.771943    0.258902   1.771943    0.258902   1.771943    0.258902   0.000000    0.000000
 400.0   0.000000    0.000000   1.772203    0.260202   1.772203    0.260202   1.772203    0.260202   0.000000    0.000000   1.772203    0.260202   1.772203    0.260202   1.772203    0.260202   0.000000    0.000000
 410.0   0.000000    0.000000   1.772464    0.261475   1.772464    0.261475   1.772464    0.261475   0.000000    0.000000   1.772464    0.261475   1.772464    0.261475   1.772464    0.261475   0.000000    0.000000
 420.0   0.000000    0.000000   1.772726    0.262723   1.772726    0.262723   1.772726    0.262723   0.000000    0.000000   1.772726    0.262723   1.772726    0.262723   1.772726    0.262723   0.000000    0.000000
 430.0   0.000000    0.000000   1.772989    0.263950   1.772989    0.263950   1.772989    0.263950   0.000000    0.000000   1.772989    0.263950   1.772989    0.263950   1.772989    0.263950   0.000000    0.000000
 440.0   0.000000    0.000000   1.773254    0.265156   1.773254    0.265156   1.773254    0.265156   0.000000    0.000000   1.773254    0.265156   1.773254    0.265156   1.773254    0.265156   0.000000    0.000000
 450.0   0.000000    0.000000   1.773520    0.266346   1.773520    0.266346   1.773520    0.266346   0.000000    0.000000   1.773520    0.266346   1.773520    0.266346   1.773520    0.266346   0.000000    0.000000
 460.0   0.000000    0.000000   1.773787    0.267519   1.773787    0.267519   1.773787    0.267519   0.000000    0.000000   1.773787    0.267519   1.773787    0.267519   1.773787    0.267519   0.000000    0.000000
 470.0   0.000000    0.000000   1.774055    0.268679   1.774055    0.268679   1.774055    0.268679   0.000000    0.000000   1.774055    0.268679   1.774055    0.268679   1.774055    0.268679   0.000000    0.000000
 480.0   0.000000    0.000000   1.774324    0.269827   1.774324    0.269827   1.774324    0.269827   0.000000    0.000000   1.774324    0.269827   1.774324    0.269827   1.774324    0.269827   0.000000    0.000000
 490.0   0.000000    0.000000   1.774594    0.270964   1.774594    0.270964   1.774594    0.270964   0.000000    0.000000   1.774594    0.270964   1.774594    0.270964   1.774594    0.270964   0.000000    0.000000
 500.0   0.000000    0.000000   1.774866    0.272091   1.774866    0.272091   1.774866    0.272091   0.000000    0.000000   1.774866    0.272091   1.774866    0.272091   1.774866    0.272091   0.000000    0.000000
 510.0   0.000000    0.000000   1.775138    0.273210   1.775138    0.273210   1.775138    0.273210   0.000000    0.000000   1.775138    0.273210   1.775138    0.273210   1.775138    0.273210   0.000000    0.000000
 520.0   0.000000    0.000000   1.775412    0.274322   1.775412    0.274322   1.775412    0.274322   0.000000    0.000000   1.775412    0.274322   1.775412    0.274322   1.775412    0.274322   0.000000    0.000000
 530.0   0.000000    0.000000   1.775687    0.275428   1.775687    0.275428   1.775687    0.275428   0.000000    0.000000   1.775687    0.275428   1.775687    0.275428   1.775687    0.275428   0.000000    0.000000
 540.0   0.000000    0.000000   1.775963    0.276529   1.775963    0.276529   1.775963    0.276529   0.000000    0.000000   1.775963    0.276529   1.775963    0.276529   1.775963    0.276529   0.000000    0.000000
 550.0   0.000000    0.000000   1.776240    0.277626   1.776240    0.277626   1.776240    0.277626   0.000000    0.000000   1.776240    0.277626   1.776240    0.277626   1.776240    0.277626   0.000000    0.000000
 560.0   0.000000    0.000000   1.776518    0.278719   1.776518    0.278719   1.776518    0.278719   0.000000    0.000000   1.776518    0.278719   1.776518    0.278719   1.776518    0.278719   0.000000    0.000000
 570.0   0.000000    0.000000   1.776798    0.279809   1.776798    0.279809   1.776798    0.279809   0.000000    0.000000   1.776798    0.279809   1.776798    0.279809   1.776798    0.279809   0.000000    0.000000
 580.0   0.000000    0.000000   1.777078    0.280898   1.777078    0.280898   1.777078    0.280898   0.000000    0.000000   1.777078    0.280898   1.777078    0.280898   1.777078    0.280898   0.000000    0.000000
 590.0   0.000000    0.000000   1.777359    0.281985   1.777359    0.281985   1.777359    0.281985   0.000000    0.000000   1.777359    0.281985   1.777359    0.281985   1.777359    0.281985   0.000000    0.000000
 600.0   0.000000    0.000000   1.777642    0.283071   1.777642    0.283071   1.777642    0.283071   0.000000    0.000000   1.777642    0.283071   1.777642    0.283071   1.777642    0.283071   0.000000    0.000000
 610.0   0.000000    0.000000   1.777926    0.284158   1.777926    0.284158   1.777926    0.284158   0.000000    0.000000   1.777926    0.284158   1.777926    0.284158   1.777926    0.284158   0.000000    0.000000
 620.0   0.000000    0.000000   1.778210    0.285245   1.778210    0.285245   1.778210    0.285245   0.000000    0.000000   1.778210    0.285245   1.778210    0.285245   1.778210    0.285245   0.000000    0.000000
 630.0   0.000000    0.000000   1.778496    0.286333   1.778496    0.286333   1.778496    0.286333   0.000000    0.000000   1.778496    0.286333   1.778496    0.286333   1.778496    0.286333   0.000000    0.000000
 640.0   0.000000    0.000000   1.778783    0.287423   1.778783    0.287423   1.778783    0.287423   0.000000    0.000000   1.778783    0.287423   1.778783    0.287423   1.778783    0.287423   0.000000    0.000000
 650.0   0.000000    0.000000   1.779071    0.288515   1.779071    0.288515   1.779071    0.288515   0.000000    0.000000   1.779071    0.288515   1.779071    0.288515   1.779071    0.288515   0.000000    0.000000
 660.0   0.000000    0.000000   1.779360    0.289610   1.779360    0.289610   1.779360    0.289610   0.000000    0.000000   1.779360    0.289610   1.779360    0.289610   1.779360    0.289610   0.000000    0.000000
 670.0   0.000000    0.000000   1.779650    0.290707   1.779650    0.290707   1.779650    0.290707   0.000000    0.000000   1.779650    0.290707   1.779650    0.290707   1.779650    0.290707   0.000000    0.000000
 680.0   0.000000    0.000000   1.779941    0.291808   1.779941    0.291808   1.779941    0.291808   0.000000    0.000000   1.779941    0.291808   1.779941    0.291808   1.779941    0.291808   0.000000    0.000000
 690.0   0.000000    0.000000   1.780234    0.292913   1.780234    0.292913   1.780234    0.292913   0.000000    0.000000   1.780234    0.292913   1.780234    0.292913   1.780234    0.292913   0.000000    0.000000
 700.0   0.000000    0.000000   1.780527    0.294022   1.780527    0.294022   1.780527    0.294022   0.000000    0.000000   1.780527    0.294022   1.780527    0.294022   1.780527    0.294022   0.000000    0.000000
 710.0   0.000000    0.000000   1.780822    0.295136   1.780822    0.295136   1.780822    0.295136   0.000000    0.000000   1.780822    0.295136   1.780822    0.295136   1.780822    0.295136   0.000000    0.000000
 720.0   0.000000    0.000000   1.781117    0.296256   1.781117    0.296256   1.781117    0.296256   0.000000    0.000000   1.781117    0.296256   1.781117    0.296256   1.781117    0.296256   0.000000    0.000000
 730.0   0.000000    0.000000   1.781414    0.297380   1.781414    0.297380   1.781414    0.297380   0.000000    0.000000   1.781414    0.297380   1.781414    0.297380   1.781414    0.297380   0.000000    0.000000
 740.0   0.000000    0.000000   1.781712    0.298511   1.781712    0.298511   1.781712    0.298511   0.000000    0.000000   1.781712    0.298511   1.781712    0.298511   1.781712    0.298511   0.000000    0.000000
 750.0   0.000000    0.000000   1.782011    0.299648   1.782011    0.299648   1.782011    0.299648   0.000000    0.000000   1.782011    0.299648   1.782011    0.299648   1.782011    0.299648   0.000000    0.000000
 760.0   0.000000    0.000000   1.782312    0.300791   1.782312    0.300791   1.782312    0.300791   0.000000    0.000000   1.782312    0.300791   1.782312    0.300791   1.782312    0.300791   0.000000    0.000000
 770.0   0.000000    0.000000   1.782613    0.301942   1.782613    0.301942   1.782613    0.301942   0.000000    0.000000   1.782613    0.301942   1.782613    0.301942   1.782613    0.301942   0.000000    0.000000
 780.0   0.000000    0.000000   1.782915    0.303100   1.782915    0.303100   1.782915    0.303100   0.000000    0.000000   1.782915    0.303100   1.782915    0.303100   1.782915    0.303100   0.000000    0.000000
 790.0   0.000000    0.000000   1.783219    0.304266   1.783219    0.304266   1.783219    0.304266   0.000000    0.000000   1.783219    0.304266   1.783219    0.304266   1.783219    0.304266   0.000000    0.000000
 800.0   0.000000    0.000000   1.783524    0.305440   1.783524    0.305440   1.783524    0.305440   0.000000    0.000000   1.783524    0.305440   1.783524    0.305440   1.783524    0.305440   0.000000    0.000000
 810.0   0.000000    0.000000   1.783830    0.306623   1.783830    0.306623   1.783830    0.306623   0.000000    0.000000   1.783830    0.306623   1.783830    0.306623   1.783830    0.306623   0.000000    0.000000
 820.0   0.000000    0.000000   1.784137    0.307814   1.784137    0.307814   1.784137    0.307814   0.000000    0.000000   1.784137    0.307814   1.784137    0.307814   1.784137    0.307814   0.000000    0.000000
 830.0   0.000000    0.000000   1.784446    0.309015   1.784446    0.309015   1.784446    0.309015   0.000000    0.000000   1.784446    0.309015   1.784446    0.309015   1.784446    0.309015   0.000000    0.000000
 840.0   0.000000    0.000000   1.784755    0.310225   1.784755    0.310225   1.784755    0.310225   0.000000    0.000000   1.784755    0.310225   1.784755    0.310225   1.784755    0.310225   0.000000    0.000000
 850.0   0.000000    0.000000   1.785066    0.311445   1.785066    0.311445   1.785066    0.311445   0.000000    0.000000   1.785066    0.311445   1.785066    0.311445   1.785066    0.311445   0.000000    0.000000
 860.0   0.000000    0.000000   1.785378    0.312676   1.785378    0.312676   1.785378    0.312676   0.000000    0.000000   1.785378    0.312676   1.785378    0.312676   1.785378    0.312676   0.000000    0.000000
 870.0   0.000000    0.000000   1.785691    0.313918   1.785691    0.313918   1.785691    0.313918   0.000000    0.000000   1.785691    0.313918   1.785691    0.313918   1.785691    0.313918   0.000000    0.000000
 880.0   0.000000    0.000000   1.786006    0.315170   1.786006    0.315170   1.786006    0.315170   0.000000    0.000000   1.786006    0.315170   1.786006    0.315170   1.786006    0.315170   0.000000    0.000000
 890.0   0.000000    0.000000   1.786322    0.316435   1.786322    0.316435   1.786322    0.316435   0.000000    0.000000   1.786322    0.316435   1.786322    0.316435   1.786322    0.316435   0.000000    0.000000
 900.0   0.000000    0.000000   1.786639    0.317711   1.786639    0.317711   1.786639    0.317711   0.000000    0.000000   1.786639    0.317711   1.786639    0.317711   1.786639    0.317711   0.000000    0.000000
 910.0   0.000000    0.000000   1.786957    0.318999   1.786957    0.318999   1.786957    0.318999   0.000000    0.000000   1.786957    0.318999   1.786957    0.318999   1.786957    0.318999   0.000000    0.000000
 920.0   0.000000    0.000000   1.787277    0.320301   1.787277    0.320301   1.787277    0.320301   0.000000    0.000000   1.787277    0.320301   1.787277    0.320301   1.787277    0.320301   0.000000    0.000000
 930.0   0.000000    0.000000   1.787598    0.321615   1.787598    0.321615   1.787598    0.321615   0.000000    0.000000   1.787598    0.321615   1.787598    0.321615   1.787598    0.321615   0.000000    0.000000
 940.0   0.000000    0.000000   1.787920    0.322944   1.787920    0.322944   1.787920    0.322944   0.000000    0.000000   1.787920    0.322944   1.787920    0.322944   1.787920    0.322944   0.000000    0.000000
 950.0   0.000000    0.000000   1.788244    0.324283   1.788244    0.324283   1.788244    0.324283   0.000000    0.000000   1.788244    0.324283   1.788244    0.324283   1.788244    0.324283   0.000000    0.000000
 960.0   0.000000    0.000000   1.788569    0.325649   1.788569    0.325649   1.788569    0.325649   0.000000    0.000000   1.788569    0.325649   1.788569    0.325649   1.788569    0.325649   0.000000    0.000000
 970.0   0.000000    0.000000   1.788895    0.326984   1.788895    0.326984   1.788895    0.326984   0.000000    0.000000   1.788895    0.326984   1.788895    0.326984   1.788895    0.326984   0.000000    0.000000
 980.0   0.000000    0.000000   1.789223    0.328115   1.789223    0.328115   1.789223    0.328115   0.000000    0.000000   1.789223    0.328115   1.789223    0.328115   1.789223    0.328115   0.000000    0.000000
 990.0   0.000000    0.000000   1.789551    0.329140   1.789551    0.329140   1.789551    0.329140   0.000000    0.000000   1.789551    0.329140   1.789551    0.329140   1.789551    0.329140   0.000000    0.000000
1000.0   0.000000    0.000000   1.789881    0.330198   1.789881    0.330198   1.789881    0.330198   0.000000    0.000000   1.789881    0.330198   1.789881    0.330198   1.789881    0.330198   0.000000    0.000000
1010.0   0.000000    0.000000   1.790212    0.331254   1.790212    0.331254   1.790212    0.331254   0.000000    0.000000   1.790212    0.331254   1.790212    0.331254   1.790212    0.331254   0.000000    0.000000
1020.0   0.000000    0.000000   1.790543    0.332319   1.790543    0.332319   1.790543    0.332319   0.000000    0.000000   1.790543    0.332319   1.790543    0.332319   1.790543    0.332319   0.000000    0.000000
1030.0   0.000000    0.000000   1.790876    0.333389   1.790876    0.333389   1.790876    0.333389   0.000000    0.000000   1.790876    0.333389   1.790876    0.333389   1.790876    0.333389   0.000000    0.000000
1040.0   0.000000    0.000000   1.791210    0.334466   1.791210    0.334466   1.791210    0.334466   0.000000    0.000000   1.791210    0.334466   1.791210    0.334466   1.791210    0.334466   0.000000    0.000000
1050.0   0.000000    0.000000   1.791545    0.335550   1.791545    0.335550   1.791545    0.335550   0.000000    0.000000   1.791545    0.335550   1.791545    0.335550   1.791545    0.335550   0.000000    0.000000
1060.0   0.000000    0.000000   1.791881    0.336641   1.791881    0.336641   1.791881    0.336641   0.000000    0.000000   1.791881    0.336641   1.791881    0.336641   1.791881    0.336641   0.000000    0.000000
1070.0   0.000000    0.000000   1.792218    0.337738   1.792218    0.337738   1.792218    0.337738   0.000000    0.000000   1.792218    0.337738   1.792218    0.337738   1.792218    0.337738   0.000000    0.000000
1080.0   0.000000    0.000000   1.792557    0.338843   1.792557    0.338843   1.792557    0.338843   0.000000    0.000000   1.792557    0.338843   1.792557    0.338843   1.792557    0.338843   0.000000    0.000000
1090.0   0.000000    0.000000   1.792896    0.339955   1.792896    0.339955   1.792896    0.339955   0.000000    0.000000   1.792896    0.339955   1.792896    0.339955   1.792896    0.339955   0.000000    0.000000
1100.0   0.000000    0.000000   1.793237    0.341074   1.793237    0.341074   1.793237    0.341074   0.000000    0.000000   1.793237    0.341074   1.793237    0.341074   1.793237    0.341074   0.000000    0.000000
1110.0   0.000000    0.000000   1.793578    0.342202   1.793578    0.342202   1.793578    0.342202   0.000000    0.000000   1.793578    0.342202   1.793578    0.342202   1.793578    0.342202   0.000000    0.000000
1120.0   0.000000    0.000000   1.793921    0.343337   1.793921    0.343337   1.793921    0.343337   0.000000    0.000000   1.793921    0.343337   1.793921    0.343337   1.793921    0.343337   0.000000    0.000000
1130.0   0.000000    0.000000   1.794265    0.344480   1.794265    0.344480   1.794265    0.344480   0.000000    0.000000   1.794265    0.344480   1.794265    0.344480   1.794265    0.344480   0.000000    0.000000
1140.0   0.000000    0.000000   1.794610    0.345631   1.794610    0.345631   1.794610    0.345631   0.000000    0.000000   1.794610    0.345631   1.794610    0.345631   1.794610    0.345631   0.000000    0.000000
1150.0   0.000000    0.000000   1.794956    0.346790   1.794956    0.346790   1.794956    0.346790   0.000000    0.000000   1.794956    0.346790   1.794956    0.346790   1.794956    0.346790   0.000000    0.000000
1160.0   0.000000    0.000000   1.795304    0.347958   1.795304    0.347958   1.795304    0.347958   0.000000    0.000000   1.795304    0.347958   1.795304    0.347958   1.795304    0.347958   0.000000    0.000000
1170.0   0.000000    0.000000   1.795652    0.349135   1.795652    0.349135   1.795652    0.349135   0.000000    0.000000   1.795652    0.349135   1.795652    0.349135   1.795652    0.349135   0.000000    0.000000
1180.0   0.000000    0.000000   1.796002    0.350321   1.796002    0.350321   1.796002    0.350321   0.000000    0.000000   1.796002    0.350321   1.796002    0.350321   1.796002    0.350321   0.000000    0.000000
1190.0   0.000000    0.000000   1.796353    0.351516   1.796353    0.351516   1.796353    0.351516   0.000000    0.000000   1.796353    0.351516   1.796353    0.351516   1.796353    0.351516   0.000000    0.000000
1200.0   0.000000    0.000000   1.796705    0.352720   1.796705    0.352720   1.796705    0.352720   0.000000    0.000000   1.796705    0.352720   1.796705    0.352720   1.796705    0.352720   0.000000    0.000000
1210.0   0.000000    0.000000   1.797058    0.353933   1.797058    0.353933   1.797058    0.353933   0.000000    0.000000   1.797058    0.353933   1.797058    0.353933   1.797058    0.353933   0.000000    0.000000
1220.0   0.000000    0.000000   1.797413    0.355156   1.797413    0.355156   1.797413    0.355156   0.000000    0.000000   1.797413    0.355156   1.797413    0.355156   1.797413    0.355156   0.000000    0.000000
1230.0   0.000000    0.000000   1.797769    0.356389   1.797769    0.356389   1.797769    0.356389   0.000000    0.000000   1.797769    0.356389   1.797769    0.356389   1.797769    0.356389   0.000000    0.000000
1240.0   0.000000    0.000000   1.798126    0.357632   1.798126    0.357632   1.798126    0.357632   0.000000    0.000000   1.798126    0.357632   1.798126    0.357632   1.798126    0.357632   0.000000    0.000000
1250.0   0.000000    0.000000   1.798484    0.358885   1.798484    0.358885   1.798484    0.358885   0.000000    0.000000   1.798484    0.358885   1.798484    0.358885   1.798484    0.358885   0.000000    0.000000
1260.0   0.000000    0.000000   1.798843    0.360149   1.798843    0.360149   1.798843    0.360149   0.000000    0.000000   1.798843    0.360149   1.798843    0.360149   1.798843    0.360149   0.000000    0.000000
1270.0   0.000000    0.000000   1.799204    0.361423   1.799204    0.361423   1.799204    0.361423   0.000000    0.000000   1.799204    0.361423   1.799204    0.361423   1.799204    0.361423   0.000000    0.000000
1280.0   0.000000    0.000000   1.799566    0.362708   1.799566    0.362708   1.799566    0.362708   0.000000    0.000000   1.799566    0.362708   1.799566    0.362708   1.799566    0.362708   0.000000    0.000000
1290.0   0.000000    0.000000   1.799930    0.364004   1.799930    0.364004   1.799930    0.364004   0.000000    0.000000   1.799930    0.364004   1.799930    0.364004   1.799930    0.364004   0.000000    0.000000
1300.0   0.000000    0.000000   1.800294    0.365311   1.800294    0.365311   1.800294    0.365311   0.000000    0.000000   1.800294    0.365311   1.800294    0.365311   1.800294    0.365311   0.000000    0.000000
1310.0   0.000000    0.000000   1.800660    0.366629   1.800660    0.366629   1.800660    0.366629   0.000000    0.000000   1.800660    0.366629   1.800660    0.366629   1.800660    0.366629   0.000000    0.000000
1320.0   0.000000    0.000000   1.801027    0.367960   1.801027    0.367960   1.801027    0.367960   0.000000    0.000000   1.801027    0.367960   1.801027    0.367960   1.801027    0.367960   0.000000    0.000000
1330.0   0.000000    0.000000   1.801396    0.369302   1.801396    0.369302   1.801396    0.369302   0.000000    0.000000   1.801396    0.369302   1.801396    0.369302   1.801396    0.369302   0.000000    0.000000
1340.0   0.000000    0.000000   1.801766    0.370656   1.801766    0.370656   1.801766    0.370656   0.000000    0.000000   1.801766    0.370656   1.801766    0.370656   1.801766    0.370656   0.000000    0.000000
1350.0   0.000000    0.000000   1.802137    0.372022   1.802137    0.372022   1.802137    0.372022   0.000000    0.000000   1.802137    0.372022   1.802137    0.372022   1.802137    0.372022   0.000000    0.000000
1360.0   0.000000    0.000000   1.802510    0.373402   1.802510    0.373402   1.802510    0.373402   0.000000    0.000000   1.802510    0.373402   1.802510    0.373402   1.802510    0.373402   0.000000    0.000000
1370.0   0.000000    0.000000   1.802884    0.374793   1.802884    0.374793   1.802884    0.374793   0.000000    0.000000   1.802884    0.374793   1.802884    0.374793   1.802884    0.374793   0.000000    0.000000
1380.0   0.000000    0.000000   1.803260    0.376198   1.803260    0.376198   1.803260    0.376198   0.000000    0.000000   1.803260    0.376198   1.803260    0.376198   1.803260    0.376198   0.000000    0.000000
1390.0   0.000000    0.000000   1.803637    0.377616   1.803637    0.377616   1.803637    0.377616   0.000000    0.000000   1.803637    0.377616   1.803637    0.377616   1.803637    0.377616   0.000000    0.000000
1400.0   0.000000    0.000000   1.804015    0.379048   1.804015    0.379048   1.804015    0.379048   0.000000    0.000000   1.804015    0.379048   1.804015    0.379048   1.804015    0.379048   0.000000    0.000000
1410.0   0.000000    0.000000   1.804395    0.380494   1.804395    0.380494   1.804395    0.380494   0.000000    0.000000   1.804395    0.380494   1.804395    0.380494   1.804395    0.380494   0.000000    0.000000
1420.0   0.000000    0.000000   1.804776    0.381953   1.804776    0.381953   1.804776    0.381953   0.000000    0.000000   1.804776    0.381953   1.804776    0.381953   1.804776    0.381953   0.000000    0.000000
1430.0   0.000000    0.000000   1.805159    0.383427   1.805159    0.383427   1.805159    0.383427   0.000000    0.000000   1.805159    0.383427   1.805159    0.383427   1.805159    0.383427   0.000000    0.000000
1440.0   0.000000    0.000000   1.805543    0.384916   1.805543    0.384916   1.805543    0.384916   0.000000    0.000000   1.805543    0.384916   1.805543    0.384916   1.805543    0.384916   0.000000    0.000000
1450.0   0.000000    0.000000   1.805928    0.386419   1.805928    0.386419   1.805928    0.386419   0.000000    0.000000   1.805928    0.386419   1.805928    0.386419   1.805928    0.386419   0.000000    0.000000
1460.0   0.000000    0.000000   1.806316    0.387937   1.806316    0.387937   1.806316    0.387937   0.000000    0.000000   1.806316    0.387937   1.806316    0.387937   1.806316    0.387937   0.000000    0.000000
1470.0   0.000000    0.000000   1.806704    0.389471   1.806704    0.389471   1.806704    0.389471   0.000000    0.000000   1.806704    0.389471   1.806704    0.389471   1.806704    0.389471   0.000000    0.000000
1480.0   0.000000    0.000000   1.807095    0.391021   1.807095    0.391021   1.807095    0.391021   0.000000    0.000000   1.807095    0.391021   1.807095    0.391021   1.807095    0.391021   0.000000    0.000000
1490.0   0.000000    0.000000   1.807486    0.392587   1.807486    0.392587   1.807486    0.392587   0.000000    0.000000   1.807486    0.392587   1.807486    0.392587   1.807486    0.392587   0.000000    0.000000
1500.0   0.000000    0.000000   1.807880    0.394169   1.807880    0.394169   1.807880    0.394169   0.000000    0.000000   1.807880    0.394169   1.807880    0.394169   1.807880    0.394169   0.000000    0.000000
1510.0   0.000000    0.000000   1.808275    0.395768   1.808275    0.395768   1.808275    0.395768   0.000000    0.000000   1.808275    0.395768   1.808275    0.395768   1.808275    0.395768   0.000000    0.000000
1520.0   0.000000    0.000000   1.808671    0.397384   1.808671    0.397384   1.808671    0.397384   0.000000    0.000000   1.808671    0.397384   1.808671    0.397384   1.808671    0.397384   0.000000    0.000000
1530.0   0.000000    0.000000   1.809069    0.399017   1.809069    0.399017   1.809069    0.399017   0.000000    0.000000   1.809069    0.399017   1.809069    0.399017   1.809069    0.399017   0.000000    0.000000
1540.0   0.000000    0.000000   1.809469    0.400668   1.809469    0.400668   1.809469    0.400668   0.000000    0.000000   1.809469    0.400668   1.809469    0.400668   1.809469    0.400668   0.000000    0.000000
1550.0   0.000000    0.000000   1.809871    0.402337   1.809871    0.402337   1.809871    0.402337   0.000000    0.000000   1.809871    0.402337   1.809871    0.402337   1.809871    0.402337   0.000000    0.000000
1560.0   0.000000    0.000000   1.810274    0.404025   1.810274    0.404025   1.810274    0.404025   0.000000    0.000000   1.810274    0.404025   1.810274    0.404025   1.810274    0.404025   0.000000    0.000000
1570.0   0.000000    0.000000   1.810679    0.405731   1.810679    0.405731   1.810679    0.405731   0.000000    0.000000   1.810679    0.405731   1.810679    0.405731   1.810679    0.405731   0.000000    0.000000
1580.0   0.000000    0.000000   1.811085    0.407457   1.811085    0.407457   1.811085    0.407457   0.000000    0.000000   1.811085    0.407457   1.811085    0.407457   1.811085    0.407457   0.000000    0.000000
1590.0   0.000000    0.000000   1.811494    0.409202   1.811494    0.409202   1.811494    0.409202   0.000000    0.000000   1.811494    0.409202   1.811494    0.409202   1.811494    0.409202   0.000000    0.000000
1600.0   0.000000    0.000000   1.811904    0.410967   1.811904    0.410967   1.811904    0.410967   0.000000    0.000000   1.811904    0.410967   1.811904    0.410967   1.811904    0.410967   0.000000    0.000000
