   0.0     0.0000     0.0000     0.0000     0.0000     0.0000     0.0000     0.0000     0.0000     0.0000
  10.0     0.0033     0.0054     0.0114     0.0110     0.0093     0.0054     0.0135     0.0184     0.0850
  20.0     0.0272     0.0446     0.0844     0.0870     0.0809     0.0510     0.1246     0.1731     0.5464
  30.0     0.1003     0.1603     0.2795     0.3065     0.3116     0.2309     0.5102     0.7160     1.7225
  40.0     0.2651     0.4086     0.6632     0.7545     0.8100     0.6816     1.3211     1.8025     3.5990
  50.0     0.5619     0.8304     1.2682     1.4629     1.6084     1.4575     2.5347     3.3370     5.8764
  60.0     1.0089     1.4325     2.0808     2.4041     2.6641     2.5166     4.0319     5.1405     8.2964
  70.0     1.6009     2.1951     3.0619     3.5232     3.9058     3.7788     5.6910     7.0657    10.7081
  80.0     2.3186     3.0866     4.1657     4.7628     5.2646     5.1668     7.4206     9.0165    13.0371
  90.0     3.1372     4.0735     5.3504     6.0744     6.6859     6.6200     9.1606    10.9373    15.2519
 100.0     4.0317     5.1257     6.5820     7.4209     8.1302     8.0956    10.8746    12.7982    17.3431
 110.0     4.9797     6.2183     7.8346     8.7755     9.5705     9.5651    12.5416    14.5848    19.3122
 120.0     5.9625     7.3318     9.0894    10.1199    10.9892    11.0101    14.1508    16.2919    21.1654
 130.0     6.9652     8.4514    10.3332    11.4419    12.3755    12.4198    15.6973    17.9191    22.9110
 140.0     7.9759     9.5664    11.5570    12.7337    13.7228    13.7877    17.1800    19.4688    24.5578
 150.0     8.9859    10.6689    12.7547    13.9908    15.0278    15.1108    18.6000    20.9450    26.1142
 160.0     9.9883    11.7535    13.9228    15.2106    16.2892    16.3880    19.9595    22.3519    27.5883
 170.0    10.9785    12.8166    15.0592    16.3922    17.5069    17.6197    21.2614    23.6941    28.9872
 180.0    11.9529    13.8557    16.1629    17.5355    18.6818    18.8067    22.5090    24.9762    30.3174
 190.0    12.9091    14.8696    17.2337    18.6412    19.8151    19.9508    23.7054    26.2023    31.5848
 200.0    13.8456    15.8574    18.2720    19.7103    20.9084    21.0536    24.8538    27.3764    32.7945
 210.0    14.7613    16.8191    19.2784    20.7441    21.9636    22.1172    25.9572    28.5023    33.9513
 220.0    15.6559    17.7548    20.2541    21.7439    22.9824    23.1435    27.0186    29.5833    35.0594
 230.0    16.5291    18.6650    21.1999    22.7113    23.9667    24.1345    28.0405    30.6226    36.1224
 240.0    17.3810    19.5502    22.1170    23.6478    24.9183    25.0920    29.0255    31.6229    37.1437
 250.0    18.2119    20.4111    23.0068    24.5549    25.8388    26.0179    29.9758    32.5870    38.1263
 260.0    19.0222    21.2486    23.8702    25.4339    26.7300    26.9140    30.8937    33.5170    39.0730
 270.0    19.8124    22.0635    24.7085    26.2864    27.5934    27.7817    31.7811    34.4153    39.9861
 280.0    20.5831    22.8566    25.5229    27.1135    28.4304    28.6227    32.6398    35.2839    40.8680
 290.0    21.3348    23.6288    26.3144    27.9167    29.2425    29.4384    33.4714    36.1244    41.7205
 300.0    22.0681    24.3808    27.0841    28.6969    30.0309    30.2300    34.2776    36.9386    42.5456
 310.0    22.7838    25.1136    27.8330    29.4554    30.7969    30.9990    35.0597    37.7280    43.3448
 320.0    23.4823    25.8278    28.5620    30.1933    31.5416    31.7464    35.8191    38.4941    44.1198
 330.0    24.1643    26.5243    29.2720    30.9114    32.2659    32.4732    36.5570    39.2380    44.8720
 340.0    24.8305    27.2038    29.9640    31.6108    32.9711    33.1807    37.2745    39.9611    45.6025
 350.0    25.4814    27.8670    30.6387    32.2924    33.6579    33.8696    37.9727    40.6644    46.3127
 360.0    26.1175    28.5145    31.2968    32.9568    34.3272    34.5409    38.6525    41.3489    47.0035
 370.0    26.7395    29.1470    31.9392    33.6051    34.9799    35.1954    39.3148    42.0156    47.6760
 380.0    27.3478    29.7652    32.5664    34.2377    35.6167    35.8339    39.9606    42.6653    48.3311
 390.0    27.9430    30.3694    33.1791    34.8555    36.2384    36.4571    40.5905    43.2990    48.9697
 400.0    28.5256    30.9605    33.7780    35.4591    36.8455    37.0657    41.2053    43.9173    49.5926
 410.0    29.0959    31.5387    34.3636    36.0490    37.4388    37.6603    41.8058    44.5209    50.2005
 420.0    29.6545    32.1047    34.9364    36.6259    38.0188    38.2416    42.3925    45.1105    50.7942
 430.0    30.2018    32.6589    35.4970    37.1903    38.5861    38.8100    42.9660    45.6868    51.3742
 440.0    30.7382    33.2017    36.0459    37.7427    39.1412    39.3662    43.5269    46.2503    51.9411
 450.0    31.2641    33.7337    36.5834    38.2835    39.6846    39.9107    44.0757    46.8016    52.4956
 460.0    31.7798    34.2551    37.1101    38.8133    40.2168    40.4438    44.6130    47.3412    53.0382
 470.0    32.2857    34.7663    37.6263    39.3325    40.7382    40.9661    45.1392    47.8694    53.5693
 480.0    32.7822    35.2678    38.1324    39.8414    41.2492    41.4780    45.6547    48.3870    54.0895
 490.0    33.2695    35.7599    38.6289    40.3404    41.7502    41.9798    46.1599    48.8941    54.5992
 500.0    33.7480    36.2429    39.1160    40.8300    42.2416    42.4720    46.6553    49.3913    55.0987
 510.0    34.2179    36.7171    39.5941    41.3104    42.7238    42.9548    47.1412    49.8788    55.5885
 520.0    34.6796    37.1828    40.0634    41.7819    43.1970    43.4287    47.6180    50.3572    56.0689
 530.0    35.1333    37.6403    40.5244    42.2450    43.6617    43.8940    48.0860    50.8266    56.5404
 540.0    35.5793    38.0898    40.9773    42.6998    44.1180    44.3509    48.5454    51.2875    57.0031
 550.0    36.0178    38.5317    41.4223    43.1467    44.5663    44.7998    48.9967    51.7401    57.4575
 560.0    36.4491    38.9662    41.8598    43.5859    45.0068    45.2408    49.4401    52.1848    57.9038
 570.0    36.8733    39.3935    42.2899    44.0177    45.4398    45.6744    49.8758    52.6217    58.3424
 580.0    37.2908    39.8138    42.7129    44.4423    45.8656    46.1007    50.3042    53.0512    58.7734
 590.0    37.7016    40.2274    43.1290    44.8599    46.2844    46.5199    50.7254    53.4735    59.1971
 600.0    38.1060    40.6345    43.5385    45.2708    46.6964    46.9323    51.1397    53.8888    59.6138
 610.0    38.5042    41.0352    43.9415    45.6752    47.1018    47.3382    51.5473    54.2974    60.0237
 620.0    38.8963    41.4297    44.3382    46.0732    47.5008    47.7376    51.9484    54.6995    60.4270
 630.0    39.2826    41.8183    44.7289    46.4651    47.8937    48.1308    52.3433    55.0952    60.8239
 640.0    39.6632    42.2010    45.1137    46.8510    48.2805    48.5180    52.7320    55.4848    61.2146
 650.0    40.0382    42.5782    45.4927    47.2312    48.6616    48.8994    53.1149    55.8685    61.5993
 660.0    40.4079    42.9498    45.8662    47.6058    49.0369    49.2751    53.4920    56.2464    61.9783
 670.0    40.7723    43.3161    46.2343    47.9749    49.4068    49.6454    53.8636    56.6187    62.3515
 680.0    41.1316    43.6773    46.5971    48.3387    49.7714    50.0102    54.2297    56.9855    62.7193
 690.0    41.4860    44.0334    46.9548    48.6974    50.1308    50.3699    54.5906    57.3471    63.0818
 700.0    41.8356    44.3846    47.3075    49.0510    50.4851    50.7245    54.9465    57.7035    63.4391
 710.0    42.1804    44.7311    47.6555    49.3998    50.8346    51.0742    55.2973    58.0550    63.7914
 720.0    42.5206    45.0729    47.9987    49.7438    51.1793    51.4192    55.6433    58.4016    64.1388
 730.0    42.8564    45.4101    48.3373    50.0833    51.5193    51.7594    55.9846    58.7435    64.4815
 740.0    43.1879    45.7430    48.6715    50.4182    51.8548    52.0952    56.3214    59.0808    64.8195
 750.0    43.5151    46.0716    49.0013    50.7487    52.1859    52.4265    56.6537    59.4136    65.1530
 760.0    43.8381    46.3959    49.3268    51.0750    52.5127    52.7536    56.9816    59.7421    65.4822
 770.0    44.1571    46.7162    49.6483    51.3971    52.8354    53.0764    57.3054    60.0663    65.8070
 780.0    44.4722    47.0325    49.9657    51.7152    53.1539    53.3952    57.6250    60.3864    66.1277
 790.0    44.7834    47.3449    50.2791    52.0293    53.4685    53.7100    57.9406    60.7025    66.4444
 800.0    45.0909    47.6535    50.5888    52.3396    53.7792    54.0209    58.2523    61.0146    66.7571
 810.0    45.3947    47.9584    50.8947    52.6460    54.0861    54.3280    58.5601    61.3229    67.0659
 820.0    45.6949    48.2596    51.1969    52.9488    54.3894    54.6314    58.8643    61.6274    67.3710
 830.0    45.9916    48.5574    51.4955    53.2480    54.6890    54.9311    59.1648    61.9283    67.6724
 840.0    46.2849    48.8516    51.7907    53.5437    54.9851    55.2274    59.4617    62.2256    67.9702
 850.0    46.5749    49.1425    52.0825    53.8360    55.2777    55.5202    59.7552    62.5194    68.2645
 860.0    46.8616    49.4301    52.3709    54.1249    55.5670    55.8096    60.0452    62.8098    68.5554
 870.0    47.1450    49.7145    52.6560    54.4105    55.8530    56.0958    60.3320    63.0969    68.8429
 880.0    47.4254    49.9957    52.9380    54.6929    56.1358    56.3787    60.6155    63.3808    69.1272
 890.0    47.7027    50.2738    53.2169    54.9722    56.4154    56.6585    60.8959    63.6614    69.4083
 900.0    47.9769    50.5488    53.4927    55.2485    56.6920    56.9351    61.1731    63.9390    69.6862
 910.0    48.2483    50.8210    53.7655    55.5217    56.9655    57.2088    61.4473    64.2135    69.9611
 920.0    48.5167    51.0902    54.0354    55.7920    57.2361    57.4796    61.7186    64.4850    70.2330
 930.0    48.7824    51.3565    54.3024    56.0594    57.5038    57.7474    61.9869    64.7536    70.5020
 940.0    49.0453    51.6201    54.5666    56.3240    57.7687    58.0124    62.2524    65.0194    70.7681
 950.0    49.3055    51.8810    54.8281    56.5859    58.0309    58.2746    62.5151    65.2824    71.0314
 960.0    49.5630    52.1392    55.0869    56.8450    58.2903    58.5342    62.7751    65.5426    71.2920
 970.0    49.8180    52.3948    55.3431    57.1016    58.5471    58.7911    63.0324    65.8002    71.5499
 980.0    50.0704    52.6478    55.5967    57.3555    58.8012    59.0453    63.2871    66.0551    71.8052
 990.0    50.3203    52.8983    55.8477    57.6069    59.0529    59.2971    63.5393    66.3075    72.0578
1000.0    50.5678    53.1464    56.0963    57.8558    59.3020    59.5463    63.7889    66.5573    72.3080
1010.0    50.8128    53.3920    56.3425    58.1022    59.5487    59.7931    64.0361    66.8047    72.5556
1020.0    51.0556    53.6353    56.5862    58.3463    59.7929    60.0374    64.2808    67.0497    72.8009
1030.0    51.2960    53.8762    56.8277    58.5880    60.0349    60.2794    64.5232    67.2923    73.0437
1040.0    51.5341    54.1149    57.0668    58.8274    60.2745    60.5191    64.7633    67.5325    73.2843
1050.0    51.7700    54.3513    57.3036    59.0645    60.5118    60.7566    65.0011    67.7705    73.5225
1060.0    52.0037    54.5855    57.5383    59.2994    60.7469    60.9918    65.2366    68.0062    73.7585
1070.0    52.2353    54.8175    57.7708    59.5322    60.9799    61.2248    65.4699    68.2398    73.9922
1080.0    52.4648    55.0475    58.0012    59.7628    61.2107    61.4557    65.7011    68.4711    74.2238
1090.0    52.6922    55.2753    58.2294    59.9913    61.4394    61.6844    65.9302    68.7004    74.4533
1100.0    52.9175    55.5011    58.4556    60.2177    61.6660    61.9111    66.1572    68.9275    74.6807
1110.0    53.1409    55.7249    58.6798    60.4421    61.8906    62.1358    66.3822    69.1527    74.9060
1120.0    53.3623    55.9468    58.9020    60.6646    62.1132    62.3585    66.6051    69.3758    75.1293
1130.0    53.5818    56.1667    59.1223    60.8851    62.3338    62.5792    66.8261    69.5969    75.3507
1140.0    53.7994    56.3846    59.3406    61.1036    62.5525    62.7979    67.0452    69.8161    75.5701
1150.0    54.0151    56.6007    59.5571    61.3203    62.7694    63.0148    67.2623    70.0334    75.7876
1160.0    54.2290    56.8150    59.7717    61.5351    62.9843    63.2298    67.4776    70.2488    76.0032
1170.0    54.4411    57.0275    59.9845    61.7481    63.1975    63.4430    67.6911    70.4624    76.2170
1180.0    54.6515    57.2381    60.1955    61.9593    63.4088    63.6544    67.9027    70.6742    76.4289
1190.0    54.8600    57.4471    60.4047    62.1687    63.6184    63.8641    68.1126    70.8842    76.6391
1200.0    55.0669    57.6543    60.6122    62.3764    63.8262    64.0719    68.3207    71.0925    76.8475
1210.0    55.2721    57.8598    60.8180    62.5824    64.0323    64.2781    68.5271    71.2990    77.0542
1220.0    55.4756    58.0636    61.0222    62.7867    64.2368    64.4826    68.7318    71.5038    77.2592
1230.0    55.6775    58.2658    61.2247    62.9893    64.4395    64.6855    68.9349    71.7070    77.4625
1240.0    55.8778    58.4664    61.4255    63.1904    64.6407    64.8867    69.1363    71.9085    77.6642
1250.0    56.0765    58.6654    61.6248    63.3898    64.8402    65.0863    69.3361    72.1084    77.8643
1260.0    56.2736    58.8628    61.8225    63.5876    65.0382    65.2843    69.5343    72.3068    78.0628
1270.0    56.4692    59.0587    62.0186    63.7839    65.2346    65.4807    69.7310    72.5036    78.2597
1280.0    56.6633    59.2531    62.2133    63.9787    65.4295    65.6757    69.9261    72.6988    78.4551
1290.0    56.8559    59.4460    62.4064    64.1720    65.6229    65.8691    70.1197    72.8925    78.6489
1300.0    57.0471    59.6374    62.5981    64.3638    65.8148    66.0611    70.3119    73.0847    78.8413
1310.0    57.2368    59.8274    62.7883    64.5541    66.0053    66.2516    70.5025    73.2755    79.0322
1320.0    57.4250    60.0159    62.9770    64.7430    66.1943    66.4406    70.6918    73.4648    79.2216
1330.0    57.6119    60.2030    63.1644    64.9305    66.3819    66.6282    70.8796    73.6527    79.4097
1340.0    57.7974    60.3888    63.3503    65.1166    66.5681    66.8145    71.0660    73.8392    79.5963
1350.0    57.9816    60.5732    63.5349    65.3013    66.7529    66.9993    71.2510    74.0243    79.7815
1360.0    58.1644    60.7562    63.7182    65.4847    66.9363    67.1828    71.4346    74.2081    79.9654
1370.0    58.3459    60.9379    63.9001    65.6668    67.1185    67.3650    71.6170    74.3905    80.1479
1380.0    58.5260    61.1183    64.0807    65.8475    67.2993    67.5459    71.7980    74.5716    80.3291
1390.0    58.7049    61.2974    64.2600    66.0269    67.4788    67.7254    71.9777    74.7514    80.5090
1400.0    58.8826    61.4753    64.4381    66.2051    67.6570    67.9037    72.1561    74.9299    80.6876
1410.0    59.0590    61.6519    64.6148    66.3820    67.8340    68.0807    72.3333    75.1071    80.8650
1420.0    59.2341    61.8272    64.7904    66.5576    68.0098    68.2565    72.5092    75.2831    81.0411
1430.0    59.4080    62.0013    64.9647    66.7320    68.1843    68.4310    72.6839    75.4579    81.2159
1440.0    59.5808    62.1743    65.1378    66.9053    68.3576    68.6043    72.8573    75.6314    81.3895
1450.0    59.7523    62.3460    65.3098    67.0773    68.5297    68.7765    73.0296    75.8038    81.5620
1460.0    59.9227    62.5166    65.4805    67.2481    68.7006    68.9474    73.2007    75.9749    81.7332
1470.0    60.0920    62.6861    65.6501    67.4178    68.8704    69.1172    73.3706    76.1449    81.9033
1480.0    60.2601    62.8543    65.8186    67.5864    69.0390    69.2859    73.5394    76.3138    82.0723
1490.0    60.4271    63.0215    65.9859    67.7538    69.2065    69.4534    73.7071    76.4815    82.2401
1500.0    60.5930    63.1876    66.1521    67.9201    69.3729    69.6198    73.8736    76.6481    82.4068
1510.0    60.7578    63.3526    66.3172    68.0854    69.5382    69.7852    74.0390    76.8136    82.5724
1520.0    60.9215    63.5164    66.4813    68.2495    69.7024    69.9494    74.2034    76.9780    82.7368
1530.0    61.0842    63.6793    66.6443    68.4126    69.8655    70.1125    74.3666    77.1413    82.9003
1540.0    61.2458    63.8410    66.8062    68.5746    70.0276    70.2746    74.5288    77.3036    83.0626
1550.0    61.4064    64.0018    66.9671    68.7355    70.1886    70.4357    74.6900    77.4648    83.2239
1560.0    61.5659    64.1615    67.1269    68.8955    70.3486    70.5957    74.8501    77.6250    83.3842
1570.0    61.7245    64.3202    67.2858    69.0544    70.5076    70.7547    75.0092    77.7842    83.5434
1580.0    61.8820    64.4779    67.4436    69.2123    70.6656    70.9127    75.1673    77.9423    83.7017
1590.0    62.0386    64.6346    67.6004    69.3692    70.8226    71.0697    75.3245    78.0995    83.8589
1600.0    62.1942    64.7904    67.7563    69.5252    70.9786    71.2258    75.4806    78.2557    84.0151
