   0.0     0.0000     0.0000     0.0000     0.0000     0.0000     0.0000     0.0000     0.0000     0.0000
  10.0     0.0376     0.0419     0.0500     0.0518     0.0525     0.0509     0.0614     0.0688     0.1379
  20.0     0.0959     0.1175     0.1617     0.1687     0.1673     0.1418     0.2203     0.2738     0.6521
  30.0     0.2033     0.2697     0.3953     0.4290     0.4411     0.3670     0.6536     0.8670     1.8808
  40.0     0.4025     0.5544     0.8176     0.9179     0.9825     0.8629     1.5121     2.0037     3.8099
  50.0     0.7338     1.0127     1.4610     1.6670     1.8240     1.6840     2.7733     3.5883     6.1398
  60.0     1.2152     1.6513     2.3122     2.6490     2.9227     2.7883     4.3181     5.4419     8.6122
  70.0     1.8417     2.4504     3.3319     3.8089     4.2074     4.0958     6.0248     7.4171    11.0763
  80.0     2.5942     3.3786     4.4744     5.0895     5.6094     5.5291     7.8021     9.4182    13.4578
  90.0     3.4476     4.4023     5.6979     6.4421     7.0740     7.0279     9.5901    11.3893    15.7253
 100.0     4.3772     5.4916     6.9686     7.8298     8.5617     8.5493    11.3522    13.3007    17.8695
 110.0     5.3605     6.6214     8.2606     9.2259    10.0458    10.0647    13.0676    15.1381    19.8917
 120.0     6.3788     7.7724     9.5550    10.6121    11.5085    11.5561    14.7255    16.8962    21.7985
 130.0     7.4172     8.9298    10.8387    11.9761    12.9390    13.0124    16.3210    18.5749    23.5980
 140.0     8.4640    10.0828    12.1025    13.3102    14.3309    14.4272    17.8530    20.1764    25.2991
 150.0     9.5101    11.2236    13.3407    14.6099    15.6808    15.7976    19.3227    21.7047    26.9103
 160.0    10.5490    12.3468    14.5495    15.8727    16.9874    17.1225    20.7323    23.1641    28.4394
 170.0    11.5759    13.4486    15.7268    17.0974    18.2506    18.4020    22.0847    24.5592    29.8937
 180.0    12.5871    14.5268    16.8717    18.2842    19.4712    19.6373    23.3829    25.8944    31.2797
 190.0    13.5804    15.5799    17.9839    19.4336    20.6505    20.8298    24.6303    27.1740    32.6032
 200.0    14.5541    16.6072    19.0638    20.5466    21.7901    21.9814    25.8299    28.4019    33.8694
 210.0    15.5073    17.6085    20.1121    21.6245    22.8918    23.0940    26.9848    29.5818    35.0828
 220.0    16.4394    18.5840    21.1297    22.6686    23.9572    24.1694    28.0978    30.7169    36.2477
 230.0    17.3503    19.5340    22.1177    23.6804    24.9883    25.2097    29.1715    31.8105    37.3676
 240.0    18.2400    20.4592    23.0771    24.6615    25.9867    26.2167    30.2084    32.8653    38.4460
 250.0    19.1088    21.3603    24.0091    25.6132    26.9543    27.1921    31.2108    33.8838    39.4857
 260.0    19.9570    22.2379    24.9150    26.5370    27.8925    28.1377    32.1807    34.8685    40.4895
 270.0    20.7852    23.0930    25.7958    27.4342    28.8030    29.0550    33.1202    35.8213    41.4598
 280.0    21.5939    23.9264    26.6526    28.3061    29.6871    29.9456    34.0309    36.7444    42.3987
 290.0    22.3837    24.7388    27.4866    29.1540    30.5463    30.8109    34.9146    37.6394    43.3082
 300.0    23.1551    25.5312    28.2988    29.9790    31.3817    31.6521    35.7727    38.5080    44.1901
 310.0    23.9088    26.3042    29.0901    30.7823    32.1947    32.4705    36.6066    39.3517    45.0461
 320.0    24.6454    27.0587    29.8616    31.5648    32.9862    33.2672    37.4178    40.1719    45.8777
 330.0    25.3654    27.7954    30.6140    32.3275    33.7575    34.0433    38.2073    40.9698    46.6862
 340.0    26.0696    28.5150    31.3482    33.0714    34.5093    34.7999    38.9762    41.7467    47.4729
 350.0    26.7584    29.2182    32.0651    33.7974    35.2427    35.5377    39.7257    42.5036    48.2389
 360.0    27.4324    29.9057    32.7654    34.5061    35.9585    36.2578    40.4566    43.2415    48.9855
 370.0    28.0922    30.5781    33.4497    35.1985    36.6575    36.9610    41.1698    43.9614    49.7134
 380.0    28.7382    31.2360    34.1188    35.8752    37.3405    37.6479    41.8663    44.6641    50.4237
 390.0    29.3710    31.8800    34.7733    36.5368    38.0081    38.3193    42.5467    45.3505    51.1172
 400.0    29.9911    32.5106    35.4138    37.1841    38.6610    38.9760    43.2117    46.0212    51.7947
 410.0    30.5989    33.1283    36.0409    37.8176    39.2999    39.6184    43.8622    46.6770    52.4569
 420.0    31.1948    33.7336    36.6550    38.4379    39.9254    40.2473    44.4986    47.3186    53.1045
 430.0    31.7793    34.3270    37.2568    39.0455    40.5379    40.8632    45.1216    47.9465    53.7382
 440.0    32.3528    34.9089    37.8467    39.6409    41.1380    41.4665    45.7318    48.5614    54.3585
 450.0    32.9157    35.4797    38.4251    40.2246    41.7262    42.0579    46.3296    49.1637    54.9661
 460.0    33.4683    36.0399    38.9924    40.7970    42.3030    42.6377    46.9156    49.7541    55.5614
 470.0    34.0109    36.5898    39.5492    41.3586    42.8688    43.2065    47.4902    50.3329    56.1450
 480.0    34.5440    37.1298    40.0957    41.9098    43.4239    43.7645    48.0539    50.9006    56.7173
 490.0    35.0678    37.6601    40.6323    42.4509    43.9689    44.3123    48.6071    51.4576    57.2787
 500.0    35.5827    38.1813    41.1594    42.9823    44.5041    44.8502    49.1501    52.0044    57.8297
 510.0    36.0889    38.6935    41.6774    43.5044    45.0297    45.3785    49.6834    52.5413    58.3707
 520.0    36.5867    39.1971    42.1864    44.0174    45.5462    45.8976    50.2073    53.0686    58.9020
 530.0    37.0764    39.6923    42.6869    44.5217    46.0539    46.4078    50.7221    53.5868    59.4239
 540.0    37.5583    40.1794    43.1791    45.0176    46.5530    46.9094    51.2281    54.0961    59.9369
 550.0    38.0325    40.6587    43.6632    45.5054    47.0439    47.4028    51.7257    54.5969    60.4412
 560.0    38.4994    41.1305    44.1396    45.9852    47.5268    47.8881    52.2151    55.0894    60.9371
 570.0    38.9591    41.5949    44.6085    46.4575    48.0020    48.3656    52.6965    55.5739    61.4249
 580.0    39.4119    42.0522    45.0701    46.9223    48.4698    48.8356    53.1704    56.0506    61.9048
 590.0    39.8579    42.5026    45.5247    47.3800    48.9303    49.2983    53.6368    56.5199    62.3772
 600.0    40.2974    42.9463    45.9724    47.8308    49.3838    49.7540    54.0960    56.9819    62.8423
 610.0    40.7306    43.3835    46.4135    48.2748    49.8304    50.2028    54.5483    57.4369    63.3002
 620.0    41.1577    43.8144    46.8482    48.7124    50.2705    50.6450    54.9939    57.8851    63.7513
 630.0    41.5787    44.2392    47.2766    49.1436    50.7043    51.0807    55.4329    58.3267    64.1957
 640.0    41.9940    44.6581    47.6990    49.5687    51.1318    51.5102    55.8656    58.7619    64.6336
 650.0    42.4036    45.0712    48.1155    49.9878    51.5532    51.9337    56.2921    59.1909    65.0653
 660.0    42.8077    45.4787    48.5262    50.4011    51.9689    52.3512    56.7127    59.6139    65.4909
 670.0    43.2064    45.8807    48.9314    50.8087    52.3788    52.7631    57.1275    60.0310    65.9105
 680.0    43.6000    46.2774    49.3312    51.2110    52.7832    53.1693    57.5366    60.4424    66.3244
 690.0    43.9885    46.6690    49.7258    51.6078    53.1822    53.5702    57.9402    60.8483    66.7328
 700.0    44.3721    47.0556    50.1152    51.9996    53.5760    53.9658    58.3385    61.2488    67.1357
 710.0    44.7509    47.4372    50.4997    52.3862    53.9648    54.3563    58.7316    61.6441    67.5333
 720.0    45.1250    47.8141    50.8793    52.7680    54.3485    54.7418    59.1197    62.0343    67.9258
 730.0    45.4946    48.1864    51.2542    53.1450    54.7275    55.1224    59.5029    62.4196    68.3133
 740.0    45.8598    48.5541    51.6245    53.5173    55.1017    55.4983    59.8812    62.8000    68.6959
 750.0    46.2206    48.9175    51.9903    53.8852    55.4714    55.8697    60.2549    63.1757    69.0738
 760.0    46.5772    49.2765    52.3517    54.2486    55.8366    56.2365    60.6241    63.5469    69.4471
 770.0    46.9297    49.6314    52.7089    54.6076    56.1975    56.5989    60.9889    63.9136    69.8158
 780.0    47.2782    49.9822    53.0620    54.9625    56.5541    56.9571    61.3493    64.2759    70.1802
 790.0    47.6227    50.3290    53.4109    55.3133    56.9066    57.3112    61.7055    64.6340    70.5404
 800.0    47.9635    50.6719    53.7560    55.6601    57.2551    57.6611    62.0576    64.9880    70.8963
 810.0    48.3005    51.0110    54.0972    56.0031    57.5996    58.0072    62.4058    65.3379    71.2482
 820.0    48.6339    51.3464    54.4346    56.3422    57.9403    58.3493    62.7500    65.6839    71.5962
 830.0    48.9637    51.6782    54.7684    56.6775    58.2773    58.6877    63.0904    66.0261    71.9402
 840.0    49.2900    52.0064    55.0985    57.0093    58.6106    59.0224    63.4270    66.3645    72.2805
 850.0    49.6130    52.3312    55.4252    57.3375    58.9403    59.3535    63.7601    66.6993    72.6171
 860.0    49.9326    52.6527    55.7484    57.6623    59.2665    59.6811    64.0896    67.0304    72.9501
 870.0    50.2490    52.9708    56.0683    57.9837    59.5893    60.0052    64.4156    67.3581    73.2795
 880.0    50.5622    53.2857    56.3849    58.3017    59.9088    60.3260    64.7382    67.6824    73.6055
 890.0    50.8723    53.5975    56.6984    58.6166    60.2250    60.6435    65.0575    68.0033    73.9282
 900.0    51.1793    53.9061    57.0086    58.9282    60.5380    60.9578    65.3736    68.3209    74.2475
 910.0    51.4834    54.2118    57.3159    59.2368    60.8479    61.2690    65.6865    68.6354    74.5637
 920.0    51.7846    54.5145    57.6201    59.5424    61.1548    61.5771    65.9963    68.9467    74.8767
 930.0    52.0829    54.8143    57.9214    59.8450    61.4587    61.8822    66.3030    69.2550    75.1866
 940.0    52.3785    55.1113    58.2199    60.1447    61.7596    62.1844    66.6068    69.5603    75.4935
 950.0    52.6713    55.4055    58.5155    60.4416    62.0577    62.4836    66.9077    69.8627    75.7975
 960.0    52.9614    55.6970    58.8084    60.7357    62.3530    62.7801    67.2057    70.1622    76.0986
 970.0    53.2489    55.9859    59.0986    61.0271    62.6456    63.0738    67.5010    70.4589    76.3969
 980.0    53.5339    56.2721    59.3862    61.3158    62.9355    63.3648    67.7935    70.7528    76.6923
 990.0    53.8163    56.5558    59.6712    61.6019    63.2227    63.6532    68.0834    71.0441    76.9851
1000.0    54.0963    56.8370    59.9536    61.8855    63.5074    63.9390    68.3707    71.3327    77.2753
1010.0    54.3738    57.1158    60.2336    62.1666    63.7896    64.2222    68.6554    71.6188    77.5628
1020.0    54.6490    57.3921    60.5112    62.4452    64.0692    64.5030    68.9375    71.9023    77.8478
1030.0    54.9218    57.6661    60.7863    62.7214    64.3465    64.7813    69.2173    72.1834    78.1303
1040.0    55.1924    57.9378    61.0592    62.9953    64.6214    65.0572    69.4946    72.4620    78.4103
1050.0    55.4607    58.2072    61.3297    63.2668    64.8940    65.3308    69.7695    72.7382    78.6880
1060.0    55.7268    58.4744    61.5980    63.5361    65.1643    65.6021    70.0421    73.0122    78.9633
1070.0    55.9908    58.7394    61.8641    63.8032    65.4323    65.8711    70.3125    73.2838    79.2363
1080.0    56.2526    59.0023    62.1280    64.0681    65.6981    66.1379    70.5806    73.5531    79.5070
1090.0    56.5124    59.2631    62.3898    64.3308    65.9618    66.4026    70.8466    73.8203    79.7755
1100.0    56.7701    59.5218    62.6496    64.5915    66.2234    66.6651    71.1104    74.0853    80.0419
1110.0    57.0258    59.7785    62.9072    64.8501    66.4829    66.9256    71.3720    74.3482    80.3060
1120.0    57.2796    60.0332    63.1629    65.1066    66.7404    67.1840    71.6317    74.6090    80.5681
1130.0    57.5314    60.2859    63.4166    65.3612    66.9959    67.4404    71.8893    74.8678    80.8282
1140.0    57.7813    60.5368    63.6684    65.6138    67.2494    67.6948    72.1448    75.1245    81.0862
1150.0    58.0293    60.7857    63.9182    65.8645    67.5010    67.9472    72.3985    75.3793    81.3422
1160.0    58.2755    61.0328    64.1662    66.1134    67.7506    68.1978    72.6502    75.6321    81.5963
1170.0    58.5199    61.2780    64.4124    66.3603    67.9985    68.4465    72.9000    75.8831    81.8485
1180.0    58.7625    61.5215    64.6567    66.6055    68.2445    68.6934    73.1480    76.1322    82.0988
1190.0    59.0033    61.7632    64.8993    66.8489    68.4887    68.9384    73.3942    76.3794    82.3472
1200.0    59.2424    62.0032    65.1401    67.0905    68.7311    69.1817    73.6385    76.6249    82.5938
1210.0    59.4799    62.2415    65.3792    67.3304    68.9718    69.4232    73.8811    76.8685    82.8387
1220.0    59.7156    62.4780    65.6166    67.5686    69.2108    69.6630    74.1220    77.1105    83.0818
1230.0    59.9498    62.7130    65.8524    67.8051    69.4481    69.9012    74.3612    77.3507    83.3231
1240.0    60.1823    62.9463    66.0865    68.0400    69.6837    70.1376    74.5987    77.5892    83.5628
1250.0    60.4132    63.1780    66.3190    68.2733    69.9178    70.3725    74.8346    77.8261    83.8008
1260.0    60.6425    63.4082    66.5500    68.5050    70.1502    70.6057    75.0688    78.0614    84.0371
1270.0    60.8703    63.6368    66.7793    68.7351    70.3811    70.8374    75.3015    78.2950    84.2719
1280.0    61.0966    63.8638    67.0072    68.9637    70.6104    71.0675    75.5325    78.5271    84.5050
1290.0    61.3214    64.0894    67.2335    69.1907    70.8382    71.2960    75.7621    78.7576    84.7366
1300.0    61.5447    64.3135    67.4584    69.4163    71.0645    71.5231    75.9901    78.9866    84.9667
1310.0    61.7666    64.5361    67.6818    69.6404    71.2894    71.7487    76.2167    79.2141    85.1953
1320.0    61.9870    64.7573    67.9037    69.8631    71.5127    71.9728    76.4417    79.4402    85.4223
1330.0    62.2061    64.9771    68.1242    70.0843    71.7347    72.1955    76.6654    79.6647    85.6479
1340.0    62.4237    65.1955    68.3434    70.3041    71.9552    72.4168    76.8876    79.8879    85.8721
1350.0    62.6400    65.4125    68.5611    70.5226    72.1744    72.6367    77.1084    80.1096    86.0948
1360.0    62.8549    65.6281    68.7775    70.7397    72.3922    72.8552    77.3278    80.3299    86.3162
1370.0    63.0684    65.8425    68.9925    70.9554    72.6086    73.0724    77.5459    80.5489    86.5361
1380.0    63.2807    66.0555    69.2063    71.1698    72.8238    73.2882    77.7626    80.7665    86.7547
1390.0    63.4916    66.2672    69.4187    71.3830    73.0376    73.5028    77.9780    80.9829    86.9720
1400.0    63.7013    66.4776    69.6298    71.5948    73.2501    73.7160    78.1921    81.1979    87.1880
1410.0    63.9097    66.6867    69.8397    71.8054    73.4614    73.9280    78.4050    81.4116    87.4026
1420.0    64.1169    66.8947    70.0484    72.0147    73.6714    74.1387    78.6165    81.6240    87.6160
1430.0    64.3228    67.1013    70.2558    72.2228    73.8801    74.3482    78.8268    81.8352    87.8282
1440.0    64.5276    67.3068    70.4619    72.4296    74.0877    74.5564    79.0359    82.0451    88.0390
1450.0    64.7311    67.5111    70.6669    72.6353    74.2940    74.7634    79.2438    82.2539    88.2487
1460.0    64.9334    67.7142    70.8707    72.8398    74.4992    74.9693    79.4505    82.4614    88.4572
1470.0    65.1346    67.9161    71.0734    73.0431    74.7032    75.1740    79.6560    82.6678    88.6644
1480.0    65.3346    68.1168    71.2748    73.2453    74.9060    75.3775    79.8604    82.8730    88.8705
1490.0    65.5335    68.3165    71.4752    73.4463    75.1077    75.5799    80.0636    83.0770    89.0755
1500.0    65.7313    68.5150    71.6744    73.6462    75.3083    75.7812    80.2656    83.2799    89.2793
1510.0    65.9279    68.7124    71.8725    73.8450    75.5078    75.9813    80.4666    83.4817    89.4819
1520.0    66.1235    68.9087    72.0695    74.0427    75.7062    76.1804    80.6665    83.6824    89.6835
1530.0    66.3179    69.1039    72.2655    74.2393    75.9035    76.3784    80.8652    83.8820    89.8840
1540.0    66.5113    69.2980    72.4604    74.4349    76.0997    76.5753    81.0629    84.0805    90.0833
1550.0    66.7036    69.4911    72.6542    74.6294    76.2949    76.7712    81.2596    84.2779    90.2817
1560.0    66.8949    69.6831    72.8469    74.8229    76.4890    76.9660    81.4552    84.4744    90.4789
1570.0    67.0851    69.8742    73.0387    75.0153    76.6821    77.1598    81.6497    84.6697    90.6751
1580.0    67.2744    70.0641    73.2294    75.2067    76.8742    77.3525    81.8433    84.8641    90.8703
1590.0    67.4626    70.2531    73.4191    75.3971    77.0653    77.5443    82.0358    85.0574    91.0645
1600.0    67.6498    70.4411    73.6078    75.5866    77.2554    77.7351    82.2274    85.2498    91.2577
