#Found quasiharmonic mode : None
#T(K), volume, F(eV), S(J/K), H(J/K), a(-6/K), Cp(J/mol), Cv, Cpion, Bt(GPa), T_ph-D(K), T-D(K), F_el_atom, S_el_atom, C_el_atom, M_el, Seebeck_coefficients(μV/K), Lorenz_number(WΩK^{−2}), Q_el, Q_p, Q_e, C_mu, W_p, W_e, Y_p, Y_e
0.0 12.053186602591191 -4.067652320992963 0.0 -392468.78513969487 0.0 0.0 0.0 0.0 137.55266195180195 400.0 400.0 0.0 0.0 0.0 0.0 0.0 2.443004551768e-08 0.0 0.0 0.0 0.0 0.0 0.0 0.0 0.0 0.0
0.54 12.053186603325752 -4.067652322094702 0.00039615931067418846 -392468.7850320705 7.303967575549324e-11 0.0004030673028838597 0.0004030673028579731 1.0361988355915925e-05 137.55266191577672 309.1204232586846 400.0 -1.098825974969658e-09 0.00039270531456417866 0.00039270531452794376 4.4480018020152703e-10 0.0016462482665657939 2.443004508766363e-08 1.4356682731160798e-05 9.574560178788965e-06 4.766630989615904e-06 0.00039270531456466086 7.81977219913131e-11 7.178398967382562e-06 7.178283763778237e-06 1.5804900109378162e-05 5.804900200989653e-06
1.74 12.053186607971979 -4.067652332735449 0.0013809386839170944 -392468.7838698392 9.152698765769507e-11 0.0016120485092454414 0.0016120485091144596 0.0003466646514723847 137.55266172722187 309.12042429969347 400.0 -1.1409752715741902e-08 0.0012653838001366268 0.0012653838577730567 4.6156879630946376e-09 0.005306440191744454 2.44300463146912e-08 4.6260422241988675e-05 2.5612519246504952e-05 2.063065697831829e-05 0.0012653838590039926 9.368344140742611e-11 2.313080922347751e-05 2.312961301851115e-05 3.7334891534124254e-05 2.7334891622839478e-05
3.59 12.053186590987355 -4.067652375619588 0.0036219271473844146 -392468.7774076445 -8.671318731353305e-10 0.005624288659330949 0.005624288635074398 0.0030135228507430175 137.5526633117864 310.1829504584453 400.0 -4.857019328687118e-08 0.002610763707938166 0.0026107658085879316 1.968455548825066e-08 0.010997654675282164 2.443006735442271e-08 9.544536539171532e-05 5.0213117164207246e-05 4.521484770958523e-05 0.00261076581968465 -8.632454641328742e-10 4.7725234650142295e-05 4.772013074157303e-05 7.128843091490808e-05 6.128843100245093e-05
6.1 12.05318633357123 -4.067652511149589 0.009259689308840486 -392468.74700291536 -5.603104454005135e-09 0.018449144505552507 0.018449142784668433 0.014013012702597437 137.55268142405066 315.7676619586062 400.0 -1.4023011669157604e-07 0.004436120285580431 0.004436131802955071 5.708230864659694e-08 0.018811808084576703 2.4430117745903015e-08 0.00016217745234406845 8.358261603562707e-05 7.857740456076216e-05 0.00443613185943319 -5.600264518299736e-09 8.109613229358692e-05 8.108132005048154e-05 0.00011748961744307609 0.00010748961752990043
9.27 12.053184975595077 -4.067652903470588 0.022766408454006855 -392468.63029563567 -1.9875322778870814e-08 0.05221325366009704 0.05221322075427979 0.04547176066865138 137.55276765384053 324.12626186628614 400.0 -3.238482654646049e-07 0.006741458521634486 0.006741492991445661 1.3241828979624525e-07 0.028720489906201015 2.443018886579022e-08 0.0002464568286292017 0.000125726735177935 0.00012071265230658098 0.00674149319449751 -1.985063446995905e-08 0.00012324560284989966 0.00012321122577930202 0.00017588108390143256 0.0001658810839894321
13.1 12.053180104537008 -4.067653959763462 0.052182847684821045 -392468.2596617061 -5.400929224860985e-08 0.13070815449708173 0.13070781111829002 0.12118128955204426 137.5530238978275 330.3757218846324 400.0 -6.467332852214378e-07 0.009526783955959408 0.009526864945037463 2.653428376533281e-07 0.040690163850402035 2.4430283924926718e-08 0.0003482836499436214 0.0001766473454774627 0.00017161885973860356 0.00952686552545021 -5.402326427831441e-08 0.00017417627124144945 0.00017410737870217195 0.0002464469434798618 0.00023644694356802945
17.58 12.053166152825781 -4.067656589656565 0.11257579620215763 -392467.21792062296 -1.2380224714452442e-07 0.308189245931513 0.3081868246690321 0.2954041707685817 137.553419495599 329.425007645364 400.0 -1.1647182847817734e-06 0.012784835956660284 0.012785075162931288 4.789961571121769e-07 0.054697639527786966 2.4430560037040404e-08 0.0004673921948828012 0.00023621298528462122 0.00023116176327722765 0.012785076576043742 -1.241487820564716e-07 0.00023375827545536374 0.00023363391942743741 0.0003289971289693366 0.000318997129058804
22.71 12.053133261376813 -4.0676628062013975 0.23433305624573728 -392464.4751048057 -2.330842843646078e-07 0.6997951501100916 0.6997840633147042 0.683278614563363 137.55283430654615 321.6282552506091 400.0 -1.9436502082534114e-06 0.016515675191748815 0.016516535546728522 8.009510611971328e-07 0.07085256230549394 2.4431467485556524e-08 0.0006037831591020016 0.0003044255192842285 0.0002993401927106019 0.016516538617813985 -2.3332189066888924e-07 0.0003019955456619264 0.0003017876134400752 0.0004235293436430955 0.00041352934373183286
28.51 12.053072773894954 -4.067677278969612 0.4705619378463875 -392457.77749751287 -3.323881651194464e-07 1.4663451192968384 1.4663168163573579 1.4456089034558157 137.54728762969748 313.1913847645074 400.0 -3.063231408964312e-06 0.020733988872549288 0.02073621584102253 1.2654285561402007e-06 0.0893570139575965 2.4433014145281548e-08 0.0007579910036246273 0.0003815540344884958 0.0003764195216174895 0.02073622199060258 -3.3206466391003256e-07 0.00037915978179954075 0.0003788312218250866 0.0005304121238272907 0.0005204121239164567
34.95 12.052993756035129 -4.06770972988501 0.8856102268453081 -392443.3721782825 -3.186199008337445e-07 2.7133202725831866 2.7132883956498355 2.6878984229651417 137.52929435858593 307.593174798298 400.0 -4.6034452566541895e-06 0.025418075261787437 0.025421849618044997 1.907705290495156e-06 0.11014958574380569 2.443423682061489e-08 0.0009292230181822512 0.0004672040973693419 0.0004620014730741199 0.02542186111808204 -3.1809841009884596e-07 0.00046485925798642517 0.0004643637601958259 0.0006490944029214798 0.0006390944030079585
42.06 12.052935344781748 -4.067777727768487 1.538208376620263 -392416.1880097608 -1.0062405414205886e-07 4.4305037890383305 4.430499964067387 4.399909813649154 137.48933490879702 304.5535609513592 400.0 -6.667034414501993e-06 0.030589717071725156 0.030593975389176048 2.7731328799385567e-06 0.13333623372450867 2.4434099175681523e-08 0.0011182815854790984 0.000561779349364222 0.0005564847882450137 0.03059399578049643 -1.0030964537697429e-07 0.0005595011057060879 0.0005587804797730106 0.0007801315178648974 0.0007701315179512117
49.82 12.052965598172879 -4.067906850613753 2.4559827165563135 -392370.98645575234 3.4628237285100514e-07 6.480604618633575 6.480550989815878 6.444367805142059 137.41887886093434 303.0762304818849 400.0 -9.354262904249463e-06 0.03623420133490568 0.036236813491516244 3.907026453393086e-06 0.15896442970807603 2.4432320282494203e-08 0.001324636996840111 0.0006650173747117705 0.0006596021741461182 0.03623684807275528 3.462984869452733e-07 0.0006628264026404639 0.0006618105941996473 0.0009231571232159092 0.0009131571233032628
58.24 12.05316505269513 -4.068129937937684 3.636415115972226 -392303.0833528782 9.811989308460766e-07 8.681604516516723 8.6811015508224 8.639247365060353 137.31195476720916 302.4311501850381 400.0 -1.2783663540568371e-05 0.04235864940379577 0.042357151456371304 5.364491263741552e-06 0.18728492324042043 2.4429341931693784e-08 0.001548554770435422 0.0007770539146290597 0.0007714834076736754 0.04235720806355162 9.810341064841565e-07 0.0007749751431887151 0.0007735796272467071 0.0010783576572585335 0.0010683576573440213
67.32 12.053609572196914 -4.0684842820779465 5.050361250772827 -392209.06686188845 1.729798307830606e-06 10.862965293733428 10.861160235563629 10.814010008345814 137.16573245190153 302.2068018668123 400.0 -1.708102978940806e-05 0.048963045885336766 0.04895528538761334 7.20692394542965e-06 0.21854094513269567 2.4425853806286142e-08 0.001790034601709854 0.0008978922058926118 0.00089212494745123 0.04895537534527447 1.7295880485479661e-06 0.0008959553082734116 0.0008940792934364428 0.0012457360389497405 0.0012357360390397205
77.05 12.054358009241676 -4.069008445755202 6.652758635119129 -392087.03623493976 2.5166102909472162e-06 12.900941823724146 12.896574661164788 12.844917131875404 136.980037598799 302.1858303445075 400.0 -2.2376263999806978e-05 0.05604028104513086 0.05602469184874451 9.501110928008572e-06 0.2528879778841926 2.442241951123137e-08 0.002048813288719336 0.0010274044122161995 0.0010213914277886608 0.05602483106275277 2.5164372030360003e-06 0.0010256442273356954 0.0010231690613836406 0.0014251125131230864 0.001415112513210182
87.44 12.05545083507632 -4.069741656073617 8.398050795316927 -391936.0497673193 3.285391016491727e-06 14.73036820972824 14.721934727996386 14.66679474083363 136.7558020654332 302.25704505028375 400.0 -2.8819263203605845e-05 0.06359794671422066 0.06357346889460994 1.2325951650424552e-05 0.29046453631769714 2.4419336168843633e-08 0.0023251643124890457 0.0011657317423212734 0.0011594151209680932 0.06357367924183532 3.2852755515235215e-06 0.0011641892142781566 0.0011609750982108891 0.0016166781565397708 0.0016066781566262908
98.48 12.056908941355328 -4.07072023878051 10.240532129832996 -391756.30660219723 3.999959845398854e-06 16.3253847254615 16.311330551794207 16.253789642693512 136.49496137475418 302.365056550154 400.0 -3.655807653065976e-05 0.07162919120409408 0.0715950827679853 1.576242917874618e-05 0.33125366492626007 2.4416691627229297e-08 0.0026188339961931485 0.001312751934334661 0.00130606461202537 0.07159539341457413 3.999897451264959e-06 0.0013114742794435477 0.0013073597167496014 0.001820257403938856 0.0018102574040259204
110.18 12.058741996842777 -4.071979735533375 12.14429451540217 -391548.25879914046 4.6437134876194975e-06 17.6915598136347 17.670410170433588 17.611462405993553 136.19903460422083 302.4833066028182 400.0 -4.576383342934153e-05 0.0801417724803154 0.08009740764114984 1.990387081807913e-05 0.3752471162935976 2.441445094395301e-08 0.0029301043775878505 0.0014686111933720329 0.0014614757335953221 0.08009785677947245 4.643688210379088e-06 0.001467652858271601 0.001462451519316249 0.0020360452188751877 0.0020260452189628333
122.54 12.06094954301306 -4.073552436215138 14.079073267341673 -391312.8100782727 5.211922547958271e-06 18.848044559545166 18.81848005402646 18.758963564896273 135.86948358576342 302.5997178969659 400.0 -5.661187223385759e-05 0.08913621171090388 0.08908099464889105 2.4846986602600936e-05 0.42235790088013736 2.4412546724145972e-08 0.0032589940149618567 0.00163332408495312 0.0016256524784462065 0.08908163116476128 5.211920735700853e-06 0.0016327470150063234 0.001626246999955534 0.0022640535786535125 0.0022540535787403154
135.55 12.063523546729757 -4.075466425338277 16.020086930207807 -391051.2088092832 5.707151999154584e-06 19.819936384603853 19.780818995857544 19.72139723756652 135.50766676775427 302.70940916948337 400.0 -6.927734820785196e-05 0.09860578000725495 0.09853914703733226 3.068904373499858e-05 0.4724352321106264 2.4410921918003228e-08 0.003605256843814696 0.0018067728003429515 0.001798466590815449 0.09854003216335026 5.707161787036921e-06 0.0018066464908328376 0.001798610352981858 0.0025041110119289572 0.0024941110120161253
149.22 12.066457028525974 -4.077750053426712 17.95157946727305 -390764.33351911756 6.136721802102121e-06 20.63515036060057 20.585494169583065 20.52667057425356 135.11398824138678 302.81121835539483 400.0 -8.396387573147144e-05 0.1085583366682697 0.10847978634700571 3.754050811326618e-05 0.5253938947456908 2.4409540432496453e-08 0.0039691801533370185 0.001989106834499471 0.001980055864938523 0.10848099600089631 6.136736885219632e-06 0.001989509358533769 0.0019796707948032503 0.0027564159847808115 0.002746415984861891
163.55 12.06974040882367 -4.0804282616255705 19.86100860345649 -390453.20805768215 6.509006410384746e-06 21.31893633886589 21.257883962324215 21.20003266606362 134.68873862792634 302.9055146151797 400.0 -0.00010087686356669011 0.11899450583164463 0.1189036728022681 4.5512467383693136e-05 0.5811104780666995 2.4408388755236775e-08 0.004350786284475531 0.0021803431593784305 0.0021704256698104503 0.11890529962292935 6.509023030680009e-06 0.00218136122731533 0.0021694250571602032 0.0030209834717072493 0.0030109834717911223
178.53 12.07336187989293 -4.083521844973944 21.738377207017756 -390119.0089488173 6.832355543978859e-06 21.893318486044564 21.820115224114993 21.763514092209277 134.23219201591326 302.99327982083815 400.0 -0.0001202183827860047 0.1299076745304225 0.1298043938352865 5.471368062740358e-05 0.6394313482209164 2.4407466012431702e-08 0.004749832481204481 0.0023803659971073947 0.0023694490272830604 0.1298065491503649 6.83237090260969e-06 0.002382094789259154 0.002367737691945327 0.003297644770227562 0.0032876447703109554
194.17 12.077315305850354 -4.087053798937603 23.579130029161263 -389762.3835050401 7.115027896585107e-06 22.377909039383027 22.291854726619917 22.236718862320206 133.74374477323593 303.07582220828266 400.0 -0.00014222527461917107 0.14130585267435208 0.14119017706282322 6.526852513909346e-05 0.7002965653733442 2.440677352603941e-08 0.0051666102880541945 0.0025893275039071497 0.002577265325668741 0.1411929940836101 7.115041898552757e-06 0.002591871891105623 0.0025747383969485713 0.0035866016387288858 0.003576601638810625
210.46 12.081590941058808 -4.091041294855302 25.378405997065716 -389384.3387246062 7.364001826369855e-06 22.788469938390865 22.688907695961788 22.63541517584234 133.22317798710048 303.1543119930731 400.0 -0.00016711744815886879 0.15318253574881702 0.15305476254852685 7.729238683676297e-05 0.763588966997839 2.4406311595422396e-08 0.005600880273737488 0.002807113808365668 0.0027937490050967836 0.15305839839064309 7.36401331781116e-06 0.0028105876733061923 0.0027902926004312956 0.0038876876601392496 0.00387768766021863
227.42 12.086188411319096 -4.095507624945213 27.136195429565653 -388985.09982823953 7.585762056282369e-06 23.13872508392292 23.024993865944364 22.973311287383464 132.66911465830853 303.22995102311586 400.0 -0.00019517149834552886 0.16555315450545482 0.1654137965394578 9.092721962828349e-05 0.8293306695709916 2.440607506926465e-08 0.006053204965517716 0.003034013420553001 0.0030191740827610444 0.16541843689570906 7.5857721713039334e-06 0.0030385417294451563 0.0030146632360725594 0.004201292336791485 0.004191292336871633
245.02 12.091095350962696 -4.100461875976123 28.84840378977402 -388565.99005238403 7.785216829319967e-06 23.438950020531856 23.310408193908053 23.26070348380595 132.08163859922334 303.3035735525683 400.0 -0.00022659213414499322 0.1783967332521672 0.1782465367259057 0.00010627939845766479 0.8973727206872635 2.4406054884319742e-08 0.006522815727107465 0.00326964732603835 0.0032531509368105465 0.1782523963897639 7.785224686136568e-06 0.0032753633966115833 0.003247452330495881 0.00452688214642579 0.004516882146500605
263.29 12.096317367556322 -4.105928479247922 30.5177852087559 -388126.845313589 7.967201132394731e-06 23.698575155517627 23.554535572620118 23.50699913209991 131.45870321413545 303.37613357417155 400.0 -0.0002616975584610095 0.19173613422096936 0.19157602341771993 0.00012351019691238008 0.9678193402054381 2.4406238322052217e-08 0.007010546904916787 0.003514440966180703 0.0034960884722944926 0.19158335397314627 7.967207815871337e-06 0.0035214907355594813 0.003489056169357305 0.004865034843622284 0.004855034843693911
282.21 12.101847538937585 -4.111916841743039 32.14282809619196 -387668.6346083723 8.135289328204421e-06 23.924552071968783 23.76431220671233 23.719163177375645 130.79979915362884 303.4482490559879 400.0 -0.0003007263400715607 0.20555779502144125 0.20538889459313855 0.00014274182100350557 1.040599290225082 2.4406611726595466e-08 0.007515901125273998 0.003768151830488407 0.0037477318260362717 0.20539798510815274 8.135294584951407e-06 0.0037766908557560585 0.0037392102695179394 0.005215404797729431 0.005205404797800067
301.79 12.107688854944302 -4.118444488714886 33.72519402539187 -387191.55800651637 8.292780952346273e-06 24.122951194228015 23.94575756085207 23.90325744631707 130.10327138251816 303.52055008255775 400.0 -0.0003439844660197807 0.21987012325326377 0.21969374791094692 0.00016412967186010574 1.1157711626679951 2.4407162993552376e-08 0.008039184377657223 0.0040309409088668405 0.00400822599760794 0.21970493195569996 8.292785277542102e-06 0.004041136961841612 0.003998047415815611 0.0055782033088099935 0.005568203308878462
322.02 12.113839729896085 -4.125521780133425 35.26513787347492 -386696.25942645076 8.442322671730896e-06 24.29854073399457 24.103597125708525 24.064056063835974 129.36804791679106 303.5935007347146 400.0 -0.00039174561433014745 0.23466698319508578 0.2344846701585999 0.00018781355880721792 1.1933270131607694 2.4407882788849885e-08 0.008580170914986144 0.004302702528299956 0.0042774509129464774 0.23449832886718605 8.442326085888844e-06 0.004314734415464937 0.0042654364995212074 0.005953272985592791 0.005943272985660436
342.91 12.120305882696202 -4.133165310405758 36.76465490539927 -386182.859867752 8.586326084565785e-06 24.455409279377502 24.2418509146452 24.205638793800194 128.59221845985448 303.667564551101 400.0 -0.0004443397090308821 0.24995694086551482 0.2497704855773053 0.0002139617079673339 1.2733426125840268 2.440876694434797e-08 0.00913917240756053 0.00458360129824359 0.004555553632894054 0.2497870554711304 8.586328831655878e-06 0.0045976610932395735 0.0045415113143209545 0.006340829019291006 0.006330829019355669
364.46 12.127091326010692 -4.141387883008605 38.22501686846803 -385651.6956819471 8.726810492440983e-06 24.596842497506067 24.363736275413746 24.331289637445632 127.77410419657517 303.7431094128731 400.0 -0.0005020860866663672 0.2657413404874987 0.26555286006043766 0.00024273788983778468 1.3558595923409407 2.4409816165208362e-08 0.009716236278123425 0.00487366951935794 0.00484254927953252 0.2655728380916314 8.726812707232426e-06 0.004889962251781291 0.004826274026342134 0.006740903389497346 0.0067309033895582605
386.66 12.134198083332219 -4.15019777327808 39.646930904549855 -385103.3282148668 8.865491103260954e-06 24.725512224947277 24.471857454495726 24.44368593344012 126.91229542736428 303.8204226681692 400.0 -0.0005652856241223444 0.2820142871998683 0.28182629150715527 0.00027429750487840065 1.4408835012677335 2.4411035628474562e-08 0.01031114499994155 0.005172806630028911 0.005138320887742526 0.2818502396964229 8.865492836135738e-06 0.0051915496715523556 0.005119595328389194 0.007153344388258721 0.007143344388318231
409.52 12.141635774308982 -4.159610612095747 41.03243771196194 -384537.80750613206 9.004021676504024e-06 24.84375976281758 24.568460655302168 24.545159649608976 126.00448703165497 303.89982596539693 400.0 -0.0006343052971130173 0.29878464323829435 0.2986001132086043 0.00030882991807283525 1.5284972493459603 2.4412435964842396e-08 0.010924220152352003 0.005481183491416583 0.00544301917569785 0.29862866902170465 9.0040230425951e-06 0.005502609232194794 0.005421610920157209 0.00757837405504654 0.007568374055102361
433.04 12.149412167872079 -4.169637898730201 42.382876575732105 -383955.4166067674 9.143849600808646e-06 24.953493633450567 24.65535811242158 24.637617101359293 125.04861408756258 303.9815793718271 400.0 -0.0007094971899488444 0.3160540621389686 0.3158765320912732 0.00034651819254686846 1.6187454051891295 2.441403072124405e-08 0.011555519306079634 0.0057988386791838565 0.005756663138457989 0.3159104145556683 9.143850672559868e-06 0.005823194083964095 0.005732325222115541 0.00801603137143121 0.00800603137148461
457.21 12.157532964314543 -4.180286300274389 43.69903344278084 -383356.67695828667 9.286264550722024e-06 25.05628921193692 24.734027608540647 24.722638614540585 124.04288873748352 304.0658890682265 400.0 -0.0007911898729746148 0.33381696841976566 0.3336505973963383 0.00038753472766735105 1.711633568551975 2.4415834760537726e-08 0.012204835282388807 0.006125677882301465 0.006079139908315031 0.33369061260423766 9.286265344485549e-06 0.006153223708940858 0.00605161157344795 0.008466171744596457 0.008456171744648555
482.04 12.166011912450715 -4.19157083571838 44.98277250710774 -382741.6085294677 9.432610170223894e-06 25.153574126230072 24.80576654406913 24.80164186746161 122.98454697192886 304.15301812581 400.0 -0.000879788911452059 0.3520826117002729 0.3519322587684622 0.000432091794410424 1.8072434383372207 2.441786513263504e-08 0.012872502328860369 0.006461879676204612 0.006410605157409813 0.35197931342253175 9.432610740907152e-06 0.006492893629721116 0.006379608699139251 0.008929025874874943 0.008919025874923655
507.53 12.17486095620894 -4.20350203841744 46.235324155698635 -382110.476175062 9.584139354487214e-06 25.24653894268441 24.871629857399835 24.87581461605791 121.87105904892718 304.24318787634155 400.0 -0.0009756803227840786 0.3708530482078262 0.3707243266265018 0.00048039322613120807 1.905617719808857 2.4420137790138747e-08 0.013558591232748832 0.006807490507409667 0.006751083226476479 0.3707794353630507 9.58413973715813e-06 0.006842266644590711 0.006716324588158121 0.00940464173861114 0.00939464173865741
533.67 12.184090068909867 -4.2160852940879465 47.45741272107394 -381463.7923994679 9.742042950978536e-06 25.336191234236026 24.932483331564615 24.946168809604202 120.70016631735868 304.3365815925572 400.0 -0.0010792212055608763 0.3901231160022983 0.39002242463182174 0.0005326296575685924 2.0067598534097253 2.442266622845611e-08 0.01426290851044376 0.007162424036431011 0.007100466971387061 0.3900867164852203 9.742043134137127e-06 0.00720127180176099 0.007061636708682769 0.009892884025890045 0.009882884025931843
560.47 12.193717952825029 -4.229335244303911 48.65066437685008 -380801.57783019106 9.907658422045884e-06 25.42349081587692 24.989103149335214 25.013653684543737 119.46852637374154 304.43345581527205 400.0 -0.0011908576542740464 0.4099025585622574 0.40983713133318306 0.0005890381007143269 2.110750218309839 2.442546364631804e-08 0.014985805084359621 0.0075268686412119055 0.007458918936606136 0.4099118672494864 9.907658443554966e-06 0.007570116553099056 0.0074156885312605635 0.010393994713776455 0.010383994713814374
587.92 12.203758083728445 -4.243256560326785 49.8157317052591 -380124.3535093427 1.0082256171796999e-05 25.50923903179398 25.042105829766253 25.07907457962171 118.17348531010148 304.53400373727345 400.0 -0.0013109664328783105 0.43018655058741007 0.43016445217226973 0.00064982218469304 2.2175915865120075 2.4428538705088375e-08 0.01572709907257443 0.007900744576263639 0.007826336985695986 0.43025102919691877 1.00822560041466e-05 0.007948737704295269 0.007778361368279161 0.01090784631841343 0.01089784631844783
616.03 12.214233298233403 -4.2578637314317405 50.95407782644772 -379432.15568546735 1.0267317919262925e-05 25.594233818834393 25.092053090526637 25.143218414292853 116.81121397980505 304.63849468654905 400.0 -0.0014400219599652632 0.45098523711037175 0.4510154045415376 0.0007152366801700935 2.327364643663186 2.4431899650254297e-08 0.01648715544025029 0.008284248291424831 0.00820288963397194 0.4511153765216731 1.0267317564558527e-05 0.008337352336889156 0.008149803103361136 0.011434690298778813 0.01142469029880833
644.8 12.225165246976683 -4.2731661833654755 52.06665358947886 -378725.2801714748 1.0464384085119187e-05 25.679194456723692 25.139405785804662 25.206800607543855 115.37806291459978 304.74718432727997 400.0 -0.0015784707033455916 0.47230160821390504 0.47239384917984023 0.0007855241893482742 2.4401118753599373 2.4435551366841066e-08 0.017266077427339998 0.008677444787272467 0.008588615120802211 0.47250893656478554 1.0464383535949011e-05 0.008736045235766049 0.008530032191573948 0.011974596552731928 0.011964596552758748
674.22 12.236574346370954 -4.289167677361775 53.15399238094739 -378004.2831255375 1.0675078511960398e-05 25.764785396860216 25.184544093097227 25.270488945967614 113.870594593081 304.86030591640014 400.0 -0.0017267205888235962 0.49413147231469096 0.4942964508926007 0.0008609097884829355 2.555837293038214 2.443949546869144e-08 0.018063705700200057 0.009080266910199681 0.008983421266143193 0.4944285491854447 1.0675077711616798e-05 0.009144767770340385 0.008918937929859667 0.012527452852456848 0.012517452852479415
704.3 12.248491734889809 -4.305882588064833 54.217325842580564 -377269.24898823106 1.0901363755568516e-05 25.851722016385843 25.227824423552338 25.334986977368807 112.28401500898633 304.97819258002227 400.0 -0.0018852912880594772 0.5164857370828592 0.5167350390170348 0.0009416776532810451 2.6746248221202373 2.4443734943287596e-08 0.018880432493257777 0.009492926502962658 0.009387488461654828 0.5168862453242099 1.0901362678354428e-05 0.00956375505547536 0.009316677437782422 0.013093529151749697 0.013083529151770065
735.04 12.260948296767268 -4.323319899535676 55.25743479586767 -376520.5314953502 1.1145386252314794e-05 25.94070171656482 25.269539772946622 25.400987359833685 110.61362594898931 305.1011690478176 400.0 -0.002054669278352847 0.5393682110587833 0.5397143567311327 0.0010280977448302883 2.7965212659783174 2.4448271134381584e-08 0.019716390459293003 0.009915504940972 0.009800867984695347 0.5398869815861961 1.1145384811870781e-05 0.00999311077098595 0.009723279688307048 0.013672915346733826 0.013662915346746414
766.44 12.273978974661803 -4.341488479825927 56.27504505659823 -375758.5123379793 1.1409606035960375e-05 26.03245388224239 25.309944082301442 25.46921433437298 108.85427644784058 305.2295951753917 400.0 -0.0022353553548750244 0.5627830485470042 0.5632395478694043 0.0011204502529369464 2.92157618440998 2.4453106004844103e-08 0.020571724686808898 0.010348090448183812 0.010223616699799399 0.5634361334250639 1.1409604207000127e-05 0.010432946407747015 0.010138778279061888 0.014265709830564863 0.014255709830573823
798.48 12.28761481996941 -4.360385192087534 57.27021902568527 -374984.0889420666 1.1696689522993042e-05 26.12770223550726 25.349234339476087 25.54040103296997 107.00146880011997 305.363788249232 400.0 -0.002427742601747761 0.5867198436081983 0.5873012025372882 0.0012189634703661785 3.0497627171058834 2.4458240177340238e-08 0.02144604818923083 0.010790502538613649 0.010655528106366016 0.5875245248781225 1.1696687058677457e-05 0.010883100846705693 0.010562947342525135 0.014871642143060717 0.014861642143065557
831.19 12.301913643906417 -4.380036255390905 58.244521256032506 -374196.989176231 1.2010236142896072e-05 26.22739888971162 25.38764107651166 25.61547084420891 105.04722028342846 305.5043249325698 400.0 -0.0026325385125355043 0.6112059935286346 0.611928045502708 0.0013240304759328805 3.1812591484414865 2.4463685906040444e-08 0.022340354417687534 0.011243259831453876 0.011097077036310368 0.6121811774161889 1.201023299617421e-05 0.011344125231169414 0.010996229186518124 0.01549139839959405 0.015481398399592275
864.55 12.316918478463931 -4.400438287546365 59.19791067344802 -373398.1959747456 1.2354008027302925e-05 26.332458710417303 25.42531005339983 25.695346719478756 102.98574372224651 305.6516326780571 400.0 -0.0028501653700429173 0.636232067027655 0.6371119909385478 0.0014359027541913309 3.3160508823225903 2.4469453396187456e-08 0.02325429104292607 0.011706200625021469 0.011548072862047383 0.6373982833763483 1.2354003859319249e-05 0.011815879494064135 0.011438411548861932 0.016124731940241464 0.016114731940237114
898.57 12.332693281530142 -4.421605831385989 60.13118698566903 -372588.0264552933 1.273283276864331e-05 26.44404001807737 25.462402713539085 25.781171524200815 100.8086332298591 305.8063410265527 400.0 -0.0030812494359949284 0.6618117171885056 0.6628684938765571 0.0015549417544039924 3.45425409537917 2.4475567051549808e-08 0.024188347986854264 0.012179590338613594 0.012008740086164546 0.6631916293033953 1.2732827235203472e-05 0.012298659619875328 0.011889688366978943 0.01677197967121422 0.01676197967119956
933.25 12.349307223439942 -4.443547454277564 61.044784046391165 -371767.1072056567 1.3152447652048673e-05 26.563475820645692 25.49905201346779 25.874269069996352 98.50707195349969 305.9691270658106 400.0 -0.003326374439858833 0.6879518814814243 0.6892067506493406 0.0016814936431055728 3.595959450635515 2.448206334731362e-08 0.02514276858450794 0.012663570432346427 0.01247918058355654 0.6895707642822212 1.3152440322668162e-05 0.012792636761951266 0.012350131822556678 0.017433307474277175 0.0174233074742556
968.58 12.366836058953455 -4.466265244321676 61.93882127796846 -370936.38192097517 1.3619751710176798e-05 26.692335713477082 25.535367147142512 25.97620572256663 96.07174219451973 306.1407289511018 400.0 -0.003586069545788787 0.7146528567060451 0.7161299909104497 0.0018158842747839719 3.741237071221354 2.4488996511110226e-08 0.026117551844518125 0.013158159281847272 0.012959374987199849 0.7165392919629424 1.3619741577206644e-05 0.013297857762252091 0.01281969408226603 0.018108711788220728 0.01809871178818756
1004.57 12.385379636505885 -4.489774079764686 62.8138604843602 -370096.4234030894 1.414360286236884e-05 26.83262823701903 25.571467102207084 26.088969359190177 93.49051080550264 306.32211705059694 400.0 -0.003861030315593912 0.7419311743824092 0.7436588778288549 0.0019585355880113947 3.890268281922701 2.4496452366959923e-08 0.02711328669936082 0.013663675564837798 0.013449593551812548 0.7441183148233201 1.4143589292404335e-05 0.013814677819187767 0.013298608880173054 0.01879859760015531 0.018788597600120402
1041.21 12.40504563399495 -4.514075945249601 63.693321752128334 -369223.9932507772 1.4734858396289084e-05 26.98691898723314 25.60757454542493 26.215117212934985 90.7508470750072 306.32516476665097 400.0 -0.004151827120110786 0.7697896526021615 0.7718017742981583 0.002109817593829257 4.04319281783508 2.4504550858671506e-08 0.028130057421451565 0.01418018308222104 0.013949856748868226 0.772316657566928 1.4734837925239109e-05 0.014343193695067688 0.013786863726383877 0.019503019962008844 0.019493019961971506
1078.51 12.425975113912445 -4.539186096401636 64.65976971390883 -368228.6698316504 1.5407788429634154e-05 27.158819622918788 25.6441997660182 26.358233271083186 87.83648861320913 305.48694681779153 400.0 -0.004459214208860939 0.7982480920548534 0.800586351835599 0.0022702096815377538 4.200289401377269 2.4513467671959425e-08 0.029168562336848537 0.014708058942592287 0.014460485795778914 0.8011625437092825 1.5407763578907616e-05 0.014883824807553231 0.014284737529295308 0.020222458972890597 0.02021245897285018
1116.47 12.448333759646179 -4.565113461580324 65.61642222129709 -367207.7215886489 1.618085702745375e-05 27.3518873527529 25.68084795273871 26.521849389684206 84.72897550716125 304.58924304223143 400.0 -0.004783903580448344 0.8273210322325588 0.8300379630686916 0.002440182528533994 4.361870445081458 2.4523444271300186e-08 0.03022929945706132 0.015247580373721255 0.014981701476226014 0.8306819420382459 1.6180802447929252e-05 0.015436890852540809 0.014792408604520513 0.020957255392596297 0.02094725539253707
1155.08 12.472320061102604 -4.591860211855419 66.56415583040273 -366160.2324729021 1.707846677631824e-05 27.571617775729905 25.717608110396302 26.71143653098257 81.40695537479334 303.62351872432527 400.0 -0.005126555783050717 0.8570183493621478 0.8601812447473334 0.0026202029043791417 4.528308493862246 2.4534806381365638e-08 0.03131258533714807 0.015798934407009003 0.015513633313797279 0.8609001863264334 1.707845091720307e-05 0.016002622078888962 0.015309963258259115 0.021707623517447504 0.021697623517381925
1194.35 12.498197468940422 -4.619442580414102 67.50448774878315 -365084.4666377653 1.8134541343300884e-05 27.825693993466395 25.754591114332413 26.934628107128717 77.84238122677532 302.5784650345717 400.0 -0.005488053050526841 0.8873693355755359 0.8910658863376753 0.0028108862988824525 4.700200573187712 2.4547996125687273e-08 0.032419429207115026 0.016362663392609587 0.016056748188252767 0.8918678337025971 1.8134257696473057e-05 0.01658161731876703 0.015837811888348007 0.022474256352462457 0.022464256352433716
1234.28 12.526297293260818 -4.647870436206972 68.43888977629871 -363978.56981506903 1.939668231785085e-05 28.124949813842107 25.791905206360166 27.202203245648334 74.00112433599939 301.43981011958584 400.0 -0.0058692539151621705 0.9184012091889543 0.9227465681937739 0.003012880357101037 4.878286474658081 2.4563592608994745e-08 0.03355074325286882 0.01693926422933836 0.016611461386568896 0.9236405945943861 1.93971929227118e-05 0.017174434418937335 0.016376308833931492 0.023257778101519615 0.023247778101439045
1274.86 12.55704873806518 -4.677146963833366 69.36891834778606 -362840.4189346534 2.0934150378421886e-05 28.485250264517965 25.829661996888643 27.52996316252134 69.84037708094118 300.1890025163772 400.0 -0.006270995469178231 0.9501411694077545 0.9552871019966259 0.0032268819772768857 5.063506022754165 2.4582344152014983e-08 0.03470741049959749 0.01752922373666915 0.017178169114312167 0.9562835291287269 2.0931292500198413e-05 0.017781627670038866 0.01692578282955862 0.024058790624260144 0.024048790624167843
1316.1 12.59105369863503 -4.707290494294 70.29706825107361 -361666.51520203764 2.286291195513229e-05 28.933696045310054 25.86801197930106 27.94490518817292 65.3010150069695 298.8000038145573 400.0 -0.006694418593474927 0.9826433893406825 0.9887908571371311 0.0034538350103033985 5.2572186178374505 2.4605225282639965e-08 0.03589125869318658 0.018133517134455268 0.017757723897308564 0.9899016420778726 2.286291195513229e-05 0.018404263363068933 0.017486995330117647 0.024878547001032886 0.024868547000931142
1358.0 12.62915694768964 -4.738313458376922 71.2263601207573 -360452.35067617474 2.5329122796842584e-05 29.503326298842588 25.907127996422787 28.47993944439664 60.30256570440955 297.2361334018824 400.0 -0.007140731047027746 1.0159716908032306 1.0233868544459517 0.003694842523871951 5.461189984939379 2.4633483909426693e-08 0.03710441498247542 0.018753281934394867 0.018351115372412283 1.0246260486417578 2.5291943708033796e-05 0.01904358864463815 0.018060826337837274 0.02571850333174656 0.02570850333163431
