#T= 0.0
10.039104979283174 0.04094376914434899 0.0 0.0 0.0
10.629640457066571 0.038657341547087 0.0 0.0 0.0
11.2201628484653 0.033317482449532615 0.0 0.0 0.0
11.810702381252632 0.02886781232881305 0.0 0.0 0.0
12.40124436758731 0.030111421927825364 0.0 0.0 0.0
12.991776945643366 0.027843095972671567 0.0 0.0 0.0
13.582316717434603 0.024617422243649482 0.0 0.0 0.0
14.172836135276947 0.021262822515393274 0.0 0.0 0.0


#T= 0.54
10.039104979283174 0.04094376914166875 -9.77507852439885e-10 1.9853649625206275e-11 3.6195154107777412e-09
10.629640457066571 0.038657341545778386 -1.0160334795727977e-09 9.693379982725784e-12 3.762453618736495e-09
11.2201628484653 0.03331748244583176 -1.051930098583398e-09 2.7413752580478767e-11 3.894234231539652e-09
11.810702381252632 0.028867812321432148 -1.0852261311811162e-09 5.467335179051934e-11 4.020213239833583e-09
12.40124436758731 0.03011142192665019 -1.1179146497397596e-09 8.704996453136806e-12 4.139498281140557e-09
12.991776945643366 0.027843095971702224 -1.147647310517641e-09 7.180342881111352e-12 4.2506807125835e-09
13.582316717434603 0.02461742224218355 -1.1757101958664862e-09 1.0858751600800325e-11 4.3550136764877974e-09
14.172836135276947 0.021262822512664408 -1.204508492946843e-09 2.021382811166073e-11 4.462330734185352e-09


#T= 1.74
10.039104979283174 0.0409437688554167 -1.0146941065158899e-08 6.642121546078954e-10 1.1662882984930131e-08
10.629640457066571 0.0386573414060182 -1.0547580586717231e-08 3.2429608285143914e-10 1.212346165511166e-08
11.2201628484653 0.03331748205057734 -1.0917325710124715e-08 9.17138561982574e-10 1.2548088074233232e-08
11.810702381252632 0.028867811533145913 -1.1269762012489082e-08 1.8291198584622443e-09 1.295402043279089e-08
12.40124436758731 0.030111421801140615 -1.1604644356566496e-08 2.9122929834781004e-10 1.333838334001584e-08
12.991776945643366 0.02784309586817527 -1.1916036157799681e-08 2.402213752090874e-10 1.3696636888952236e-08
13.582316717434603 0.02461742208562091 -1.2208410282710247e-08 3.63284077903867e-10 1.4032821806108248e-08
14.172836135276947 0.02126282222121927 -1.2509076441347133e-08 6.762620765641887e-10 1.4378622616162459e-08


#T= 3.59
10.039104979283174 0.04094376390998665 -4.319345237036032e-08 5.828294299647315e-09 2.4063074624533743e-08
10.629640457066571 0.03865733899449279 -4.489913862926187e-08 2.839358298089946e-09 2.50133490079529e-08
11.2201628484653 0.03331747523735869 -4.647204576713193e-08 8.011408552289522e-09 2.5889446045772904e-08
11.810702381252632 0.028867797929635567 -4.797469443929003e-08 1.601012639707572e-08 2.6726973142217947e-08
12.40124436758731 0.030111419638817746 -4.939865405617638e-08 2.5420774042099957e-09 2.751999773398835e-08
12.991776945643366 0.027843094071554074 -5.072511299886173e-08 2.130266280524723e-09 2.8259094575353213e-08
13.582316717434603 0.024617419371855326 -5.197009045332379e-08 3.210350772150414e-09 2.895277739629751e-08
14.172836135276947 0.021262817190381384 -5.3250602150001214e-08 5.9285377015951214e-09 2.9666279352437914e-08


#T= 6.1
10.039104979283174 0.04094372584816555 -1.2470595578406574e-07 2.8147451324148953e-08 4.088711827657358e-08
10.629640457066571 0.03865732040543307 -1.296306422204907e-07 1.3809929672725104e-08 4.250179063018396e-08
11.2201628484653 0.03331742323697214 -1.3417127320280997e-07 3.836476246678458e-08 4.3990423482823826e-08
11.810702381252632 0.028867694198108054 -1.385110124374478e-07 7.625204915375217e-08 4.5413519616738335e-08
12.40124436758731 0.030111403059543827 -1.4262129965914028e-07 1.2300572427645132e-08 4.676099861405858e-08
12.991776945643366 0.027843079627449748 -1.46451061056041e-07 1.098180684122925e-08 4.801648599828787e-08
13.582316717434603 0.02461739795771785 -1.5004626163772627e-07 1.6096190990704967e-08 4.919559181391264e-08
14.172836135276947 0.021262778048641087 -1.5374386208577562e-07 2.929008879737842e-08 5.0408066276422795e-08


#T= 9.27
10.039104979283174 0.04094354397822331 -2.879960305790519e-07 9.499644707199879e-08 6.213501367547175e-08
10.629640457066571 0.03865722931622817 -2.993691978758761e-07 4.839728264565566e-08 6.458878626575744e-08
11.2201628484653 0.03331717482101805 -3.098549683500096e-07 1.3021831790845125e-07 6.685102013918951e-08
11.810702381252632 0.02886720817317411 -3.1987808313260757e-07 2.5158958621350776e-07 6.901365953786417e-08
12.40124436758731 0.030111321731299427 -3.293697830031306e-07 4.335639358901471e-08 7.106138533472645e-08
12.991776945643366 0.02784300409600082 -3.382122386597075e-07 4.113294837592963e-08 7.29683500313845e-08
13.582316717434603 0.024617289363241982 -3.465182665252087e-07 5.85727840854031e-08 7.476160909993921e-08
14.172836135276947 0.021262580534577427 -3.5505815887404424e-07 1.0683785888975027e-07 7.660416299046752e-08


#T= 13.1
10.039104979283174 0.04094290576760044 -5.751345355520243e-07 2.5461923936184467e-07 8.78067622478695e-08
10.629640457066571 0.038656891947138644 -5.978470838385874e-07 1.3843605102707693e-07 9.127433802820708e-08
11.2201628484653 0.03331628999907264 -6.187870909002413e-07 3.564356903827725e-07 9.44712388538553e-08
11.810702381252632 0.02886553850386092 -6.388042024241258e-07 6.61533490145983e-07 9.752739642070285e-08
12.40124436758731 0.030111015678169567 -6.57758842947942e-07 1.2711198024838975e-07 1.0042115643946014e-07
12.991776945643366 0.027842706178285416 -6.754105896789042e-07 1.2566827572930016e-07 1.031141401650943e-07
13.582316717434603 0.0246168667629664 -6.920089958839526e-07 1.7885080133176413e-07 1.0565151456526493e-07
14.172836135276947 0.02126179443183702 -7.090628884043326e-07 3.3927372898144963e-07 1.0825479337549557e-07


#T= 17.58
10.039104979283174 0.04094108973045252 -1.035772889679265e-06 5.855829737776022e-07 1.1783539862506289e-07
10.629640457066571 0.03865585563978475 -1.0766765399239375e-06 3.4684590881412513e-07 1.224888493264528e-07
11.2201628484653 0.03331369832408872 -1.1143876577079936e-06 8.490826825235496e-07 1.267790582477034e-07
11.810702381252632 0.02886083610778601 -1.150437554997552e-06 1.5168712555247675e-06 1.30880392638148e-07
12.40124436758731 0.030110029626740996 -1.1845729126491733e-06 3.414298325275221e-07 1.3476372726797943e-07
12.991776945643366 0.027841705701871812 -1.2163459857106318e-06 3.537107922186214e-07 1.383746539762644e-07
13.582316717434603 0.024615404108396327 -1.2462674519042594e-06 5.300711336509553e-07 1.4178567810925906e-07
14.172836135276947 0.021258903168664106 -1.2769753965358177e-06 1.0732758822543116e-06 1.452777665127687e-07


#T= 22.71
10.039104979283174 0.04093659279151864 -1.7284682201079704e-06 1.2200500690705665e-06 1.5222143107541862e-07
10.629640457066571 0.03865303236805517 -1.79672735356462e-06 8.01446705297682e-07 1.5823291448975984e-07
11.2201628484653 0.03330700603473949 -1.8596586457420017e-06 1.8527424755099222e-06 1.637751526486057e-07
11.810702381252632 0.028849112997899436 -1.9198183949242775e-06 3.1988081206449648e-06 1.690734037471611e-07
12.40124436758731 0.03010703077606433 -1.976781430101937e-06 9.059018123196731e-07 1.740896902761498e-07
12.991776945643366 0.02783847524904313 -2.0297710960903714e-06 1.0035234110619578e-06 1.7875008208883837e-07
13.582316717434603 0.024610370000971275 -2.079766709073283e-06 1.5970675452085129e-06 1.8316605439862291e-07
14.172836135276947 0.021248650681315272 -2.130996623606052e-06 3.224055197070885e-06 1.876744828296592e-07


#T= 28.51
10.039104979283174 0.04092640520446743 -2.72410017743141e-06 2.383104657741053e-06 1.9110038164349497e-07
10.629640457066571 0.03864589829763766 -2.8316791187421586e-06 1.7516214869494633e-06 1.986474962804851e-07
11.2201628484653 0.0332911375722369 -2.93086095837225e-06 3.7778664406465895e-06 2.0560549147058808e-07
11.810702381252632 0.028822264097914517 -3.025675447076992e-06 6.2896519822433346e-06 2.122571792649871e-07
12.40124436758731 0.030098167882041952 -3.1154460984339494e-06 2.324170746812614e-06 2.185536879005468e-07
12.991776945643366 0.02782830673501519 -3.1989031654688915e-06 2.721975853071972e-06 2.243990826046124e-07
13.582316717434603 0.024594056619447108 -3.277820535885212e-06 4.356629700839783e-06 2.299571690534608e-07
14.172836135276947 0.021217002540849253 -3.3585273477854116e-06 8.174128301063489e-06 2.3561286721865504e-07


#T= 34.95
10.039104979283174 0.04090504152603805 -4.093800114901569e-06 4.389103817158832e-06 2.342728822063256e-07
10.629640457066571 0.03862923264088889 -4.255473534442444e-06 3.576940602898933e-06 2.4352532824536284e-07
11.2201628484653 0.0332567375762635 -4.404527196300023e-06 7.131437432201273e-06 2.520554976188279e-07
11.810702381252632 0.028766262554850104 -4.547017972811318e-06 1.1400350224814442e-05 2.602101160356587e-07
12.40124436758731 0.030074392331192395 -4.681910951376267e-06 5.343394619632232e-06 2.679263605727896e-07
12.991776945643366 0.02779998599371579 -4.807246096305562e-06 6.4184455087630485e-06 2.750864702120573e-07
13.582316717434603 0.024549560637698607 -4.9260598267153455e-06 9.91369589931118e-06 2.819197513013821e-07
14.172836135276947 0.021137725988147345 -5.0472853203586965e-06 1.69946133780544e-05 2.888471158925071e-07


#T= 42.06
10.039104979283174 0.04086300930838129 -5.928936921861805e-06 7.6185209397696885e-06 2.8194046510317575e-07
10.629640457066571 0.038593296258457505 -6.16308881973282e-06 6.743911857376861e-06 2.9307578468801033e-07
11.2201628484653 0.033188204933432705 -6.3789626452148696e-06 1.2420801250130517e-05 3.0334169675380996e-07
11.810702381252632 0.02865924067852777 -6.585331298936126e-06 1.9031143253763264e-05 3.131555008585938e-07
12.40124436758731 0.030018541934236184 -6.780649702164965e-06 1.072816812562705e-05 3.2243590517257713e-07
12.991776945643366 0.027732694550473197 -6.96205234618219e-06 1.2925682828278474e-05 3.310473000027042e-07
13.582316717434603 0.024448411555169153 -7.1344790590899265e-06 1.9013735213737397e-05 3.392963277301081e-07
14.172836135276947 0.02097228077991825 -7.3099418891331425e-06 3.0023072493532018e-05 3.4762520937275965e-07


#T= 49.82
10.039104979283174 0.040786168990602625 -8.318659688200114e-06 1.24007514066453e-05 3.339674968610995e-07
10.629640457066571 0.03852286770665569 -8.647195222977189e-06 1.1657792580806072e-05 3.4715787532433406e-07
11.2201628484653 0.03306366226000588 -8.95008211188042e-06 1.9963419930159834e-05 3.593179534293447e-07
11.810702381252632 0.02847267476659427 -9.239630685442535e-06 2.9357201148667205e-05 3.709421676985869e-07
12.40124436758731 0.029904915891780688 -9.513573267838638e-06 1.8928457281589536e-05 3.8192481601430815e-07
12.991776945643366 0.027596346901591663 -9.767948991878939e-06 2.2615117840665394e-05 3.921212012371657e-07
13.582316717434603 0.024253134181308734 -1.0010410679939241e-05 3.1712554636936e-05 4.019237933862216e-07
14.172836135276947 0.020675523900011605 -1.0256433029098844e-05 4.6785177862494013e-05 4.1178002719150117e-07


#T= 58.24
10.039104979283174 0.04065503589348335 -1.1368325345983976e-05 1.8971614251696116e-05 3.904181840282617e-07
10.629640457066571 0.038396610588009736 -1.181731225585736e-05 1.8590454667082375e-05 4.058386535765849e-07
11.2201628484653 0.03285496392085105 -1.2231238059712268e-05 2.9869580412369847e-05 4.2005351899972065e-07
11.810702381252632 0.028172073130751162 -1.26269298377224e-05 4.2288145844968364e-05 4.3364131174924887e-07
12.40124436758731 0.029700213999145544 -1.3001100409582023e-05 3.0016680563689664e-05 4.464646922730082e-07
12.991776945643366 0.02735345137896016 -1.3348578601579675e-05 3.539975498351446e-05 4.5838345399156095e-07
13.582316717434603 0.02392041501855324 -1.368070541118982e-05 4.758628229082073e-05 4.698803845286366e-07
14.172836135276947 0.0201993604056077 -1.4016688250961806e-05 6.647184194951359e-05 4.813922601048942e-07


#T= 67.32
10.039104979283174 0.04044536423555098 -1.5189682343930144e-05 2.7422555705044063e-05 4.512895263909129e-07
10.629640457066571 0.03818788271201155 -1.5789607985539078e-05 2.7622132751585587e-05 4.6911565108444866e-07
11.2201628484653 0.03252950736150724 -1.6342662362944793e-05 4.2025552971833265e-05 4.855457375543128e-07
11.810702381252632 0.02771975885965421 -1.6871340427826453e-05 5.7502000762194825e-05 5.012498608065513e-07
12.40124436758731 0.029366491567632144 -1.737093211318097e-05 4.372675589691847e-05 5.160510763633064e-07
12.991776945643366 0.026962846477874513 -1.7835080772243828e-05 5.0846393380927693e-05 5.298314730048575e-07
13.582316717434603 0.023405562660377386 -1.8279927910924698e-05 6.594779508999045e-05 5.431641793706377e-07
14.172836135276947 0.01949722041719734 -1.8728542066526188e-05 8.818960608176546e-05 5.564609995904331e-07


#T= 77.05
10.039104979283174 0.04012943274853024 -1.989804276547602e-05 3.769589472078117e-05 5.165121030254228e-07
10.629640457066571 0.037866427230012704 -2.0683963654732906e-05 3.8646600021695655e-05 5.369175715339988e-07
11.2201628484653 0.032052600134512 -2.140842835984813e-05 5.614399898754615e-05 5.557207276837812e-07
11.810702381252632 0.027077735196854552 -2.2100934245372628e-05 7.454093282133497e-05 5.736910871952115e-07
12.40124436758731 0.02886455281937954 -2.27548222468954e-05 5.9585005796723825e-05 5.906042652509876e-07
12.991776945643366 0.026383411963000328 -2.336278249259749e-05 6.835417201581829e-05 6.063853676533135e-07
13.582316717434603 0.022666124106967472 -2.394696127083762e-05 8.605361743820099e-05 6.216935471199949e-07
14.172836135276947 0.018527002019149582 -2.4534262209385815e-05 0.00011113042899886367 6.369040526661769e-07


#T= 87.44
10.039104979283174 0.03967640458676781 -2.5626386204180562e-05 4.9643879076236547e-05 5.861514148199717e-07
10.629640457066571 0.03739908204623832 -2.663863786978027e-05 5.145221522059181e-05 6.093133995399373e-07
11.2201628484653 0.03138787989742768 -2.7571628216094268e-05 7.18813506543644e-05 6.306497890204367e-07
11.810702381252632 0.0262075728034289 -2.846340862561192e-05 9.295562830616428e-05 6.510379288363274e-07
12.40124436758731 0.028154764697475618 -2.9304709155297815e-05 7.709085216460945e-05 6.701992218624321e-07
12.991776945643366 0.025574525935190214 -3.0087764134378858e-05 8.73516278970627e-05 6.881238208860868e-07
13.582316717434603 0.02166128824077368 -3.084198709757402e-05 0.00010728632348846445 7.055490741905973e-07
14.172836135276947 0.01724892763392346 -3.159795140206256e-05 0.0001347030509526301 7.228055775058221e-07


#T= 98.48
10.039104979283174 0.03905494421647452 -3.250591969816696e-05 6.302565767015015e-05 6.601396362151644e-07
10.629640457066571 0.03675265476696497 -3.379006017212305e-05 6.573372016259754e-05 6.862333441236333e-07
11.2201628484653 0.030500712763967774 -3.4973458561182724e-05 8.884427027183507e-05 7.102605886739725e-07
11.810702381252632 0.02507420487383417 -3.610449200408539e-05 0.00011229630493040475 7.332148504710358e-07
12.40124436758731 0.02720057862381806 -3.717049010276696e-05 9.573889684010431e-05 7.547587512858011e-07
12.991776945643366 0.024499620911064633 -3.816404157319653e-05 0.00010730255428478293 7.74968915870835e-07
13.582316717434603 0.020355522141890254 -3.9123087727688244e-05 0.00012911500356665192 7.946502861222555e-07
14.172836135276947 0.015629502281237724 -4.008158198942624e-05 0.00015843512869689964 8.140847407416014e-07


#T= 110.18
10.039104979283174 0.0382325608346627 -4.068822293135099e-05 7.759051931783721e-05 7.385434733593863e-07
10.629640457066571 0.035893297563108384 -4.229585025683491e-05 8.118938825728827e-05 7.677471392999337e-07
11.2201628484653 0.029356543908548433 -4.3777045682702465e-05 0.00010669239483583613 7.946252280985541e-07
11.810702381252632 0.023643137542514406 -4.519253533885603e-05 0.00013221225266700967 8.202952914884338e-07
12.40124436758731 0.025966488465417714 -4.652534474303138e-05 0.00011512707689385157 8.443595375750865e-07
12.991776945643366 0.023123477340866998 -4.776956641805441e-05 0.00012780500404723096 8.670003760095435e-07
13.582316717434603 0.018714685234962072 -4.897289884553402e-05 0.00015117488453233736 8.890781021434841e-07
14.172836135276947 0.013636207873095557 -5.0172303758699854e-05 0.0001820346022863333 9.108258723530393e-07


#T= 122.54
10.039104979283174 0.037177820299261706 -5.032845116659246e-05 9.307319714424581e-05 8.21362870751898e-07
10.629640457066571 0.03478874293339524 -5.231735401167725e-05 9.751755748015631e-05 8.538546767440199e-07
11.2201628484653 0.027923407535101634 -5.414937022862887e-05 0.00012511546203818803 8.837435769099593e-07
11.810702381252632 0.021883239144747487 -5.589984941423154e-05 0.00015240654011934454 9.122781563061359e-07
12.40124436758731 0.024420389878416646 -5.754653128775544e-05 0.00013491766208410284 9.390020263289654e-07
12.991776945643366 0.021414650563623006 -5.908650726027531e-05 0.00014853534129688533 9.642192626998769e-07
13.582316717434603 0.016708753302036375 -6.0578386637644144e-05 0.00017318729091502145 9.888325135543562e-07
14.172836135276947 0.011240827687303454 -6.206172749756433e-05 0.00020528970801877294 1.013030088754605e-06


#T= 135.55
10.039104979283174 0.0358616586212517 -6.158141698620057e-05 0.00010921361420153512 9.085308892565289e-07
10.629640457066571 0.03340957753279578 -6.401556419888266e-05 0.00011443579822315042 9.444858228544393e-07
11.2201628484653 0.026173030501970854 -6.625704605056626e-05 0.00014384264964849682 9.775430984015377e-07
11.810702381252632 0.0197676841450381 -6.839834656346966e-05 0.000172634857083024 1.0090878179684979e-06
12.40124436758731 0.02253449009332375 -7.041091074455608e-05 0.00015483521343935948 1.0386102929255446e-06
12.991776945643366 0.01934627744099504 -7.229664994312657e-05 0.00016923844500528473 1.066547855597474e-06
13.582316717434603 0.01431253624661961 -7.41261234651347e-05 0.0001949416752747909 1.0938325488169918e-06
14.172836135276947 0.008420146241274809 -7.594108348740747e-05 0.00022804739547346948 1.120615136475225e-06


#T= 149.22
10.039104979283174 0.034254788610257415 -7.462701586291587e-05 0.00012580613714692704 1.000114619348738e-06
10.629640457066571 0.03172640223558397 -7.757754457315968e-05 0.00013172898637090388 1.0397093289750486e-06
11.2201628484653 0.02407690846177113 -8.029367001682886e-05 0.00016268532354225687 1.0760950558209974e-06
11.810702381252632 0.01726900313040998 -8.288777504361633e-05 0.00019274324151780447 1.1107974136012495e-06
12.40124436758731 0.020280862357016753 -8.532401586691662e-05 0.0001747020578615414 1.143261636922427e-06
12.991776945643366 0.016891111242029383 -8.761124460576752e-05 0.0001897597807998878 1.1740655866389991e-06
13.582316717434603 0.011499870311048413 -8.983289317399112e-05 0.00021632553767778805 1.2041584594610218e-06
14.172836135276947 0.005149130263039916 -9.203257231504836e-05 0.00025024432808568514 1.2336634984793127e-06


#T= 163.55
10.039104979283174 0.03233047892995767 -8.964650155718346e-05 0.0001426662226321291 1.096114115563445e-06
10.629640457066571 0.02971263789342433 -9.319175858024664e-05 0.0001492104778080303 1.1395238431749854e-06
11.2201628484653 0.021609755240462054 -9.645428801263733e-05 0.00018148657281717191 1.1793981938425562e-06
11.810702381252632 0.014363217176841877 -9.956936453647813e-05 0.00021260835932662562 1.2174056768419305e-06
12.40124436758731 0.017635028643397978 -0.00010249293076469712 0.00019437764942887732 1.2529568338131215e-06
12.991776945643366 0.01402544932707701 -0.00010524315495175074 0.00020997990056061236 1.28677311062902e-06
13.582316717434603 0.008248238677261566 -0.00010791712685787047 0.00023725445017032813 1.319809700714853e-06
14.172836135276947 0.0014065048438102463 -0.00011056009666532418 0.00027183482151319996 1.3521744507639807e-06


#T= 178.53
10.039104979283174 0.030065398900556938 -0.00010681790639210931 0.00015963174279097053 1.1964623878186196e-06
10.629640457066571 0.02734532236524988 -0.00011104329917088762 0.00016672083087641257 1.2438579971046916e-06
11.2201628484653 0.018750264628976387 -0.00011493045874999552 0.0002001168026369867 1.2873787979965095e-06
11.810702381252632 0.011030591869307478 -0.0001186407382860466 0.0002321313563182593 1.3288370588809952e-06
12.40124436758731 0.014576674303270275 -0.00012212106094011688 0.0002137505698950885 1.3676201552234198e-06
12.991776945643366 0.01072985219267144 -0.00012540148276585228 0.00022980582849610584 1.4045923704843876e-06
13.582316717434603 0.004539524649072237 -0.00012859338466952863 0.00025766416927225334 1.4407050396712164e-06
14.172836135276947 -0.002824435738873811 -0.00013174360123358042 0.0002927851196965381 1.476064226251485e-06


#T= 194.17
10.039104979283174 0.027435106514632095 -0.00012634983931292254 0.00017659445312610055 1.3012263470975497e-06
10.629640457066571 0.024600332302620397 -0.00013134901730182946 0.00018415811305912176 1.3527794530278446e-06
11.2201628484653 0.015475278090659295 -0.00013594661151472565 0.0002185038546782619 1.4001070159920984e-06
11.810702381252632 0.007248820953607077 -0.00014033345081543303 0.00025126854141558914 1.4451649457875542e-06
12.40124436758731 0.011083358577834662 -0.00014444677074365586 0.0002327676837189241 1.4873289977077617e-06
12.991776945643366 0.0069823679752476836 -0.00014833124708601986 0.00024920079468854185 1.5276026075523305e-06
13.582316717434603 0.0003524145413437122 -0.00015211305255036223 0.0002775421192383143 1.5669247577158838e-06
14.172836135276947 -0.007564448612688962 -0.0001558407619057789 0.00031310741593212096 1.605414322658302e-06


#T= 210.46
10.039104979283174 0.024419978971473643 -0.00014843554502874667 0.0001934506656235537 1.4103388406663752e-06
10.629640457066571 0.021458540281635904 -0.00015430975486196985 0.0002014255389703091 1.4662164187925381e-06
11.2201628484653 0.011767212631804466 -0.000159710607498198 0.00023657640680710957 1.5175086154267173e-06
11.810702381252632 0.003001698491204357 -0.00016486196572174094 0.00026997202679143994 1.566314134730023e-06
12.40124436758731 0.007138437130929828 -0.00016969087438312158 0.0002513742727158028 1.61200769977581e-06
12.991776945643366 0.0027670853764993025 -0.0001742594556901622 0.00026812323208151795 1.655725801264056e-06
13.582316717434603 -0.004327936285333218 -0.00017870902719963055 0.00029686559331352727 1.6983878998095593e-06
14.172836135276947 -0.012827261041188203 -0.0001830903088659852 0.0003327978946975149 1.7401408745357927e-06


#T= 227.42
10.039104979283174 0.02099624969054616 -0.0001733181827674457 0.0002101498221760656 1.5239335654704233e-06
10.629640457066571 0.017896446941587017 -0.00018017820385551886 0.00021848048674436666 1.5843059521603882e-06
11.2201628484653 0.007602964497270399 -0.00018648397226428415 0.0002543154557165614 1.6397254492399287e-06
11.810702381252632 -0.001733611814166399 -0.00019249615758809568 0.0002882436454733878 1.692432708985281e-06
12.40124436758731 0.00271924118295977 -0.0001981312554306669 0.0002695669182333707 1.7418102321266599e-06
12.991776945643366 -0.0019385015657916674 -0.000203471745379602 0.0002865810933285021 1.7891199548058512e-06
13.582316717434603 -0.009523936466440144 -0.00020867432900573135 0.00031565834787623744 1.8352558354772055e-06
14.172836135276947 -0.018635356090815167 -0.00021379256710218897 0.0003518957882929783 1.8804083268567655e-06


#T= 245.02
10.039104979283174 0.01715150459559861 -0.0002011767277210197 0.00022661010346131176 1.6418092428457727e-06
10.629640457066571 0.01390229820999963 -0.0002091402842268053 0.00023524770833625812 1.7068370180431889e-06
11.2201628484653 0.002972835876780093 -0.00021645912291035074 0.0002716640187014271 1.7665390484725617e-06
11.810702381252632 -0.006964971012260594 -0.00022343459910700858 0.00030604226836046343 1.82329710615674e-06
12.40124436758731 -0.0021828156641390266 -0.0002299724586904972 0.0002873007586268956 1.8765079039801183e-06
12.991776945643366 -0.007142039209475043 -0.00023617843653056525 0.00030453806957660606 1.9275498915004546e-06
13.582316717434603 -0.01524178874910812 -0.00024222470559820408 0.0003338957931476291 1.977286685668401e-06
14.172836135276947 -0.024993308096998967 -0.0002481686796684812 0.00037038786031395307 2.0259679083214975e-06


#T= 263.29
10.039104979283174 0.01286193525107072 -0.000232290324035489 0.00024282191650102224 1.764166389601558e-06
10.629640457066571 0.009452423198502008 -0.00024148600599005476 0.0002517247575403442 1.8340164727373885e-06
11.2201628484653 -0.0021470431342539443 -0.00024993620596802657 0.0002886371261210171 1.8981633903899457e-06
11.810702381252632 -0.012716547730764883 -0.00025798709096847006 0.0003233976060427544 1.9591300774032154e-06
12.40124436758731 -0.007591476860340527 -0.00026553354648939376 0.0003046024517883174 2.016331231738248e-06
12.991776945643366 -0.012867408722610075 -0.0002727074909323335 0.00032202855836868183 2.0712524348664317e-06
13.582316717434603 -0.021505757246216273 -0.0002796965659825901 0.00035162268005679706 2.1247230489106162e-06
14.172836135276947 -0.03192600903655587 -0.00028656340951371817 0.00038832871672018815 2.177067452037165e-06


#T= 282.21
10.039104979283174 0.008115813698655341 -0.000266866983722025 0.0002587406572738166 1.8908706184459227e-06
10.629640457066571 0.00453562751195505 -0.00027743138277713797 0.000267872602222766 1.9657033090589723e-06
11.2201628484653 -0.0077663583600243455 -0.00028713878046460195 0.0003052089291793733 2.0344524007117663e-06
11.810702381252632 -0.018996708488438197 -0.0002963844260790438 0.00034029477801547273 2.0997827623672266e-06
12.40124436758731 -0.013515595510172415 -0.0003050523123278026 0.0003214549349662761 2.161128067308022e-06
12.991776945643366 -0.01912279438432225 -0.00031330340633672904 0.00033904123824048083 2.2200712201248462e-06
13.582316717434603 -0.028323018009901817 -0.00032134069087064177 0.0003688353036999177 2.277404318834559e-06
14.172836135276947 -0.03943951309618608 -0.0003292337731828354 0.0004057218561595351 2.3335416785636386e-06


#T= 301.79
10.039104979283174 0.002895419645954783 -0.0003051738844277452 0.0002743576095546689 2.0219884673863983e-06
10.629640457066571 -0.0008655684434020304 -0.0003172538917297629 0.00028368782102049933 2.101965660302015e-06
11.2201628484653 -0.01390226953327942 -0.0003283540153873332 0.0003213877636820574 2.1754764495430152e-06
11.810702381252632 -0.025822408915971158 -0.00033892309476613036 0.0003567517196777897 2.245329514810832e-06
12.40124436758731 -0.01997203211173176 -0.0003488342091699792 0.00033787437857263385 2.3109758599880874e-06
12.991776945643366 -0.025924950288106485 -0.00035828019670702815 0.0003555972355929302 2.37408592366956e-06
13.582316717434603 -0.03571025948680492 -0.0003674791634082908 0.0003855612731469438 2.4354122831715426e-06
14.172836135276947 -0.047550541308012055 -0.0003765098351209417 0.0004226009542877706 2.495473830045818e-06


#T= 322.02
10.039104979283174 -0.0028109367424961223 -0.0003474489415893345 0.0002896545832056743 2.157452595773395e-06
10.629640457066571 -0.006762463226908031 -0.0003612005481627989 0.0002991565917907611 2.2427328274446634e-06
11.2201628484653 -0.020565092480163007 -0.0003738375489774626 0.00033716921211362236 2.321162242623983e-06
11.810702381252632 -0.03320313059255679 -0.0003858670888234883 0.0003727716178977313 2.3956961991816467e-06
12.40124436758731 -0.0269705344911721 -0.00039715128480821704 0.000353862632027388 2.465799008835305e-06
12.991776945643366 -0.03328320424290578 -0.0004079175758882059 0.0003717022970119236 2.5332189836443774e-06
13.582316717434603 -0.043676199244082434 -0.00041839887716932367 0.0004018113935317678 2.598667626924548e-06
14.172836135276947 -0.05626715507104049 -0.00042868559244624294 0.00043898152227238226 2.662782133620426e-06


#T= 342.91
10.039104979283174 -0.009019662183502248 -0.0003939791537561632 0.00030463424220367695 2.2973296935578466e-06
10.629640457066571 -0.013171288967277608 -0.0004095693543888501 0.0003142854965312447 2.3880736963444247e-06
11.2201628484653 -0.02777090388129633 -0.0004238977862343063 0.0003525679869298305 2.4715809900552978e-06
11.810702381252632 -0.041154884629521785 -0.0004375349054015487 0.00038837568114109936 2.550957558235517e-06
12.40124436758731 -0.03452699012559329 -0.00045033172707320546 0.00036943982124713415 2.625675010276604e-06
12.991776945643366 -0.0412134104361004 -0.00046255294841657246 0.00038737984764893843 2.697550246440074e-06
13.582316717434603 -0.052236723373902075 -0.00047444590755318927 0.0004176133338564847 2.7672527199659067e-06
14.172836135276947 -0.0656053656535646 -0.0004861156734214944 0.0004548951501518304 2.8355505839077415e-06


#T= 364.46
10.039104979283174 -0.015743879458216377 -0.00044504134399403483 0.0003192951375657787 2.4416196347806886e-06
10.629640457066571 -0.020104930104111657 -0.0004626477012976693 0.0003290763369121167 2.537987999544527e-06
11.2201628484653 -0.03553212298933333 -0.00047883214714516953 0.00036759248821738137 2.626732391562358e-06
11.810702381252632 -0.04968972635244276 -0.0004942337457904955 0.0004035775424195824 2.7111142490533615e-06
12.40124436758731 -0.042653509169325414 -0.0005086921373127495 0.0003846187373297442 2.7906048983323065e-06
12.991776945643366 -0.04972749716374491 -0.0005225118356868563 0.0004026453212256938 2.867081005304593e-06
13.582316717434603 -0.0614035300069202 -0.0005359541457643502 0.0004329859075301822 2.941169509088842e-06
14.172836135276947 -0.0755766611630637 -0.0005491422117209765 0.0004703637601265855 3.0137808022128114e-06


#T= 386.66
10.039104979283174 -0.022992748380826614 -0.0005008951692815344 0.00033363259259005216 2.5902555360406077e-06
10.629640457066571 -0.0275722344724752 -0.0005207051102402716 0.0003435271550820811 2.6924063826215137e-06
11.2201628484653 -0.04385680111581358 -0.0005389195562628402 0.00038224617191752057 2.786544718619927e-06
11.810702381252632 -0.05881502723704387 -0.0005562517598463046 0.00041838492282451694 2.8760929053453864e-06
12.40124436758731 -0.05135769956033447 -0.0005725295411096454 0.0003994064365730437 2.9605132803217884e-06
12.991776945643366 -0.05883273290610045 -0.0005880996651619341 0.00041750791698588454 3.041734007393676e-06
13.582316717434603 -0.0711833836104372 -0.0006032368801278665 0.00044794104051466165 3.120339491786639e-06
14.172836135276947 -0.086187249846932 -0.0006180862186653258 0.000485401776509553 3.1973919983450288e-06


#T= 409.52
10.039104979283174 -0.030781255386504287 -0.0005618577723325302 0.00034765741858944535 2.7433046537212607e-06
10.629640457066571 -0.03558809537488796 -0.000584070836360695 0.0003576511723773415 2.8513990915465464e-06
11.2201628484653 -0.05275985474553503 -0.0006045007613124653 0.00039654695665532945 2.951090797886954e-06
11.810702381252632 -0.06854578338126746 -0.0006239409407058361 0.00043281941407706363 3.045969118148962e-06
12.40124436758731 -0.06065440789817739 -0.0006422067107045848 0.00041382395836487803 3.1354779870400085e-06
12.991776945643366 -0.06854400562738132 -0.0006596894325063829 0.00043199050918085166 3.2215894969460763e-06
13.582316717434603 -0.08159130114641239 -0.0006766767278527652 0.00046250392865021674 3.3048458180772474e-06
14.172836135276947 -0.09745236427160635 -0.0006933397351218673 0.0005000365131155259 3.386469062668268e-06


#T= 433.04
10.039104979283174 -0.03912082814188525 -0.0006282320701558319 0.0003613751057644909 2.900767547387437e-06
10.629640457066571 -0.04416377135713695 -0.0006530593317961575 0.0003714558691160341 3.014967280800897e-06
11.2201628484653 -0.062252225275557536 -0.0006759011920181024 0.0004105061524551899 3.1203720302758225e-06
11.810702381252632 -0.07889269162697506 -0.0006976375014318137 0.00044689530724390794 3.2207445142447436e-06
12.40124436758731 -0.07055436531291913 -0.0007180702042255405 0.00042788515556016086 3.3155005191479514e-06
12.991776945643366 -0.07887192562009365 -0.0007376374961332033 0.00044610843452705737 3.4066492390672003e-06
13.582316717434603 -0.09263774163742863 -0.0007566392570161895 0.00047669177955599263 3.494691163368089e-06
14.172836135276947 -0.10938232658991594 -0.0007752773205460528 0.000514286879755049 3.5810144258082645e-06


#T= 457.21
10.039104979283174 -0.048018680614229536 -0.0007002991092193156 0.00037478691635446285 3.0625781118995156e-06
10.629640457066571 -0.05330622402621073 -0.0007279623096536625 0.00038494416777977355 3.1830430372514727e-06
11.2201628484653 -0.07234020238015523 -0.0007534227493835033 0.0004241298404595528 3.2943184128164405e-06
11.810702381252632 -0.08986146153213564 -0.0007776533939107821 0.00046062113203353003 3.4003467927740286e-06
12.40124436758731 -0.08106350122356674 -0.0008004416265201542 0.00044159820530036235 3.500506079154707e-06
12.991776945643366 -0.0898221335359733 -0.0008222745935597686 0.00045987108504909633 3.596836526068192e-06
13.582316717434603 -0.10432790690256487 -0.0008434637731689065 0.000490515512195517 3.6897976909744294e-06
14.172836135276947 -0.12198184258697924 -0.000864246610849051 0.0005281651812495519 3.7809480191816012e-06


#T= 482.04
10.039104979283174 -0.05748883514372857 -0.0007784066276315116 0.00038790627177847715 3.2288044304042356e-06
10.629640457066571 -0.0630294414655193 -0.0008091407978838561 0.0003981309627051822 3.3556979795006764e-06
11.2201628484653 -0.08303791587854094 -0.0008374390800511833 0.00043743567969323487 3.473004416918665e-06
11.810702381252632 -0.10146639626246166 -0.0008643746438821154 0.00047401668008997854 3.5848526615944353e-06
12.40124436758731 -0.0921959545089288 -0.0008897188543315337 0.00045498259963370525 3.690573237245019e-06
12.991776945643366 -0.10140885683092316 -0.000914009849704911 0.0004732990068491895 3.792232262219556e-06
13.582316717434603 -0.11667621358007027 -0.0009375700172000734 0.0005039969925746695 3.890249202961828e-06
14.172836135276947 -0.13526559971815022 -0.000960677651047348 0.0005416944781404515 3.986355409250766e-06


#T= 507.53
10.039104979283174 -0.06754144801423287 -0.0008628837048689775 0.00040074115191851106 3.3994479357607723e-06
10.629640457066571 -0.07334346017848227 -0.0008969364329942664 0.00041102545285572837 3.5329346047435245e-06
11.2201628484653 -0.09435518317079349 -0.000928303771374317 0.0004504351394040468 3.6564330383594715e-06
11.810702381252632 -0.11371714582923477 -0.0009581665898608094 0.0004870951667991522 3.774264916214425e-06
12.40124436758731 -0.10396139755388978 -0.0009862784848877482 0.0004680513122963177 3.885704340436761e-06
12.991776945643366 -0.1136416857843002 -0.0010132305437906552 0.0004864060347143931 3.992838938578623e-06
13.582316717434603 -0.12969214988442895 -0.001039355342303594 0.0005171511313017359 4.0960489792017355e-06
14.172836135276947 -0.14924299434984845 -0.0010649775314170995 0.0005548906529900857 4.19723963058104e-06


#T= 533.67
10.039104979283174 -0.07818218462696101 -0.0009540324615926465 0.00041329516779424903 3.5744434132482047e-06
10.629640457066571 -0.08425373518250318 -0.0009916628441004605 0.00042363226925511583 3.7146862766735525e-06
11.2201628484653 -0.10629686970706083 -0.0010263414367983614 0.0004631347365740353 3.844535772517037e-06
11.810702381252632 -0.1266180601076694 -0.0010593646750010066 0.000499864555801384 3.968512433215243e-06
12.40124436758731 -0.1163643903355716 -0.001090466346781227 0.0004808121094746186 4.085825512024105e-06
12.991776945643366 -0.12652492389181424 -0.0011202923527839914 0.000499200646696659 4.198580617304533e-06
13.582316717434603 -0.14337962136046692 -0.0011491847045448367 0.0005299872940438306 4.307119731743841e-06
14.172836135276947 -0.1639174733053628 -0.0011775201291932547 0.0005677638721178736 4.413521130731675e-06


#T= 560.47
10.039104979283174 -0.08942440051599024 -0.0010522317170327256 0.00042558189391778844 3.753859829549624e-06
10.629640457066571 -0.09577362873094823 -0.0010937133843142988 0.0004359658969295988 3.901025781318778e-06
11.2201628484653 -0.11887655805457842 -0.0011319592154492852 0.0004755506246193154 4.037388445846559e-06
11.810702381252632 -0.1401829560905736 -0.0011683895378880038 0.0005123422759531624 4.167673085228299e-06
12.40124436758731 -0.12941857666696438 -0.0012027159871266235 0.0004932822489469601 4.2910163315468785e-06
12.991776945643366 -0.1400723339093616 -0.001235641104766927 0.0005117007265157562 4.40953906020762e-06
13.582316717434603 -0.15775261817473074 -0.001267515562055621 0.0005425241430213693 4.5235458300813715e-06
14.172836135276947 -0.1793033323056211 -0.0012987740913530388 0.0005803334985952471 4.635285956726748e-06


#T= 587.92
10.039104979283174 -0.10127289036847921 -0.0011577974363206067 0.0004376055023410006 3.937632539736319e-06
10.629640457066571 -0.10790774569036908 -0.0012034161047651537 0.0004480312511456205 4.091887169798827e-06
11.2201628484653 -0.13209830251597632 -0.0012454966786989985 0.0004876890747722191 4.2349233271217715e-06
11.810702381252632 -0.1544154027027422 -0.0012855920783181318 0.0005245356333863936 4.371676477361019e-06
12.40124436758731 -0.143127731265003 -0.0013233891574309098 0.0005054688992300145 4.501203607016411e-06
12.991776945643366 -0.15428744903849076 -0.001359648862717222 0.00052391394991914 4.625638902632551e-06
13.582316717434603 -0.17281429436212187 -0.0013947297193119823 0.000554769984047485 4.745250307776319e-06
14.172836135276947 -0.19540328369299126 -0.0014291305221938444 0.000592608404902317 4.8624547652460645e-06


#T= 616.03
10.039104979283174 -0.11374068179404875 -0.0012711293974945193 0.00044937904597675086 4.125831063583075e-06
10.629640457066571 -0.12066914043885776 -0.0013211861776269984 0.00045984205193105794 4.287343847116852e-06
11.2201628484653 -0.14597541520410579 -0.0013673835832577197 0.0004995650156102784 4.437216926187784e-06
11.810702381252632 -0.1693289752853761 -0.001411416298267909 0.0005364604765908844 4.580601182457856e-06
12.40124436758731 -0.15750525229603526 -0.00145294346928182 0.0005173877881914216 4.716467629945589e-06
12.991776945643366 -0.16918380059881302 -0.0014927862073186304 0.000535856494690091 4.846962521057319e-06
13.582316717434603 -0.18857842641315978 -0.0015313100611216157 0.0005667415526539688 4.972317883348432e-06
14.172836135276947 -0.2122314255609116 -0.0015690840794952976 0.0006046058274164081 5.09511378705796e-06


#T= 644.8
10.039104979283174 -0.12683640497338478 -0.0013926004722861762 0.00046091076434960355 4.318458235384254e-06
10.629640457066571 -0.13406637434057864 -0.0014474108380042594 0.0004714070959359798 4.4873999548122005e-06
11.2201628484653 -0.16051633459983972 -0.0014980207928729783 0.000511188249169249 4.6442740754746855e-06
11.810702381252632 -0.18493201930251266 -0.0015462763813403058 0.0005481273717345942 4.794451777110473e-06
12.40124436758731 -0.17255949706564636 -0.0015918058361599208 0.0005290493825914842 4.936812476781142e-06
12.991776945643366 -0.18476970060318967 -0.0016354921822063773 0.0005475392008733001 5.0735138831341085e-06
13.582316717434603 -0.20505327042690447 -0.001677707132170525 0.0005784501511155196 5.20475268507125e-06
14.172836135276947 -0.2297959639622601 -0.0017190962535664767 0.0006163374831206258 5.333266552186028e-06


#T= 674.22
10.039104979283174 -0.14056372112128304 -0.0015225472305289145 0.00047220496670693655 4.515450177642751e-06
10.629640457066571 -0.14810294143307434 -0.0015824396290327059 0.0004827311627349823 4.691990329483999e-06
11.2201628484653 -0.17572404620752158 -0.001637770183535281 0.0005225644007071692 4.856027874368472e-06
11.810702381252632 -0.201227067165214 -0.0016905462669072335 0.0005595425859330467 5.013158787361484e-06
12.40124436758731 -0.18829319934647895 -0.001740361730441009 0.0005404598666615608 5.1621659579461955e-06
12.991776945643366 -0.20104765721120407 -0.0017881632466831832 0.00055896856590537 5.305218495385245e-06
13.582316717434603 -0.22224097523998002 -0.0018343277987611373 0.0005899026642964925 5.442478189695802e-06
14.172836135276947 -0.24809862395040636 -0.0018795837443512653 0.0006278106041915187 5.576833815983526e-06


#T= 704.3
10.039104979283174 -0.15493528306134124 -0.0016614013906846026 0.000483273579117487 4.71687716270686e-06
10.629640457066571 -0.16279154347300973 -0.0017267209959399565 0.0004938266044050887 4.901189098995871e-06
11.2201628484653 -0.1916115501653552 -0.0017870960143611114 0.0005337065844374665 5.072555582762602e-06
11.810702381252632 -0.21822741332126822 -0.0018447055934629475 0.0005707198107214604 5.236801682243388e-06
12.40124436758731 -0.2047194722412147 -0.0018991054611774416 0.0005516328581511984 5.392609400255218e-06
12.991776945643366 -0.2180309319346675 -0.0019513077137496282 0.000570158488814921 5.5421596690541425e-06
13.582316717434603 -0.24015506650974455 -0.0020016936775455463 0.0006011133386559745 5.6855796292809786e-06
14.172836135276947 -0.26715326986745913 -0.002051080795190785 0.0006390397481931659 5.825901909706239e-06


#T= 735.04
10.039104979283174 -0.1699590326011502 -0.0018095622962874813 0.000494124200969834 4.922742741987376e-06
10.629640457066571 -0.17814007199464296 -0.001880669774536159 0.000504701378266219 5.115001056524392e-06
11.2201628484653 -0.208186649014866 -0.0019464277847021094 0.000544623396336531 5.2938626905947885e-06
11.810702381252632 -0.23594079317710387 -0.0020091981231260547 0.0005816681253656171 5.465385866880835e-06
12.40124436758731 -0.2218460595484397 -0.002068494396578302 0.0005625773748979102 5.628147875838466e-06
12.991776945643366 -0.2357272359702968 -0.002125395935479446 0.0005811182227123428 5.784342284448818e-06
13.582316717434603 -0.25880321528817196 -0.002180287440872064 0.0006120917176841371 5.934061625286318e-06
14.172836135276947 -0.2869675369045241 -0.002234081695615231 0.0006500347184782502 6.080474407389974e-06


#T= 766.44
10.039104979283174 -0.18564270722010595 -0.001967438190817461 0.0005047641856157063 5.1330506929301755e-06
10.629640457066571 -0.19415621902844066 -0.0020447100834815046 0.0005153631481167964 5.333431183879983e-06
11.2201628484653 -0.22545695451902023 -0.0021162046270077894 0.0005553230524820202 5.5199548727796e-06
11.810702381252632 -0.254374757997435 -0.0021844775702959396 0.0005923961633839761 5.698917006653281e-06
12.40124436758731 -0.2396805200585533 -0.002248996152459881 0.0005733019976906898 5.868786789193065e-06
12.991776945643366 -0.25414409875072946 -0.002310908795383426 0.0005918565514157599 6.031771544128196e-06
13.582316717434603 -0.2781929148822453 -0.002370602558116275 0.0006228468355649495 6.187928996763257e-06
14.172836135276947 -0.30754888611490744 -0.002429091743149314 0.0006608047731328927 6.340554929416118e-06


#T= 798.48
10.039104979283174 -0.20198354780620864 -0.0021353392797962556 0.0005151942480724575 5.347671037827393e-06
10.629640457066571 -0.21083697193762999 -0.002219164214828595 0.0005258128872922917 5.556345489156204e-06
11.2201628484653 -0.24341858163037075 -0.0022967603120065405 0.0005658069849553788 5.750693942073134e-06
11.810702381252632 -0.27352462613926953 -0.0023708888779623294 0.0006029057033664003 5.937252248359532e-06
12.40124436758731 -0.25821856083819716 -0.002440966327739602 0.0005838084615106602 6.114378571780582e-06
12.991776945643366 -0.2732768295156015 -0.002508212044961766 0.0006023753783449674 6.284295352021183e-06
13.582316717434603 -0.2983188218477248 -0.0025730143730129384 0.0006333808033221237 6.44702505479747e-06
14.172836135276947 -0.3288911855560824 -0.0026364951340056564 0.0006713522087665685 6.605981511436133e-06


#T= 831.19
10.039104979283174 -0.21900406596378807 -0.002313845514976265 0.0005254311675620121 5.566808943024867e-06
10.629640457066571 -0.22820512303201582 -0.0024046347731214723 0.0005360676294363584 5.7839580295172256e-06
11.2201628484653 -0.2620954559017933 -0.0024887187545417078 0.0005760926771063299 5.986301972880908e-06
11.810702381252632 -0.2934153860160787 -0.0025690765531152238 0.0006132145677201022 6.180620958484112e-06
12.40124436758731 -0.2774846035616166 -0.0026450690182855396 0.0005941145465117175 6.365159277090498e-06
12.991776945643366 -0.29315038266562304 -0.002717988499124857 0.0006126926482301507 6.542156072174426e-06
13.582316717434603 -0.31920679090546833 -0.0027882234848277676 0.0006437117682528495 6.71159775114548e-06
14.172836135276947 -0.35102140247202984 -0.0028570092707873584 0.0006816953535676787 6.877006626060594e-06


#T= 864.55
10.039104979283174 -0.2367010554716766 -0.002503282576419963 0.0005354752279349929 5.7903348731604755e-06
10.629640457066571 -0.24625721972661233 -0.0026014602067334636 0.0005461278524110279 6.016135187555286e-06
11.2201628484653 -0.2814832651721528 -0.0026924305029680795 0.0005861809497786668 6.226641164622043e-06
11.810702381252632 -0.3140419385999978 -0.002779402884570459 0.0006233238358964286 6.428880906453519e-06
12.40124436758731 -0.2974739366632948 -0.002861677687199915 0.0006042212999093704 6.620982115991364e-06
12.991776945643366 -0.3137596535507279 -0.0029406222622512246 0.0006228095338187474 6.805202456003068e-06
13.582316717434603 -0.34085107058184005 -0.0030166240267028854 0.0006538410576194956 6.981491139549628e-06
14.172836135276947 -0.3739330021400783 -0.003091037456457002 0.0006918356727829468 7.153468953812388e-06


#T= 898.57
10.039104979283174 -0.2550867063735066 -0.0027041476935920628 0.000545335904205367 6.018320513656967e-06
10.629640457066571 -0.265005527505241 -0.0028101572475023318 0.0005560032163021162 6.252952325948805e-06
11.2201628484653 -0.3015946209486636 -0.0029084306561912854 0.0005960817891441368 6.471790054508494e-06
11.810702381252632 -0.3354172258604665 -0.003002420719283805 0.0006332437396133867 6.682113494532009e-06
12.40124436758731 -0.31819931610547014 -0.0030913620458647983 0.000614138923029397 6.88193080782819e-06
12.991776945643366 -0.3351175641806807 -0.0031766991392601085 0.0006327363555039533 7.073520346046076e-06
13.582316717434603 -0.3632648688461045 -0.0032588170323322174 0.0006637791382303786 7.256792560181121e-06
14.172836135276947 -0.3976395507662283 -0.003339194915035648 0.0007017837638726845 7.435456461349967e-06


#T= 933.25
10.039104979283174 -0.2741679010316363 -0.0029168936118324496 0.0005550192303314455 6.250770825309603e-06
10.629640457066571 -0.2844569007154649 -0.003031196450073992 0.0005656999123430887 6.494415507306006e-06
11.2201628484653 -0.32243632851820975 -0.0031372065538519678 0.0006058016631837575 6.721755482662358e-06
11.810702381252632 -0.3575480162297895 -0.003238633622650866 0.0006429809551386105 6.940326304620938e-06
12.40124436758731 -0.3396675148226641 -0.00333464105924719 0.0006238740664313565 7.148013063146884e-06
12.991776945643366 -0.35723086965320816 -0.0034267527789921814 0.0006424798648036386 7.3471175638004425e-06
13.582316717434603 -0.38645491890179806 -0.00351535000562464 0.0006735328857019998 7.5375094186473436e-06
14.172836135276947 -0.4221477620443432 -0.0036020419410149884 0.0007115466131580686 7.722975419755134e-06


#T= 968.58
10.039104979283174 -0.29394572832676436 -0.003141917215494061 0.0005645283534791052 6.487624019780005e-06
10.629640457066571 -0.3046122957459033 -0.003264990377502386 0.0005752212226888873 6.7404614957554635e-06
11.2201628484653 -0.3440088983284117 -0.00337918554939165 0.000615344091285373 6.976472610261337e-06
11.810702381252632 -0.38043441463306876 -0.00348848325945994 0.0006525391803182474 7.203453211383463e-06
12.40124436758731 -0.36187883291790746 -0.0035919699439759256 0.0006334304059945944 7.4191606903679955e-06
12.991776945643366 -0.3800996676956024 -0.0036912513106130973 0.0006520438240630582 7.625924101970189e-06
13.582316717434603 -0.41042098792398046 -0.003786703214021969 0.0006831061686244868 7.823569512829562e-06
14.172836135276947 -0.4474570051760701 -0.0038800698655307997 0.0007211281839795433 8.015950925614927e-06


#T= 1004.57
10.039104979283174 -0.3144322396146611 -0.0033797493554743596 0.0005738716562188871 6.728952721932422e-06
10.629640457066571 -0.3254838472984404 -0.003512090832302306 0.0005845756556267003 6.9911667819942995e-06
11.2201628484653 -0.3663248251117933 -0.0036349391500820616 0.0006247178021973018 7.236021346340325e-06
11.810702381252632 -0.4040892568354936 -0.0037525601895112004 0.0006619273096013904 7.471578098804626e-06
12.40124436758731 -0.38484591882571384 -0.003863957274898411 0.0006428168158658712 7.695460122350706e-06
12.991776945643366 -0.40373677792439855 -0.003970820508506279 0.0006614371876591494 7.910029278829309e-06
13.582316717434603 -0.4351761878125059 -0.004073518647043528 0.0006925080398950685 8.115064527896182e-06
14.172836135276947 -0.4735807559479301 -0.004173935661196282 0.0007305376170524494 8.31447649320042e-06


#T= 1041.21
10.039104979283174 -0.3356280673392772 -0.0036308000205522717 0.0005830519870859967 6.9746958807952705e-06
10.629640457066571 -0.3470720593272032 -0.003772924103223829 0.0005937661644316242 7.246469169275706e-06
11.2201628484653 -0.3893841739653194 -0.0039049090010010445 0.0006339259327520502 7.50033817125758e-06
11.810702381252632 -0.4285122077551481 -0.004031320962873508 0.0006711486177489541 7.744637369201328e-06
12.40124436758731 -0.4085686319745043 -0.004151073612796097 0.0006520365539303018 7.976845846314525e-06
12.991776945643366 -0.42814185998707793 -0.004265944317353387 0.0006706632802465272 8.199366664065284e-06
13.582316717434603 -0.46071985085749345 -0.004376292799012305 0.000701741906143553 8.411926983765448e-06
14.172836135276947 -0.500517951530364 -0.004484147191618604 0.0007397783920658863 8.618483447568104e-06


#T= 1078.51
10.039104979283174 -0.3575451954574187 -0.0038956227906226104 0.000592077066689889 7.2249270974529335e-06
10.629640457066571 -0.36938900318050966 -0.00404806573610017 0.0006028005678365258 7.50644663840517e-06
11.2201628484653 -0.41319938339872814 -0.0041896912869887615 0.0006429764733296856 7.76950490473732e-06
11.810702381252632 -0.45371605230484213 -0.004325381812243734 0.0006802112240265064 8.022718521929704e-06
12.40124436758731 -0.4330595692812223 -0.0044539539954691065 0.000661097723746262 8.26340807308334e-06
12.991776945643366 -0.4533276845870713 -0.004577275799199754 0.0006797302677394075 8.494030641665097e-06
13.582316717434603 -0.487065043248666 -0.0046956957051413895 0.000710816009799275 8.714255305436836e-06
14.172836135276947 -0.5282820248581043 -0.004811390125592396 0.0007488588196136183 8.928074141554758e-06


#T= 1116.47
10.039104979283174 -0.3801898389620633 -0.0041747155100040345 0.0006009517627153942 7.479653609938955e-06
10.629640457066571 -0.39244087592170096 -0.004338033457003121 0.0006116838175924973 7.771108670103571e-06
11.2201628484653 -0.4377766192378104 -0.004489822416317679 0.0006518745226259135 8.043532752274e-06
11.810702381252632 -0.47970693289254257 -0.004635297410743533 0.0006891203374332629 8.305837410545256e-06
12.40124436758731 -0.45832487598265864 -0.004773170068173016 0.0006700055208927467 8.55516318915939e-06
12.991776945643366 -0.47930038564600563 -0.004905402945656334 0.0006886433990695473 8.794040629087237e-06
13.582316717434603 -0.5142178850397889 -0.005032330727079426 0.0007197356652468025 9.02207224118238e-06
14.172836135276947 -0.5568790836421288 -0.005156281869950874 0.000757784272379298 9.243274907199069e-06


#T= 1155.08
10.039104979283174 -0.40356199756806943 -0.004468507824022083 0.0006096785186891842 7.738816419805975e-06
10.629640457066571 -0.41622755339060963 -0.004643274248451235 0.0006204184299328383 8.040396551952504e-06
11.2201628484653 -0.4631153265969841 -0.00480576565713875 0.000660622723867441 8.322362717803773e-06
11.810702381252632 -0.5064839005772379 -0.004961547133085276 0.0006978786964948608 8.593939083019608e-06
12.40124436758731 -0.4843637968902538 -0.005109215925848787 0.0006787626723196273 8.852054605109118e-06
12.991776945643366 -0.5060590111637281 -0.005250834167309648 0.0006974054472710557 9.099342246697747e-06
13.582316717434603 -0.5421771005246657 -0.005386719725851918 0.0007285037020435202 9.335326448349721e-06
14.172836135276947 -0.5863074603147352 -0.005519356457138969 0.0007665576302570937 9.564038100161001e-06


#T= 1194.35
10.039104979283174 -0.42767357920584614 -0.004777588131183563 0.0006182641749909341 8.002491937196698e-06
10.629640457066571 -0.44076103561277824 -0.004964400180469397 0.0006290113139310916 8.314393142611534e-06
11.2201628484653 -0.4892278809229657 -0.005138155259196253 0.0006692281059380714 8.60608293281036e-06
11.810702381252632 -0.5340596834201552 -0.005304787231338537 0.0007064934199518384 8.887122855430334e-06
12.40124436758731 -0.511188871306166 -0.005462767859572892 0.000687376285887133 9.154184678761962e-06
12.991776945643366 -0.5336162772376558 -0.005614265357991144 0.0007060235636366625 9.410046163913229e-06
13.582316717434603 -0.5709557049831105 -0.00575957713333608 0.0007371273247301758 9.654138002643427e-06
14.172836135276947 -0.6165805401963239 -0.005901345427936633 0.0007751861451919 9.890493939860988e-06


#T= 1234.28
10.039104979283174 -0.4525304617306874 -0.005102481908011214 0.0006267130101456709 8.270691044820456e-06
10.629640457066571 -0.4660471864950286 -0.005301958146745278 0.0006374668072149744 8.593114398680838e-06
11.2201628484653 -0.5161201218732016 -0.005487558149404492 0.0006776951094895867 8.894712967068354e-06
11.810702381252632 -0.5624401029152427 -0.005665604881954778 0.0007149690257058994 9.18542008391015e-06
12.40124436758731 -0.5388059229081591 -0.00583443102076231 0.0006958508701547057 9.461585689174234e-06
12.991776945643366 -0.5619779987752062 -0.005996319570868991 0.0007145022940580703 9.726192999662494e-06
13.582316717434603 -0.6005595025804488 -0.0061515429855631965 0.0007456111249599492 9.978557677603295e-06
14.172836135276947 -0.6477041178962072 -0.00630290443595527 0.0007836744495708016 1.0222704501004746e-05


#T= 1274.86
10.039104979283174 -0.4781320676699801 -0.0054436386245342305 0.0006350271107013911 8.543359481929751e-06
10.629640457066571 -0.4920853080989186 -0.005656416333330583 0.0006457870476515128 8.876510106323141e-06
11.2201628484653 -0.5437909267652712 -0.005854459959756753 0.0006860259617954385 9.18820475565695e-06
11.810702381252632 -0.5916236468212048 -0.0060445039033538706 0.0007233078080547867 9.48879578130238e-06
12.40124436758731 -0.5672136326559548 -0.006224724700611972 0.0007041887113243352 9.77422147963783e-06
12.991776945643366 -0.5911426621019941 -0.0063975319871190095 0.0007228439571220971 1.0047755434751657e-05
13.582316717434603 -0.6309866586104658 -0.006563167634244138 0.0007539574610100677 1.030856962205141e-05
14.172836135276947 -0.6796759692305964 -0.006724597739648175 0.0007920249369963009 1.0560666949635179e-05


#T= 1316.1
10.039104979283174 -0.5044902553225392 -0.005801682629972049 0.0006432125533610032 8.820580031374034e-06
10.629640457066571 -0.5188873543267504 -0.00602842497142575 0.0006539781608252103 9.164674436951366e-06
11.2201628484653 -0.572252631060877 -0.006239534983443207 0.0006942268735005696 9.48666086842492e-06
11.810702381252632 -0.6216230078235905 -0.006442183734009177 0.0007315160413800819 9.797375004240014e-06
12.40124436758731 -0.5964245039141353 -0.00663436969391995 0.0007123960760986154 1.009222073109183e-05
12.991776945643366 -0.6211229496080038 -0.00681864545146027 0.0007310548503161738 1.037487861585141e-05
13.582316717434603 -0.6622501573821957 -0.006995215118362097 0.0007621726680843882 1.0644338631418484e-05
14.172836135276947 -0.712509450987159 -0.007167209172891376 0.000800243976231583 1.0904567273363862e-05


#T= 1358.0
10.039104979283174 -0.5316106028625782 -0.006177167970079722 0.0006512731049087897 9.102371786952248e-06
10.629640457066571 -0.5464588923790958 -0.006418561708485981 0.0006620439557369275 9.457637817430532e-06
11.2201628484653 -0.6015107829146799 -0.006643382674333509 0.0007023017270375139 9.790119222118319e-06
11.810702381252632 -0.6524437198205759 -0.0068592675680818616 0.0007395976631282315 1.0111221198866917e-05
12.40124436758731 -0.6264440722886743 -0.00706400825793807 0.0007204768953020302 1.0415648516115786e-05
12.991776945643366 -0.6519243900190472 -0.007260322764697236 0.0007391389310329839 1.0707645709051484e-05
13.582316717434603 -0.6943555191986619 -0.0074483681954724545 0.0007702607361218877 1.0985970140126144e-05
14.172836135276947 -0.7462100759790185 -0.007631440169237891 0.0008083355861718465 1.1254535017190855e-05


