Titanium Oxide, Anatase (TiO2)	O2Ti1(cr)
T(K)	Cp	S	-[G-H(Tr)]/T	H-H(Tr)	delta-f H	delta-f G	log Kf
0	0.000	0.000	INFINITE	-8.627	-933.837	-933.837	INFINITE
100	19.159	9.623	89.203	-7.958	-936.632	-919.438	480.265
200	41.865	30.501	54.580	-4.816	-938.318	-901.476	235.441
298.15	55.271	49.907	49.907	0.000	-938.722	-883.266	154.745
300	55.471	50.249	49.908	0.102	-938.721	-882.922	153.730
400	63.593	67.433	52.195	6.095	-938.313	-864.368	112.875
500	68.145	82.156	56.753	12.702	-937.506	-845.970	88.378
600	70.890	94.842	62.069	19.664	-936.529	-827.753	72.062
700	72.655	105.911	67.559	26.846	-935.488	-809.706	60.421
800	73.860	115.696	72.976	34.176	-934.421	-791.810	51.700
900	74.726	124.448	78.218	41.607	-933.386	-774.046	44.924
1000	75.354	132.355	83.242	49.112	-932.464	-756.393	39.510
1100	75.814	139.559	88.039	56.672	-931.729	-738.823	35.084
1200	76.191	146.172	92.612	64.272	-935.171	-721.191	31.393
1300	76.484	152.283	96.970	71.907	-934.101	-703.403	28.263
1400	76.735	157.960	101.126	79.568	-933.112	-685.695	25.584
1500	76.944	163.262	105.094	87.252	-932.219	-668.054	23.264
1600	77.111	168.233	108.886	94.955	-931.438	-650.470	21.236
1700	77.237	172.912	112.516	102.673	-930.785	-632.930	19.448
1800	77.362	177.330	115.995	110.403	-930.274	-615.425	17.859
1900	77.446	181.515	119.335	118.143	-929.921	-597.943	16.439
2000	77.530	185.490	122.544	125.892	-944.427	-580.022	15.149


Nickel (Ni)	Ni1(cr)
T(K)	Cp	S	-[G-H(Tr)]/T	H-H(Tr)	delta-f H	delta-f G	log Kf
0	0.	0.	INFINITE	-4.786	0.	0.	0.
100	13.631	7.454	50.235	-4.278	0.	0.	0.
200	22.468	20.200	32.143	-2.389	0.	0.	0.
250	24.397	25.432	30.290	-1.215	0.	0.	0.
298.15	25.987	29.870	29.870	0.	0.	0.	0.
300	26.024	30.031	29.871	0.048	0.	0.	0.
350	27.294	34.139	30.192	1.381	0.	0.	0.
400	28.493	37.863	30.922	2.776	0.	0.	0.
450	29.623	41.281	31.886	4.228	0.	0.	0.
500	31.045	44.473	32.986	5.743	0.	0.	0.
600	34.853	50.440	35.404	9.022	0.	0.	0.
631.000	39.832	52.263	36.187	10.144	Cp LAMBDA MAXIMUM
631.000	39.832	52.263	36.187	10.144	TRANSITION
700	30.794	55.575	37.941	12.344	0.	0.	0.
800	31.003	59.697	40.408	15.431	0.	0.	0.
900	31.589	63.382	42.759	18.560	0.	0.	0.
1000	32.217	66.742	44.992	21.750	0.	0.	0.
1100	32.928	69.845	47.112	25.007	0.	0.	0.
1200	33.681	72.742	49.128	28.336	0.	0.	0.
1300	34.518	75.471	51.051	31.746	0.	0.	0.
1400	35.397	78.061	52.888	35.241	0.	0.	0.
1500	36.317	80.534	54.649	38.827	0.	0.	0.
1600	37.279	82.908	56.342	42.506	0.	0.	0.
1700	38.284	85.199	57.972	46.286	0.	0.	0.
1728.000	38.535	85.827	58.419	47.361	CRYSTAL <--> LIQUID
1800	39.330	87.411	59.547	50.156	17.161 0.715  0.021
1900	42.677	89.637	61.072	54.275	-16.933	1.704	-0.047
2000	43.806	91.855	62.556	58.599	-16.501	2.674	-0.070
2100	44.978	94.021	64.003	63.038	-15.953	3.620	-0.090
2200	46.191	96.141	65.415	67.596	-15.286	4.536	-0.108
2300	47.447	98.222	66.797	72.278	-14.495	5.420	-0.123
2400	48.702	100.268	68.149	77.085	-13.579	6.267	-0.136
2500	49.957	102.281	69.474	82.018	-12.537	7.073	-0.148


Copper (Cu)	Cu1(cr)
T(K)	Cp	S	-[G-H(Tr)]/T	H-H(Tr)	delta-f H	delta-f G	log Kf
0	0.	0.	INFINITE	-5.007	0.	0.	0.
100	16.010	10.034	53.414	-4.338	0.	0.	0.
200	22.631	23.730	35.354	-2.325	0.	0.	0.
250	23.782	28.915	33.563	-1.162	0.	0.	0.
298.15	24.442	33.164	33.164	0.	0.	0.	0.
300	24.462	33.315	33.164	0.045	0.	0.	0.
350	24.975	37.127	33.464	1.282	0.	0.	0.
400	25.318	40.484	34.136	2.539	0.	0.	0.
450	25.686	43.489	35.011	3.815	0.	0.	0.
500	25.912	46.206	35.997	5.105	0.	0.	0.
600	26.481	50.982	38.107	7.725	0.	0.	0.
700	26.996	55.103	40.247	10.399	0.	0.	0.
800	27.494	58.739	42.336	13.123	0.	0.	0.
900	28.049	62.009	44.343	15.899	0.	0.	0.
1000	28.662	64.994	46.261	18.733	0.	0.	0.
1100	29.479	67.763	48.091	21.638	0.	0.	0.
1200	30.519	70.368	49.840	24.633	0.	0.	0.
1300	32.143	72.871	51.516	27.762	0.	0.	0.
1358.000	33.353	74.300	52.459	29.660	CRYSTAL <--> LIQUID
1400	34.258	75.330	53.129	31.081	13.097 0.406  0.015
1500	36.425	77.767	54.691	34.615	-12.847	1.363	-0.047
1600	38.593	80.187	56.209	38.366	-12.381	2.296	-0.075
1700	40.760	82.592	57.690	42.333	-11.697	3.194	-0.098
1800	42.928	84.983	59.140	46.518	-10.797	4.045	-0.117
1900	45.095	87.362	60.563	50.919	-9.681	4.840	-0.133
2000	47.263	89.730	61.962	55.537	-8.347	5.570	-0.145


Aluminum (Al)	Al1(cr)
T(K)	Cp	S	-[G-H(Tr)]/T	H-H(Tr)	delta-f H	delta-f G	log Kf
0	0.	0.	INFINITE	-4.539	0.	0.	0.
100	12.997	6.987	47.543	-4.056	0.	0.	0.
200	21.338	19.144	30.413	-2.254	0.	0.	0.
250	23.084	24.108	28.668	-1.140	0.	0.	0.
298.15	24.209	28.275	28.275	0.	0.	0.	0.
300	24.247	28.425	28.276	0.045	0.	0.	0.
350	25.113	32.231	28.574	1.280	0.	0.	0.
400	25.784	35.630	29.248	2.553	0.	0.	0.
450	26.335	38.699	30.130	3.856	0.	0.	0.
500	26.842	41.501	31.129	5.186	0.	0.	0.
600	27.886	46.485	33.283	7.921	0.	0.	0.
700	29.100	50.872	35.488	10.769	0.	0.	0.
800	30.562	54.850	37.663	13.749	0.	0.	0.
900	32.308	58.548	39.780	16.890	0.	0.	0.
933.450	32.959	59.738	40.474	17.982	CRYSTAL <--> LIQUID
1000	34.358	62.055	41.834	20.221	10.585 0.760  0.040
1100	36.722	65.438	43.827	23.772	-10.209	1.878	-0.089
1200	39.408	68.746	45.766	27.576	-9.580	2.951	-0.128


Lead (Pb)	Pb1(cr)
T(K)	Cp	S	-[G-H(Tr)]/T	H-H(Tr)	delta-f H	delta-f G	log Kf
0	0.	0.	INFINITE	-6.878	0.	0.	0.
100	24.426	36.829	87.950	-5.112	0.	0.	0.
200	25.870	54.272	67.210	-2.587	0.	0.	0.
250	26.363	60.096	65.225	-1.282	0.	0.	0.
298.15	26.836	64.785	64.785	0.	0.	0.	0.
300	26.853	64.951	64.786	0.050	0.	0.	0.
350	27.288	69.124	65.114	1.403	0.	0.	0.
400	27.723	72.796	65.849	2.779	0.	0.	0.
450	28.139	76.085	66.807	4.175	0.	0.	0.
500	28.549	79.071	67.886	5.592	0.	0.	0.
600	29.404	84.336	70.201	8.481	0.	0.	0.
600.600	29.414	84.366	70.215	8.499	CRYSTAL <--> LIQUID
700	30.367	88.941	72.556	11.470	4.833 0.796  0.059
800	31.342	93.060	74.866	14.556	-4.765	1.598	-0.104
900	32.313	96.808	77.098	17.738	-4.568	2.382	-0.138
1000	33.288	100.263	79.244	21.018	-4.242	3.138	-0.164
1100	34.263	103.481	81.303	24.396	-3.789	3.856	-0.183
1200	35.238	106.504	83.278	27.871	-3.208	4.526	-0.197
1300	36.208	109.363	85.176	31.443	-2.506	5.143	-0.207
1400	37.183	112.082	87.001	35.113	-1.700	5.701	-0.213
1500	38.158	114.681	88.761	38.880	-0.797	6.199	-0.216


Hafnium (Hf)	Hf1(ref)
T(K)	Cp	S	-[G-H(Tr)]/T	H-H(Tr)	delta-f H	delta-f G	log Kf
0	0.	0.	INFINITE	-5.842	0.	0.	0.
100	20.580	17.753	-65.394	-4.764	0.	0.	0.
200	24.418	33.561	-45.871	-2.462	0.	0.	0.
298.15	25.687	43.560	43.560	0.	0.	0.	0.
300	25.708	43.719	43.560	0.048	0.	0.	0.
400	26.751	51.261	44.581	2.672	0.	0.	0.
500	27.692	57.332	46.543	5.394	0.	0.	0.
600	28.583	62.460	48.780	8.208	0.	0.	0.
700	29.445	66.932	51.060	11.110	0.	0.	0.
800	30.288	70.919	53.298	14.097	0.	0.	0.
900	31.120	74.534	55.459	17.167	0.	0.	0.
1000	31.943	77.856	57.535	20.320	0.	0.	0.
1100	32.759	80.938	59.524	23.556	0.	0.	0.
1200	33.572	83.824	61.430	26.872	0.	0.	0.
1300	34.372	86.543	63.258	30.270	0.	0.	0.
1400	35.064	89.115	65.014	33.741	0.	0.	0.
1500	35.765	91.558	66.703	37.283	0.	0.	0.
1600	36.466	93.889	68.330	40.894	0.	0.	0.
1700	37.167	96.121	69.899	44.576	0.	0.	0.
1800	37.868	98.265	71.416	48.328	0.	0.	0.
1900	38.569	100.331	72.884	52.149	0.	0.	0.
2000	39.269	102.327	74.306	56.041	0.	0.	0.
2054.000	39.648	103.378	75.057	58.172	ALPHA <--> BETA
2054.000	33.959	106.255	75.057	64.080	TRANSITION
2100	34.384	107.011	75.749	65.652	0.	0.	0.
2200	35.307	108.632	77.207	69.136	0.	0.	0.
2300	36.231	110.222	78.608	72.713	0.	0.	0.
2400	37.154	111.784	79.957	76.383	0.	0.	0.
2500	38.077	113.353	81.262	80.228	0.	0.	0.
2500.000	38.077	113.353	81.262	80.228	BETA <--> LIQUID
2500.000	37.656	125.068	81.262	109.516	TRANSITION
2600	37.656	126.545	82.976	113.281	0.	0.	0.
2700	37.656	127.966	84.616	117.047	0.	0.	0.
2800	37.656	129.336	86.189	120.813	0.	0.	0.
2900	37.656	130.657	87.699	124.578	0.	0.	0.
3000	37.656	131.934	89.153	128.344	0.	0.	0.
3100	37.656	133.169	90.553	132.109	0.	0.	0.
3200	37.656	134.364	91.903	135.875	0.	0.	0.
3300	37.656	135.523	93.208	139.641	0.	0.	0.
3400	37.656	136.647	94.469	143.406	0.	0.	0.
3500	37.656	137.739	95.690	147.172	0.	0.	0.
3600	37.656	138.799	96.872	150.937	0.	0.	0.
3700	37.656	139.831	98.020	154.703	0.	0.	0.
3800	37.656	140.835	99.133	158.469	0.	0.	0.
3900	37.656	141.814	100.215	162.234	0.	0.	0.
4000	37.656	142.767	101.267	166.000	0.	0.	0.
4100	37.656	143.697	102.291	169.765	0.	0.	0.
4200	37.656	144.604	103.287	173.531	0.	0.	0.
4300	37.656	145.490	104.258	177.297	0.	0.	0.
4400	37.656	146.356	105.205	181.062	0.	0.	0.
4500	37.656	147.202	106.129	184.828	0.	0.	0.
4600	37.656	148.030	107.031	188.593	0.	0.	0.
4700	37.656	148.840	107.912	192.359	0.	0.	0.
4800	37.656	149.632	108.773	196.125	0.	0.	0.
4900	37.656	150.409	109.615	199.890	0.	0.	0.
4963.793	37.656	150.896	110.142	202.292	LIQUID <--> IDEAL GAS
4963.793	37.996	263.754	110.142	762.496	FUGACITY = 1 bar
5000	38.154	264.031	111.256	763.875	0.	0.	0.
5200	39.044	265.544	117.161	771.594	0.	0.	0.
5400	39.964	267.035	122.684	779.494	0.	0.	0.
5600	40.910	268.505	127.866	787.581	0.	0.	0.
5800	41.879	269.958	132.741	795.859	0.	0.	0.
6000	42.870	271.394	137.339	804.334	0.	0.	0.


Carbon (C)	C1(ref)
T(K)	Cp	S	-[G-H(Tr)]/T	H-H(Tr)	delta-f H	delta-f G	log Kf
0	0.	0.	INFINITE	-1.051	0.	0.	0.
100	1.674	0.952	10.867	-0.991	0.	0.	0.
200	5.006	3.082	6.407	-0.665	0.	0.	0.
250	6.816	4.394	5.871	-0.369	0.	0.	0.
298.15	8.517	5.740	5.740	0.	0.	0.	0.
300	8.581	5.793	5.741	0.016	0.	0.	0.
350	10.241	7.242	5.851	0.487	0.	0.	0.
400	11.817	8.713	6.117	1.039	0.	0.	0.
450	13.289	10.191	6.487	1.667	0.	0.	0.
500	14.623	11.662	6.932	2.365	0.	0.	0.
600	16.844	14.533	7.961	3.943	0.	0.	0.
700	18.537	17.263	9.097	5.716	0.	0.	0.
800	19.827	19.826	10.279	7.637	0.	0.	0.
900	20.824	22.221	11.475	9.672	0.	0.	0.
1000	21.610	24.457	12.662	11.795	0.	0.	0.
1100	22.244	26.548	13.831	13.989	0.	0.	0.
1200	22.766	28.506	14.973	16.240	0.	0.	0.
1300	23.204	30.346	16.085	18.539	0.	0.	0.
1400	23.578	32.080	17.167	20.879	0.	0.	0.
1500	23.904	33.718	18.216	23.253	0.	0.	0.
1600	24.191	35.270	19.234	25.658	0.	0.	0.
1700	24.448	36.744	20.221	28.090	0.	0.	0.
1800	24.681	38.149	21.178	30.547	0.	0.	0.
1900	24.895	39.489	22.107	33.026	0.	0.	0.
2000	25.094	40.771	23.008	35.525	0.	0.	0.
2100	25.278	42.000	23.883	38.044	0.	0.	0.
2200	25.453	43.180	24.734	40.581	0.	0.	0.
2300	25.618	44.315	25.561	43.134	0.	0.	0.
2400	25.775	45.408	26.365	45.704	0.	0.	0.
2500	25.926	46.464	27.148	48.289	0.	0.	0.
2600	26.071	47.483	27.911	50.889	0.	0.	0.
2700	26.212	48.470	28.654	53.503	0.	0.	0.
2800	26.348	49.426	29.379	56.131	0.	0.	0.
2900	26.481	50.353	30.086	58.773	0.	0.	0.
3000	26.611	51.253	30.777	61.427	0.	0.	0.
3100	26.738	52.127	31.451	64.095	0.	0.	0.
3200	26.863	52.978	32.111	66.775	0.	0.	0.
3300	26.986	53.807	32.756	69.467	0.	0.	0.
3400	27.106	54.614	33.387	72.172	0.	0.	0.
3500	27.225	55.401	34.005	74.889	0.	0.	0.
3600	27.342	56.170	34.610	77.617	0.	0.	0.
3700	27.459	56.921	35.203	80.357	0.	0.	0.
3800	27.574	57.655	35.784	83.109	0.	0.	0.
3900	27.688	58.372	36.354	85.872	0.	0.	0.
4000	27.801	59.075	36.913	88.646	0.	0.	0.
4100	27.913	59.763	37.462	91.432	0.	0.	0.
4200	28.024	60.437	38.001	94.229	0.	0.	0.
4300	28.134	61.097	38.531	97.037	0.	0.	0.
4400	28.245	61.745	39.051	99.856	0.	0.	0.
4500	28.354	62.381	39.562	102.685	0.	0.	0.
4600	28.462	63.006	40.065	105.526	0.	0.	0.
4700	28.570	63.619	40.560	108.378	0.	0.	0.
4800	28.678	64.222	41.047	111.240	0.	0.	0.
4900	28.785	64.814	41.526	114.114	0.	0.	0.
5000	28.893	65.397	41.997	116.997	0.	0.	0.
5100	28.999	65.970	42.462	119.892	0.	0.	0.
5200	29.106	66.534	42.919	122.797	0.	0.	0.
5300	29.211	67.089	43.370	125.713	0.	0.	0.
5400	29.317	67.636	43.814	128.640	0.	0.	0.
5500	29.422	68.175	44.252	131.577	0.	0.	0.
5600	29.528	68.706	44.684	134.524	0.	0.	0.
5700	29.632	69.230	45.110	137.482	0.	0.	0.
5800	29.737	69.746	45.531	140.451	0.	0.	0.
5900	29.842	70.255	45.945	143.429	0.	0.	0.
6000	29.946	70.758	46.355	146.419	0.	0.	0.


Silicon (Si)	Si1(ref)
T(K)	Cp	S	-[G-H(Tr)]/T	H-H(Tr)	delta-f H	delta-f G	log Kf
0	0.	0.	INFINITE	-3.218	0.	0.	0.
100	7.268	3.833	33.351	-2.952	0.	0.	0.
200	15.636	11.665	20.531	-1.773	0.	0.	0.
298.15	20.000	18.820	18.820	0.	0.	0.	0.
300	20.050	18.943	18.820	0.037	0.	0.	0.
400	22.142	25.032	19.636	2.159	0.	0.	0.
500	23.330	30.110	21.237	4.436	0.	0.	0.
600	24.154	34.440	23.086	6.812	0.	0.	0.
700	24.803	38.212	24.983	9.260	0.	0.	0.
800	25.359	41.562	26.850	11.769	0.	0.	0.
900	25.874	44.579	28.655	14.331	0.	0.	0.
1000	26.338	47.329	30.387	16.942	0.	0.	0.
1100	26.778	49.860	32.044	19.598	0.	0.	0.
1200	27.196	52.208	33.627	22.297	0.	0.	0.
1300	27.614	54.401	35.142	25.037	0.	0.	0.
1400	28.033	56.463	36.592	27.820	0.	0.	0.
1500	28.451	58.411	37.982	30.644	0.	0.	0.
1600	28.870	60.261	39.317	33.510	0.	0.	0.
1685.000	29.225	61.765	40.412	35.979	CRYSTAL <--> LIQUID
1685.000	27.196	91.562	40.412	86.187	TRANSITION
1700	27.196	91.803	40.864	86.595	0.	0.	0.
1800	27.196	93.357	43.738	89.315	0.	0.	0.
1900	27.196	94.827	46.388	92.034	0.	0.	0.
2000	27.196	96.222	48.846	94.754	0.	0.	0.
2100	27.196	97.549	51.133	97.473	0.	0.	0.
2200	27.196	98.815	53.272	100.193	0.	0.	0.
2300	27.196	100.023	55.279	102.913	0.	0.	0.
2400	27.196	101.181	57.167	105.632	0.	0.	0.
2500	27.196	102.291	58.950	108.352	0.	0.	0.
2600	27.196	103.358	60.638	111.071	0.	0.	0.
2700	27.196	104.384	62.239	113.791	0.	0.	0.
2800	27.196	105.373	63.762	116.511	0.	0.	0.
2900	27.196	106.327	65.214	119.230	0.	0.	0.
3000	27.196	107.249	66.600	121.950	0.	0.	0.
3100	27.196	108.141	67.925	124.669	0.	0.	0.
3200	27.196	109.005	69.196	127.389	0.	0.	0.
3300	27.196	109.842	70.415	130.109	0.	0.	0.
3400	27.196	110.653	71.586	132.828	0.	0.	0.
3500	27.196	111.442	72.714	135.548	0.	0.	0.
3504.616	27.196	111.478	72.765	135.673	LIQUID <--> IDEAL GAS
3504.616	23.023	221.204	72.765	520.221	FUGACITY = 1 bar
3600	23.046	221.822	76.706	522.419	0.	0.	0.
3700	23.066	222.454	80.637	524.725	0.	0.	0.
3800	23.081	223.070	84.377	527.032	0.	0.	0.
3900	23.093	223.669	87.941	529.341	0.	0.	0.
4000	23.102	224.254	91.341	531.651	0.	0.	0.
4100	23.108	224.825	94.590	533.961	0.	0.	0.
4200	23.111	225.381	97.698	536.272	0.	0.	0.
4300	23.113	225.925	100.673	538.583	0.	0.	0.
4400	23.112	226.457	103.526	540.895	0.	0.	0.
4500	23.111	226.976	106.264	543.206	0.	0.	0.
4600	23.108	227.484	108.893	545.517	0.	0.	0.
4700	23.104	227.981	111.422	547.827	0.	0.	0.
4800	23.100	228.467	113.855	550.138	0.	0.	0.
4900	23.096	228.943	116.199	552.447	0.	0.	0.
5000	23.092	229.410	118.459	554.757	0.	0.	0.
5100	23.089	229.867	120.639	557.066	0.	0.	0.
5200	23.087	230.316	122.744	559.374	0.	0.	0.
5300	23.086	230.755	124.777	561.683	0.	0.	0.
5400	23.086	231.187	126.744	563.992	0.	0.	0.
5500	23.087	231.610	128.647	566.300	0.	0.	0.
5600	23.091	232.026	130.489	568.609	0.	0.	0.
5700	23.098	232.435	132.274	570.918	0.	0.	0.
5800	23.108	232.837	134.005	573.228	0.	0.	0.
5900	23.121	233.232	135.683	575.539	0.	0.	0.
6000	23.135	233.621	137.312	577.851	0.	0.	0.


Silicon Carbide, Beta (SiC)	C1Si1(cr)
T(K)	Cp	S	-[G-H(Tr)]/T	H-H(Tr)	delta-f H	delta-f G	log Kf
0	0.	0.	INFINITE	-3.270	-72.221	-72.221	INFINITE
100	4.263	1.460	33.062	-3.160	-72.437	-72.104	37.664
200	16.301	8.033	18.740	-2.141	-72.923	-71.580	18.695
298.15	26.840	16.610	16.610	0.	-73.220	-70.850	12.413
300	27.008	16.777	16.611	0.050	-73.223	-70.835	12.333
400	34.100	25.598	17.765	3.133	-73.284	-70.025	9.144
500	38.639	33.727	20.158	6.784	-73.237	-69.215	7.231
600	41.790	41.066	23.042	10.814	-73.161	-68.417	5.956
700	44.108	47.690	26.098	15.115	-73.082	-67.633	5.047
800	45.878	53.700	29.178	19.618	-73.009	-66.859	4.365
900	47.283	59.188	32.212	24.278	-72.945	-66.094	3.836
1000	48.421	64.231	35.165	29.065	-72.892	-65.336	3.413
1100	49.363	68.891	38.022	33.956	-72.851	-64.583	3.067
1200	50.158	73.221	40.777	38.932	-72.824	-63.832	2.779
1300	50.840	77.263	43.430	43.983	-72.813	-63.084	2.535
1400	51.430	81.053	45.984	49.097	-72.821	-62.335	2.326
1500	51.944	84.619	48.442	54.266	-72.851	-61.585	2.145
1600	52.400	87.986	50.809	59.484	-72.904	-60.832	1.986
1700	52.806	91.176	53.090	64.745	-123.160	-59.629	1.832
1800	53.170	94.204	55.291	70.044	-123.038	-55.895	1.622
1900	53.497	97.088	57.416	75.377	-122.903	-52.169	1.434
2000	53.798	99.840	59.469	80.742	-122.757	-48.450	1.265
2100	54.070	102.471	61.454	86.136	-122.601	-44.738	1.113
2200	54.321	104.992	63.376	91.556	-122.438	-41.034	0.974
2300	54.555	107.412	65.239	97.000	-122.267	-37.338	0.848
2400	54.769	109.739	67.045	102.466	-122.090	-33.649	0.732
2500	54.965	111.979	68.797	107.953	-121.908	-29.967	0.626
2600	55.153	114.138	70.500	113.459	-121.722	-26.294	0.528
2700	55.329	116.223	72.155	118.983	-121.531	-22.627	0.438
2800	55.492	118.238	73.765	124.524	-121.338	-18.967	0.354
2900	55.643	120.188	75.332	130.081	-121.142	-15.315	0.276
3000	55.789	122.077	76.859	135.653	-120.944	-11.669	0.203
3100	55.928	123.908	78.348	141.239	-120.746	-8.030	0.135
3200	56.057	125.686	79.799	146.838	-120.546	-4.397	0.072
3300	56.183	127.413	81.216	152.450	-120.346	-0.770	0.012
3400	56.300	129.092	82.600	158.074	-120.146	2.850	-0.044
3500	56.413	130.726	83.951	163.710	-119.946	6.465	-0.096
3600	56.522	132.316	85.273	169.357	-503.899	20.535	-0.298
3700	56.626	133.866	86.565	175.014	-503.288	35.094	-0.495
3800	56.722	135.378	87.830	180.681	-502.679	49.637	-0.682
3900	56.819	136.853	89.068	186.359	-502.074	64.163	-0.859
4000	56.911	138.292	90.281	192.045	-501.472	78.675	-1.027


Titanium (Ti)	Ti1(ref)
T(K)	Cp	S	-[G-H(Tr)]/T	H-H(Tr)	delta-f H	delta-f G	log Kf
0	0.	0.	INFINITE	-4.830	0.	0.	0.
100	14.334	8.261	50.955	-4.269	0.	0.	0.
200	22.367	21.227	32.989	-2.352	0.	0.	0.
298.15	25.238	30.759	30.759	0.	0.	0.	0.
300	25.276	30.915	30.760	0.047	0.	0.	0.
400	26.862	38.423	31.772	2.660	0.	0.	0.
500	27.877	44.534	33.733	5.401	0.	0.	0.
600	28.596	49.683	35.973	8.226	0.	0.	0.
700	29.135	54.134	38.257	11.114	0.	0.	0.
800	29.472	58.039	40.490	14.039	0.	0.	0.
900	30.454	61.561	42.639	17.030	0.	0.	0.
1000	32.074	64.848	44.697	20.151	0.	0.	0.
1100	34.334	68.006	46.673	23.466	0.	0.	0.
1166.000	36.175	70.058	47.938	25.791	ALPHA <--> BETA
1166.000	29.245	73.636	47.938	29.963	TRANSITION
1200	29.459	74.479	48.679	30.961	0.	0.	0.
1300	30.175	76.864	50.756	33.941	0.	0.	0.
1400	31.023	79.131	52.702	37.000	0.	0.	0.
1500	32.003	81.304	54.537	40.150	0.	0.	0.
1600	33.115	83.404	56.276	43.405	0.	0.	0.
1700	34.359	85.448	57.932	46.778	0.	0.	0.
1800	35.736	87.451	59.517	50.281	0.	0.	0.
1900	37.244	89.422	61.039	53.929	0.	0.	0.
1939.000	37.868	90.186	61.617	55.394	BETA <--> LIQUID
1939.000	47.237	97.481	61.617	69.540	TRANSITION
2000	47.237	98.944	62.734	72.421	0.	0.	0.
2100	47.237	101.249	64.513	77.145	0.	0.	0.
2200	47.237	103.446	66.233	81.869	0.	0.	0.
2300	47.237	105.546	67.897	86.592	0.	0.	0.
2400	47.237	107.557	69.508	91.316	0.	0.	0.
2500	47.237	109.485	71.069	96.040	0.	0.	0.
2600	47.237	111.338	72.582	100.764	0.	0.	0.
2700	47.237	113.120	74.051	105.487	0.	0.	0.
2800	47.237	114.838	75.477	110.211	0.	0.	0.
2900	47.237	116.496	76.863	114.935	0.	0.	0.
3000	47.237	118.097	78.211	119.659	0.	0.	0.
3100	47.237	119.646	79.523	124.382	0.	0.	0.
3200	47.237	121.146	80.800	129.106	0.	0.	0.
3300	47.237	122.600	82.045	133.830	0.	0.	0.
3400	47.237	124.010	83.259	138.554	0.	0.	0.
3500	47.237	125.379	84.443	143.277	0.	0.	0.
3600	47.237	126.710	85.598	148.001	0.	0.	0.
3630.956	47.237	127.114	85.951	149.463	LIQUID <--> IDEAL GAS
3630.956	34.219	240.028	85.951	559.447	FUGACITY = 1 bar
3700	34.613	240.676	88.832	561.823	0.	0.	0.
3800	35.173	241.607	92.840	565.313	0.	0.	0.
3900	35.721	242.527	96.667	568.857	0.	0.	0.
4000	36.254	243.439	100.324	572.456	0.	0.	0.
4100	36.772	244.340	103.826	576.108	0.	0.	0.
4200	37.273	245.232	107.182	579.810	0.	0.	0.
4300	37.757	246.115	110.403	583.562	0.	0.	0.
4400	38.223	246.988	113.497	587.361	0.	0.	0.
4500	38.670	247.852	116.473	591.206	0.	0.	0.
4600	39.097	248.707	119.339	595.094	0.	0.	0.
4700	39.505	249.552	122.100	599.025	0.	0.	0.
4800	39.892	250.388	124.764	602.995	0.	0.	0.
4900	40.259	251.214	127.336	607.002	0.	0.	0.
5000	40.606	252.031	129.822	611.046	0.	0.	0.
5200	41.240	253.637	134.554	619.232	0.	0.	0.
5400	41.796	255.204	138.993	627.537	0.	0.	0.
5600	42.277	256.733	143.171	635.945	0.	0.	0.
5800	42.686	258.224	147.113	644.443	0.	0.	0.
6000	43.029	259.677	150.841	653.015	0.	0.	0.


Magnesium Oxide (MgO)	Mg1O1(cr)
T(K)	Cp	S	-[G-H(Tr)]/T	H-H(Tr)	delta-f H	delta-f G	log Kf
0	0.	0.	INFINITE	-5.159	-597.060	-597.060	INFINITE
100	7.802	2.548	52.212	-4.966	-598.962	-589.601	307.976
200	26.681	14.096	30.037	-3.188	-600.646	-579.488	151.347
298.15	37.106	26.924	26.924	0.	-601.241	-568.945	99.677
300	37.244	27.154	26.925	0.069	-601.245	-568.745	99.027
400	42.561	38.678	28.460	4.087	-601.268	-557.898	72.854
500	45.544	48.523	31.513	8.505	-601.046	-547.078	57.153
600	47.430	57.006	35.072	13.160	-600.738	-536.312	46.690
700	48.748	64.420	38.746	17.972	-600.426	-525.600	39.221
800	49.740	70.996	42.374	22.898	-600.156	-514.930	33.621
900	50.539	76.902	45.888	27.913	-599.962	-504.289	29.268
1000	51.208	82.262	49.262	33.001	-608.462	-492.952	25.749
1100	51.794	87.171	52.488	38.151	-608.496	-481.399	22.860
1200	52.325	91.701	55.569	43.358	-608.495	-469.844	20.452
1300	52.810	95.908	58.512	48.615	-608.461	-458.291	18.414
1400	53.262	99.839	61.325	53.918	-735.804	-443.575	16.550
1500	53.693	103.528	64.017	59.266	-734.355	-422.752	14.722
1600	54.107	107.007	66.596	64.656	-732.877	-402.026	13.125
1700	54.509	110.299	69.071	70.087	-731.371	-381.394	11.719
1800	54.898	113.426	71.449	75.558	-729.837	-360.851	10.472
1900	55.278	116.404	73.737	81.067	-728.277	-340.395	9.358
2000	55.651	119.249	75.942	86.613	-726.690	-320.021	8.358
2100	56.019	121.973	78.070	92.197	-725.079	-299.727	7.455
2200	56.379	124.587	80.125	97.816	-723.442	-279.510	6.636
2300	56.738	127.101	82.114	103.472	-721.781	-259.368	5.890
2400	57.094	129.524	84.039	109.164	-720.097	-239.300	5.208
2500	57.445	131.862	85.905	114.891	-718.389	-219.301	4.582
2600	57.797	134.121	87.716	120.653	-716.659	-199.372	4.005
2700	58.145	136.309	89.476	126.450	-714.906	-179.509	3.473
2800	58.491	138.430	91.187	132.282	-713.132	-159.712	2.979
2900	58.836	140.489	92.851	138.148	-711.338	-139.979	2.521
3000	59.177	142.489	94.473	144.049	-709.524	-120.308	2.095
3100	59.516	144.436	96.053	149.987	-707.689	-100.697	1.697
3105.000	59.523	144.532	96.131	150.284	CRYSTAL <--> LIQUID
3200	59.859	146.331	97.595	155.955	705.840  81.147 1.325
3300	60.201	148.178	99.100	161.958	-703.975	-61.654	0.976
3400	60.541	149.980	100.570	167.995	-702.095	-42.218	0.649
3500	60.878	151.740	102.007	174.066	-700.203	-22.837	0.341
3600	61.214	153.460	103.412	180.171	-698.299	-3.511	0.051
3700	61.551	155.142	104.788	186.309	-696.387	15.763	-0.223
3800	61.888	156.787	106.135	192.481	-694.467	34.985	-0.481
3900	62.225	158.399	107.454	198.687	-692.542	54.156	-0.725
4000	62.561	159.979	108.748	204.926	-690.613	73.277	-0.957


Sodium Chloride (NaCl)	Cl1Na1(cr)
T(K)	Cp	S	-[G-H(Tr)]/T	H-H(Tr)	delta-f H	delta-f G	log Kf
0	0.	0.	INFINITE	-10.611	-410.693	-410.693	INFINITE
100	34.932	23.723	114.140	-9.042	-411.920	-402.460	210.224
200	46.873	52.605	76.643	-4.807	-411.660	-393.046	102.653
298.15	50.509	72.115	72.115	0.	-411.120	-384.024	67.279
300	50.543	72.428	72.116	0.093	-411.110	-383.856	66.835
400	52.350	87.226	74.122	5.242	-413.318	-374.636	48.922
500	53.940	99.080	77.966	10.557	-412.890	-365.010	38.132
600	55.476	109.050	82.337	16.028	-412.252	-355.491	30.948
700	57.204	117.727	86.786	21.659	-411.408	-346.095	25.826
800	59.312	125.498	91.147	27.481	-410.346	-336.834	21.993
900	61.869	132.627	95.365	33.536	-409.038	-327.721	19.020
1000	64.865	139.296	99.428	39.868	-407.461	-318.768	16.651
1073.800	67.371	144.002	102.330	44.747	CRYSTAL <--> LIQUID
1100	68.325	145.637	103.343	46.524	405.588  309.986 14.720
1200	71.965	151.742	107.123	53.542	-500.162	-298.950	13.013
1300	75.145	157.633	110.783	60.905	-496.764	-282.318	11.344
1400	77.530	163.293	114.333	68.544	-493.094	-265.958	9.923
1500	79.245	168.704	117.779	76.388	-489.224	-249.868	8.701


Iron (Fe)	Fe1(ref)
T(K)	Cp	S	-[G-H(Tr)]/T	H-H(Tr)	delta-f H	delta-f G	log Kf
0	0.	0.	INFINITE	-4.507	0.	0.	0.
100	12.101	6.065	46.905	-4.084	0.	0.	0.
200	21.588	17.949	29.524	-2.315	0.	0.	0.
298.15	25.094	27.321	27.321	0.	0.	0.	0.
300	25.140	27.476	27.321	0.046	0.	0.	0.
400	27.386	35.021	28.335	2.674	0.	0.	0.
500	29.702	41.377	30.323	5.527	0.	0.	0.
600	32.049	46.997	32.642	8.613	0.	0.	0.
700	34.602	52.119	35.063	11.939	0.	0.	0.
800	37.949	56.940	37.498	15.553	0.	0.	0.
900	43.095	61.679	39.922	19.582	0.	0.	0.
1000	54.434	66.672	42.342	24.329	0.	0.	0.
1042.000	83.680	69.245	43.372	26.960	Cp LAMBDA MAXIMUM
1042.000	83.681	69.245	43.372	26.960	TRANSITION
1100	46.401	72.062	44.815	29.972	0.	0.	0.
1184.000	41.422	75.260	46.865	33.619	ALPHA <--> GAMMA
1184.000	33.882	76.020	46.865	34.519	TRANSITION
1200	34.016	76.476	47.257	35.062	0.	0.	0.
1300	34.853	79.231	49.612	38.505	0.	0.	0.
1400	35.690	81.845	51.822	42.033	0.	0.	0.
1500	36.526	84.336	53.907	45.643	0.	0.	0.
1600	37.363	86.720	55.884	49.338	0.	0.	0.
1665.000	37.907	88.218	57.117	51.784	GAMMA <--> DELTA
1665.000	41.112	88.721	57.117	52.621	TRANSITION
1700	41.463	89.580	57.776	54.066	0.	0.	0.
1800	42.468	91.978	59.610	58.263	0.	0.	0.
1809.000	42.558	92.190	59.772	58.645	DELTA <--> LIQUID
1809.000	46.024	99.823	59.772	72.452	TRANSITION
1900	46.024	102.082	61.744	76.641	0.	0.	0.
2000	46.024	104.442	63.821	81.243	0.	0.	0.
2100	46.024	106.688	65.809	85.845	0.	0.	0.
2200	46.024	108.829	67.716	90.448	0.	0.	0.
2300	46.024	110.875	69.549	95.050	0.	0.	0.
2400	46.024	112.833	71.312	99.653	0.	0.	0.
2500	46.024	114.712	73.010	104.255	0.	0.	0.
2600	46.024	116.517	74.649	108.857	0.	0.	0.
2700	46.024	118.254	76.232	113.460	0.	0.	0.
2800	46.024	119.928	77.763	118.062	0.	0.	0.
2900	46.024	121.543	79.245	122.665	0.	0.	0.
3000	46.024	123.103	80.681	127.267	0.	0.	0.
3133.345	46.024	125.105	82.529	133.404	LIQUID <--> IDEAL GAS
3133.345	26.642	236.674	82.530	482.989	FUGACITY = 1 bar
3200	26.856	237.237	85.746	484.772	0.	0.	0.
3400	27.511	238.885	94.706	490.208	0.	0.	0.
3600	28.192	240.477	102.761	495.778	0.	0.	0.
3800	28.905	242.020	110.050	501.487	0.	0.	0.
4000	29.654	243.521	116.686	507.342	0.	0.	0.
4200	30.442	244.987	122.761	513.351	0.	0.	0.
4400	31.270	246.422	128.349	519.521	0.	0.	0.
4600	32.142	247.831	133.514	525.862	0.	0.	0.
4800	33.058	249.219	138.306	532.381	0.	0.	0.
5000	34.022	250.587	142.770	539.088	0.	0.	0.
5200	35.040	251.941	146.943	545.993	0.	0.	0.
5400	36.120	253.284	150.856	553.108	0.	0.	0.
5600	37.274	254.618	154.538	560.446	0.	0.	0.
5800	38.513	255.947	158.012	568.024	0.	0.	0.
6000	39.853	257.275	161.299	575.858	0.	0.	0.


Magnesium (Mg)	Mg1(ref)
T(K)	Cp	S	-[G-H(Tr)]/T	H-H(Tr)	delta-f H	delta-f G	log Kf
0	0.	0.	INFINITE	-4.998	0.	0.	0.
100	15.762	9.505	53.066	-4.356	0.	0.	0.
200	22.724	23.143	34.888	-2.349	0.	0.	0.
298.15	24.869	32.671	32.671	0.	0.	0.	0.
300	24.897	32.825	32.671	0.046	0.	0.	0.
400	26.144	40.167	33.664	2.601	0.	0.	0.
500	27.171	46.113	35.578	5.268	0.	0.	0.
600	28.184	51.156	37.764	8.035	0.	0.	0.
700	29.279	55.581	39.999	10.907	0.	0.	0.
800	30.507	59.569	42.200	13.895	0.	0.	0.
900	31.895	63.241	44.336	17.014	0.	0.	0.
923.000	32.238	64.050	44.818	17.751	CRYSTAL <--> LIQUID
923.000	34.309	73.234	44.818	26.228	TRANSITION
1000	34.309	75.983	47.113	28.870	0.	0.	0.
1100	34.309	79.253	49.888	32.301	0.	0.	0.
1200	34.309	82.238	52.462	35.732	0.	0.	0.
1300	34.309	84.984	54.859	39.163	0.	0.	0.
1366.104	34.309	86.686	56.358	41.431	LIQUID <--> IDEAL GAS
1366.104	20.786	180.286	56.359	169.298	FUGACITY = 1 bar
1400	20.786	180.796	59.365	170.003	0.	0.	0.
1500	20.786	182.230	67.509	172.082	0.	0.	0.
1600	20.786	183.571	74.721	174.160	0.	0.	0.
1700	20.786	184.832	81.162	176.239	0.	0.	0.
1800	20.787	186.020	86.954	178.317	0.	0.	0.
1900	20.787	187.144	92.198	180.396	0.	0.	0.
2000	20.789	188.210	96.972	182.475	0.	0.	0.
2100	20.791	189.224	101.341	184.554	0.	0.	0.
2200	20.795	190.192	105.358	186.633	0.	0.	0.
2300	20.802	191.116	109.067	188.713	0.	0.	0.
2400	20.812	192.002	112.504	190.794	0.	0.	0.
2500	20.826	192.851	115.701	192.875	0.	0.	0.
2600	20.846	193.669	118.684	194.959	0.	0.	0.
2700	20.874	194.456	121.476	197.045	0.	0.	0.
2800	20.909	195.216	124.096	199.134	0.	0.	0.
2900	20.956	195.950	126.561	201.227	0.	0.	0.
3000	21.014	196.661	128.886	203.326	0.	0.	0.
3100	21.085	197.352	131.084	205.430	0.	0.	0.
3200	21.172	198.022	133.165	207.543	0.	0.	0.
3300	21.275	198.675	135.140	209.665	0.	0.	0.
3400	21.396	199.312	137.019	211.799	0.	0.	0.
3500	21.537	199.934	138.807	213.945	0.	0.	0.
3600	21.697	200.543	140.514	216.107	0.	0.	0.
3700	21.879	201.140	142.144	218.285	0.	0.	0.
3800	22.083	201.726	143.705	220.483	0.	0.	0.
3900	22.310	202.303	145.200	222.703	0.	0.	0.
4000	22.559	202.871	146.634	224.946	0.	0.	0.
4100	22.832	203.431	148.013	227.215	0.	0.	0.
4200	23.128	203.985	149.339	229.513	0.	0.	0.
4300	23.447	204.533	150.616	231.842	0.	0.	0.
4400	23.789	205.076	151.848	234.203	0.	0.	0.
4500	24.152	205.614	153.037	236.600	0.	0.	0.
4600	24.537	206.149	154.185	239.034	0.	0.	0.
4700	24.944	206.681	155.297	241.508	0.	0.	0.
4800	25.372	207.211	156.373	244.023	0.	0.	0.
4900	25.820	207.739	157.416	246.583	0.	0.	0.
5000	26.287	208.265	158.427	249.188	0.	0.	0.
5100	26.773	208.790	159.410	251.841	0.	0.	0.
5200	27.276	209.315	160.364	254.543	0.	0.	0.
5300	27.794	209.839	161.293	257.296	0.	0.	0.
5400	28.329	210.364	162.197	260.102	0.	0.	0.
5500	28.878	210.888	163.077	262.962	0.	0.	0.
5600	29.442	211.414	163.936	265.878	0.	0.	0.
5700	30.020	211.940	164.773	268.851	0.	0.	0.
5800	30.610	212.467	165.591	271.882	0.	0.	0.
5900	31.213	212.996	166.390	274.973	0.	0.	0.
6000	31.827	213.525	167.171	278.125	0.	0.	0.


Tungsten (W)	W1(ref)
T(K)	Cp	S	-[G-H(Tr)]/T	H-H(Tr)	delta-f H	delta-f G	log Kf
0	0.	0.	INFINITE	-4.973	0.	0.	0.
100	16.033	9.612	52.820	-4.321	0.	0.	0.
200	22.489	23.273	34.839	-2.313	0.	0.	0.
250	23.686	28.431	33.056	-1.156	0.	0.	0.
298.15	24.295	32.660	32.660	0.	0.	0.	0.
300	24.313	32.810	32.660	0.045	0.	0.	0.
350	24.644	36.583	32.957	1.269	0.	0.	0.
400	24.928	39.893	33.622	2.509	0.	0.	0.
450	25.144	42.842	34.485	3.760	0.	0.	0.
500	25.359	45.502	35.456	5.023	0.	0.	0.
600	25.790	50.163	37.529	7.580	0.	0.	0.
700	26.229	54.172	39.627	10.181	0.	0.	0.
800	26.669	57.703	41.670	12.826	0.	0.	0.
900	27.112	60.870	43.631	15.515	0.	0.	0.
1000	27.564	63.750	45.501	18.249	0.	0.	0.
1100	28.017	66.398	47.282	21.028	0.	0.	0.
1200	28.472	68.855	48.978	23.852	0.	0.	0.
1300	28.930	71.152	50.596	26.722	0.	0.	0.
1400	29.393	73.313	52.143	29.639	0.	0.	0.
1500	29.862	75.357	53.623	32.601	0.	0.	0.
1600	30.334	77.299	55.042	35.611	0.	0.	0.
1700	30.807	79.152	56.407	38.668	0.	0.	0.
1800	31.284	80.927	57.720	41.773	0.	0.	0.
1900	31.765	82.631	58.986	44.925	0.	0.	0.
2000	32.254	84.273	60.210	48.126	0.	0.	0.
2100	32.744	85.858	61.394	51.376	0.	0.	0.
2200	33.238	87.393	62.541	54.675	0.	0.	0.
2300	33.736	88.881	63.654	58.024	0.	0.	0.
2400	34.233	90.328	64.735	61.422	0.	0.	0.
2500	34.736	91.735	65.787	64.870	0.	0.	0.
2600	35.246	93.106	66.812	68.366	0.	0.	0.
2700	36.192	94.453	67.811	71.935	0.	0.	0.
2800	37.447	95.791	68.786	75.613	0.	0.	0.
2900	39.120	97.133	69.740	79.440	0.	0.	0.
3000	41.003	98.490	70.676	83.442	0.	0.	0.
3100	43.430	99.873	71.595	87.662	0.	0.	0.
3200	46.024	101.292	72.501	92.132	0.	0.	0.
3300	48.953	102.752	73.396	96.877	0.	0.	0.
3400	52.300	104.261	74.281	101.933	0.	0.	0.
3500	56.484	105.835	75.160	107.363	0.	0.	0.
3600	61.714	107.499	76.035	113.270	0.	0.	0.
3680.000	66.149	108.904	76.734	118.383	CRYSTAL <--> LIQUID
3680.000	35.564	118.522	76.734	153.780	TRANSITION
3700	35.564	118.715	76.961	154.491	0.	0.	0.
3800	35.564	119.663	78.072	158.048	0.	0.	0.
3900	35.564	120.587	79.150	161.604	0.	0.	0.
4000	35.564	121.488	80.197	165.161	0.	0.	0.
4100	35.564	122.366	81.215	168.717	0.	0.	0.
4200	35.564	123.223	82.205	172.273	0.	0.	0.
4300	35.564	124.060	83.169	175.830	0.	0.	0.
4400	35.564	124.877	84.108	179.386	0.	0.	0.
4500	35.564	125.676	85.023	182.943	0.	0.	0.
4600	35.564	126.458	85.915	186.499	0.	0.	0.
4700	35.564	127.223	86.786	190.055	0.	0.	0.
4800	35.564	127.972	87.636	193.612	0.	0.	0.
4900	35.564	128.705	88.467	197.168	0.	0.	0.
5000	35.564	129.423	89.279	200.725	0.	0.	0.
5100	35.564	130.128	90.073	204.281	0.	0.	0.
5200	35.564	130.818	90.850	207.837	0.	0.	0.
5300	35.564	131.496	91.610	211.394	0.	0.	0.
5400	35.564	132.161	92.355	214.950	0.	0.	0.
5500	35.564	132.813	93.085	218.507	0.	0.	0.
5600	35.564	133.454	93.800	222.063	0.	0.	0.
5700	35.564	134.083	94.501	225.619	0.	0.	0.
5800	35.564	134.702	95.189	229.176	0.	0.	0.
5900	35.564	135.310	95.864	232.732	0.	0.	0.
6000	35.564	135.908	96.526	236.289	0.	0.	0.


Mercury (Hg)	Hg1(ref)
T(K)	Cp	S	-[G-H(Tr)]/T	H-H(Tr)	delta-f H	delta-f G	log Kf
0	0.	0.	INFINITE	-9.343	0.	0.	0.
100	24.255	37.219	113.592	-7.637	0.	0.	0.
200	27.275	55.022	80.284	-5.052	0.	0.	0.
234.290	28.485	59.428	76.915	-4.097	CRYSTAL <--> LIQUID
234.290	28.476	69.225	76.915	-1.802	TRANSITION
298.15	27.978	76.028	76.028	0.	0.	0.	0.
300	27.963	76.201	76.028	0.052	0.	0.	0.
400	27.414	84.161	77.118	2.817	0.	0.	0.
500	27.175	90.248	79.158	5.545	0.	0.	0.
600	27.139	95.197	81.432	8.259	0.	0.	0.
629.839	27.164	96.514	82.115	9.069	LIQUID <--> IDEAL GAS
629.839	20.786	190.515	82.115	68.274	FUGACITY = 1 bar
700	20.786	192.710	93.092	69.733	0.	0.	0.
800	20.786	195.486	105.722	71.811	0.	0.	0.
900	20.786	197.934	115.834	73.890	0.	0.	0.
1000	20.786	200.124	124.156	75.969	0.	0.	0.
1100	20.786	202.105	131.153	78.047	0.	0.	0.
1200	20.786	203.914	137.143	80.126	0.	0.	0.
1300	20.786	205.578	142.344	82.204	0.	0.	0.
1400	20.786	207.118	146.916	84.283	0.	0.	0.
1500	20.786	208.552	150.978	86.362	0.	0.	0.
1600	20.786	209.894	154.619	88.440	0.	0.	0.
1700	20.786	211.154	157.908	90.519	0.	0.	0.
1800	20.786	212.342	160.899	92.597	0.	0.	0.
1900	20.786	213.466	163.636	94.676	0.	0.	0.
2000	20.786	214.532	166.155	96.755	0.	0.	0.
2100	20.786	215.546	168.483	98.833	0.	0.	0.
2200	20.786	216.513	170.644	100.912	0.	0.	0.
2300	20.786	217.437	172.659	102.990	0.	0.	0.
2400	20.786	218.322	174.543	105.069	0.	0.	0.
2500	20.786	219.170	176.311	107.148	0.	0.	0.
2600	20.786	219.986	177.975	109.226	0.	0.	0.
2700	20.786	220.770	179.546	111.305	0.	0.	0.
2800	20.786	221.526	181.032	113.383	0.	0.	0.
2900	20.786	222.255	182.441	115.462	0.	0.	0.
3000	20.786	222.960	183.780	117.541	0.	0.	0.
3100	20.786	223.642	185.055	119.619	0.	0.	0.
3200	20.786	224.302	186.271	121.698	0.	0.	0.
3300	20.787	224.941	187.433	123.776	0.	0.	0.
3400	20.787	225.562	188.546	125.855	0.	0.	0.
3500	20.787	226.164	189.612	127.934	0.	0.	0.
3600	20.788	226.750	190.635	130.013	0.	0.	0.
3700	20.789	227.319	191.619	132.091	0.	0.	0.
3800	20.790	227.874	192.566	134.170	0.	0.	0.
3900	20.791	228.414	193.478	136.249	0.	0.	0.
4000	20.793	228.940	194.358	138.329	0.	0.	0.
4100	20.795	229.454	195.208	140.408	0.	0.	0.
4200	20.798	229.955	196.029	142.488	0.	0.	0.
4300	20.802	230.444	196.824	144.568	0.	0.	0.
4400	20.807	230.923	197.594	146.648	0.	0.	0.
4500	20.813	231.390	198.339	148.729	0.	0.	0.
4600	20.820	231.848	199.063	150.811	0.	0.	0.
4700	20.829	232.296	199.765	152.893	0.	0.	0.
4800	20.839	232.734	200.448	154.977	0.	0.	0.
4900	20.851	233.164	201.111	157.061	0.	0.	0.
5000	20.866	233.586	201.756	159.147	0.	0.	0.
5100	20.882	233.999	202.384	161.234	0.	0.	0.
5200	20.902	234.405	202.996	163.324	0.	0.	0.
5300	20.924	234.803	203.593	165.415	0.	0.	0.
5400	20.949	235.194	204.174	167.508	0.	0.	0.
5500	20.978	235.579	204.742	169.605	0.	0.	0.
5600	21.010	235.957	205.296	171.704	0.	0.	0.
5700	21.046	236.329	205.837	173.807	0.	0.	0.
5800	21.087	236.696	206.366	175.913	0.	0.	0.
5900	21.132	237.057	206.883	178.024	0.	0.	0.
6000	21.182	237.412	207.389	180.140	0.	0.	0.


Aluminum Oxide, Alpha (Al2O3)	Al2O3(cr)
T(K)	Cp	S	-[G-H(Tr)]/T	H-H(Tr)	delta-f H	delta-f G	log Kf
0	0.	0.	INFINITE	-10.020	-1663.608	-1663.608	INFINITE
100	12.855	4.295	101.230	-9.693	-1668.606	-1641.642	857.506
200	51.120	24.880	57.381	-6.500	-1673.383	-1612.656	421.183
298.15	79.015	50.950	50.950	0.	-1675.692	-1582.275	277.208
300	79.416	51.440	50.951	0.147	-1675.717	-1581.696	275.398
400	96.086	76.779	54.293	8.995	-1676.342	-1550.226	202.439
500	106.131	99.388	61.098	19.145	-1676.045	-1518.718	158.659
600	112.545	119.345	69.177	30.101	-1675.300	-1487.319	129.483
700	116.926	137.041	77.632	41.586	-1674.391	-1456.059	108.652
800	120.135	152.873	86.065	53.447	-1673.498	-1424.931	93.038
900	122.662	167.174	94.296	65.591	-1672.744	-1393.908	80.900
1000	124.771	180.210	102.245	77.965	-1693.394	-1361.437	71.114
1100	126.608	192.189	109.884	90.535	-1692.437	-1328.286	63.075
1200	128.252	203.277	117.211	103.280	-1691.366	-1295.228	56.380
1300	129.737	213.602	124.233	116.180	-1690.190	-1262.264	50.718
1400	131.081	223.267	130.965	129.222	-1688.918	-1229.393	45.869
1500	132.290	232.353	137.425	142.392	-1687.561	-1196.617	41.670
1600	133.361	240.925	143.628	155.675	-1686.128	-1163.934	37.999
1700	134.306	249.039	149.592	169.060	-1684.632	-1131.342	34.762
1800	135.143	256.740	155.333	182.533	-1683.082	-1098.841	31.888
1900	135.896	264.067	160.864	196.085	-1681.489	-1066.426	29.318
2000	136.608	271.056	166.201	209.710	-1679.858	-1034.096	27.008
2100	137.319	277.738	171.354	223.407	-1678.190	-1001.849	24.920
2200	138.030	284.143	176.336	237.174	-1676.485	-969.681	23.023
2300	138.741	290.294	181.158	251.013	-1674.743	-937.593	21.293
2327.000	138.934	291.914	182.434	254.761	ALPHA <--> LIQUID
2400	139.453	296.214	185.829	264.922	1672.963  905.582 19.709
2500	140.206	301.922	190.360	278.905	-1671.142	-873.645	18.254
2600	140.959	307.435	194.757	292.963	-1669.279	-841.781	16.912
2700	141.754	312.770	199.030	307.098	-1667.369	-809.990	15.670
2800	142.591	317.940	203.185	321.315	-2253.212	-776.335	14.483
2900	143.511	322.960	207.229	335.620	-2249.002	-723.665	13.035
3000	144.474	327.841	211.168	350.019	-2244.729	-671.139	11.686


Cesium (Cs)	Cs1(ref)
T(K)	Cp	S	-[G-H(Tr)]/T	H-H(Tr)	delta-f H	delta-f G	log Kf
0	0.	0.	INFINITE	-7.717	0.	0.	0.
100	25.812	54.952	110.635	-5.568	0.	0.	0.
200	27.804	73.453	87.892	-2.888	0.	0.	0.
298.15	32.195	85.147	85.147	0.	0.	0.	0.
300	32.355	85.347	85.148	0.060	0.	0.	0.
301.550	32.501	85.514	85.149	0.110	CRYSTAL <--> LIQUID
301.550	32.393	92.436	85.149	2.197	TRANSITION
400	31.518	101.458	88.110	5.339	0.	0.	0.
500	31.154	108.448	91.506	8.471	0.	0.	0.
600	30.999	114.113	94.817	11.578	0.	0.	0.
700	30.941	118.887	97.923	14.674	0.	0.	0.
800	30.932	123.017	100.808	17.768	0.	0.	0.
900	30.957	126.662	103.482	20.862	0.	0.	0.
947.967	30.976	128.270	104.696	22.348	LIQUID <--> IDEAL GAS
947.967	20.786	199.643	104.696	90.007	FUGACITY = 1 bar
1000	20.786	200.754	109.665	91.089	0.	0.	0.
1100	20.788	202.735	118.037	93.167	0.	0.	0.
1200	20.791	204.544	125.172	95.246	0.	0.	0.
1300	20.799	206.208	131.342	97.326	0.	0.	0.
1400	20.814	207.750	136.746	99.406	0.	0.	0.
1500	20.841	209.187	141.528	101.489	0.	0.	0.
1600	20.886	210.533	145.799	103.575	0.	0.	0.
1700	20.952	211.802	149.645	105.667	0.	0.	0.
1800	21.048	213.002	153.131	107.767	0.	0.	0.
1900	21.178	214.143	156.313	109.878	0.	0.	0.
2000	21.349	215.233	159.232	112.004	0.	0.	0.
2100	21.564	216.280	161.924	114.149	0.	0.	0.
2200	21.830	217.289	164.417	116.318	0.	0.	0.
2300	22.150	218.266	166.737	118.517	0.	0.	0.
2400	22.527	219.217	168.904	120.750	0.	0.	0.
2500	22.960	220.145	170.935	123.023	0.	0.	0.
2600	23.456	221.055	172.846	125.344	0.	0.	0.
2700	24.016	221.950	174.648	127.717	0.	0.	0.
2800	24.639	222.835	176.353	130.149	0.	0.	0.
2900	25.326	223.711	177.971	132.646	0.	0.	0.
3000	26.082	224.582	179.510	135.216	0.	0.	0.
3100	26.905	225.451	180.978	137.864	0.	0.	0.
3200	27.796	226.319	182.381	140.599	0.	0.	0.
3300	28.599	227.175	183.725	143.384	0.	0.	0.
3400	29.572	228.043	185.016	146.293	0.	0.	0.
3500	30.600	228.915	186.258	149.301	0.	0.	0.
3600	31.680	229.792	187.455	152.414	0.	0.	0.
3700	32.770	230.671	188.610	155.625	0.	0.	0.
3800	33.902	231.557	189.729	158.949	0.	0.	0.
3900	35.036	232.447	190.812	162.375	0.	0.	0.
4000	36.250	233.349	191.864	165.939	0.	0.	0.
4100	37.488	234.259	192.887	169.626	0.	0.	0.
4200	38.744	235.178	193.883	173.438	0.	0.	0.
4300	40.010	236.104	194.854	177.375	0.	0.	0.
4400	40.717	236.965	195.795	181.147	0.	0.	0.
4500	40.901	237.756	196.706	184.728	0.	0.	0.
4600	41.940	238.667	197.608	188.871	0.	0.	0.
4700	42.950	239.580	198.491	193.115	0.	0.	0.
4800	43.924	240.494	199.357	197.459	0.	0.	0.
4900	44.859	241.409	200.206	201.899	0.	0.	0.
5000	45.748	242.325	201.039	206.430	0.	0.	0.
5100	46.588	243.239	201.857	211.047	0.	0.	0.
5200	46.722	244.034	202.647	215.214	0.	0.	0.
5300	47.407	244.931	203.436	219.921	0.	0.	0.
5400	47.729	245.763	204.205	224.415	0.	0.	0.
5500	48.117	246.611	204.964	229.060	0.	0.	0.
5600	48.599	247.483	205.716	233.896	0.	0.	0.
5700	49.022	248.347	206.456	238.778	0.	0.	0.
5800	49.385	249.203	207.186	243.699	0.	0.	0.
5900	49.689	250.049	207.905	248.653	0.	0.	0.
6000	49.935	250.887	208.614	253.634	0.	0.	0.


Sodium (Na)	Na1(ref)
T(K)	Cp	S	-[G-H(Tr)]/T	H-H(Tr)	delta-f H	delta-f G	log Kf
0	0.	0.	INFINITE	-6.447	0.	0.	0.
55.120	18.800	11.738	121.072	-6.027	Cp HUMP MAXIMUM
55.120	18.791	11.738	121.072	-6.027	TRANSITION
100	22.451	23.814	74.885	-5.107	0.	0.	0.
200	25.987	40.697	53.954	-2.651	0.	0.	0.
250	27.008	46.604	51.911	-1.327	0.	0.	0.
298.15	28.154	51.455	51.455	0.	0.	0.	0.
300	28.204	51.629	51.455	0.052	0.	0.	0.
370.980	31.583	57.898	52.098	2.152	CRYSTAL <--> LIQUID
370.980	31.827	64.915	52.098	4.755	TRANSITION
400	31.510	67.301	53.116	5.674	0.	0.	0.
500	30.552	74.225	56.675	8.775	0.	0.	0.
600	29.807	79.726	60.074	11.791	0.	0.	0.
700	29.271	84.278	63.216	14.743	0.	0.	0.
800	28.945	88.163	66.097	17.652	0.	0.	0.
900	28.836	91.564	68.742	20.540	0.	0.	0.
1000	28.945	94.606	71.179	23.427	0.	0.	0.
1100	29.259	97.377	73.436	26.335	0.	0.	0.
1170.525	29.613	99.206	74.934	28.411	LIQUID <--> IDEAL GAS
1170.525	20.786	182.094	74.934	125.433	FUGACITY = 1 bar
1200	20.786	182.611	77.573	126.046	0.	0.	0.
1300	20.786	184.275	85.717	128.124	0.	0.	0.
1400	20.786	185.815	92.813	130.203	0.	0.	0.
1500	20.787	187.249	99.061	132.282	0.	0.	0.
1600	20.787	188.591	104.616	134.360	0.	0.	0.
1700	20.789	189.851	109.593	136.439	0.	0.	0.
1800	20.792	191.039	114.085	138.518	0.	0.	0.
1900	20.797	192.164	118.165	140.598	0.	0.	0.
2000	20.805	193.231	121.892	142.678	0.	0.	0.
2100	20.816	194.246	125.313	144.759	0.	0.	0.
2200	20.833	195.215	128.469	146.841	0.	0.	0.
2300	20.856	196.141	131.391	148.925	0.	0.	0.
2400	20.886	197.029	134.108	151.012	0.	0.	0.
2500	20.924	197.883	136.642	153.103	0.	0.	0.
2600	20.973	198.704	139.013	155.198	0.	0.	0.
2700	21.032	199.497	141.238	157.298	0.	0.	0.
2800	21.104	200.263	143.333	159.405	0.	0.	0.
2900	21.189	201.005	145.309	161.519	0.	0.	0.
3000	21.289	201.725	147.177	163.643	0.	0.	0.
3100	21.403	202.425	148.948	165.777	0.	0.	0.
3200	21.535	203.106	150.630	167.924	0.	0.	0.
3300	21.680	203.771	152.230	170.084	0.	0.	0.
3400	21.845	204.421	153.756	172.260	0.	0.	0.
3500	22.030	205.057	155.213	174.454	0.	0.	0.
3600	22.234	205.680	156.606	176.667	0.	0.	0.
3700	22.460	206.292	157.941	178.901	0.	0.	0.
3800	22.709	206.894	159.221	181.160	0.	0.	0.
3900	22.981	207.488	160.451	183.444	0.	0.	0.
4000	23.278	208.073	161.634	185.757	0.	0.	0.
4100	23.602	208.652	162.774	188.100	0.	0.	0.
4200	23.945	209.224	163.873	190.475	0.	0.	0.
4300	24.324	209.792	164.934	192.889	0.	0.	0.
4400	24.611	210.345	165.959	195.298	0.	0.	0.
4500	24.992	210.901	166.952	197.769	0.	0.	0.
4600	25.421	211.454	167.913	200.289	0.	0.	0.
4700	25.876	212.006	168.846	202.854	0.	0.	0.
4800	26.359	212.556	169.750	205.466	0.	0.	0.
4900	26.868	213.104	170.630	208.127	0.	0.	0.
5000	27.388	213.651	171.484	210.832	0.	0.	0.
5200	28.537	214.747	173.127	216.423	0.	0.	0.
5400	29.789	215.847	174.689	222.254	0.	0.	0.
5600	31.141	216.955	176.179	228.346	0.	0.	0.
5800	32.583	218.073	177.604	234.717	0.	0.	0.
6000	33.880	219.173	178.969	241.226	0.	0.	0.


Molybdenum (Mo)	Mo1(ref)
T(K)	Cp	S	-[G-H(Tr)]/T	H-H(Tr)	delta-f H	delta-f G	log Kf
0	0.	0.	INFINITE	-4.585	0.	0.	0.
100	13.495	7.026	47.961	-4.094	0.	0.	0.
200	21.507	19.478	30.735	-2.251	0.	0.	0.
298.15	23.933	28.605	28.605	0.	0.	0.	0.
300	23.958	28.753	28.606	0.044	0.	0.	0.
400	25.080	35.810	29.560	2.500	0.	0.	0.
500	25.850	41.494	31.397	5.049	0.	0.	0.
600	26.460	46.263	33.487	7.665	0.	0.	0.
700	26.980	50.382	35.613	10.338	0.	0.	0.
800	27.440	54.015	37.691	13.059	0.	0.	0.
900	27.890	57.272	39.689	15.825	0.	0.	0.
1000	28.370	60.235	41.597	18.638	0.	0.	0.
1100	28.900	62.963	43.417	21.501	0.	0.	0.
1200	29.490	65.502	45.153	24.419	0.	0.	0.
1300	30.140	67.888	46.811	27.400	0.	0.	0.
1400	30.860	70.148	48.398	30.450	0.	0.	0.
1500	31.650	72.304	49.920	33.575	0.	0.	0.
1600	32.500	74.373	51.384	36.782	0.	0.	0.
1700	33.420	76.371	52.796	40.078	0.	0.	0.
1800	34.420	78.309	54.160	43.469	0.	0.	0.
1900	35.490	80.198	55.481	46.964	0.	0.	0.
2000	36.650	82.048	56.763	50.570	0.	0.	0.
2100	37.900	83.866	58.010	54.297	0.	0.	0.
2200	39.240	85.659	59.226	58.152	0.	0.	0.
2300	40.670	87.435	60.414	62.147	0.	0.	0.
2400	42.210	89.198	61.577	66.290	0.	0.	0.
2500	43.890	90.954	62.717	70.594	0.	0.	0.
2600	45.880	92.713	63.837	75.079	0.	0.	0.
2700	48.370	94.490	64.939	79.786	0.	0.	0.
2800	51.570	96.304	66.027	84.777	0.	0.	0.
2896.000	54.835	98.098	67.060	89.885	CRYSTAL <--> LIQUID
2896.000	37.656	110.522	67.060	125.867	TRANSITION
2900	37.656	110.574	67.120	126.018	0.	0.	0.
3000	37.656	111.851	68.590	129.784	0.	0.	0.
3100	37.656	113.086	70.005	133.549	0.	0.	0.
3200	37.656	114.281	71.370	137.315	0.	0.	0.
3300	37.656	115.440	72.688	141.080	0.	0.	0.
3400	37.656	116.564	73.962	144.846	0.	0.	0.
3500	37.656	117.656	75.195	148.612	0.	0.	0.
3600	37.656	118.716	76.389	152.377	0.	0.	0.
3700	37.656	119.748	77.547	156.143	0.	0.	0.
3800	37.656	120.752	78.671	159.908	0.	0.	0.
3900	37.656	121.731	79.763	163.674	0.	0.	0.
4000	37.656	122.684	80.824	167.440	0.	0.	0.
4100	37.656	123.614	81.856	171.205	0.	0.	0.
4200	37.656	124.521	82.861	174.971	0.	0.	0.
4300	37.656	125.407	83.841	178.736	0.	0.	0.
4400	37.656	126.273	84.795	182.502	0.	0.	0.
4500	37.656	127.119	85.726	186.268	0.	0.	0.
4600	37.656	127.947	86.635	190.033	0.	0.	0.
4700	37.656	128.757	87.523	193.799	0.	0.	0.
4800	37.656	129.549	88.390	197.564	0.	0.	0.
4900	37.656	130.326	89.238	201.330	0.	0.	0.
4951.969	37.656	130.723	89.671	203.287	LIQUID <--> IDEAL GAS
4951.969	53.001	249.995	89.671	793.918	FUGACITY = 1 bar
5000	53.713	250.510	91.214	796.481	0.	0.	0.
5100	55.185	251.588	94.348	801.926	0.	0.	0.
5200	56.640	252.674	97.382	807.517	0.	0.	0.
5300	58.072	253.766	100.322	813.252	0.	0.	0.
5400	59.485	254.865	103.174	819.130	0.	0.	0.
5500	60.874	255.969	105.942	825.148	0.	0.	0.
5600	62.239	257.078	108.631	831.303	0.	0.	0.
5700	63.577	258.191	111.245	837.593	0.	0.	0.
5800	64.887	259.308	113.788	844.015	0.	0.	0.
5900	66.164	260.428	116.264	850.565	0.	0.	0.
6000	67.413	261.550	118.676	857.243	0.	0.	0.


Tantalum (Ta)	Ta1(ref)
T(K)	Cp	S	-[G-H(Tr)]/T	H-H(Tr)	delta-f H	delta-f G	log Kf
0	0.	0.	INFINITE	-5.681	0.	0.	0.
100	19.744	16.143	63.003	-4.686	0.	0.	0.
200	24.085	31.586	43.756	-2.434	0.	0.	0.
250	24.861	37.049	41.886	-1.209	0.	0.	0.
298.15	25.295	41.471	41.471	0.	0.	0.	0.
300	25.307	41.628	41.472	0.047	0.	0.	0.
350	25.598	45.552	41.781	1.320	0.	0.	0.
400	25.840	48.986	42.471	2.606	0.	0.	0.
450	26.088	52.044	43.368	3.904	0.	0.	0.
500	26.349	54.806	44.376	5.215	0.	0.	0.
600	26.843	59.655	46.530	7.875	0.	0.	0.
700	27.214	63.822	48.709	10.579	0.	0.	0.
800	27.459	67.473	50.831	13.313	0.	0.	0.
900	27.668	70.718	52.864	16.069	0.	0.	0.
1000	27.933	73.647	54.798	18.848	0.	0.	0.
1100	28.281	76.325	56.635	21.659	0.	0.	0.
1200	28.662	78.802	58.380	24.507	0.	0.	0.
1300	28.989	81.110	60.041	27.390	0.	0.	0.
1400	29.202	83.267	61.624	30.301	0.	0.	0.
1500	29.319	85.286	63.135	33.227	0.	0.	0.
1600	29.439	87.182	64.579	36.164	0.	0.	0.
1700	29.688	88.973	65.962	39.119	0.	0.	0.
1800	30.124	90.682	67.288	42.108	0.	0.	0.
1900	30.665	92.325	68.563	45.148	0.	0.	0.
2000	31.191	93.911	69.791	48.240	0.	0.	0.
2100	31.713	95.445	70.976	51.386	0.	0.	0.
2200	32.252	96.933	72.122	54.584	0.	0.	0.
2300	32.828	98.379	73.233	57.837	0.	0.	0.
2400	33.459	99.789	74.310	61.151	0.	0.	0.
2500	34.167	101.169	75.357	64.532	0.	0.	0.
2600	34.970	102.525	76.376	67.988	0.	0.	0.
2700	35.890	103.861	77.369	71.530	0.	0.	0.
2800	36.946	105.185	78.339	75.170	0.	0.	0.
2900	38.158	106.502	79.287	78.924	0.	0.	0.
3000	39.546	107.819	80.216	82.808	0.	0.	0.
3100	41.130	109.141	81.128	86.840	0.	0.	0.
3200	42.930	110.474	82.024	91.041	0.	0.	0.
3258.000	44.080	111.256	82.538	93.564	CRYSTAL <--> LIQUID
3258.000	41.840	122.480	82.538	130.132	TRANSITION
3300	41.840	123.016	83.049	131.889	0.	0.	0.
3400	41.840	124.265	84.243	136.073	0.	0.	0.
3500	41.840	125.478	85.404	140.257	0.	0.	0.
3600	41.840	126.656	86.534	144.441	0.	0.	0.
3700	41.840	127.803	87.634	148.625	0.	0.	0.
3800	41.840	128.919	88.706	152.809	0.	0.	0.
3900	41.840	130.005	89.751	156.993	0.	0.	0.
4000	41.840	131.065	90.770	161.177	0.	0.	0.
4100	41.840	132.098	91.766	165.361	0.	0.	0.
4200	41.840	133.106	92.738	169.545	0.	0.	0.
4300	41.840	134.091	93.688	173.729	0.	0.	0.
4400	41.840	135.052	94.618	177.913	0.	0.	0.
4500	41.840	135.993	95.527	182.097	0.	0.	0.
4600	41.840	136.912	96.416	186.281	0.	0.	0.
4700	41.840	137.812	97.288	190.465	0.	0.	0.
4800	41.840	138.693	98.141	194.649	0.	0.	0.
4900	41.840	139.556	98.978	198.833	0.	0.	0.
5000	41.840	140.401	99.798	203.017	0.	0.	0.
5200	41.840	142.042	101.391	211.385	0.	0.	0.
5400	41.840	143.621	102.926	219.753	0.	0.	0.
5600	41.840	145.143	104.407	228.121	0.	0.	0.
5778.070	41.840	146.452	105.682	235.572	LIQUID <--> IDEAL GAS
5778.070	43.671	274.300	105.682	974.285	FUGACITY = 1 bar
5800	43.762	274.465	106.320	975.244	0.	0.	0.
6000	44.636	275.963	111.950	984.082	0.	0.	0.


Lithium (Li)	Li1(ref)
T(K)	Cp	S	-[G-H(Tr)]/T	H-H(Tr)	delta-f H	delta-f G	log Kf
0	0.	0.	INFINITE	-4.622	0.	0.	0.
100	13.360	7.342	48.615	-4.127	0.	0.	0.
107.250	16.491	8.370	45.859	-4.021	Cp HUMP MAXIMUM
107.250	16.494	8.370	45.859	-4.021	TRANSITION
200	21.573	19.826	31.255	-2.286	0.	0.	0.
298.15	24.623	29.085	29.085	0.	0.	0.	0.
300	24.669	29.237	29.085	0.046	0.	0.	0.
400	27.610	36.698	30.083	2.646	0.	0.	0.
453.690	29.387	40.288	31.080	4.178	CRYSTAL <--> LIQUID
453.690	30.392	46.902	31.080	7.178	TRANSITION
500	30.125	49.843	32.684	8.579	0.	0.	0.
600	29.539	55.283	36.013	11.562	0.	0.	0.
700	28.987	59.794	39.097	14.487	0.	0.	0.
800	28.937	63.661	41.931	17.384	0.	0.	0.
900	28.886	67.066	44.539	20.275	0.	0.	0.
1000	28.836	70.107	46.946	23.161	0.	0.	0.
1100	28.786	72.853	49.179	26.042	0.	0.	0.
1200	28.736	75.356	51.257	28.918	0.	0.	0.
1300	28.702	77.655	53.201	31.790	0.	0.	0.
1400	28.619	79.779	55.024	34.656	0.	0.	0.
1500	28.535	81.750	56.741	37.514	0.	0.	0.
1600	28.451	83.589	58.362	40.363	0.	0.	0.
1620.120	28.431	83.945	58.678	40.936	LIQUID <--> IDEAL GAS
1620.120	20.794	173.965	58.678	186.779	FUGACITY = 1 bar
1700	20.799	174.966	64.118	188.441	0.	0.	0.
1800	20.810	176.155	70.310	190.521	0.	0.	0.
1900	20.826	177.281	75.911	192.603	0.	0.	0.
2000	20.849	178.349	81.006	194.687	0.	0.	0.
2100	20.882	179.367	85.666	196.773	0.	0.	0.
2200	20.925	180.340	89.947	198.863	0.	0.	0.
2300	20.980	181.271	93.898	200.958	0.	0.	0.
2400	21.049	182.165	97.557	203.060	0.	0.	0.
2500	21.132	183.026	100.959	205.169	0.	0.	0.
2600	21.231	183.857	104.131	207.287	0.	0.	0.
2700	21.347	184.660	107.099	209.415	0.	0.	0.
2800	21.479	185.439	109.883	211.556	0.	0.	0.
2900	21.628	186.195	112.502	213.712	0.	0.	0.
3000	21.794	186.931	114.970	215.883	0.	0.	0.
3100	21.977	187.649	117.303	218.071	0.	0.	0.
3200	22.177	188.350	119.513	220.278	0.	0.	0.
3300	22.391	189.035	121.609	222.506	0.	0.	0.
3400	22.622	189.707	123.602	224.757	0.	0.	0.
3500	22.868	190.366	125.500	227.031	0.	0.	0.
3600	23.130	191.014	127.311	229.331	0.	0.	0.
3700	23.406	191.652	129.041	231.658	0.	0.	0.
3800	23.697	192.280	130.697	234.013	0.	0.	0.
3900	24.003	192.899	132.284	236.398	0.	0.	0.
4000	24.323	193.511	133.807	238.814	0.	0.	0.
4100	24.658	194.115	135.271	241.263	0.	0.	0.
4200	25.009	194.714	136.679	243.746	0.	0.	0.
4300	25.375	195.307	138.036	246.265	0.	0.	0.
4400	25.696	195.889	139.344	248.800	0.	0.	0.
4500	26.069	196.470	140.607	251.386	0.	0.	0.
4600	26.464	197.047	141.827	254.012	0.	0.	0.
4700	26.873	197.621	143.008	256.679	0.	0.	0.
4800	27.297	198.191	144.152	259.387	0.	0.	0.
4900	27.736	198.758	145.261	262.139	0.	0.	0.
5000	28.191	199.323	146.336	264.935	0.	0.	0.
5200	29.134	200.446	148.396	270.661	0.	0.	0.
5400	30.152	201.564	150.344	276.588	0.	0.	0.
5600	31.233	202.680	152.193	282.726	0.	0.	0.
5800	32.377	203.796	153.954	289.086	0.	0.	0.
6000	33.581	204.914	155.634	295.681	0.	0.	0.


Titanium Oxide, Alpha (TiO)	O1Ti1(cr)
T(K)	Cp	S	-[G-H(Tr)]/T	H-H(Tr)	delta-f H	delta-f G	log Kf
0	0.000	0.000	INFINITE	-6.174	-539.668	-539.668	INFINITE
100	12.765	5.732	63.375	-5.764	-541.270	-532.352	278.072
200	30.681	20.585	38.164	-3.516	-542.394	-522.918	136.572
298.15	39.957	34.769	34.769	0.000	-542.665	-513.278	89.924
300	40.062	35.017	34.770	0.074	-542.665	-513.096	89.338
400	44.978	47.274	36.408	4.346	-542.491	-503.257	65.719
500	48.242	57.679	39.648	9.015	-542.092	-493.491	51.555
600	50.836	66.709	43.422	13.972	-541.541	-483.821	42.120
700	53.095	74.719	47.331	19.171	-540.857	-474.253	35.389
800	55.187	81.947	51.214	24.586	-540.035	-464.793	30.348
900	57.153	88.561	55.001	30.204	-539.111	-455.442	26.433
1000	59.078	94.682	58.667	36.016	-538.152	-446.197	23.307
1100	60.961	100.402	62.203	42.018	-537.219	-437.047	20.754
1200	62.802	105.785	65.613	48.206	-540.300	-427.861	18.624
1265.000	63.998	109.129	67.764	52.327	ALPHA <--> BETA
1300	64.643	110.884	68.901	54.578	538.700  418.555 16.818
1400	66.442	115.741	72.075	61.133	-537.011	-409.376	15.274
1500	68.241	120.386	75.142	67.867	-535.248	-400.320	13.940
1600	70.040	124.848	78.110	74.781	-533.422	-391.384	12.777
1700	71.839	129.148	80.986	81.875	-531.546	-382.564	11.755
1800	73.597	133.304	83.778	89.147	-529.636	-373.856	10.849
1900	75.396	137.331	86.491	96.597	-527.704	-365.254	10.042
2000	77.153	141.243	89.131	104.224	-540.450	-356.300	9.306
2100	78.910	145.050	91.704	112.027	-539.263	-347.121	8.634
2200	80.668	148.762	94.214	120.006	-537.912	-338.002	8.025
2300	82.467	152.387	96.664	128.163	-536.394	-328.949	7.471
2400	84.224	155.934	99.060	136.497	-534.710	-319.965	6.964
2500	85.981	159.408	101.405	145.007	-532.861	-311.055	6.499


Zirconium Silicate (ZrSiO4)	O4Si1Zr1(cr)
T(K)	Cp	S	-[G-H(Tr)]/T	H-H(Tr)	delta-f H	delta-f G	log Kf
0	0.000	0.000	INFINITE	-14.905	-2012.774	-2012.774	INFINITE
100	31.034	14.070	153.089	-13.902	-2018.733	-1983.690	1036.173
200	73.298	49.742	92.291	-8.510	-2022.535	-1946.946	508.490
298.15	98.659	84.026	84.026	0.000	-2023.951	-1909.475	334.532
300	99.119	84.638	84.028	0.183	-2023.961	-1908.764	332.345
400	114.642	115.379	88.114	10.906	-2023.861	-1870.349	244.243
500	125.938	142.241	96.311	22.965	-2022.823	-1832.076	191.396
600	133.679	165.925	105.980	35.967	-2021.207	-1794.071	156.188
700	138.825	186.935	116.073	49.603	-2019.294	-1756.364	131.061
800	142.674	205.738	126.127	63.689	-2017.241	-1718.942	112.235
900	145.268	222.698	135.931	78.091	-2015.160	-1681.779	97.608
1000	147.277	238.112	145.390	92.723	-2013.119	-1644.847	85.918
1100	148.741	252.222	154.470	107.528	-2011.159	-1608.115	76.363
1200	149.704	265.209	163.164	122.454	-2013.031	-1571.335	68.398
1300	150.164	277.211	171.481	137.449	-2010.811	-1534.618	61.662
1400	150.415	288.349	179.436	152.478	-2008.702	-1498.068	55.894
1500	150.624	298.735	187.047	167.532	-2006.718	-1461.664	50.900
1600	150.624	308.456	194.335	182.595	-2004.883	-1425.388	46.534
1700	150.624	317.588	201.319	197.657	-2053.390	-1388.775	42.672
1800	150.624	326.197	208.020	212.719	-2051.665	-1349.731	39.168
1900	150.624	334.341	214.456	227.782	-2050.081	-1310.778	36.036
2000	150.624	342.067	220.645	242.844	-2048.650	-1271.905	33.219
2100	150.624	349.416	226.603	257.907	-2047.382	-1233.100	30.672
2200	150.624	356.423	232.346	272.969	-2067.609	-1193.604	28.340
2300	150.624	363.118	237.887	288.031	-2067.111	-1153.889	26.206
2400	150.624	369.529	243.240	303.094	-2066.658	-1114.194	24.250
2500	150.624	375.678	248.415	318.156	-2066.249	-1074.516	22.451
2600	150.624	381.585	253.424	333.219	-2065.883	-1034.854	20.790
2700	150.624	387.270	258.277	348.281	-2065.559	-995.205	19.253
2800	150.624	392.748	262.982	363.343	-2065.275	-955.567	17.826
2900	150.624	398.033	267.549	378.406	-2065.032	-915.940	16.498
3000	150.624	403.140	271.984	393.468	-2064.827	-876.320	15.258


Magnesium Aluminum Oxide (MgAl2O4)	Al2Mg1O4(cr)
T(K)	Cp	S	-[G-H(Tr)]/T	H-H(Tr)	delta-f H	delta-f G	log Kf
0	0.	8.075	INFINITE	-15.411	-2283.075	-2283.075	INFINITE
100	22.669	16.757	164.497	-14.774	-2289.857	-2254.524	1177.642
200	78.069	49.819	98.221	-9.681	-2296.197	-2216.480	578.885
298.15	116.198	88.692	88.692	0.	-2299.108	-2176.621	381.335
300	116.533	89.412	88.695	0.215	-2299.137	-2175.861	378.851
400	137.988	126.244	93.571	13.069	-2299.797	-2134.626	278.754
500	149.829	158.409	103.398	27.506	-2299.410	-2093.365	218.692
600	157.887	186.474	114.956	42.911	-2298.562	-2052.230	178.663
700	164.155	211.299	126.980	59.023	-2297.527	-2011.255	150.082
800	169.473	233.573	138.935	75.710	-2296.463	-1970.433	128.656
900	174.238	253.814	150.592	92.899	-2295.485	-1929.739	111.999
1000	178.657	272.403	161.856	110.546	-2324.450	-1886.914	98.562
1100	182.853	289.629	172.698	128.623	-2323.172	-1843.219	87.527
1200	186.895	305.713	183.120	147.112	-2321.562	-1799.655	78.337
1300	190.828	320.829	193.137	165.999	-2319.622	-1756.239	70.567
1400	194.686	335.112	202.773	185.275	-2444.763	-1709.818	63.794
1500	198.485	348.674	212.051	204.934	-2440.816	-1657.458	57.718
1600	202.238	361.604	220.997	224.970	-2436.542	-1605.372	52.410
1700	205.962	373.976	229.635	245.381	-2431.944	-1553.563	47.735
1800	209.652	385.853	237.986	266.162	-2427.024	-1502.034	43.588
1900	213.325	397.287	246.071	287.311	-2421.783	-1450.787	39.885
2000	216.982	408.322	253.909	308.826	-2416.221	-1399.824	36.560
2100	220.622	418.997	261.518	330.706	-2410.341	-1349.148	33.558
2200	224.254	429.344	268.912	352.950	-2404.143	-1298.758	30.836
2300	227.877	439.393	276.107	375.557	-2397.627	-1248.658	28.358
2400	231.488	449.167	283.115	398.525	-2390.796	-1198.849	26.092
2408.000	231.777	449.938	283.668	400.378	CRYSTAL <--> LIQUID
2500	235.095	458.690	289.949	421.854	2383.648  1149.330 24.014
2600	238.697	467.981	296.618	445.544	-2376.185	-1100.104	22.101
2700	242.291	477.057	303.133	469.594	-2368.406	-1051.170	20.336
2800	245.885	485.934	309.504	494.002	-2948.114	-1000.595	18.666


Silicon Nitride, Alpha (Si3N4)	N4Si3(cr)
T(K)	Cp	S	-[G-H(Tr)]/T	H-H(Tr)	delta-f H	delta-f G	log Kf
298.15	99.533	112.967	112.967	0.	-744.752	-647.343	113.412
300	99.788	113.583	112.969	0.184	-744.787	-646.739	112.607
400	110.667	143.790	117.014	10.711	-746.459	-613.792	80.153
500	120.708	169.582	125.007	22.288	-747.595	-580.482	60.643
600	129.704	192.417	134.374	34.826	-748.151	-546.998	47.620
700	138.072	213.048	144.162	48.220	-748.186	-513.462	38.315
800	145.812	232.003	153.973	62.424	-747.729	-479.956	31.338
900	152.298	249.566	163.631	77.342	-746.850	-446.533	25.916
1000	158.155	265.920	173.051	92.869	-745.635	-413.227	21.585
1100	163.678	281.258	182.198	108.966	-744.100	-380.058	18.047
1200	168.490	295.712	191.061	125.581	-742.280	-347.041	15.106
1300	172.531	309.362	199.641	142.637	-740.233	-314.187	12.624
1400	175.920	322.276	207.944	160.065	-738.019	-281.496	10.503
1500	178.657	334.510	215.977	177.799	-735.694	-248.968	8.670
1600	180.548	346.102	223.751	195.762	-733.327	-216.597	7.071
1700	182.171	357.098	231.274	213.900	-881.495	-183.033	5.624
1800	183.452	367.548	238.557	232.183	-878.469	-142.034	4.122
1900	184.539	377.496	245.610	250.584	-875.367	-101.205	2.782
2000	185.435	386.986	252.444	269.084	-872.202	-60.541	1.581
2100	185.780	396.041	259.068	287.645	-869.010	-20.037	0.498
2200	186.111	404.692	265.492	306.240	-865.814	20.316	-0.482
2300	186.429	412.972	271.725	324.867	-862.612	60.523	-1.375
2400	186.734	420.913	277.777	343.525	-859.403	100.590	-2.189
2500	187.025	428.541	283.656	362.213	-856.187	140.524	-2.936
2600	187.303	435.882	289.371	380.930	-852.962	180.329	-3.623
2700	187.567	442.956	294.929	399.673	-849.729	220.009	-4.256
2800	187.818	449.782	300.338	418.443	-846.487	259.570	-4.842
2900	188.056	456.377	305.606	437.236	-843.236	299.015	-5.386
3000	188.280	462.756	310.738	456.053	-839.977	338.347	-5.891


Chromium (Cr)	Cr1(ref)
T(K)	Cp	S	-[G-H(Tr)]/T	H-H(Tr)	delta-f H	delta-f G	log Kf
0	0.	0.	INFINITE	-4.057	0.	0.	0.
100	9.963	4.286	41.746	-3.746	0.	0.	0.
200	19.860	14.869	25.680	-2.162	0.	0.	0.
298.15	23.434	23.618	23.618	0.	0.	0.	0.
300	23.472	23.764	23.619	0.043	0.	0.	0.
311.500	23.681	24.651	23.641	0.315	Cp LAMBDA MAXIMUM
311.500	23.681	24.654	23.641	0.316	TRANSITION
400	25.230	30.765	24.562	2.481	0.	0.	0.
500	26.631	36.553	26.398	5.078	0.	0.	0.
600	27.719	41.508	28.513	7.797	0.	0.	0.
700	28.577	45.846	30.686	10.612	0.	0.	0.
800	29.434	49.715	32.827	13.511	0.	0.	0.
900	30.501	53.241	34.902	16.505	0.	0.	0.
1000	31.861	56.523	36.901	19.621	0.	0.	0.
1100	33.472	59.634	38.828	22.887	0.	0.	0.
1200	35.187	62.618	40.687	26.318	0.	0.	0.
1300	37.116	65.511	42.485	29.933	0.	0.	0.
1400	39.125	68.334	44.231	33.744	0.	0.	0.
1500	41.200	71.104	45.931	37.760	0.	0.	0.
1600	43.329	73.831	47.589	41.986	0.	0.	0.
1700	45.501	76.523	49.212	46.427	0.	0.	0.
1800	47.706	79.186	50.804	51.087	0.	0.	0.
1900	49.944	81.825	52.367	55.970	0.	0.	0.
2000	52.204	84.444	53.905	61.077	0.	0.	0.
2100	54.488	87.046	55.422	66.411	0.	0.	0.
2130.000	55.174	87.824	55.873	68.056	CRYSTAL <--> LIQUID
2130.000	39.330	97.449	55.873	88.558	TRANSITION
2200	39.330	98.721	57.216	91.311	0.	0.	0.
2300	39.330	100.469	59.059	95.244	0.	0.	0.
2400	39.330	102.143	60.819	99.177	0.	0.	0.
2500	39.330	103.749	62.505	103.110	0.	0.	0.
2600	39.330	105.291	64.121	107.043	0.	0.	0.
2700	39.330	106.775	65.673	110.976	0.	0.	0.
2800	39.330	108.206	67.167	114.909	0.	0.	0.
2900	39.330	109.586	68.606	118.842	0.	0.	0.
2952.078	39.330	110.286	69.335	120.890	LIQUID <--> IDEAL GAS
2952.078	30.533	225.302	69.335	460.427	FUGACITY = 1 bar
3000	30.788	225.796	71.830	461.897	0.	0.	0.
3100	31.302	226.814	76.813	465.001	0.	0.	0.
3200	31.796	227.815	81.517	468.156	0.	0.	0.
3300	32.275	228.801	85.965	471.360	0.	0.	0.
3400	32.745	229.772	90.180	474.611	0.	0.	0.
3500	33.212	230.728	94.182	477.909	0.	0.	0.
3600	33.680	231.670	97.988	481.253	0.	0.	0.
3700	34.156	232.599	101.614	484.645	0.	0.	0.
3800	34.646	233.516	105.073	488.085	0.	0.	0.
3900	35.157	234.423	108.378	491.575	0.	0.	0.
4000	35.692	235.320	111.540	495.117	0.	0.	0.
4100	36.260	236.208	114.570	498.715	0.	0.	0.
4200	36.864	237.089	117.477	502.370	0.	0.	0.
4300	37.511	237.964	120.269	506.089	0.	0.	0.
4400	38.205	238.834	122.954	509.874	0.	0.	0.
4500	38.954	239.701	125.538	513.732	0.	0.	0.
4600	39.760	240.566	128.030	517.667	0.	0.	0.
4700	40.632	241.430	130.433	521.686	0.	0.	0.
4800	41.572	242.295	132.755	525.795	0.	0.	0.
4900	42.587	243.163	134.999	530.003	0.	0.	0.
5000	43.681	244.034	137.171	534.315	0.	0.	0.
5200	44.964	245.697	141.308	542.822	0.	0.	0.
5400	47.221	247.435	145.206	552.036	0.	0.	0.
5600	49.697	249.197	148.889	561.724	0.	0.	0.
5800	52.370	250.986	152.378	571.925	0.	0.	0.
6000	55.230	252.809	155.696	582.682	0.	0.	0.

