#Found quasiharmonic mode : None
#T(K), volume, F(eV), S(J/K), H(J/K), a(-6/K), Cp(J/mol), Cv, Cpion, Bt(GPa), T_ph-D(K), T-D(K), F_el_atom, S_el_atom, C_el_atom, M_el, Seebeck_coefficients(μV/K), Lorenz_number(WΩK^{−2}), Q_el, Q_p, Q_e, C_mu, W_p, W_e, Y_p, Y_e
0.0 13.654800142613183 -7.9689776275402435 0.0 -768889.4530500701 0.0 0.0 0.0 0.0 91.6119081990508 400.0 400.0 0.0 0.0 0.0 0.0 0.0 2.443004551768e-08 0.0 0.0 0.0 0.0 0.0 0.0 0.0 0.0 0.0
0.28 13.654800248477946 -7.968977628261814 3.365939489754556e-07 -768889.4531195968 5.940795892943122e-09 1.0098427567782746e-06 1.0097757562855096e-06 1.0098424577907514e-06 91.6119102586571 348.3090297984617 400.0 -2.972171151350438e-14 2.1298761268299553e-12 2.989875232994669e-13 0.0003158461033721279 1139.5074901369169 1.4851724514943934e-08 1.7979920768349362e-14 1.797973317711334e-14 0.0 2.6520545595863364e-11 5.940795892943122e-09 1.7979920768349362e-14 0.0 1.7979877019457046e-14 7.491663703138837e-15
0.8 13.654800307604315 -7.968977628685343 7.850541103121163e-06 -768889.453154275 1.5234265178680176e-09 2.355162874725088e-05 2.355161615904845e-05 2.3551628442915117e-05 91.6119113556994 348.30902146560703 400.0 -2.97217114753146e-14 2.484883598547532e-12 3.043357600757525e-13 0.000962181565981694 1318.7721678095356 1.4851686723367413e-08 1.8301589031618646e-14 1.8301565588650927e-14 0.0 3.605221332912107e-11 1.5234265178680176e-09 1.8301589031618646e-14 0.0 1.8301583716961633e-14 7.491748971308929e-15
1.56 13.654800333177004 -7.968977629045321 5.821076703109155e-05 -768889.4531044792 -1.548097642776206e-09 0.00017463231868434316 0.00017463229333585832 0.0001746323183800807 91.6119109726246 348.30901786157233 400.0 -2.9721711458796416e-14 2.687226247722314e-12 3.042624345676256e-13 0.0020131278086182153 1433.9420985641177 1.485333130660204e-08 1.8295153624608115e-14 1.829514745926609e-14 0.0 4.254086069827245e-11 -1.548097642776206e-09 1.8295153624608115e-14 0.0 1.829515221408224e-14 7.491757971875882e-15
2.56 13.65480021104876 -7.96897762924259 0.0002569775752918704 -768889.452556459 8.496560361252671e-11 0.0007688272571723091 0.0007688272570470074 0.0007688272568718937 91.61190168428004 348.7482279723614 400.0 -2.972171153767867e-14 2.7811947025741078e-12 3.004153428909192e-13 0.003498257955971733 1521.4516198479193 1.4984738528066224e-08 1.7905420838930378e-14 1.7905418601255905e-14 0.0 4.6830983197637075e-11 -5.359710113081574e-10 1.7905420838930378e-14 0.0 1.790542031271516e-14 7.491759768142013e-15
3.8 13.654800465602005 -7.968977635321584 0.0008311427152558458 -768889.4506425131 8.264155535834163e-09 0.002444071825890922 0.0024440700663024752 0.002444071825577064 91.6118747366659 352.068644423454 400.0 -2.972171137325186e-14 2.8816890443429153e-12 3.1385790584059825e-13 0.005433860316099346 1592.4462318970864 1.5773547920879464e-08 1.7771139498009164e-14 1.7771138497542487e-14 0.0 5.088568017944154e-11 8.264155535834163e-09 1.7771139498009164e-14 0.0 1.7771139258924527e-14 7.491760913654284e-15
5.29 13.654801086966923 -7.968977654705827 0.0021679374353914586 -768889.4442027614 1.2860438748783258e-08 0.0061806884390135895 0.006180682507065306 0.006180688438671902 91.61178043357661 359.7425668838177 400.0 -2.972171097169663e-14 2.999531935633433e-12 3.4168833250458386e-13 0.007852895902108482 1655.2129778368364 1.7115894085589167e-08 1.782962265237692e-14 1.7829622140643865e-14 0.0 5.516874543464309e-11 1.2860438748783258e-08 1.782962265237692e-14 0.0 1.782962252770998e-14 7.491762400108099e-15
7.01 13.654802239985909 -7.9689777040298395 0.004785507536985929 -768889.4268837863 1.939614199615072e-08 0.013307163289193942 0.013307145408778344 0.013307163288835867 91.61151278544871 369.1798768291601 400.0 -2.9721710225850574e-14 3.0698952779952515e-12 3.580751123970829e-13 0.010758502265087198 1714.2801221022328 1.811258681965963e-08 1.7656525645058954e-14 1.765652536624042e-14 0.0 5.854611980950066e-11 1.939614199615072e-08 1.7656525645058954e-14 0.0 1.7656525573719936e-14 7.49176480751573e-15
8.98 13.654804385163242 -7.9689778153982616 0.009515251376918011 -768889.385728656 4.088607780550411e-08 0.02652302403582407 0.026522922258032954 0.026523024035463978 91.61084483147037 375.79487324297924 400.0 -2.972170883575469e-14 3.131901719742568e-12 3.600911030711024e-13 0.014197828443036414 1768.1858900170243 1.83815204530978e-08 1.749615237012092e-14 1.749615220963342e-14 0.0 6.165400012267616e-11 3.8022813937681976e-08 1.749615237012092e-14 0.0 1.7496152326673186e-14 7.491769123507678e-15
11.19 13.654809710519293 -7.968978057050981 0.017779896156118098 -768889.2955345182 7.736562151084556e-08 0.051933795790539666 0.05193334169720329 0.05193379579017284 91.6093793227946 374.30845280956487 400.0 -2.972170537104711e-14 3.314938112061462e-12 3.668237739206294e-13 0.01812616858049682 1812.2132628386985 1.8108657940179334e-08 1.8091842660631506e-14 1.8091842559310884e-14 0.0 6.692359972802838e-11 8.281693309619936e-08 1.8091842660631506e-14 0.0 1.8091842632949734e-14 7.491779715622625e-15
13.64 13.654821216408607 -7.9689785614364155 0.032421878757086214 -768889.1009229261 1.4815560182772317e-07 0.10249655717672151 0.10249452736411659 0.102496557176375 91.60643678753894 363.7439462910871 400.0 -2.9721697817952753e-14 3.2969741745457747e-12 3.465230733304416e-13 0.022652116585789233 1855.9564156543292 1.7593702016488406e-08 1.7590837563271108e-14 1.759083750083804e-14 0.0 6.820307400773198e-11 1.4815560182772317e-07 1.7590837563271108e-14 0.0 1.7590837545092288e-14 7.491802549613742e-15
16.34 13.654843693093397 -7.968979605175059 0.058607964336046675 -768888.6862086848 2.745495778037936e-07 0.1981912027055181 0.19818285294488988 0.19819120270518154 91.60101115259057 349.7660187478598 400.0 -2.972168279761115e-14 3.36489198912723e-12 3.3658466045207865e-13 0.027711479664592458 1892.2768093965826 1.7056151771940303e-08 1.7624826905775314e-14 1.762482686461235e-14 0.0 7.100125746557779e-11 2.745495778037936e-07 1.7624826905775314e-14 0.0 1.7624826893482728e-14 7.49184710780051e-15
19.27 13.654888970605375 -7.968981735188526 0.1032720234544235 -768887.8593259869 4.875257868914821e-07 0.3574275643949795 0.35739651764463304 0.35742756439464185 91.59202604727842 338.86831450876434 400.0 -2.972165147436465e-14 3.5230759695784883e-12 3.3771071628631166e-13 0.03325023905617118 1921.7463796816305 1.658840622855609e-08 1.818242365224551e-14 1.8182423623158435e-14 0.0 7.552838607165276e-11 4.875257868914821e-07 1.818242365224551e-14 0.0 1.8182423643707694e-14 7.491936772205928e-15
22.45 13.654970547949194 -7.968985875973408 0.17454387173685532 -768886.3303929629 7.756572155591219e-07 0.5913124943507982 0.5912209498420927 0.5913124943504551 91.57819927193556 333.7243168538221 400.0 -2.9721591443243887e-14 3.717929238211084e-12 3.4329572657554876e-13 0.03932477007054231 1947.0858743488948 1.6182344591391184e-08 1.8946916674687836e-14 1.894691665333203e-14 0.0 8.079409670684536e-11 7.756572155591219e-07 1.8946916674687836e-14 0.0 1.8946916668628132e-14 7.492098049920916e-15
25.87 13.655104540745464 -7.968993372232899 0.2790366340778192 -768883.7535042465 1.145799038390865e-06 0.8974639169888895 0.8972337728253295 0.8974639169885762 91.55839878716597 334.3336371994289 400.0 -2.985603573291645e-14 3.5213043110269113e-12 3.1331514581207725e-13 0.0461939178747126 1979.802620680115 1.584247634317032e-08 1.7663221493769183e-14 1.7663221479381985e-14 0.0 7.783104509262312e-11 1.1456491816904213e-06 1.7663221493769183e-14 0.0 1.7663221489362546e-14 7.49236220966679e-15
29.53 13.655308499698327 -7.969006014702859 0.4212884460431865 -768879.7513470713 1.5777110010733344e-06 1.2658398757492926 1.265341927553874 1.265839875748981 91.53156338800854 339.59760448644704 400.0 -2.985633678761592e-14 3.606798115593283e-12 3.1175393188872834e-13 0.05344691385135601 2002.655812585019 1.5562586154776586e-08 1.7891294467531852e-14 1.7891294456691994e-14 0.0 8.068116240175966e-11 1.578050064692773e-06 1.7891294467531852e-14 0.0 1.7891294464266788e-14 7.492762535223967e-15
33.43 13.655598741811165 -7.969025987111195 0.603562848596596 -768873.9419333059 2.058557774013773e-06 1.6843950509756713 1.6834357122350225 1.6843950509753578 91.49667820676875 348.29260490234634 400.0 -2.9856715863282065e-14 3.71981170808402e-12 3.1345521935554203e-13 0.06124185609483333 2023.1287068933088 1.5318681076822196e-08 1.8275350877179245e-14 1.8275350868796843e-14 0.0 8.407383441726034e-11 2.058557774013773e-06 1.8275350877179245e-14 0.0 1.8275350874769158e-14 7.493328541982188e-15
37.58 13.655992629629964 -7.969055908855784 0.8269977711380455 -768865.9274725595 2.572651557090442e-06 2.144499650007818 2.1428160778637064 2.1444996500075155 91.45265800552524 359.39754339401856 400.0 -2.985713767324303e-14 3.680967426390912e-12 3.0251468007877987e-13 0.06975539600928982 2045.7968760515275 1.5099692792930747e-08 1.7893279083019822e-14 1.789327907667732e-14 0.0 8.415025741528059e-11 2.572274502695605e-06 1.7893279083019822e-14 0.0 1.789327908117145e-14 7.49408977497832e-15
41.96 13.656502538291008 -7.969098466495052 1.0901133649618908 -768855.371079964 3.1124326186152805e-06 2.6379261649515 2.6351763184001014 2.6379261649511943 91.3987302570602 372.02583278424055 400.0 -3.26721413689006e-14 3.791746472067491e-12 3.0550248473620735e-13 0.07869008353003809 2063.4208148816065 1.4922864908998774e-08 1.828412291447717e-14 1.828412290939496e-14 0.0 8.743496313988399e-11 3.113551707744372e-06 1.828412291447717e-14 0.0 1.8284122913047764e-14 7.495063447788067e-15
46.59 13.657146901394569 -7.969156977763919 1.3933112583541685 -768841.8433444405 3.6733070665677497e-06 3.164095112144708 3.159845083774769 3.164095112144409 91.33374327056448 385.59261776605433 400.0 -3.2671816544542784e-14 3.7840317714363046e-12 2.986552377615738e-13 0.08833088052436619 2082.46445007743 1.4747083411964188e-08 1.8087377044402113e-14 1.8087377040416317e-14 0.0 8.808398795019654e-11 3.6733070665677497e-06 1.8087377044402113e-14 0.0 1.8087377043296612e-14 7.496274862706804e-15
51.46 13.657936450682772 -7.969234716141477 1.7351580898461274 -768824.9670938409 4.240589846221636e-06 3.720882239538958 3.714630994296991 3.7208822395386676 91.25690120310576 399.5857148486715 400.0 -3.2671023194775627e-14 3.7458003159198985e-12 2.9010918758063153e-13 0.09860264232787375 2101.170334949875 1.4594861717089852e-08 1.7753054699240897e-14 1.7753054696075946e-14 0.0 8.799405904432382e-11 4.240589846221636e-06 1.7753054699240897e-14 0.0 1.7753054698375375e-14 7.497730343752136e-15
56.57 13.658885939254583 -7.969335310539099 2.1148621345168395 -768804.3264620588 4.825416158616315e-06 4.307914620716476 4.299024568811948 4.307914620716187 91.1674650666115 413.6496467141427 400.0 -3.266949346537122e-14 3.79049036703235e-12 2.885569674810174e-13 0.109353435655705 2116.6968092760612 1.444961487645123e-08 1.7835565591462568e-14 1.7835565588860716e-14 0.0 8.97354991773606e-11 4.825152895135737e-06 1.7835565591462568e-14 0.0 1.783556559076332e-14 7.499438591569352e-15
61.92 13.660008519121556 -7.969462629120448 2.531692917850233 -768779.4861631417 5.4084879903411195e-06 4.924376083190594 4.912164339132476 4.9243760831903 91.06481810071409 427.5311459009999 400.0 -3.2666875461194435e-14 3.910884360968552e-12 2.937949833276768e-13 0.1205808604451697 2129.616711436748 1.4343024047567009e-08 1.829427663899886e-14 1.829427663679837e-14 0.0 9.317168685599174e-11 5.4107747886715205e-06 1.829427663899886e-14 0.0 1.8294276638443473e-14 7.50139908769509e-15
67.52 13.661317540359994 -7.969621077331908 2.985739177227269 -768749.939407675 5.991252246298824e-06 5.569809437655028 5.553488390303343 5.569809437654733 90.94825768618907 441.07958254526415 400.0 -3.2600216907316606e-14 3.9765712706317345e-12 2.948184554614554e-13 0.13249272597403094 2143.199140676538 1.424017347416725e-08 1.8490598967638696e-14 1.8490598965790196e-14 0.0 9.534767831746627e-11 5.991252246298824e-06 1.8490598967638696e-14 0.0 1.8490598967198357e-14 7.503604390355425e-15
73.35 13.662817872375987 -7.969814419212161 3.4745558079464045 -768715.3325039375 6.56068877068977e-06 6.239231703433572 6.217999064746215 6.239231703433284 90.81786508106522 454.1326464998441 400.0 -3.263923422180742e-14 3.924328052029053e-12 2.877102894125944e-13 0.14517572827146605 2158.907476938407 1.41788419611633e-08 1.8122838691045182e-14 1.812283868952182e-14 0.0 9.479097287817854e-11 6.56068877068977e-06 1.8122838691045182e-14 0.0 1.8122838690681867e-14 7.506025250777464e-15
79.43 13.664523439746736 -7.9700478695576065 3.9988418878135703 -768675.087695415 7.121916570915857e-06 6.931390613098694 6.9043358147479905 6.93139061309841 90.6730184322752 466.6653115118147 400.0 -3.2630824632051544e-14 3.9136019832876834e-12 2.8485485342750644e-13 0.15841446774694107 2172.9302003785083 1.4162734572210582e-08 1.7963381786404582e-14 1.7963381785127236e-14 0.0 9.515442910565893e-11 7.121174135712529e-06 1.7963381786404582e-14 0.0 1.796338178610982e-14 7.508639169875585e-15
85.75 13.666440137848749 -7.970325877392748 4.55660127758825 -768628.8108253165 7.667056733733586e-06 7.640781729955272 7.606986480395552 7.64078172995498 90.5139171360459 478.6158400534749 400.0 -3.2619039664074823e-14 4.023953974179009e-12 2.918998768196425e-13 0.17202295033551013 2183.5776139744717 1.4181063083330645e-08 1.83838604891738e-14 1.838386048805968e-14 0.0 9.833024516540416e-11 7.667056733733586e-06 1.83838604891738e-14 0.0 1.8383860488933628e-14 7.51140185234946e-15
92.31 13.66857364999191 -7.970653356928096 5.146452758557591 -768576.0673024579 8.189300832129082e-06 8.362546424823778 8.321113831753964 8.362546424823488 90.34062782143961 489.9673909290288 400.0 -3.260302751865015e-14 4.009333536780735e-12 2.903981090975283e-13 0.18646675570119184 2196.5610000324755 1.4240684564172826e-08 1.8212707392274553e-14 1.8212707391326718e-14 0.0 9.857687125496076e-11 8.189300832129082e-06 1.8212707392274553e-14 0.0 1.8212707392073996e-14 7.514260223395323e-15
99.11 13.670928022197307 -7.971035365343437 5.766810417093012 -768516.4459849889 8.691304810841637e-06 9.09168434156106 9.041673916605683 9.09168434156077 90.15331439614917 500.71742522241993 400.0 -3.2581834428561444e-14 4.007552027058619e-12 2.9117393308654337e-13 0.20150293150119677 2208.9315257495814 1.4361703420965159e-08 1.8107484897034615e-14 1.8107484896218885e-14 0.0 9.91035049197071e-11 8.690768233852372e-06 1.8107484897034615e-14 0.0 1.810748489686757e-14 7.517150392717704e-15
106.16 13.673511549632849 -7.9714777409225 6.416833503553718 -768449.4662753576 9.170078069543076e-06 9.824166442077681 9.764656292103625 9.82416644207739 89.95195261801611 510.8863119612002 400.0 -3.261149699426064e-14 3.967957857126685e-12 2.8980424994396494e-13 0.21726582539760875 2221.812358955612 1.4518060946082651e-08 1.7828209451354686e-14 1.7828209450652748e-14 6.01213556946042e-89 9.871992353919101e-11 9.170078069543076e-06 1.7828209451354686e-14 6.012135569460418e-89 1.782820945121159e-14 7.520004369061347e-15
113.44 13.676318645155831 -7.971984483468759 7.092754842866996 -768374.9684335951 9.622239505124672e-06 10.55306241543262 10.483198215816687 10.553062415432326 89.73740823096573 520.4577189750426 400.0 -3.556022954071106e-14 4.0007355662851026e-12 2.9458051600229123e-13 0.23346266887683256 2232.8322979767863 1.4705424296018592e-08 1.7891141546447896e-14 1.7891141545834693e-14 7.851207568666612e-83 1.0004239889463031e-10 9.62146835457265e-06 1.7891141546447896e-14 7.851207568666612e-83 1.7891141546327166e-14 7.522730489156035e-15
120.97 13.679358683680004 -7.972562301116591 7.794391149802458 -768292.433973234 1.0049988084670316e-05 11.275892694395745 11.194808394643232 11.275892694395438 89.50944144506751 529.4741563721626 400.0 -3.5522720086514646e-14 4.119676266830477e-12 3.0670034993515134e-13 0.250045214330012 2241.5831385999304 1.492647797283161e-08 1.8351371199374936e-14 1.835137119882344e-14 2.7906861991156485e-77 1.0345176983339993e-10 1.005013513529593e-05 1.8351371199374936e-14 2.7906861991156497e-77 1.835137119927256e-14 7.525244791358756e-15
128.74 13.682628987765227 -7.973215879704844 8.518699241222013 -768201.684877465 1.0452547076504243e-05 11.987570572276317 11.894455480854973 11.987570572276011 89.26872707029945 537.9403670473365 400.0 -3.547554512122834e-14 4.0627420144724155e-12 3.053591772488347e-13 0.2677608858263363 2254.375341789494 1.514838469893145e-08 1.8003471019876176e-14 1.8003471019399837e-14 3.1258512213901045e-72 1.026000520755707e-10 1.0452547076504243e-05 1.8003471019876176e-14 3.1258512213901045e-72 1.800347101978884e-14 7.527443834930991e-15
136.75 13.686129089086283 -7.973950560553112 9.263522570134597 -768102.4814319613 1.0830109269164153e-05 12.684521617297793 12.578612492645396 12.68452161729748 89.01564087802075 545.8763217598963 400.0 -3.541727233245059e-14 4.10436509337098e-12 3.1139133982389427e-13 0.2857848522196107 2264.43311536439 1.5357915891985373e-08 1.8108640129082862e-14 1.8108640128655943e-14 1.1844121776693651e-67 1.0414121570476693e-10 1.0830027745820693e-05 1.8108640129082862e-14 1.184412177669366e-67 1.810864012900789e-14 7.529220222210778e-15
145.01 13.689863673423693 -7.974772703720623 10.027625096773178 -767994.4869847116 1.1184423589733283e-05 13.36450801265682 13.24505768585952 13.364508012656499 88.75026140074195 553.3115123232516 400.0 -3.5254309942036276e-14 4.186654680844799e-12 3.205128859978229e-13 0.30434599006954416 2273.6124394000853 1.555760514555478e-08 1.839985254890697e-14 1.839985254852182e-14 2.018970369838794e-63 1.0667702484227102e-10 1.1184516847018492e-05 1.839985254890697e-14 2.018970369838794e-63 1.8399852548842462e-14 7.530461834099872e-15
153.5 13.693822742442833 -7.97568559713643 10.807022631181828 -767877.7957505226 1.1516612848599283e-05 14.023379919779417 13.889692736157164 14.023379919779098 88.47360946891288 560.2496252862342 400.0 -3.549339618756475e-14 4.15209292838212e-12 3.1971664179622065e-13 0.3238701809157943 2285.045312594804 1.57240353364945e-08 1.8159873725086353e-14 1.815987372474744e-14 1.5047699460356513e-59 1.0634894504952152e-10 1.1516612848599283e-05 1.8159873725086353e-14 1.504769946035652e-59 1.8159873725029953e-14 7.531046190425723e-15
162.24 13.698015061955335 -7.976696615408787 11.601468483311782 -767751.9999114643 1.1826139687547321e-05 14.660614056509717 14.512057507163581 14.660614056509393 88.1854235777825 566.7292782864307 400.0 -3.5403424618544354e-14 4.183042399694155e-12 3.2326329995343587e-13 0.34386540021950085 2295.0022737122413 1.5845683278262734e-08 1.82203629462457e-14 1.8220362945941496e-14 5.658759876557655e-56 1.0761534342221743e-10 1.1825550956775233e-05 1.82203629462457e-14 5.658759876557647e-56 1.8220362946196854e-14 7.53085000456324e-15
171.22 13.702433835378494 -7.977809859192621 12.40802751843567 -767617.1313827039 1.2116884435526536e-05 15.27394317540047 15.109865700550648 15.273943175400147 87.8863470745073 572.764590990998 400.0 -3.5296607749647914e-14 4.179068980897079e-12 3.2334979925875415e-13 0.3646373100993534 2305.587805006829 1.5932672441173662e-08 1.812573227142672e-14 1.812573227115805e-14 1.2056463408599847e-52 1.0800643342349519e-10 1.2116884435526536e-05 1.812573227142672e-14 1.205646340859987e-52 1.8125732271384748e-14 7.529743025295255e-15
180.43 13.707074791443935 -7.97902903385027 13.223903838133767 -767473.2773566516 1.2388625814047853e-05 15.861627416352597 15.681456826455328 15.861627416352267 87.57712533418658 578.372559021907 400.0 -3.7926111283389554e-14 4.283946514783115e-12 3.3048544081739313e-13 0.3855368161668945 2313.1019472823573 1.5939231030926363e-08 1.8518105719438994e-14 1.851810571919176e-14 1.2929342683050255e-49 1.1111507226992256e-10 1.2388625814047853e-05 1.8518105719438994e-14 1.2929342683050259e-49 1.851810571940243e-14 7.527594100700873e-15
189.9 13.711949948392334 -7.980363172083026 14.04991340891388 -767319.9125402947 1.2645182857715894e-05 16.424869828440176 16.227959728386875 16.424869828439853 87.25697826599746 583.5934653732428 400.0 -3.777275343870635e-14 4.251777827265999e-12 3.2640073424621955e-13 0.4077446826916479 2323.884770363006 1.5928008178210532e-08 1.830211373494541e-14 1.830211373472445e-14 8.453345992793097e-47 1.1077754851127554e-10 1.264419873403966e-05 1.830211373494541e-14 8.4533459927930955e-47 1.8302113734913835e-14 7.524258269294813e-15
199.6 13.71704573646241 -7.981813046998218 14.881717739327096 -767157.4918986025 1.2887462251882786e-05 16.961508767166663 16.747266264502134 16.961508767166336 86.92731892144579 588.4325638355507 400.0 -3.7739721078283216e-14 4.2824030195939415e-12 3.259973003543911e-13 0.430291439945569 2332.8346495270675 1.5852886984688877e-08 1.8366112189996472e-14 1.8366112189796565e-14 3.679977254256959e-44 1.1201397568649882e-10 1.2887462251882786e-05 1.8366112189996472e-14 3.679977254256957e-44 1.836611218996841e-14 7.519601557394498e-15
209.54 13.722364980793992 -7.983384744320506 15.718603898759548 -766985.8522365593 1.3113376490395468e-05 17.47201467815025 17.23996754492828 17.47201467814993 86.58802410685728 592.9180655446266 400.0 -3.755079695475961e-14 4.282762344938396e-12 3.224945475214568e-13 0.4536000339172497 2342.0821446153795 1.5740844888009673e-08 1.8298097181405056e-14 1.829809718122457e-14 1.0132142387170244e-41 1.1247627659672968e-10 1.3113376490395468e-05 1.8298097181405056e-14 1.0132142387170244e-41 1.8298097181380216e-14 7.51347785735405e-15
219.73 13.727912863773401 -7.985084593149077 16.559919853533845 -766804.8277868667 1.3328786627125586e-05 17.95723862624387 17.7067590726079 17.95723862624355 86.23901113015951 597.0757573234938 400.0 -3.720275172141598e-14 4.3164759061250865e-12 3.205798619702772e-13 0.477425607924202 2350.2799162093615 1.5577370065278956e-08 1.8380346446023256e-14 1.8380346445858725e-14 1.8976979824845415e-39 1.1376551484621264e-10 1.3328786627125586e-05 1.8380346446023256e-14 1.8976979824845386e-39 1.8380346446001638e-14 7.505731270474911e-15
230.16 13.733683785383946 -7.98691555275891 17.40346387325335 -766614.6184772688 1.3533736624706713e-05 18.417096173605117 18.1476065152993 18.417096173604797 85.88085475800563 600.9223208441095 400.0 -3.695367840573483e-14 4.367818440632242e-12 3.19298226930317e-13 0.5018144227059043 2357.8385903243725 1.5380777556227295e-08 1.854085717721817e-14 1.8540857177067286e-14 2.5753464898356012e-37 1.1549916047574447e-10 1.3532975764751205e-05 1.854085717721817e-14 2.5753464898355954e-37 1.8540857177198912e-14 7.496216583036849e-15
240.83 13.739677946273392 -7.98888200109252 18.248003003836946 -766415.2665794881 1.3728877980813733e-05 18.85222889391502 18.563169723320218 18.852228893914695 85.51378141886691 604.4784370148684 400.0 -3.9879754226613576e-14 4.4568417049739065e-12 3.203723973079401e-13 0.5266401845053381 2364.288834036757 1.516460185059398e-08 1.8868425939498974e-14 1.8868425939357844e-14 2.362684872433674e-35 1.1818439654045578e-10 1.3729463071979312e-05 1.8868425939498974e-14 2.362684872433674e-35 1.886842593948236e-14 7.484779640184512e-15
251.74 13.745896174917949 -7.990988199718049 19.09242008483757 -766206.8245846399 1.3915690339813029e-05 19.263459008063798 18.954250249725938 19.26345900806348 85.13802587984165 607.7639429361229 400.0 -3.95817164661704e-14 4.47824428808411e-12 3.1620776304546427e-13 0.5525888687314396 2372.4386370211664 1.4938392225643483e-08 1.8905155874452834e-14 1.890515587432628e-14 1.8991301136687066e-33 1.191104755957569e-10 1.3916304640368936e-05 1.8905155874452834e-14 1.8991301136687056e-33 1.8905155874439168e-14 7.471262250743757e-15
262.89 13.752337745890653 -7.9932382710630465 19.935704538453564 -765989.3519316986 1.4095117434430622e-05 19.651701030619744 19.32175713017626 19.651701030619428 84.7537062875675 610.7977992107961 400.0 -3.908957170147873e-14 4.518303250108206e-12 3.1277725777027374e-13 0.5789316945963294 2379.2854198349223 1.4686169435422634e-08 1.9021213758487643e-14 1.9021213758372277e-14 1.099413487894804e-31 1.205288787737925e-10 1.4095174872237689e-05 1.9021213758487643e-14 1.0994134878948028e-31 1.9021213758476053e-14 7.45550735366318e-15
274.29 13.759010055209544 -7.995638389531086 20.777684796009474 -765762.7143626313 1.4268686483087872e-05 20.0182851428971 19.666968535906264 20.018285142896794 84.36068824104163 613.6003006117803 400.0 -3.9297195981818984e-14 4.5004636238135484e-12 3.047463816119213e-13 0.6062103811311194 2386.8245217317385 1.4411365781722139e-08 1.8886218472813365e-14 1.8886218472706888e-14 4.4828396928770924e-30 1.2045322762101773e-10 1.4268686483087872e-05 1.888621847281336e-14 4.4828396928770924e-30 1.8886218472802942e-14 7.437333867036464e-15
285.93 13.76590782301217 -7.9981904782707485 21.616790761291398 -765527.1756725989 1.4435895840934422e-05 20.363849877610967 19.990586797298583 20.36384987761066 83.95944571231637 616.1856470501465 400.0 -3.891146552607859e-14 4.609444451772018e-12 3.056606918342001e-13 0.6334914133656003 2391.7902865907517 1.4141215111143645e-08 1.9304762185463627e-14 1.9304762185364107e-14 1.594468583094526e-28 1.2362890557029432e-10 1.4435895840934422e-05 1.930476218546347e-14 1.594468583094526e-28 1.9304762185454883e-14 7.416591059604729e-15
297.81 13.773032382742462 -8.000898326914784 22.45231185429251 -765282.8093373985 1.459823923015056e-05 20.68951957670111 20.293688132543195 20.68951957670081 83.55012057932208 618.5698704359785 400.0 -3.8302783422902483e-14 4.57363746045748e-12 2.962847166289277e-13 0.6622019688268701 2399.225291789496 1.3857039796133557e-08 1.9096350545916728e-14 1.9096350545820985e-14 4.4207249258433656e-27 1.230625644423117e-10 1.459823923015056e-05 1.9096350545912304e-14 4.420724925843363e-27 1.9096350545904384e-14 7.393110712563647e-15
309.93 13.780385001222538 -8.00376561652729 23.28362319189703 -765029.6903854074 1.4758201328015059e-05 20.996498787106553 20.57736002071394 20.996498787106255 83.13283486244488 620.7679933639702 400.0 -4.147613128372951e-14 4.7008742091624506e-12 2.981050473648747e-13 0.6906769822379861 2403.483686116101 1.358665217012128e-08 1.9596046662921658e-14 1.959604666272736e-14 1.0905152914966003e-25 1.2669794046210265e-10 1.4757776377374397e-05 1.9596046662812606e-14 1.0905152914966003e-25 1.9596046662806362e-14 7.366723044461071e-15
322.29 13.787968572685987 -8.006795938005713 24.110182698109035 -764767.8945137744 1.4915407917273632e-05 21.28584281057958 20.842686218142052 21.285842810579297 82.70779005691654 622.7940166555367 400.0 -4.051961789437552e-14 4.61263313555865e-12 2.8580385428710546e-13 0.7211924255227262 2411.9489616453516 1.3315537008915698e-08 1.9169950352505286e-14 1.916995035024143e-14 2.186892107546798e-24 1.247182308446181e-10 1.4915407917273632e-05 1.9169950350318397e-14 2.186892107546799e-24 1.9169950350312875e-14 7.337250415915005e-15
334.89 13.79578412225175 -8.009992762005822 24.931516946273558 -764497.4962107904 1.5065258101573085e-05 21.55832159992731 21.090733652767824 21.558321599927027 82.27505358739134 624.6610083941744 400.0 -3.9962141727370025e-14 4.671565892905925e-12 2.8308642767272594e-13 0.7512752029710463 2416.7799662501275 1.3049634652127961e-08 1.9374579604998613e-14 1.9374579567490518e-14 3.743609372651732e-23 1.2658522747989965e-10 1.5065258101573085e-05 1.937457956756252e-14 3.743609372651735e-23 1.9374579567557558e-14 7.304520530817963e-15
347.74 13.803838458684515 -8.013362112743788 25.74784490672413 -764218.3492580452 1.5217231556124264e-05 21.81572435334864 21.32271591899549 21.815724353348358 81.83425272314393 626.3823786018262 400.0 -4.012717831098461e-14 4.753401890284551e-12 2.8224877278400125e-13 0.7819365546152567 2421.158362871184 1.2807008152929009e-08 1.9683211955249717e-14 1.9683211421179726e-14 5.340027317082366e-22 1.2901351755464924e-10 1.5217231556124264e-05 1.9683211421246984e-14 5.340027317082365e-22 1.968321142124363e-14 7.268334561658421e-15
360.82 13.812125166158202 -8.016902086102641 26.557560945948428 -763930.961210617 1.536775180032871e-05 22.058460432166555 21.539281088428982 22.058460432166278 81.38646966926599 627.9666237215315 400.0 -3.9277921396950604e-14 4.785871476428961e-12 2.7805900818623045e-13 0.813503902322288 2426.1860307255433 1.255684667244093e-08 1.977734415236539e-14 1.977733728642656e-14 6.865876274030853e-21 1.3017105427581748e-10 1.536725346534531e-05 1.9777337286489115e-14 6.86587627403085e-21 1.9777337286486202e-14 7.22855747649353e-15
374.15 13.820656540283224 -8.020621259364749 27.361609036196878 -763634.9599976473 1.5516074499836586e-05 22.287797739562116 21.741730899485354 22.28779773956184 80.93087887799254 629.426611243218 400.0 -4.11101124224222e-14 4.826858707473206e-12 2.774026958373336e-13 0.845710910641735 2430.8570998473774 1.2442623090436596e-08 1.991179096431291e-14 1.991170985267491e-14 8.11115808382016e-20 1.3152701909340247e-10 1.5517344153253493e-05 1.991170985273207e-14 8.111158083820155e-20 1.9911709852730204e-14 7.185022642861522e-15
387.72 13.829433022462538 -8.024520144108237 28.159133368699617 -763330.6320182014 1.566618332673685e-05 22.504762726405772 21.930821987449498 22.50476272640548 80.46826780167758 630.7706096626669 400.0 -4.0347531752407387e-14 4.864804227871845e-12 2.9496166268294165e-13 0.8783616508142351 2434.2445535876736 1.315287810385576e-08 2.002886642889931e-14 2.002812364604665e-14 7.427827980591633e-19 1.3283240683850955e-10 1.566618332673685e-05 2.002812364610125e-14 7.427827980591633e-19 2.0028123646099508e-14 7.13807454298579e-15
401.54 13.838459331594311 -8.028604711136927 28.950495763432397 -763017.8099453945 1.5811103165900974e-05 22.709859931231087 22.107559470684333 22.709859931230632 79.99795444601372 632.0083942417783 400.0 -3.9269361097372296e-14 4.823032346423511e-12 4.5461827210806515e-13 0.9124446569662467 2434.5629908198753 2.049346867116775e-08 1.9812670075731232e-14 1.9806226294304955e-14 6.443781376157893e-18 1.3200199998931084e-10 1.5810558569061683e-05 1.9806226294355076e-14 6.443781376157893e-18 1.9806226294353956e-14 7.091967756223078e-15
415.59 13.847728323512777 -8.032872055494408 29.734404864325896 -762697.0068342799 1.5958302706820753e-05 22.904197689673783 22.272525119763536 22.90419768967246 79.5209546933481 633.146279667669 400.0 -3.8377558773901396e-14 4.9387715281873156e-12 1.3210435291018087e-12 0.9458285402458596 2413.0300657973694 5.822932946128803e-08 2.026221558792166e-14 2.021940424688885e-14 4.2811340983058626e-17 1.3534887783080953e-10 1.595933717820858e-05 2.0219404246938607e-14 4.281134098305862e-17 2.0219404246938115e-14 7.07220412963986e-15
429.89 13.85725638037537 -8.03733114377892 30.51186043961236 -762367.8210815436 1.610687931473589e-05 23.088777434968808 22.42674483106915 23.08877743496496 79.03665690990637 634.1933900156918 400.0 -3.800217556273699e-14 5.0099464648606184e-12 3.845984821418758e-12 0.9803932834928191 2377.6822500008357 1.6735120897917344e-07 2.052533738738313e-14 2.0325389433192935e-14 1.9994795413611692e-16 1.375015707195378e-10 1.610687931473589e-05 2.0325389433247013e-14 1.99947954136117e-16 2.032538943324681e-14 7.168621119465733e-15
444.42 13.867033598751709 -8.041978568948934 31.28169042556739 -762030.7642680297 1.625362497942145e-05 23.263842826179708 22.57074580776637 23.263842826170844 78.54580333607173 635.1551417175782 400.0 -3.924333381368443e-14 5.320519514167655e-12 8.863422963456856e-12 1.0136654275523775 2370.3879991826802 3.628764700125213e-07 2.181495186448889e-14 2.1192731526285684e-14 6.222203381290468e-16 1.4590812723282138e-10 1.625362497942145e-05 2.1192731526359844e-14 6.222203381290468e-16 2.1192731526359522e-14 7.525485340617374e-15
459.2 13.877076477852508 -8.046823479409614 32.04489744486157 -761685.4190151702 1.6402295602187073e-05 23.430632364237127 22.70542419594418 23.430632364219363 78.04770644690034 636.0391911292579 400.0 -3.924821073071232e-14 5.8980794171129725e-12 1.7761135042682498e-11 1.0477799123989906 2426.6534224333323 6.520034404751536e-07 2.4329457312449694e-14 2.2771490396515788e-14 1.5579669158099522e-15 1.607827105373831e-10 1.6402295602187073e-05 2.2771490396639743e-14 1.5579669158099532e-15 2.2771490396640428e-14 8.390865049130183e-15
474.22 13.887383919580477 -8.051865449318644 32.8009184946959 -761332.0604945077 1.655224417912662e-05 23.589646108530125 22.831330678927532 23.589646108497 77.54296518299698 636.8506216397816 400.0 -3.8086252346396906e-14 6.6952177858988604e-12 3.312350973089992e-11 1.085307250956869 2560.15069685658 1.0547702591495801e-06 2.8047235755648407e-14 2.4639568953569403e-14 3.407666801846154e-15 1.7980502059735576e-10 1.655224417912662e-05 2.463956895380226e-14 3.407666801846149e-15 2.4639568953810738e-14 1.0165087376810817e-14
489.48 13.8979591967901 -8.057107110778862 33.549743762906346 -760970.7269328446 1.6704373766380257e-05 23.741592538422747 22.949075984270188 23.74159253835855 77.03153449471661 637.5947665216887 400.0 -3.926180372967014e-14 8.296651991563699e-12 6.419484908731759e-11 1.1240115484916149 2652.814534693574 1.6005292128370012e-06 3.58218630965309e-14 2.872038671634593e-14 7.101476379721951e-15 2.1633491729462807e-10 1.6703973608207824e-05 2.872038671680896e-14 7.101476379721951e-15 2.872038671686372e-14 1.3778132453713557e-14
504.99 13.90881545864865 -8.062554644285683 34.29186139577249 -760601.2155033015 1.6857418635954605e-05 23.887022869494608 23.059298124540877 23.887022869369773 76.51339267204479 638.2768937612993 400.0 -3.767096803455326e-14 1.1222284835777781e-11 1.2483679619578116e-10 1.165073172073617 2690.0440416646725 2.1985612805270164e-06 5.0712571384539415e-14 3.629978896613771e-14 1.441278241747358e-14 2.794875644415685e-10 1.685749427396831e-05 3.6299788967065834e-14 1.4412782417473584e-14 3.629978896734917e-14 2.100313607474114e-14
520.73 13.91994226049506 -8.068203551020224 35.026341248230466 -760224.0325537586 1.701209794191779e-05 24.02637981348202 23.162385832995003 24.026379813242286 75.98913898052623 638.9006093844424 400.0 -3.923393023070553e-14 1.670442592096454e-11 2.3973394669996985e-10 1.2068779893556263 2645.453013888005 2.6881217517072335e-06 7.965117611351376e-14 5.0873246153358837e-14 2.8777929958321454e-14 3.9304151414536335e-10 1.7013416784787748e-05 5.0873246155192276e-14 2.8777929958321454e-14 5.087324615645491e-14 3.527638505901844e-14
536.72 13.931360131320876 -8.074063541036617 35.75416485189479 -759838.7269555923 1.71688616987864e-05 24.1603813551918 23.258964788698325 24.16038135473201 75.45843976606297 639.4707835349795 400.0 -3.9848738642460415e-14 2.691342127205889e-11 4.5978785229894834e-10 1.2478195080170111 2362.6980301909302 3.0380863360902892e-06 1.3516647073967184e-13 7.844393186022815e-14 5.672253887590163e-14 5.979350287852103e-10 1.71688616987864e-05 7.84439318637702e-14 5.672253887590161e-14 7.84439318688817e-14 6.312319563638194e-14
552.95 13.943063590499529 -8.080133445191905 36.474909852557836 -759445.5576302889 1.732760688736093e-05 24.2894076403539 23.34942651976444 24.289407639486328 74.92115701503995 639.9908050420979 400.0 -4.465644447234364e-14 4.604732446249786e-11 8.675740011231036e-10 1.2824247563149278 1755.4344078543622 3.211741381639008e-06 2.4125568409163536e-13 1.312420170948169e-13 1.1001366699015399e-13 9.756177082928793e-10 1.7326064499667854e-05 1.312420171014814e-13 1.1001366699015404e-13 1.312420171206688e-13 1.163105446728509e-13
569.42 13.955061626599626 -8.08641575340962 37.18865402212724 -759044.5462548474 1.7488681371649575e-05 24.413950745377825 23.4341984022833 24.41395074382152 74.37796512907143 640.4640628274772 400.0 -5.697341343588625e-14 8.066371411882922e-11 1.5563070504583212e-09 1.3073623948172137 1320.5094734669076 3.1801136956843942e-06 4.370833173046713e-13 2.293396668862498e-13 2.0774365040621143e-13 1.6467791097185234e-09 1.7489062935392308e-05 2.293396668984598e-13 2.0774365040621143e-13 2.2933966696600287e-13 2.1393057373293286e-13
586.14 13.967366318408873 -8.092916746309992 37.89589259562301 -758635.461601231 1.7652861174494566e-05 24.53457616916038 23.51372245927927 24.534576166464557 73.82849314543664 640.8939618983322 400.0 -7.28709490774355e-14 1.4038566517753324e-10 2.695821120234745e-09 1.3273480824371853 1067.3845585178615 3.0741293914866487e-06 7.83214142773619e-13 4.027519715510529e-13 3.8046217120077865e-13 2.777319884260829e-09 1.7652861174494566e-05 4.0275197157284073e-13 3.804621712007784e-13 4.0275197179738745e-13 3.8653274637010336e-13
603.09 13.97996856042722 -8.099630983132807 38.59586715081936 -758218.8039370233 1.7817451904753946e-05 24.651238345974804 23.58827144613485 24.65123834141415 73.27347978239757 641.2828764712473 400.0 -1.0346748013836032e-13 2.403309297653107e-10 4.560657026495412e-09 1.3440157454207453 769.2557665788939 2.959234069245271e-06 1.3764476158885725e-12 6.995144750926871e-13 6.7693314075801e-13 4.625579598245703e-09 1.7817451904753946e-05 6.995144751305629e-13 6.769331407580104e-13 6.995144758375636e-13 6.828809694906644e-13
620.29 13.992887906903388 -8.106568658772904 39.28949621830402 -757794.0877860348 1.7987272754436345e-05 24.764982645927432 23.6582747637863 24.764982638370864 72.71212146471667 641.6339291160876 400.0 -1.5834375516135765e-13 4.04350445432685e-10 7.55657235963267e-09 1.3554087861298683 378.0752650623412 2.846144735850562e-06 2.371261535403714e-12 1.1967612857729648e-12 1.174500249566492e-12 7.598232834601363e-09 1.7986845097371406e-05 1.1967612858372217e-12 1.1745002495664926e-12 1.1967612879561394e-12 1.1803186699195336e-12
637.72 14.006118690219997 -8.11372405442446 39.97608154992397 -757361.8133951596 1.8159844415088007e-05 24.87576623048091 23.72396734305904 24.875766218237406 72.1458170902577 641.9490890135004 400.0 -2.4931749937299655e-13 6.674273524326253e-10 1.2243503102952797e-08 1.361464199404367 154.96336520378372 2.7341549869474034e-06 3.999393710917548e-12 2.0106972279770238e-12 1.9886964828340836e-12 1.2279699087527766e-08 1.8159844415088007e-05 2.0106972280834655e-12 1.9886964828340824e-12 2.0106972341371004e-12 1.994378837781548e-12
655.4 14.01968017923166 -8.121107559108669 40.656512393332285 -756921.4818002523 1.8333657521105978e-05 24.983805393661463 23.785717792440316 24.98380537418785 71.57352219687587 642.2309680621722 400.0 -4.0091817197856007e-13 1.08120658676374e-09 1.947361471498688e-08 1.3651732800512884 76.1146342150908 2.63167743739498e-06 6.608844128104169e-12 3.315822604941029e-12 3.2930215229907093e-12 1.952132708878984e-08 1.8333604064131383e-05 3.3158226051134627e-12 3.293021522990709e-12 3.3158226216594846e-12 3.2985609377029595e-12
673.32 14.033572320927055 -8.128717341634978 41.330503365017364 -756473.3378915209 1.8512123367083718e-05 25.08979014924214 23.843759025575544 25.089790118761233 70.99589772572216 642.4813956135641 400.0 -6.432587980568793e-13 1.7204508472742743e-09 3.048090951660687e-08 1.3681786032875087 40.82825605227867 2.542164248198222e-06 1.0708679181408868e-11 5.365496862338231e-12 5.343182318797288e-12 3.0551348981374337e-08 1.8512123367083718e-05 5.365496862611582e-12 5.343182318797283e-12 5.3654969059412925e-12 5.348571950207381e-12
691.49 14.04780977602859 -8.13655993237046 41.99853254994996 -756017.1221160837 1.869265218982952e-05 25.193703146423605 23.898372062364825 25.193703099375114 70.41270091936372 642.7023472990467 400.0 -1.035907624441076e-12 2.6938115163255123e-09 4.704849393428473e-08 1.370708736610438 27.046403981603444 2.4655323512970507e-06 1.704302233653731e-11 8.533059745361593e-12 8.509962590751215e-12 4.715578376981551e-08 1.869223986139987e-05 8.533059745786089e-12 8.509962590751212e-12 8.533059854763925e-12 8.515195563854235e-12
709.89 14.062383341796215 -8.144628834976515 42.65998103568978 -755553.324199412 1.8877454916809815e-05 25.296018589087343 23.949730495734727 25.296018517392366 69.8244813439851 642.8952935221787 400.0 -1.6492483054019255e-12 4.1544977682181685e-09 7.169497588001324e-08 1.3731233241349652 18.771240782689222 2.401339841525219e-06 2.6665313214790173e-11 1.3344182845255005e-11 1.3321130368889195e-11 7.185667307504894e-08 1.8877454916809815e-05 1.3344182845900973e-11 1.3321130368889192e-11 1.3344183109333648e-11 1.3326200216523535e-11
728.54 14.077317882226476 -8.15293501490894 43.31569215917846 -755081.4283006183 1.9063877780217212e-05 25.396700410039237 23.998107068715704 25.396700301979024 69.23125992460412 643.0619844303014 400.0 -2.598174458950208e-12 6.323117893225984e-09 1.0806021265439474e-07 1.3754501802840613 14.51498516639707 2.3486943235426393e-06 4.1091397581555704e-11 2.0557636979359566e-11 2.0533760601231797e-11 1.0830063334138468e-07 1.9063877780217212e-05 2.0557636980323917e-11 2.0533760601231797e-11 2.055763759392416e-11 2.0538661221463693e-11
747.43 14.092610118270557 -8.16147611673514 43.96541812821391 -754601.6612410669 1.9256649654338686e-05 25.49660793849392 24.043673840167735 25.49660777723796 68.63238383296934 643.2037772839764 400.0 -4.035219311823307e-12 9.50817979896149e-09 1.6125596583602237e-07 1.3777566232359748 11.658535894130685 2.3066805143185637e-06 6.243669937955306e-11 3.122988969710982e-11 3.12068096810304e-11 1.6160727932816516e-07 1.925602534245999e-05 3.1229889698522645e-11 3.120680968103043e-11 3.122989107699888e-11 3.1211536286507714e-11
766.56 14.108273135619621 -8.170254441619296 44.60929480266625 -754114.0122806111 1.945311382280731e-05 25.59562644380961 24.086617461474816 25.595626205309316 68.02994890153566 643.321912335188 400.0 -6.202118068702004e-12 1.4143689217667383e-08 2.3850029688064823e-07 1.3800420531203494 10.088766464474263 2.2741842715360253e-06 9.366446681054422e-11 4.684415715335323e-11 4.68203096551585e-11 2.3900504667810853e-07 1.945311382280731e-05 4.6844157155385677e-11 4.68203096551585e-11 4.684416014612515e-11 4.68248597543995e-11
785.93 14.124310803786347 -8.179271898667935 45.24743745092078 -753618.4471269565 1.9650210162802542e-05 25.693442797792514 24.127110691420775 25.693442447881957 67.4225085162819 643.4176421579506 400.0 -9.41795159269149e-12 2.0836611690504837e-08 3.4991055893774494e-07 1.3823309874735152 8.938063396022985 2.249940201859272e-06 1.3889853498429486e-10 6.946118171026114e-11 6.943735327116154e-11 3.5062322636538143e-07 1.9650210162802542e-05 6.946118171313331e-11 6.943735327116151e-11 6.946118798704247e-11 6.9441728866915e-11
805.54 14.140732756998256 -8.188530591612402 45.879974541996425 -753114.939013943 1.9853395181249667e-05 25.79111588148606 24.165313969581064 25.7911153719199 66.81063787043625 643.4920442511823 400.0 -1.4160344596381327e-11 3.043168864482341e-08 5.095661608901574e-07 1.384625269261898 8.102378556764009 2.232535878623665e-06 2.0385141273287718e-10 1.0193812296869599e-10 1.0191328976019268e-10 5.105553296870353e-07 1.9853263655024467e-05 1.0193812297268446e-10 1.019132897601927e-10 1.019381357116421e-10 1.0191750090149386e-10
825.39 14.15754790161076 -8.198032581316511 46.50703266477693 -752603.4566477243 2.0060056491602016e-05 25.888426174881385 24.20137613833821 25.888425437964887 66.19466761294076 643.5461145252434 400.0 -2.1089359112302253e-11 4.4099146441024245e-08 7.369165004269186e-07 1.3869287277779927 7.43545336395421 2.22044087666753e-06 2.9640850441007306e-10 1.482167701647945e-10 1.4819173423983444e-10 7.382661104942106e-07 2.0060963096972762e-05 1.4821677017023867e-10 1.4819173423983436e-10 1.4821679522923333e-10 1.4819580508008788e-10
845.49 14.174774415230939 -8.207784849090672 47.129045737198126 -752083.710253674 2.027081902286248e-05 25.985702011902895 24.235451752330377 25.985700953108417 65.57518355729052 643.5807693382154 400.0 -3.114621368897337e-11 6.346277077551038e-08 1.0587944784729017e-06 1.3892441609580162 6.86171896004917 2.2120480036640314e-06 4.2749271015433677e-10 2.1375915511867398e-10 2.13733555028357e-10 1.0606051367675767e-06 2.027081902286248e-05 2.1375915512598002e-10 2.1373355502835718e-10 2.137592029341583e-10 2.1373753352429043e-10
865.83 14.19241037247455 -8.217784414183757 47.74581510772772 -751555.8993983555 2.0485709241842778e-05 26.083015345859355 24.267650501216004 26.08301383451299 64.95008301558993 643.5968448424265 400.0 -4.565748348162306e-11 9.072935843766757e-08 1.5113463623457236e-06 1.3915706376966541 6.341432961918636 2.2057429130758946e-06 6.119567159657422e-10 3.05991103570034e-10 3.059656123860696e-10 1.5137344570181222e-06 2.0484720222931308e-05 3.0599110357967273e-10 3.059656123860695e-10 3.059911920662007e-10 3.059695855518104e-10
886.41 14.210467942395933 -8.228033507432338 48.357473361117634 -751019.9976970694 2.0704869070841666e-05 26.180616893187537 24.29809190112936 26.180614749868877 64.32196975625729 643.5950656927752 400.0 -6.646181513207721e-11 1.2890935291624556e-07 2.1433186592743628e-06 1.3939074867095331 5.873533600974108 2.1999650233755994e-06 8.70126832763168e-10 4.3507647863280863e-10 4.3505035411785995e-10 2.1464144542118315e-06 2.0704869070841666e-05 4.3507647864530795e-10 4.350503541178601e-10 4.3507663760722016e-10 4.3505447015494646e-10
907.23 14.228956121072486 -8.238534042880087 48.964144777370834 -750475.9522428374 2.0928195974537352e-05 26.278617169047426 24.326886939934997 26.27861414937812 63.69016103395334 643.5761326211106 400.0 -9.612688269943459e-11 1.820712653164548e-07 3.019669301680974e-06 1.3962544792540719 5.436601297172428 2.1932815752128175e-06 1.22963604790478e-09 6.148315472697588e-10 6.148045006190942e-10 3.023612395454057e-06 2.0927916352700955e-05 6.148315472856857e-10 6.148045006190942e-10 6.148318245403884e-10 6.148090002565652e-10
928.29 14.247884739054305 -8.249288221993424 49.565954344032114 -749923.7340946182 2.1155072360562105e-05 26.377125495346572 24.354138837362946 26.377121269253184 63.05746553203276 643.5406758778648 400.0 -1.3820845628883572e-10 2.5567064054540346e-07 4.226093388701574e-06 1.3986108102842387 5.024363433661155 2.1844559318124506e-06 1.7278554009668307e-09 8.639418173372311e-10 8.639135836096677e-10 4.231025055405837e-06 2.115538936730397e-05 8.639418173571629e-10 8.639135836096682e-10 8.639422868947364e-10 8.639188414038004e-10
949.6 14.267273171611743 -8.260302798529278 50.16330429015003 -749362.9851739365 2.1387257147561627e-05 26.476483045708495 24.37995535261064 26.47647717029206 62.41878728906115 643.4892381346392 400.0 -1.976436377307728e-10 3.5701925200050493e-07 5.875416437081958e-06 1.4009767205676913 4.630956708703742 2.1724916063950144e-06 2.415417116549899e-09 1.207723504884168e-09 1.2076936116412514e-09 5.881468526856378e-06 2.1387435928270397e-05 1.2077235049086475e-09 1.2076936116412514e-09 1.2077242770329458e-09 1.2077001869148586e-09
971.15 14.287123305375669 -8.271574916112353 50.75603112328926 -748793.9333111793 2.162405891587762e-05 26.576764667675103 24.40441269575634 26.576756555578633 61.777629726853554 643.4223458181445 400.0 -2.811271743745681e-10 4.956720143313829e-07 8.112096471870045e-06 1.4033499920861048 4.2551331937401855 2.1566780510854827e-06 3.359381924925521e-09 1.6797067635135777e-09 1.6796751613824761e-09 8.119373750726643e-06 2.162405891587762e-05 1.679706763543043e-09 1.6796751613824757e-09 1.6797079954981586e-09 1.6796838509719446e-09
992.93 14.307435791906475 -8.283101237579615 51.343989141291594 -748216.7867533895 2.1864192272776144e-05 26.677828458331724 24.427583984486727 26.677817338130367 61.134867911834654 643.340516346381 400.0 -3.977196068409348e-10 6.840665201637472e-07 1.1120201354751884e-05 1.4057282919409149 3.8945951869700486 2.13659354118916e-06 4.6483875867454746e-09 2.324211059465373e-09 2.324176527245402e-09 1.1128759419396218e-05 2.1862601745489474e-05 2.3242110595000714e-09 2.3241765272454015e-09 2.3242129645187604e-09 2.3241884075750726e-09
1014.97 14.328249656298158 -8.29489965236769 51.928102854895435 -747630.681306136 2.2109188434894924e-05 26.780164514614345 24.449577885985597 26.78014937464822 60.48948548075449 643.2440505219932 400.0 -5.599449126797281e-10 9.387587620708496e-07 1.5139966122329008e-05 1.408113539086068 3.5478992520609403 2.11204490843054e-06 6.402260599777077e-09 3.201149030560666e-09 3.2011115691765273e-09 1.5149785205665018e-05 2.211220304109444e-05 3.2011490306005454e-09 3.2011115691765273e-09 3.2011518827632783e-09 3.2011280106793826e-09
1037.24 14.349553813008516 -8.306955888268988 52.5077045395758 -747036.3063291933 2.2360401384927187e-05 26.88397651977241 24.470436137247248 26.8839560574056 59.838998146855836 643.1333749971432 400.0 -7.8413689372366e-10 1.2803354560313736e-06 2.046236680850941e-05 1.4105016197891374 3.2151953605956454 2.083143593599602e-06 8.773002456702891e-09 4.3865236340670995e-09 4.386478822591236e-09 2.047331320721345e-05 2.2360401384927187e-05 4.38652363411165e-09 4.386478822591236e-09 4.38652775596754e-09 4.386501404318048e-09
1059.75 14.371357220266606 -8.319277747844229 53.08315468988204 -746433.4033166736 2.2610467889898143e-05 26.98810107080905 24.490236524785107 26.988073613062994 59.19092994470402 643.0089392926894 400.0 -1.0923558545263837e-09 1.7355567913702434e-06 2.7457746061782565e-05 1.4128908728938558 2.894130768728932 2.0501293571038265e-06 1.1961763523120721e-08 5.980907251348461e-09 5.9808562717241654e-09 2.7469534601549248e-05 2.2610467889898143e-05 5.9809072513965565e-09 5.980856271724167e-09 5.980912980910978e-09 5.980886562530679e-09
1082.51 14.393689855192076 -8.331872362672016 53.65484060643952 -745821.5705889817 2.2869384745240523e-05 27.094634796946558 24.50905047872665 27.09459821181539 58.53994011391982 642.8708755495737 400.0 -1.5138557836520727e-09 2.338371545300372e-06 3.658513116548169e-05 1.415281522254342 2.5845768090324763 2.0134040426219294e-06 1.6228757580558898e-08 8.114407771989214e-09 8.114349808519988e-09 3.65972768143741e-05 2.2869384745240523e-05 8.11440777203891e-09 8.114349808519988e-09 8.114415386526339e-09 8.1143888748432e-09
1105.5 14.41654065723714 -8.344730710350381 54.22237026455525 -745201.2837126543 2.3133896007092022e-05 27.203024901019592 24.52692059679558 27.2029765076722 57.888494993084294 642.7196159798361 400.0 -2.086352050008228e-09 3.1304748211194113e-06 4.839334739001118e-05 1.4176693073929931 2.286182349801793 1.973497971792396e-06 2.1900829890982033e-08 1.09504473471236e-08 1.0950382543810122e-08 4.8405115821371586e-05 2.3133490486865597e-05 1.0950447347171903e-08 1.0950382543810127e-08 1.0950456922661131e-08 1.0950430029890952e-08
1128.74 14.439948629033164 -8.357865775262031 54.78637037072797 -744571.8874482828 2.3401584809973642e-05 27.312750406618573 24.5439179951652 27.31268683830393 57.233875525528006 642.5551774503003 400.0 -2.8598804912158477e-09 4.165037943070539e-06 6.356831464496225e-05 1.4200550627070423 1.9979573534339283 1.9309359054608496e-06 2.9402511731028322e-08 1.4701290098800985e-08 1.4701221632184712e-08 6.357866993129584e-05 2.3404112161677276e-05 1.470129009884361e-08 1.4701221632184712e-08 1.4701301285980584e-08 1.4701274232469494e-08
1152.22 14.463910836127777 -8.371274067973127 55.346695431752195 -743933.5893055572 2.367412584781382e-05 27.42437401553878 24.560086576522636 27.424291095257054 56.57885281966174 642.3778992661845 400.0 -3.898235792945057e-09 5.506590914610778e-06 8.292028172753086e-05 1.4224350911075156 1.7196655890283226 1.886294152653572e-06 3.926114339532797e-08 1.963060456769237e-08 1.9630538827604457e-08 8.292784128413437e-05 2.367412584781382e-05 1.9630604567723514e-08 1.963053882760446e-08 1.9630616250108314e-08 1.963058786162363e-08
1175.94 14.488439940648892 -8.384957521433524 55.90346033238246 -743286.2961243436 2.3949472278976066e-05 27.53749380186524 24.57547515428624 27.53738637895624 55.92367354245547 642.187960015794 400.0 -5.283443465181085e-09 7.234490822527067e-06 0.00010742290899739502 1.424807177325566 1.450721185342462 1.8401233102557807e-06 5.2138865226628676e-08 2.6069455445934325e-08 2.6069409780682198e-08 0.00010742590569456367 2.3949337268386227e-05 2.6069455445946448e-08 2.6069409780682214e-08 2.6069465266269723e-08 2.606943760023632e-08
1199.91 14.513559682116616 -8.398923922037216 56.46012226916554 -742625.8987563793 2.423098252680758e-05 27.652922502922785 24.59001602351524 27.652784256914295 55.26824320508164 642.0950984481065 400.0 -7.120692159792816e-09 9.446225249805464e-06 0.00013824600849342256 1.4271699445855799 1.1907343726559259 1.7929190090007514e-06 6.886578812539463e-08 3.443289415844172e-08 3.443289396696926e-08 0.0001382422678168013 2.423098252680758e-05 3.4432894158425364e-08 3.4432893966969276e-08 3.4432897902676624e-08 3.443286886370158e-08
1224.11 14.539262882522621 -8.413163547741465 57.01609174402821 -741952.9110189304 2.451391862311344e-05 27.76953402189182 24.603762220631843 27.76935729561585 54.61323210182154 642.091757686317 400.0 -9.540274951064147e-09 1.225639412057213e-05 0.0001767262759692602 1.4295189588605148 0.939495666913585 1.7451879094069338e-06 9.044207614522378e-08 4.522099188476092e-08 4.522108426051914e-08 0.00017671323306640445 2.4510112682901727e-05 4.522099188470466e-08 4.522108426051913e-08 4.522098277199861e-08 4.522095379072668e-08
1248.56 14.56557938743596 -8.427690148718785 57.56918641713098 -741269.8996106111 2.4806300350687778e-05 27.889693015537347 24.61687460503081 27.88946852277761 53.95942588189529 642.0816934535706 400.0 -1.2709669761306246e-08 1.5807061737144368e-05 0.00022449275973801866 1.4318530559023945 0.696639692154435 1.6972996210966406e-06 1.1812869804428221e-07 5.906422128433957e-08 5.9064476760052164e-08 0.00022446749665694984 2.4806300350687778e-05 5.906422128423007e-08 5.906447676005216e-08 5.9064189225089373e-08 5.906415919223512e-08
1273.25 14.592528064601192 -8.442499686801227 58.119328758696014 -740576.9508620027 2.5092536225181682e-05 28.009156633092065 24.62938533806315 28.00887324701236 53.30409320159839 642.0650193177411 400.0 -1.6833880018436822e-08 2.0263301264291195e-05 0.00028338607970274825 1.4341697777589792 0.4619178908883921 1.6496366716983293e-06 1.5342700368073055e-07 7.671323879231709e-08 7.671376488859118e-08 0.0002833454334397148 2.5092536225181682e-05 7.671323879213941e-08 7.671376488859118e-08 7.671316984069296e-08 7.671313950155138e-08
1298.18 14.620092896473253 -8.45759432479639 58.666556512094004 -739874.0470313366 2.538905106638491e-05 28.132722924640024 24.641330249964 28.132367361563396 52.65350668313843 642.0420453623906 400.0 -2.2168580012942283e-08 2.582260868367862e-05 0.00035556307663119665 1.4364635924173446 0.2356003998170817 1.6024823891518917e-06 1.981686646049826e-07 9.908385815968808e-08 9.908480644555622e-08 0.0003555038294193563 2.5388165293303877e-05 9.908385815942635e-08 9.908480644555625e-08 9.90837345561784e-08 9.908370392977316e-08
1323.35 14.648321634369115 -8.472975795470472 59.211066644973116 -739160.9186260646 2.5688687915094218e-05 28.258161447309682 24.652743620697887 28.25771795964657 52.00148616930337 642.0127856285775 400.0 -2.9026745480577004e-08 3.271587911592952e-05 0.0004434876631128163 1.438734133685875 0.01740272733814785 1.556096889845096e-06 2.5454027051226216e-07 1.2726934728072555e-07 1.272709232318982e-07 0.00044340678893964807 2.5689786064974655e-05 1.2726934728036387e-07 1.272709232318982e-07 1.2726914849742778e-07 1.2726911770934022e-07
1348.77 14.677210612184876 -8.488652403749393 59.75310768459533 -738437.2473752449 2.5990338201209547e-05 28.3855852010598 24.66366205431033 28.38503515713926 51.35334103445603 641.9774975264927 400.0 -3.779635090822003e-08 4.1218472014079824e-05 0.000550043920537914 1.4409765727036357 -0.19226180706861218 1.5106476445357126e-06 3.25196440953047e-07 1.625969869143953e-07 1.625994540391275e-07 0.000549938981945355 2.5995448343778686e-05 1.625969869139195e-07 1.6259945403912754e-07 1.6259669283748753e-07 1.6259666199807665e-07
1374.42 14.706779677758544 -8.504613666757972 60.29243398579796 -737703.3470706736 2.629774501635245e-05 28.515781939806356 24.674108151591952 28.51510358151418 50.70525834983505 641.9362205602695 400.0 -4.893537083086994e-08 5.163796494793515e-05 0.0006783582921763305 1.4431878252054136 -0.3931547334912131 1.4663332630111015e-06 4.13178813846197e-07 2.0658757017569025e-07 2.0659124367110662e-07 0.0006782279712151385 2.629774501635245e-05 2.0658757017509034e-07 2.065912436711065e-07 2.0658716761089442e-07 2.0658713717662383e-07
1400.32 14.737023944625339 -8.52087410909262 60.82946759227369 -736958.6483096979 2.6602691734538858e-05 28.64691977358774 24.684119757088986 28.646087572558002 50.06341828875211 641.8892244985402 400.0 -6.301712389266338e-08 6.434901917585318e-05 0.0008322010297347797 1.4453628059369237 -0.5845472997038983 1.4232242678547924e-06 5.222356331276064e-07 2.6111520618709594e-07 2.6112042694123726e-07 0.0008320457891394926 2.6595540576180917e-05 2.611152061863691e-07 2.611204269412372e-07 2.6111470051501233e-07 2.611146694765513e-07
1426.46 14.767980224597494 -8.537429414529765 61.36418907955538 -736203.151357539 2.6912193347683173e-05 28.780716241560985 24.69372150678756 28.779700613954166 49.42330431142161 641.8364900261095 400.0 -8.071249948442469e-08 7.97667182305144e-05 0.001015627606821157 1.4474993213958087 -0.7659992716554009 1.3814316109113957e-06 6.566239216365119e-07 3.283084218036269e-07 3.2831549983372955e-07 0.001015450568165566 2.691249804631921e-05 3.2830842180278235e-07 3.283154998337296e-07 3.2830785645465707e-07 3.283078255427247e-07
1452.84 14.79964705322512 -8.554281582597719 61.89666384835947 -735436.7504394896 2.7225256330378362e-05 28.917132097429672 24.70294108129569 28.915898829326952 48.78740330517985 641.7781847245071 400.0 -1.0282999915889051e-07 9.83730863137415e-05 0.0012332681027181142 1.4495922570362496 -0.9365308221056632 1.3410091206718835e-06 8.213672079811848e-07 4.1067905479331124e-07 4.1068815318880847e-07 0.001233076113705898 2.7225256330378362e-05 4.106790547923763e-07 4.106881531888084e-07 4.1067854193434915e-07 4.106785107385079e-07
1479.46 14.832047542001657 -8.571432590174732 62.42701786534035 -734659.2443561443 2.7534474556477733e-05 29.05382810740971 24.711805383120456 29.05233782615318 48.15493015234161 641.7143623862953 400.0 -1.3032863738582659e-07 0.00012071627651218149 0.0014902812565297918 1.4516380546290837 -1.095182558852469 1.3019931650769424e-06 1.0222829740749434e-06 5.111360181533056e-07 5.111469559226101e-07 0.001490086185281964 2.7534474556477733e-05 5.111360181523332e-07 5.111469559226099e-07 5.111357849319005e-07 5.11135752912708e-07
1506.33 14.865186225903193 -8.588890933118785 62.955492943676916 -733870.2465385739 2.7848450289953106e-05 29.193768751224532 24.720343639997633 29.191976193804898 47.528511637546075 641.6451718861294 400.0 -1.6435883216003922e-07 0.00014743165371785663 0.00179255741963717 1.453631784818973 -1.240637393598698 1.2643836875527707e-06 1.2662101329233008e-06 6.330991010723615e-07 6.331110318518602e-07 0.0017923776618707329 2.7845350276411356e-05 6.330991010714409e-07 6.331110318518602e-07 6.330995571361829e-07 6.330995257082254e-07
1533.43 14.899073850512758 -8.60664561838421 63.48185002915327 -733070.0876387388 2.816547335832695e-05 29.336263513499283 24.728575138564995 29.3341172826148 46.90642672364365 641.5706498122823 400.0 -2.0622823582900202e-07 0.00017920183256684645 0.0021462308844806153 1.4555688791911094 -1.3715244815247678 1.228212970385126e-06 1.5606817558710607e-06 7.803354304809399e-07 7.803463253908517e-07 0.0021460931435678143 2.816547335832695e-05 7.80335430480209e-07 7.803463253908517e-07 7.803372626448765e-07 7.803372315216647e-07
1560.78 14.933725581799788 -8.624711708296228 64.00651648677415 -732258.0828119869 2.8474151091572778e-05 29.477879355633295 24.736531062898376 29.475320717084514 46.2910486392495 641.4909084871773 400.0 -2.5753416464811723e-07 0.00021684560507542874 0.0025586385487831684 1.457444871801077 -1.4861930264906822 1.193441547081063e-06 1.9147821876127455e-06 9.573881534286076e-07 9.573940341844754e-07 0.0025585797953619183 2.845439425470279e-05 9.573881534282703e-07 9.573940341844752e-07 9.573924577720049e-07 9.573924276553251e-07
