#T volume alpha alpha_xx alpha_yy alpha_zz alpha_yz alpha_zx alpha_xz alpha_zx alpha_xy alpha_yx
0.0  10.867364   0.0000e+00   2.3608e-12   2.3608e-12   1.3531e-12  -4.7485e-19   5.0436e-13  -4.7485e-19   5.0436e-13   2.3743e-19   2.3743e-19
0.16  10.867364  -1.3492e-14   6.0187e-13   6.0187e-13   3.4475e-13  -1.2118e-19   1.2834e-13  -1.2118e-19   1.2834e-13   6.0588e-20   6.0588e-20
0.41  10.867364   1.4742e-14  -1.5960e-13  -1.5960e-13  -9.0119e-14   3.2106e-20  -3.4923e-14   3.2106e-20  -3.4923e-14  -1.6053e-20  -1.6053e-20
0.76  10.867364   6.9872e-14   1.2792e-13   1.2792e-13   7.4312e-14  -2.5725e-20   2.6854e-14  -2.5725e-20   2.6854e-14   1.2862e-20   1.2862e-20
1.19  10.867364   2.5469e-13   2.7902e-13   2.7902e-13   1.5980e-13  -5.6307e-20   5.9844e-14  -5.6307e-20   5.9844e-14   2.8153e-20   2.8153e-20
1.72  10.867364   7.6909e-13   8.9890e-13   8.9890e-13   5.1704e-13  -1.8082e-19   1.9101e-13  -1.8082e-19   1.9101e-13   9.0412e-20   9.0412e-20
2.33  10.867364   1.9076e-12   2.2263e-12   2.2263e-12   1.2803e-12  -4.4789e-19   4.7271e-13  -4.4789e-19   4.7271e-13   2.2394e-19   2.2394e-19
3.04  10.867364   4.3454e-12   5.0614e-12   5.0614e-12   2.9116e-12  -1.0185e-18   1.0752e-12  -1.0185e-18   1.0752e-12   5.0925e-19   5.0925e-19
3.83  10.867364   8.9680e-12   1.0452e-11   1.0452e-11   6.0115e-12  -2.1029e-18   2.2201e-12  -2.1029e-18   2.2201e-12   1.0515e-18   1.0515e-18
4.72  10.867364   1.7057e-11   1.9878e-11   1.9878e-11   1.1433e-11  -3.9994e-18   4.2222e-12  -3.9994e-18   4.2222e-12   1.9997e-18   1.9997e-18
5.7  10.867364   2.9249e-11   3.4085e-11   3.4085e-11   1.9605e-11  -6.8581e-18   7.2399e-12  -6.8581e-18   7.2399e-12   3.4290e-18   3.4290e-18
6.77  10.867364   4.5029e-11   5.2477e-11   5.2477e-11   3.0183e-11  -1.0559e-17   1.1146e-11  -1.0559e-17   1.1146e-11   5.2793e-18   5.2793e-18
7.92  10.867364   6.1244e-11   7.1409e-11   7.1409e-11   4.1072e-11  -1.4368e-17   1.5168e-11  -1.4368e-17   1.5168e-11   7.1838e-18   7.1838e-18
9.17  10.867364   6.9154e-11   8.0682e-11   8.0682e-11   4.6406e-11  -1.6233e-17   1.7137e-11  -1.6233e-17   1.7137e-11   8.1167e-18   8.1167e-18
10.51  10.867364   4.6029e-11   5.3781e-11   5.3781e-11   3.0933e-11  -1.0821e-17   1.1423e-11  -1.0821e-17   1.1423e-11   5.4104e-18   5.4104e-18
11.94  10.867364  -5.5255e-11  -6.4170e-11  -6.4170e-11  -3.6908e-11   1.2911e-17  -1.3630e-11   1.2911e-17  -1.3630e-11  -6.4556e-18  -6.4556e-18
13.47  10.867364  -3.2030e-10  -3.7301e-10  -3.7301e-10  -2.1454e-10   7.5050e-17  -7.9229e-11   7.5050e-17  -7.9229e-11  -3.7525e-17  -3.7525e-17
15.08  10.867364  -8.7310e-10  -1.0171e-09  -1.0171e-09  -5.8498e-10   2.0463e-16  -2.1603e-10   2.0463e-16  -2.1603e-10  -1.0232e-16  -1.0232e-16
16.78  10.867364  -1.8861e-09  -2.1973e-09  -2.1973e-09  -1.2638e-09   4.4211e-16  -4.6672e-10   4.4211e-16  -4.6672e-10  -2.2106e-16  -2.2106e-16
18.57  10.867363  -3.5685e-09  -4.1573e-09  -4.1573e-09  -2.3911e-09   8.3646e-16  -8.8302e-10   8.3646e-16  -8.8302e-10  -4.1823e-16  -4.1823e-16
20.46  10.867363  -6.1701e-09  -7.1883e-09  -7.1883e-09  -4.1345e-09   1.4463e-15  -1.5268e-09   1.4463e-15  -1.5268e-09  -7.2316e-16  -7.2316e-16
22.43  10.867363  -9.9055e-09  -1.1540e-08  -1.1540e-08  -6.6374e-09   2.3219e-15  -2.4511e-09   2.3219e-15  -2.4511e-09  -1.1610e-15  -1.1610e-15
24.5  10.867362  -1.5043e-08  -1.7525e-08  -1.7525e-08  -1.0080e-08   3.5261e-15  -3.7223e-09   3.5261e-15  -3.7223e-09  -1.7631e-15  -1.7631e-15
26.65  10.867360  -2.1726e-08  -2.5311e-08  -2.5311e-08  -1.4558e-08   5.0929e-15  -5.3761e-09   5.0929e-15  -5.3761e-09  -2.5465e-15  -2.5465e-15
28.9  10.867359  -3.0158e-08  -3.5133e-08  -3.5133e-08  -2.0208e-08   7.0696e-15  -7.4625e-09   7.0696e-15  -7.4625e-09  -3.5348e-15  -3.5348e-15
31.24  10.867356  -4.0373e-08  -4.7034e-08  -4.7034e-08  -2.7053e-08   9.4648e-15  -9.9902e-09   9.4648e-15  -9.9902e-09  -4.7324e-15  -4.7324e-15
33.67  10.867352  -5.2347e-08  -6.0983e-08  -6.0983e-08  -3.5076e-08   1.2273e-14  -1.2953e-08   1.2273e-14  -1.2953e-08  -6.1363e-15  -6.1363e-15
36.18  10.867347  -6.5896e-08  -7.6768e-08  -7.6768e-08  -4.4155e-08   1.5451e-14  -1.6306e-08   1.5451e-14  -1.6306e-08  -7.7253e-15  -7.7253e-15
38.79  10.867341  -8.0902e-08  -9.4248e-08  -9.4248e-08  -5.4209e-08   1.8971e-14  -2.0018e-08   1.8971e-14  -2.0018e-08  -9.4856e-15  -9.4856e-15
41.49  10.867333  -9.6983e-08  -1.1298e-07  -1.1298e-07  -6.4985e-08   2.2746e-14  -2.3997e-08   2.2746e-14  -2.3997e-08  -1.1373e-14  -1.1373e-14
44.28  10.867324  -1.1372e-07  -1.3248e-07  -1.3248e-07  -7.6202e-08   2.6676e-14  -2.8139e-08   2.6676e-14  -2.8139e-08  -1.3338e-14  -1.3338e-14
47.16  10.867312  -1.3063e-07  -1.5218e-07  -1.5218e-07  -8.7532e-08   3.0649e-14  -3.2323e-08   3.0649e-14  -3.2323e-08  -1.5325e-14  -1.5325e-14
50.14  10.867299  -1.4722e-07  -1.7150e-07  -1.7150e-07  -9.8648e-08   3.4550e-14  -3.6427e-08   3.4550e-14  -3.6427e-08  -1.7275e-14  -1.7275e-14
53.2  10.867283  -1.6280e-07  -1.8966e-07  -1.8966e-07  -1.0909e-07   3.8218e-14  -4.0282e-08   3.8218e-14  -4.0282e-08  -1.9109e-14  -1.9109e-14
56.35  10.867266  -1.7687e-07  -2.0605e-07  -2.0605e-07  -1.1852e-07   4.1534e-14  -4.3762e-08   4.1534e-14  -4.3762e-08  -2.0767e-14  -2.0767e-14
59.6  10.867246  -1.8890e-07  -2.2006e-07  -2.2006e-07  -1.2658e-07   4.4376e-14  -4.6738e-08   4.4376e-14  -4.6738e-08  -2.2188e-14  -2.2188e-14
62.93  10.867225  -1.9832e-07  -2.3104e-07  -2.3104e-07  -1.3289e-07   4.6608e-14  -4.9069e-08   4.6608e-14  -4.9069e-08  -2.3304e-14  -2.3304e-14
66.35  10.867203  -2.0474e-07  -2.3851e-07  -2.3851e-07  -1.3719e-07   4.8136e-14  -5.0655e-08   4.8136e-14  -5.0655e-08  -2.4068e-14  -2.4068e-14
69.87  10.867179  -2.0779e-07  -2.4206e-07  -2.4206e-07  -1.3924e-07   4.8875e-14  -5.1409e-08   4.8875e-14  -5.1409e-08  -2.4438e-14  -2.4438e-14
73.48  10.867155  -2.0719e-07  -2.4136e-07  -2.4136e-07  -1.3884e-07   4.8756e-14  -5.1258e-08   4.8756e-14  -5.1258e-08  -2.4378e-14  -2.4378e-14
77.17  10.867130  -2.0276e-07  -2.3620e-07  -2.3620e-07  -1.3587e-07   4.7736e-14  -5.0162e-08   4.7736e-14  -5.0162e-08  -2.3868e-14  -2.3868e-14
80.96  10.867105  -1.9440e-07  -2.2646e-07  -2.2646e-07  -1.3027e-07   4.5789e-14  -4.8093e-08   4.5789e-14  -4.8093e-08  -2.2895e-14  -2.2895e-14
84.84  10.867082  -1.8210e-07  -2.1214e-07  -2.1214e-07  -1.2203e-07   4.2912e-14  -4.5050e-08   4.2912e-14  -4.5050e-08  -2.1456e-14  -2.1456e-14
88.81  10.867059  -1.6594e-07  -1.9331e-07  -1.9331e-07  -1.1120e-07   3.9120e-14  -4.1051e-08   3.9120e-14  -4.1051e-08  -1.9560e-14  -1.9560e-14
92.87  10.867038  -1.4604e-07  -1.7013e-07  -1.7013e-07  -9.7869e-08   3.4442e-14  -3.6128e-08   3.4442e-14  -3.6128e-08  -1.7221e-14  -1.7221e-14
97.02  10.867020  -1.2259e-07  -1.4281e-07  -1.4281e-07  -8.2155e-08   2.8922e-14  -3.0326e-08   2.8922e-14  -3.0326e-08  -1.4461e-14  -1.4461e-14
101.26  10.867005  -9.5813e-08  -1.1161e-07  -1.1161e-07  -6.4209e-08   2.2611e-14  -2.3701e-08   2.2611e-14  -2.3701e-08  -1.1305e-14  -1.1305e-14
105.59  10.866994  -6.5954e-08  -7.6831e-08  -7.6831e-08  -4.4200e-08   1.5568e-14  -1.6315e-08   1.5568e-14  -1.6315e-08  -7.7839e-15  -7.7839e-15
110.01  10.866986  -3.3281e-08  -3.8770e-08  -3.8770e-08  -2.2303e-08   7.8566e-15  -8.2327e-09   7.8566e-15  -8.2327e-09  -3.9283e-15  -3.9283e-15
114.52  10.866984   1.9369e-09   2.2561e-09   2.2561e-09   1.2979e-09  -4.5723e-16   4.7909e-10  -4.5723e-16   4.7909e-10   2.2861e-16   2.2861e-16
119.13  10.866987   3.9514e-08   4.6031e-08   4.6031e-08   2.6481e-08  -9.3280e-15   9.7746e-09  -9.3280e-15   9.7746e-09   4.6640e-15   4.6640e-15
123.82  10.866996   7.9030e-08   9.2064e-08   9.2064e-08   5.2962e-08  -1.8653e-14   1.9550e-08  -1.8653e-14   1.9550e-08   9.3266e-15   9.3266e-15
128.61  10.867012   1.2041e-07   1.4027e-07   1.4027e-07   8.0692e-08  -2.8411e-14   2.9786e-08  -2.8411e-14   2.9786e-08   1.4206e-14   1.4206e-14
133.48  10.867034   1.6325e-07   1.9017e-07   1.9017e-07   1.0940e-07  -3.8504e-14   4.0385e-08  -3.8504e-14   4.0385e-08   1.9252e-14   1.9252e-14
138.45  10.867064   2.0753e-07   2.4175e-07   2.4175e-07   1.3907e-07  -4.8919e-14   5.1339e-08  -4.8919e-14   5.1339e-08   2.4459e-14   2.4459e-14
143.5  10.867102   2.5287e-07   2.9458e-07   2.9458e-07   1.6946e-07  -5.9566e-14   6.2559e-08  -5.9566e-14   6.2559e-08   2.9783e-14   2.9783e-14
148.65  10.867149   2.9931e-07   3.4868e-07   3.4868e-07   2.0057e-07  -7.0443e-14   7.4050e-08  -7.0443e-14   7.4050e-08   3.5221e-14   3.5221e-14
153.89  10.867204   3.4660e-07   4.0377e-07   4.0377e-07   2.3226e-07  -8.1487e-14   8.5753e-08  -8.1487e-14   8.5753e-08   4.0744e-14   4.0744e-14
159.22  10.867268   3.9462e-07   4.5972e-07   4.5972e-07   2.6443e-07  -9.2664e-14   9.7639e-08  -9.2664e-14   9.7639e-08   4.6332e-14   4.6332e-14
164.64  10.867342   4.4326e-07   5.1639e-07   5.1639e-07   2.9701e-07  -1.0394e-13   1.0968e-07  -1.0394e-13   1.0968e-07   5.1970e-14   5.1970e-14
170.15  10.867426   4.9243e-07   5.7367e-07   5.7367e-07   3.2995e-07  -1.1529e-13   1.2186e-07  -1.1529e-13   1.2186e-07   5.7644e-14   5.7644e-14
175.75  10.867521   5.4205e-07   6.3148e-07   6.3148e-07   3.6318e-07  -1.2668e-13   1.3414e-07  -1.2668e-13   1.3414e-07   6.3338e-14   6.3338e-14
181.44  10.867626   5.9204e-07   6.8973e-07   6.8973e-07   3.9666e-07  -1.3808e-13   1.4653e-07  -1.3808e-13   1.4653e-07   6.9042e-14   6.9042e-14
187.22  10.867742   6.4234e-07   7.4834e-07   7.4834e-07   4.3034e-07  -1.4949e-13   1.5899e-07  -1.4949e-13   1.5899e-07   7.4743e-14   7.4743e-14
193.09  10.867870   6.9290e-07   8.0726e-07   8.0726e-07   4.6419e-07  -1.6086e-13   1.7153e-07  -1.6086e-13   1.7153e-07   8.0430e-14   8.0430e-14
199.05  10.868009   7.4366e-07   8.6641e-07   8.6641e-07   4.9816e-07  -1.7218e-13   1.8411e-07  -1.7218e-13   1.8411e-07   8.6092e-14   8.6092e-14
205.11  10.868161   7.9466e-07   9.2584e-07   9.2584e-07   5.3229e-07  -1.8346e-13   1.9676e-07  -1.8346e-13   1.9676e-07   9.1729e-14   9.1729e-14
211.25  10.868326   8.4567e-07   9.8530e-07   9.8530e-07   5.6643e-07  -1.9462e-13   2.0942e-07  -1.9462e-13   2.0942e-07   9.7311e-14   9.7311e-14
217.49  10.868503   8.9683e-07   1.0449e-06   1.0449e-06   6.0065e-07  -2.0569e-13   2.2212e-07  -2.0569e-13   2.2212e-07   1.0285e-13   1.0285e-13
223.81  10.868693   9.4792e-07   1.1045e-06   1.1045e-06   6.3482e-07  -2.1662e-13   2.3481e-07  -2.1662e-13   2.3481e-07   1.0831e-13   1.0831e-13
230.23  10.868897   9.9905e-07   1.1641e-06   1.1641e-06   6.6901e-07  -2.2741e-13   2.4752e-07  -2.2741e-13   2.4752e-07   1.1370e-13   1.1370e-13
236.73  10.869114   1.0500e-06   1.2235e-06   1.2235e-06   7.0308e-07  -2.3800e-13   2.6020e-07  -2.3800e-13   2.6020e-07   1.1900e-13   1.1900e-13
243.33  10.869345   1.1010e-06   1.2829e-06   1.2829e-06   7.3711e-07  -2.4843e-13   2.7287e-07  -2.4843e-13   2.7287e-07   1.2421e-13   1.2421e-13
250.02  10.869591   1.1517e-06   1.3420e-06   1.3420e-06   7.7101e-07  -2.5864e-13   2.8550e-07  -2.5864e-13   2.8550e-07   1.2932e-13   1.2932e-13
256.8  10.869851   1.2022e-06   1.4010e-06   1.4010e-06   8.0475e-07  -2.6861e-13   2.9809e-07  -2.6861e-13   2.9809e-07   1.3431e-13   1.3431e-13
263.67  10.870126   1.2525e-06   1.4596e-06   1.4596e-06   8.3830e-07  -2.7833e-13   3.1063e-07  -2.7833e-13   3.1063e-07   1.3917e-13   1.3917e-13
270.63  10.870416   1.3024e-06   1.5179e-06   1.5179e-06   8.7163e-07  -2.8778e-13   3.2309e-07  -2.8778e-13   3.2309e-07   1.4389e-13   1.4389e-13
277.68  10.870722   1.3520e-06   1.5757e-06   1.5757e-06   9.0471e-07  -2.9694e-13   3.3548e-07  -2.9694e-13   3.3548e-07   1.4847e-13   1.4847e-13
284.82  10.871042   1.4012e-06   1.6331e-06   1.6331e-06   9.3751e-07  -3.0578e-13   3.4778e-07  -3.0578e-13   3.4778e-07   1.5289e-13   1.5289e-13
292.05  10.871378   1.4500e-06   1.6900e-06   1.6900e-06   9.7000e-07  -3.1430e-13   3.5998e-07  -3.1430e-13   3.5998e-07   1.5715e-13   1.5715e-13
299.37  10.871730   1.4983e-06   1.7463e-06   1.7463e-06   1.0021e-06  -3.2247e-13   3.7207e-07  -3.2247e-13   3.7207e-07   1.6123e-13   1.6123e-13
306.79  10.872099   1.5461e-06   1.8021e-06   1.8021e-06   1.0340e-06  -3.3029e-13   3.8406e-07  -3.3029e-13   3.8406e-07   1.6514e-13   1.6514e-13
314.29  10.872483   1.5933e-06   1.8572e-06   1.8572e-06   1.0654e-06  -3.3772e-13   3.9591e-07  -3.3772e-13   3.9591e-07   1.6886e-13   1.6886e-13
321.89  10.872883   1.6399e-06   1.9117e-06   1.9117e-06   1.0964e-06  -3.4477e-13   4.0764e-07  -3.4477e-13   4.0764e-07   1.7238e-13   1.7238e-13
329.57  10.873300   1.6859e-06   1.9654e-06   1.9654e-06   1.1270e-06  -3.5140e-13   4.1921e-07  -3.5140e-13   4.1921e-07   1.7570e-13   1.7570e-13
337.35  10.873734   1.7313e-06   2.0184e-06   2.0184e-06   1.1571e-06  -3.5763e-13   4.3065e-07  -3.5763e-13   4.3065e-07   1.7882e-13   1.7882e-13
345.21  10.874183   1.7760e-06   2.0706e-06   2.0706e-06   1.1867e-06  -3.6342e-13   4.4193e-07  -3.6342e-13   4.4193e-07   1.8171e-13   1.8171e-13
353.17  10.874650   1.8200e-06   2.1221e-06   2.1221e-06   1.2159e-06  -3.6879e-13   4.5306e-07  -3.6879e-13   4.5306e-07   1.8439e-13   1.8439e-13
361.22  10.875134   1.8633e-06   2.1727e-06   2.1727e-06   1.2446e-06  -3.7371e-13   4.6402e-07  -3.7371e-13   4.6402e-07   1.8685e-13   1.8685e-13
369.36  10.875635   1.9059e-06   2.2225e-06   2.2225e-06   1.2728e-06  -3.7817e-13   4.7482e-07  -3.7817e-13   4.7482e-07   1.8909e-13   1.8909e-13
377.59  10.876152   1.9478e-06   2.2714e-06   2.2714e-06   1.3005e-06  -3.8218e-13   4.8545e-07  -3.8218e-13   4.8545e-07   1.9109e-13   1.9109e-13
385.91  10.876686   1.9888e-06   2.3194e-06   2.3194e-06   1.3276e-06  -3.8572e-13   4.9590e-07  -3.8572e-13   4.9590e-07   1.9286e-13   1.9286e-13
394.32  10.877238   2.0291e-06   2.3666e-06   2.3666e-06   1.3542e-06  -3.8880e-13   5.0618e-07  -3.8880e-13   5.0618e-07   1.9440e-13   1.9440e-13
402.82  10.877806   2.0687e-06   2.4129e-06   2.4129e-06   1.3803e-06  -3.9141e-13   5.1629e-07  -3.9141e-13   5.1629e-07   1.9570e-13   1.9570e-13
411.41  10.878391   2.1074e-06   2.4583e-06   2.4583e-06   1.4058e-06  -3.9354e-13   5.2621e-07  -3.9354e-13   5.2621e-07   1.9677e-13   1.9677e-13
420.09  10.878994   2.1454e-06   2.5027e-06   2.5027e-06   1.4308e-06  -3.9521e-13   5.3596e-07  -3.9521e-13   5.3596e-07   1.9760e-13   1.9760e-13
428.86  10.879613   2.1826e-06   2.5463e-06   2.5463e-06   1.4552e-06  -3.9639e-13   5.4554e-07  -3.9639e-13   5.4554e-07   1.9820e-13   1.9820e-13
437.73  10.880251   2.2191e-06   2.5891e-06   2.5891e-06   1.4791e-06  -3.9711e-13   5.5494e-07  -3.9711e-13   5.5494e-07   1.9856e-13   1.9856e-13
446.68  10.880904   2.2548e-06   2.6309e-06   2.6309e-06   1.5025e-06  -3.9736e-13   5.6416e-07  -3.9736e-13   5.6416e-07   1.9868e-13   1.9868e-13
455.73  10.881575   2.2897e-06   2.6719e-06   2.6719e-06   1.5254e-06  -3.9714e-13   5.7322e-07  -3.9714e-13   5.7322e-07   1.9857e-13   1.9857e-13
464.86  10.882263   2.3238e-06   2.7119e-06   2.7119e-06   1.5477e-06  -3.9645e-13   5.8210e-07  -3.9645e-13   5.8210e-07   1.9823e-13   1.9823e-13
474.09  10.882968   2.3573e-06   2.7512e-06   2.7512e-06   1.5695e-06  -3.9530e-13   5.9081e-07  -3.9530e-13   5.9081e-07   1.9765e-13   1.9765e-13
483.4  10.883690   2.3899e-06   2.7895e-06   2.7895e-06   1.5908e-06  -3.9370e-13   5.9936e-07  -3.9370e-13   5.9936e-07   1.9685e-13   1.9685e-13
492.81  10.884429   2.4219e-06   2.8271e-06   2.8271e-06   1.6115e-06  -3.9164e-13   6.0774e-07  -3.9164e-13   6.0774e-07   1.9582e-13   1.9582e-13
502.31  10.885185   2.4532e-06   2.8638e-06   2.8638e-06   1.6318e-06  -3.8913e-13   6.1597e-07  -3.8913e-13   6.1597e-07   1.9457e-13   1.9457e-13
511.9  10.885958   2.4837e-06   2.8997e-06   2.8997e-06   1.6516e-06  -3.8618e-13   6.2403e-07  -3.8618e-13   6.2403e-07   1.9309e-13   1.9309e-13
521.58  10.886748   2.5136e-06   2.9349e-06   2.9349e-06   1.6709e-06  -3.8279e-13   6.3195e-07  -3.8279e-13   6.3195e-07   1.9140e-13   1.9140e-13
531.35  10.887555   2.5428e-06   2.9692e-06   2.9692e-06   1.6898e-06  -3.7897e-13   6.3971e-07  -3.7897e-13   6.3971e-07   1.8949e-13   1.8949e-13
541.21  10.888379   2.5713e-06   3.0029e-06   3.0029e-06   1.7081e-06  -3.7473e-13   6.4732e-07  -3.7473e-13   6.4732e-07   1.8736e-13   1.8736e-13
551.16  10.889219   2.5992e-06   3.0357e-06   3.0357e-06   1.7261e-06  -3.7007e-13   6.5480e-07  -3.7007e-13   6.5480e-07   1.8503e-13   1.8503e-13
561.2  10.890076   2.6264e-06   3.0679e-06   3.0679e-06   1.7435e-06  -3.6500e-13   6.6213e-07  -3.6500e-13   6.6213e-07   1.8250e-13   1.8250e-13
571.33  10.890950   2.6531e-06   3.0993e-06   3.0993e-06   1.7606e-06  -3.5952e-13   6.6933e-07  -3.5952e-13   6.6933e-07   1.7976e-13   1.7976e-13
581.56  10.891841   2.6791e-06   3.1301e-06   3.1301e-06   1.7772e-06  -3.5365e-13   6.7640e-07  -3.5365e-13   6.7640e-07   1.7682e-13   1.7682e-13
591.87  10.892748   2.7046e-06   3.1602e-06   3.1602e-06   1.7934e-06  -3.4739e-13   6.8334e-07  -3.4739e-13   6.8334e-07   1.7369e-13   1.7369e-13
602.27  10.893671   2.7295e-06   3.1897e-06   3.1897e-06   1.8093e-06  -3.4075e-13   6.9016e-07  -3.4075e-13   6.9016e-07   1.7037e-13   1.7037e-13
612.77  10.894612   2.7539e-06   3.2185e-06   3.2185e-06   1.8247e-06  -3.3373e-13   6.9687e-07  -3.3373e-13   6.9687e-07   1.6686e-13   1.6686e-13
623.36  10.895569   2.7778e-06   3.2468e-06   3.2468e-06   1.8398e-06  -3.2634e-13   7.0346e-07  -3.2634e-13   7.0346e-07   1.6317e-13   1.6317e-13
634.03  10.896542   2.8011e-06   3.2744e-06   3.2744e-06   1.8544e-06  -3.1860e-13   7.0993e-07  -3.1860e-13   7.0993e-07   1.5930e-13   1.5930e-13
644.8  10.897533   2.8239e-06   3.3015e-06   3.3015e-06   1.8688e-06  -3.1051e-13   7.1631e-07  -3.1051e-13   7.1631e-07   1.5525e-13   1.5525e-13
655.66  10.898539   2.8463e-06   3.3280e-06   3.3280e-06   1.8828e-06  -3.0206e-13   7.2258e-07  -3.0206e-13   7.2258e-07   1.5103e-13   1.5103e-13
666.61  10.899562   2.8682e-06   3.3540e-06   3.3540e-06   1.8965e-06  -2.9329e-13   7.2875e-07  -2.9329e-13   7.2875e-07   1.4664e-13   1.4664e-13
677.64  10.900601   2.8896e-06   3.3795e-06   3.3795e-06   1.9098e-06  -2.8419e-13   7.3482e-07  -2.8419e-13   7.3482e-07   1.4210e-13   1.4210e-13
688.77  10.901656   2.9106e-06   3.4045e-06   3.4045e-06   1.9228e-06  -2.7476e-13   7.4081e-07  -2.7476e-13   7.4081e-07   1.3738e-13   1.3738e-13
699.99  10.902728   2.9312e-06   3.4291e-06   3.4291e-06   1.9355e-06  -2.6503e-13   7.4671e-07  -2.6503e-13   7.4671e-07   1.3251e-13   1.3251e-13
711.3  10.903816   2.9514e-06   3.4531e-06   3.4531e-06   1.9480e-06  -2.5498e-13   7.5253e-07  -2.5498e-13   7.5253e-07   1.2749e-13   1.2749e-13
722.71  10.904922   2.9712e-06   3.4768e-06   3.4768e-06   1.9601e-06  -2.4463e-13   7.5828e-07  -2.4463e-13   7.5828e-07   1.2231e-13   1.2231e-13
734.2  10.906042   2.9907e-06   3.5000e-06   3.5000e-06   1.9720e-06  -2.3399e-13   7.6394e-07  -2.3399e-13   7.6394e-07   1.1700e-13   1.1700e-13
745.78  10.907179   3.0097e-06   3.5228e-06   3.5228e-06   1.9836e-06  -2.2307e-13   7.6954e-07  -2.2307e-13   7.6954e-07   1.1154e-13   1.1154e-13
757.45  10.908332   3.0285e-06   3.5452e-06   3.5452e-06   1.9950e-06  -2.1188e-13   7.7506e-07  -2.1188e-13   7.7506e-07   1.0594e-13   1.0594e-13
769.22  10.909502   3.0469e-06   3.5673e-06   3.5673e-06   2.0061e-06  -2.0040e-13   7.8053e-07  -2.0040e-13   7.8053e-07   1.0020e-13   1.0020e-13
781.07  10.910687   3.0649e-06   3.5889e-06   3.5889e-06   2.0170e-06  -1.8868e-13   7.8592e-07  -1.8868e-13   7.8592e-07   9.4338e-14   9.4338e-14
793.02  10.911890   3.0827e-06   3.6103e-06   3.6103e-06   2.0276e-06  -1.7668e-13   7.9127e-07  -1.7668e-13   7.9127e-07   8.8342e-14   8.8342e-14
805.05  10.913107   3.1002e-06   3.6313e-06   3.6313e-06   2.0381e-06  -1.6445e-13   7.9656e-07  -1.6445e-13   7.9656e-07   8.2226e-14   8.2226e-14
817.18  10.914342   3.1174e-06   3.6520e-06   3.6520e-06   2.0483e-06  -1.5197e-13   8.0180e-07  -1.5197e-13   8.0180e-07   7.5985e-14   7.5985e-14
829.4  10.915593   3.1344e-06   3.6724e-06   3.6724e-06   2.0583e-06  -1.3925e-13   8.0699e-07  -1.3925e-13   8.0699e-07   6.9625e-14   6.9625e-14
841.71  10.916860   3.1510e-06   3.6925e-06   3.6925e-06   2.0681e-06  -1.2630e-13   8.1213e-07  -1.2630e-13   8.1213e-07   6.3152e-14   6.3152e-14
854.11  10.918143   3.1675e-06   3.7123e-06   3.7123e-06   2.0778e-06  -1.1313e-13   8.1724e-07  -1.1313e-13   8.1724e-07   5.6567e-14   5.6567e-14
866.59  10.919441   3.1837e-06   3.7319e-06   3.7319e-06   2.0872e-06  -9.9761e-14   8.2230e-07  -9.9761e-14   8.2230e-07   4.9881e-14   4.9881e-14
879.17  10.920756   3.1997e-06   3.7513e-06   3.7513e-06   2.0965e-06  -8.6168e-14   8.2733e-07  -8.6168e-14   8.2733e-07   4.3084e-14   4.3084e-14
891.84  10.922088   3.2154e-06   3.7704e-06   3.7704e-06   2.1056e-06  -7.2373e-14   8.3232e-07  -7.2373e-14   8.3232e-07   3.6187e-14   3.6187e-14
904.61  10.923437   3.2310e-06   3.7893e-06   3.7893e-06   2.1146e-06  -5.8371e-14   8.3729e-07  -5.8371e-14   8.3729e-07   2.9185e-14   2.9185e-14
917.46  10.924801   3.2464e-06   3.8079e-06   3.8079e-06   2.1234e-06  -4.4190e-14   8.4223e-07  -4.4190e-14   8.4223e-07   2.2095e-14   2.2095e-14
930.4  10.926181   3.2616e-06   3.8264e-06   3.8264e-06   2.1320e-06  -2.9825e-14   8.4714e-07  -2.9825e-14   8.4714e-07   1.4912e-14   1.4912e-14
943.43  10.927577   3.2767e-06   3.8447e-06   3.8447e-06   2.1406e-06  -1.5283e-14   8.5203e-07  -1.5283e-14   8.5203e-07   7.6414e-15   7.6414e-15
956.56  10.928991   3.2915e-06   3.8628e-06   3.8628e-06   2.1489e-06  -5.5851e-16   8.5690e-07  -5.5851e-16   8.5690e-07   2.7926e-16   2.7926e-16
969.77  10.930420   3.3063e-06   3.8808e-06   3.8808e-06   2.1572e-06   1.4320e-14   8.6175e-07   1.4320e-14   8.6175e-07  -7.1598e-15  -7.1598e-15
983.08  10.931866   3.3208e-06   3.8986e-06   3.8986e-06   2.1653e-06   2.9368e-14   8.6659e-07   2.9368e-14   8.6659e-07  -1.4684e-14  -1.4684e-14
996.47  10.933328   3.3353e-06   3.9163e-06   3.9163e-06   2.1733e-06   4.4558e-14   8.7142e-07   4.4558e-14   8.7142e-07  -2.2279e-14  -2.2279e-14
1009.96  10.934807   3.3496e-06   3.9338e-06   3.9338e-06   2.1812e-06   5.9906e-14   8.7623e-07   5.9906e-14   8.7623e-07  -2.9953e-14  -2.9953e-14
1023.53  10.936301   3.3638e-06   3.9512e-06   3.9512e-06   2.1890e-06   7.5384e-14   8.8104e-07   7.5384e-14   8.8104e-07  -3.7692e-14  -3.7692e-14
1037.2  10.937813   3.3779e-06   3.9685e-06   3.9685e-06   2.1967e-06   9.1008e-14   8.8584e-07   9.1008e-14   8.8584e-07  -4.5504e-14  -4.5504e-14
1050.96  10.939341   3.3919e-06   3.9857e-06   3.9857e-06   2.2043e-06   1.0676e-13   8.9064e-07   1.0676e-13   8.9064e-07  -5.3380e-14  -5.3380e-14
1064.81  10.940886   3.4058e-06   4.0028e-06   4.0028e-06   2.2118e-06   1.2264e-13   8.9543e-07   1.2264e-13   8.9543e-07  -6.1318e-14  -6.1318e-14
1078.75  10.942448   3.4196e-06   4.0198e-06   4.0198e-06   2.2193e-06   1.3863e-13   9.0023e-07   1.3863e-13   9.0023e-07  -6.9315e-14  -6.9315e-14
1092.78  10.944026   3.4334e-06   4.0368e-06   4.0368e-06   2.2266e-06   1.5473e-13   9.0503e-07   1.5473e-13   9.0503e-07  -7.7366e-14  -7.7366e-14
1106.9  10.945621   3.4470e-06   4.0536e-06   4.0536e-06   2.2339e-06   1.7094e-13   9.0984e-07   1.7094e-13   9.0984e-07  -8.5471e-14  -8.5471e-14
1121.11  10.947233   3.4606e-06   4.0705e-06   4.0705e-06   2.2410e-06   1.8725e-13   9.1465e-07   1.8725e-13   9.1465e-07  -9.3624e-14  -9.3624e-14
1135.41  10.948862   3.4742e-06   4.0872e-06   4.0872e-06   2.2482e-06   2.0365e-13   9.1948e-07   2.0365e-13   9.1948e-07  -1.0182e-13  -1.0182e-13
1149.81  10.950508   3.4877e-06   4.1039e-06   4.1039e-06   2.2552e-06   2.2015e-13   9.2431e-07   2.2015e-13   9.2431e-07  -1.1007e-13  -1.1007e-13
1164.29  10.952170   3.5011e-06   4.1206e-06   4.1206e-06   2.2622e-06   2.3671e-13   9.2916e-07   2.3671e-13   9.2916e-07  -1.1836e-13  -1.1836e-13
1178.86  10.953850   3.5146e-06   4.1373e-06   4.1373e-06   2.2691e-06   2.5336e-13   9.3402e-07   2.5336e-13   9.3402e-07  -1.2668e-13  -1.2668e-13
1193.53  10.955548   3.5280e-06   4.1539e-06   4.1539e-06   2.2760e-06   2.7008e-13   9.3890e-07   2.7008e-13   9.3890e-07  -1.3504e-13  -1.3504e-13
1208.28  10.957261   3.5413e-06   4.1706e-06   4.1706e-06   2.2828e-06   2.8685e-13   9.4380e-07   2.8685e-13   9.4380e-07  -1.4342e-13  -1.4342e-13
1223.13  10.958993   3.5547e-06   4.1872e-06   4.1872e-06   2.2896e-06   3.0369e-13   9.4872e-07   3.0369e-13   9.4872e-07  -1.5184e-13  -1.5184e-13
1238.07  10.960743   3.5680e-06   4.2038e-06   4.2038e-06   2.2964e-06   3.2057e-13   9.5367e-07   3.2057e-13   9.5367e-07  -1.6029e-13  -1.6029e-13
1253.09  10.962508   3.5813e-06   4.2204e-06   4.2204e-06   2.3031e-06   3.3749e-13   9.5863e-07   3.3749e-13   9.5863e-07  -1.6875e-13  -1.6875e-13
1268.21  10.964293   3.5946e-06   4.2371e-06   4.2371e-06   2.3097e-06   3.5446e-13   9.6363e-07   3.5446e-13   9.6363e-07  -1.7723e-13  -1.7723e-13
1283.42  10.966095   3.6080e-06   4.2538e-06   4.2538e-06   2.3164e-06   3.7145e-13   9.6865e-07   3.7145e-13   9.6865e-07  -1.8573e-13  -1.8573e-13
1298.72  10.967914   3.6213e-06   4.2705e-06   4.2705e-06   2.3230e-06   3.8847e-13   9.7371e-07   3.8847e-13   9.7371e-07  -1.9424e-13  -1.9424e-13
1314.11  10.969751   3.6347e-06   4.2872e-06   4.2872e-06   2.3295e-06   4.0550e-13   9.7879e-07   4.0550e-13   9.7879e-07  -2.0275e-13  -2.0275e-13
1329.59  10.971607   3.6480e-06   4.3040e-06   4.3040e-06   2.3361e-06   4.2255e-13   9.8391e-07   4.2255e-13   9.8391e-07  -2.1127e-13  -2.1127e-13
1345.16  10.973480   3.6614e-06   4.3209e-06   4.3209e-06   2.3426e-06   4.3959e-13   9.8907e-07   4.3959e-13   9.8907e-07  -2.1979e-13  -2.1979e-13
1360.82  10.975371   3.6749e-06   4.3378e-06   4.3378e-06   2.3491e-06   4.5663e-13   9.9426e-07   4.5663e-13   9.9426e-07  -2.2831e-13  -2.2831e-13
1376.57  10.977280   3.6883e-06   4.3547e-06   4.3547e-06   2.3556e-06   4.7365e-13   9.9949e-07   4.7365e-13   9.9949e-07  -2.3683e-13  -2.3683e-13
1392.42  10.979209   3.7019e-06   4.3718e-06   4.3718e-06   2.3621e-06   4.9066e-13   1.0048e-06   4.9066e-13   1.0048e-06  -2.4533e-13  -2.4533e-13
1408.35  10.981155   3.7154e-06   4.3889e-06   4.3889e-06   2.3686e-06   5.0764e-13   1.0101e-06   5.0764e-13   1.0101e-06  -2.5382e-13  -2.5382e-13
1424.37  10.983120   3.7291e-06   4.4061e-06   4.4061e-06   2.3750e-06   5.2458e-13   1.0155e-06   5.2458e-13   1.0155e-06  -2.6229e-13  -2.6229e-13
1440.49  10.985104   3.7427e-06   4.4234e-06   4.4234e-06   2.3815e-06   5.4148e-13   1.0209e-06   5.4148e-13   1.0209e-06  -2.7074e-13  -2.7074e-13
1456.7  10.987108   3.7565e-06   4.4407e-06   4.4407e-06   2.3880e-06   5.5833e-13   1.0263e-06   5.5833e-13   1.0263e-06  -2.7917e-13  -2.7917e-13
1472.99  10.989129   3.7703e-06   4.4582e-06   4.4582e-06   2.3944e-06   5.7511e-13   1.0318e-06   5.7511e-13   1.0318e-06  -2.8756e-13  -2.8756e-13
1489.38  10.991170   3.7842e-06   4.4758e-06   4.4758e-06   2.4009e-06   5.9183e-13   1.0374e-06   5.9183e-13   1.0374e-06  -2.9592e-13  -2.9592e-13
1505.86  10.993230   3.7981e-06   4.4935e-06   4.4935e-06   2.4074e-06   6.0847e-13   1.0430e-06   6.0847e-13   1.0430e-06  -3.0424e-13  -3.0424e-13
1522.42  10.995308   3.8122e-06   4.5114e-06   4.5114e-06   2.4139e-06   6.2502e-13   1.0487e-06   6.2502e-13   1.0487e-06  -3.1251e-13  -3.1251e-13
1539.08  10.997408   3.8263e-06   4.5293e-06   4.5293e-06   2.4203e-06   6.4147e-13   1.0544e-06   6.4147e-13   1.0544e-06  -3.2074e-13  -3.2074e-13
1555.83  10.999526   3.8406e-06   4.5474e-06   4.5474e-06   2.4269e-06   6.5782e-13   1.0602e-06   6.5782e-13   1.0602e-06  -3.2891e-13  -3.2891e-13
1572.67  11.001665   3.8549e-06   4.5657e-06   4.5657e-06   2.4334e-06   6.7405e-13   1.0661e-06   6.7405e-13   1.0661e-06  -3.3703e-13  -3.3703e-13
1589.6  11.003823   3.8693e-06   4.5840e-06   4.5840e-06   2.4399e-06   6.9016e-13   1.0720e-06   6.9016e-13   1.0720e-06  -3.4508e-13  -3.4508e-13
1606.62  11.006001   3.8839e-06   4.6026e-06   4.6026e-06   2.4465e-06   7.0612e-13   1.0780e-06   7.0612e-13   1.0780e-06  -3.5306e-13  -3.5306e-13
1623.74  11.008201   3.8985e-06   4.6213e-06   4.6213e-06   2.4531e-06   7.2195e-13   1.0840e-06   7.2195e-13   1.0840e-06  -3.6098e-13  -3.6098e-13
1640.94  11.010420   3.9133e-06   4.6401e-06   4.6401e-06   2.4597e-06   7.3761e-13   1.0902e-06   7.3761e-13   1.0902e-06  -3.6880e-13  -3.6880e-13
1658.23  11.012659   3.9282e-06   4.6592e-06   4.6592e-06   2.4663e-06   7.5310e-13   1.0964e-06   7.5310e-13   1.0964e-06  -3.7655e-13  -3.7655e-13
1675.62  11.014921   3.9432e-06   4.6784e-06   4.6784e-06   2.4730e-06   7.6841e-13   1.1026e-06   7.6841e-13   1.1026e-06  -3.8421e-13  -3.8421e-13
1693.09  11.017202   3.9584e-06   4.6978e-06   4.6978e-06   2.4797e-06   7.8352e-13   1.1090e-06   7.8352e-13   1.1090e-06  -3.9176e-13  -3.9176e-13
1710.66  11.019505   3.9737e-06   4.7174e-06   4.7174e-06   2.4864e-06   7.9843e-13   1.1154e-06   7.9843e-13   1.1154e-06  -3.9922e-13  -3.9922e-13
1728.31  11.021828   3.9892e-06   4.7372e-06   4.7372e-06   2.4932e-06   8.1311e-13   1.1219e-06   8.1311e-13   1.1219e-06  -4.0656e-13  -4.0656e-13
1746.06  11.024174   4.0048e-06   4.7572e-06   4.7572e-06   2.5000e-06   8.2757e-13   1.1285e-06   8.2757e-13   1.1285e-06  -4.1379e-13  -4.1379e-13
1763.9  11.026542   4.0205e-06   4.7774e-06   4.7774e-06   2.5068e-06   8.4178e-13   1.1352e-06   8.4178e-13   1.1352e-06  -4.2089e-13  -4.2089e-13
1781.82  11.028930   4.0364e-06   4.7978e-06   4.7978e-06   2.5137e-06   8.5572e-13   1.1420e-06   8.5572e-13   1.1420e-06  -4.2786e-13  -4.2786e-13
1799.84  11.031342   4.0525e-06   4.8185e-06   4.8185e-06   2.5206e-06   8.6939e-13   1.1489e-06   8.6939e-13   1.1489e-06  -4.3469e-13  -4.3469e-13
1817.95  11.033776   4.0688e-06   4.8394e-06   4.8394e-06   2.5276e-06   8.8276e-13   1.1558e-06   8.8276e-13   1.1558e-06  -4.4138e-13  -4.4138e-13
1836.15  11.036233   4.0852e-06   4.8605e-06   4.8605e-06   2.5346e-06   8.9583e-13   1.1629e-06   8.9583e-13   1.1629e-06  -4.4792e-13  -4.4792e-13
1854.44  11.038712   4.1019e-06   4.8819e-06   4.8819e-06   2.5417e-06   9.0858e-13   1.1700e-06   9.0858e-13   1.1700e-06  -4.5429e-13  -4.5429e-13
1872.82  11.041214   4.1187e-06   4.9036e-06   4.9036e-06   2.5489e-06   9.2098e-13   1.1773e-06   9.2098e-13   1.1773e-06  -4.6049e-13  -4.6049e-13
1891.29  11.043739   4.1357e-06   4.9255e-06   4.9255e-06   2.5560e-06   9.3302e-13   1.1847e-06   9.3302e-13   1.1847e-06  -4.6651e-13  -4.6651e-13
1909.86  11.046289   4.1529e-06   4.9477e-06   4.9477e-06   2.5633e-06   9.4469e-13   1.1921e-06   9.4469e-13   1.1921e-06  -4.7235e-13  -4.7235e-13
1928.51  11.048861   4.1703e-06   4.9702e-06   4.9702e-06   2.5706e-06   9.5596e-13   1.1997e-06   9.5596e-13   1.1997e-06  -4.7798e-13  -4.7798e-13
1947.25  11.051458   4.1880e-06   4.9929e-06   4.9929e-06   2.5780e-06   9.6681e-13   1.2074e-06   9.6681e-13   1.2074e-06  -4.8341e-13  -4.8341e-13
1966.09  11.054079   4.2058e-06   5.0160e-06   5.0160e-06   2.5854e-06   9.7724e-13   1.2152e-06   9.7724e-13   1.2152e-06  -4.8862e-13  -4.8862e-13
1985.01  11.056724   4.2239e-06   5.0394e-06   5.0394e-06   2.5929e-06   9.8719e-13   1.2232e-06   9.8719e-13   1.2232e-06  -4.9360e-13  -4.9360e-13
2004.03  11.059395   4.2422e-06   5.0631e-06   5.0631e-06   2.6005e-06   9.9668e-13   1.2312e-06   9.9668e-13   1.2312e-06  -4.9834e-13  -4.9834e-13
2023.13  11.062090   4.2608e-06   5.0871e-06   5.0871e-06   2.6082e-06   1.0057e-12   1.2394e-06   1.0057e-12   1.2394e-06  -5.0283e-13  -5.0283e-13
2042.33  11.064811   4.2796e-06   5.1115e-06   5.1115e-06   2.6159e-06   1.0141e-12   1.2477e-06   1.0141e-12   1.2477e-06  -5.0705e-13  -5.0705e-13
2061.62  11.067558   4.2987e-06   5.1362e-06   5.1362e-06   2.6237e-06   1.0220e-12   1.2562e-06   1.0220e-12   1.2562e-06  -5.1101e-13  -5.1101e-13
2081.0  11.070330   4.3180e-06   5.1612e-06   5.1612e-06   2.6316e-06   1.0293e-12   1.2647e-06   1.0293e-12   1.2647e-06  -5.1467e-13  -5.1467e-13
2100.46  11.073128   4.3376e-06   5.1866e-06   5.1866e-06   2.6396e-06   1.0361e-12   1.2735e-06   1.0361e-12   1.2735e-06  -5.1803e-13  -5.1803e-13
2120.02  11.075953   4.3575e-06   5.2124e-06   5.2124e-06   2.6476e-06   1.0421e-12   1.2823e-06   1.0421e-12   1.2823e-06  -5.2107e-13  -5.2107e-13
2139.67  11.078805   4.3777e-06   5.2386e-06   5.2386e-06   2.6558e-06   1.0476e-12   1.2914e-06   1.0476e-12   1.2914e-06  -5.2379e-13  -5.2379e-13
2159.41  11.081684   4.3981e-06   5.2652e-06   5.2652e-06   2.6640e-06   1.0523e-12   1.3005e-06   1.0523e-12   1.3005e-06  -5.2616e-13  -5.2616e-13
2179.25  11.084592   4.4189e-06   5.2922e-06   5.2922e-06   2.6724e-06   1.0563e-12   1.3099e-06   1.0563e-12   1.3099e-06  -5.2817e-13  -5.2817e-13
2199.17  11.087527   4.4400e-06   5.3196e-06   5.3196e-06   2.6808e-06   1.0596e-12   1.3194e-06   1.0596e-12   1.3194e-06  -5.2980e-13  -5.2980e-13
2219.18  11.090490   4.4614e-06   5.3475e-06   5.3475e-06   2.6893e-06   1.0621e-12   1.3290e-06   1.0621e-12   1.3290e-06  -5.3104e-13  -5.3104e-13
2239.28  11.093481   4.4832e-06   5.3758e-06   5.3758e-06   2.6980e-06   1.0637e-12   1.3388e-06   1.0637e-12   1.3388e-06  -5.3186e-13  -5.3186e-13
2259.48  11.096503   4.5053e-06   5.4045e-06   5.4045e-06   2.7067e-06   1.0645e-12   1.3489e-06   1.0645e-12   1.3489e-06  -5.3226e-13  -5.3226e-13
2279.76  11.099552   4.5277e-06   5.4338e-06   5.4338e-06   2.7156e-06   1.0644e-12   1.3590e-06   1.0644e-12   1.3590e-06  -5.3221e-13  -5.3221e-13
2300.14  11.102633   4.5505e-06   5.4635e-06   5.4635e-06   2.7245e-06   1.0634e-12   1.3694e-06   1.0634e-12   1.3694e-06  -5.3168e-13  -5.3168e-13
2320.6  11.105742   4.5737e-06   5.4937e-06   5.4937e-06   2.7336e-06   1.0613e-12   1.3800e-06   1.0613e-12   1.3800e-06  -5.3067e-13  -5.3067e-13
2341.16  11.108884   4.5972e-06   5.5244e-06   5.5244e-06   2.7428e-06   1.0583e-12   1.3907e-06   1.0583e-12   1.3907e-06  -5.2914e-13  -5.2914e-13
2361.81  11.112056   4.6212e-06   5.5557e-06   5.5557e-06   2.7522e-06   1.0541e-12   1.4017e-06   1.0541e-12   1.4017e-06  -5.2707e-13  -5.2707e-13
2382.54  11.115259   4.6455e-06   5.5875e-06   5.5875e-06   2.7616e-06   1.0489e-12   1.4129e-06   1.0489e-12   1.4129e-06  -5.2445e-13  -5.2445e-13
2403.37  11.118494   4.6703e-06   5.6199e-06   5.6199e-06   2.7712e-06   1.0425e-12   1.4243e-06   1.0425e-12   1.4243e-06  -5.2124e-13  -5.2124e-13
2424.29  11.121763   4.6955e-06   5.6528e-06   5.6528e-06   2.7809e-06   1.0348e-12   1.4359e-06   1.0348e-12   1.4359e-06  -5.1742e-13  -5.1742e-13
2445.3  11.125064   4.7212e-06   5.6864e-06   5.6864e-06   2.7908e-06   1.0259e-12   1.4478e-06   1.0259e-12   1.4478e-06  -5.1296e-13  -5.1296e-13
2466.4  11.128398   4.7473e-06   5.7205e-06   5.7205e-06   2.8008e-06   1.0157e-12   1.4598e-06   1.0157e-12   1.4598e-06  -5.0783e-13  -5.0783e-13
2487.59  11.131766   4.7739e-06   5.7553e-06   5.7553e-06   2.8109e-06   1.0040e-12   1.4722e-06   1.0040e-12   1.4722e-06  -5.0200e-13  -5.0200e-13
2508.87  11.135169   4.8010e-06   5.7908e-06   5.7908e-06   2.8212e-06   9.9089e-13   1.4847e-06   9.9089e-13   1.4847e-06  -4.9545e-13  -4.9545e-13
2530.25  11.138608   4.8285e-06   5.8269e-06   5.8269e-06   2.8317e-06   9.7625e-13   1.4976e-06   9.7625e-13   1.4976e-06  -4.8812e-13  -4.8812e-13
2551.71  11.142081   4.8566e-06   5.8638e-06   5.8638e-06   2.8423e-06   9.6001e-13   1.5107e-06   9.6001e-13   1.5107e-06  -4.8000e-13  -4.8000e-13
2573.26  11.145591   4.8852e-06   5.9013e-06   5.9013e-06   2.8531e-06   9.4212e-13   1.5241e-06   9.4212e-13   1.5241e-06  -4.7106e-13  -4.7106e-13
2594.91  11.149138   4.9144e-06   5.9396e-06   5.9396e-06   2.8640e-06   9.2242e-13   1.5377e-06   9.2242e-13   1.5377e-06  -4.6121e-13  -4.6121e-13
2616.64  11.152721   4.9442e-06   5.9786e-06   5.9786e-06   2.8751e-06   9.0116e-13   1.5517e-06   9.0116e-13   1.5517e-06  -4.5058e-13  -4.5058e-13
2638.47  11.156344   4.9745e-06   6.0185e-06   6.0185e-06   2.8864e-06   8.7927e-13   1.5660e-06   8.7927e-13   1.5660e-06  -4.3963e-13  -4.3963e-13
2660.38  11.160004   5.0054e-06   6.0591e-06   6.0591e-06   2.8979e-06   8.5719e-13   1.5805e-06   8.5719e-13   1.5805e-06  -4.2860e-13  -4.2860e-13
2682.39  11.163705   5.0370e-06   6.1006e-06   6.1006e-06   2.9096e-06   8.3484e-13   1.5954e-06   8.3484e-13   1.5954e-06  -4.1742e-13  -4.1742e-13
2704.49  11.167445   5.0692e-06   6.1429e-06   6.1429e-06   2.9215e-06   8.1223e-13   1.6107e-06   8.1223e-13   1.6107e-06  -4.0612e-13  -4.0612e-13
2726.67  11.171225   5.1020e-06   6.1862e-06   6.1862e-06   2.9336e-06   7.8938e-13   1.6262e-06   7.8938e-13   1.6262e-06  -3.9469e-13  -3.9469e-13
2748.95  11.175048   5.1356e-06   6.2303e-06   6.2303e-06   2.9459e-06   7.6625e-13   1.6422e-06   7.6625e-13   1.6422e-06  -3.8313e-13  -3.8313e-13
2771.32  11.178913   5.1698e-06   6.2755e-06   6.2755e-06   2.9585e-06   7.4286e-13   1.6585e-06   7.4286e-13   1.6585e-06  -3.7143e-13  -3.7143e-13
2793.78  11.182821   5.2048e-06   6.3216e-06   6.3216e-06   2.9712e-06   7.1920e-13   1.6751e-06   7.1920e-13   1.6751e-06  -3.5960e-13  -3.5960e-13
2816.33  11.186772   5.2406e-06   6.3687e-06   6.3687e-06   2.9842e-06   6.9527e-13   1.6922e-06   6.9527e-13   1.6922e-06  -3.4763e-13  -3.4763e-13
2838.97  11.190769   5.2771e-06   6.4169e-06   6.4169e-06   2.9974e-06   6.7106e-13   1.7097e-06   6.7106e-13   1.7097e-06  -3.3553e-13  -3.3553e-13
2861.71  11.194812   5.3145e-06   6.4662e-06   6.4662e-06   3.0109e-06   6.4656e-13   1.7276e-06   6.4656e-13   1.7276e-06  -3.2328e-13  -3.2328e-13
2884.53  11.198901   5.3527e-06   6.5167e-06   6.5167e-06   3.0246e-06   6.2179e-13   1.7460e-06   6.2179e-13   1.7460e-06  -3.1090e-13  -3.1090e-13
2907.44  11.203036   5.3918e-06   6.5683e-06   6.5683e-06   3.0386e-06   5.9674e-13   1.7648e-06   5.9674e-13   1.7648e-06  -2.9837e-13  -2.9837e-13
2930.44  11.207221   5.4317e-06   6.6211e-06   6.6211e-06   3.0529e-06   5.7139e-13   1.7841e-06   5.7139e-13   1.7841e-06  -2.8569e-13  -2.8569e-13
2953.54  11.211456   5.4727e-06   6.6752e-06   6.6752e-06   3.0675e-06   5.4574e-13   1.8038e-06   5.4574e-13   1.8038e-06  -2.7287e-13  -2.7287e-13
2976.72  11.215740   5.5145e-06   6.7306e-06   6.7306e-06   3.0823e-06   5.1980e-13   1.8241e-06   5.1980e-13   1.8241e-06  -2.5990e-13  -2.5990e-13
3000.0  11.220077   5.5574e-06   6.7873e-06   6.7873e-06   3.0974e-06   4.9355e-13   1.8449e-06   4.9355e-13   1.8449e-06  -2.4678e-13  -2.4678e-13
