#T volume alpha alpha_xx alpha_yy alpha_zz alpha_yz alpha_zx alpha_xz alpha_zx alpha_xy alpha_yx
0.0  16.636519   0.0000e+00   8.5984e-14   8.5984e-14   8.5984e-14   1.7369e-30   1.7369e-30   1.7369e-30  -1.7369e-30  -1.7369e-30  -1.7369e-30
0.05  16.636519   1.7125e-11   1.7113e-11   1.7113e-11   1.7113e-11   7.9404e-29   7.9404e-29   7.9404e-29  -7.9404e-29  -7.9404e-29  -7.9404e-29
0.13  16.636519   4.4487e-11   4.4484e-11   4.4484e-11   4.4484e-11   3.9188e-28   3.9188e-28   3.9188e-28  -3.9188e-28  -3.9188e-28  -3.9188e-28
0.24  16.636519   8.2050e-11   8.2061e-11   8.2061e-11   8.2061e-11  -2.8488e-27  -2.8488e-27  -2.8488e-27   2.8488e-27   2.8488e-27   2.8488e-27
0.37  16.636519   1.2618e-10   1.2617e-10   1.2617e-10   1.2617e-10   5.5614e-28   5.5614e-28   5.5614e-28  -5.5614e-28  -5.5614e-28  -5.5614e-28
0.53  16.636519   1.7992e-10   1.7992e-10   1.7992e-10   1.7992e-10   1.7593e-27   1.7593e-27   1.7593e-27  -1.7593e-27  -1.7593e-27  -1.7593e-27
0.73  16.636519   2.4581e-10   2.4581e-10   2.4581e-10   2.4581e-10  -3.8472e-27  -3.8472e-27  -3.8472e-27   3.8472e-27   3.8472e-27   3.8472e-27
0.94  16.636519   3.1296e-10   3.1296e-10   3.1296e-10   3.1296e-10  -1.1908e-26  -1.1908e-26  -1.1908e-26   1.1908e-26   1.1908e-26   1.1908e-26
1.19  16.636519   3.8933e-10   3.8933e-10   3.8933e-10   3.8933e-10   1.0450e-26   1.0450e-26   1.0450e-26  -1.0450e-26  -1.0450e-26  -1.0450e-26
1.47  16.636519   4.6909e-10   4.6909e-10   4.6909e-10   4.6909e-10  -6.9581e-27  -6.9581e-27  -6.9581e-27   6.9581e-27   6.9581e-27   6.9581e-27
1.77  16.636519   5.4619e-10   5.4620e-10   5.4620e-10   5.4620e-10  -9.7891e-27  -9.7891e-27  -9.7891e-27   9.7891e-27   9.7891e-27   9.7891e-27
2.1  16.636519   6.1898e-10   6.1898e-10   6.1898e-10   6.1898e-10  -2.1276e-26  -2.1276e-26  -2.1276e-26   2.1276e-26   2.1276e-26   2.1276e-26
2.47  16.636519   6.8270e-10   6.8269e-10   6.8269e-10   6.8269e-10  -1.6495e-26  -1.6495e-26  -1.6495e-26   1.6495e-26   1.6495e-26   1.6495e-26
2.85  16.636519   7.2492e-10   7.2488e-10   7.2488e-10   7.2488e-10  -3.9531e-27  -3.9531e-27  -3.9531e-27   3.9531e-27   3.9531e-27   3.9531e-27
3.27  16.636519   7.4005e-10   7.4082e-10   7.4082e-10   7.4082e-10  -1.2866e-26  -1.2866e-26  -1.2866e-26   1.2866e-26   1.2866e-26   1.2866e-26
3.72  16.636519   7.1295e-10   7.1004e-10   7.1004e-10   7.1004e-10  -1.9377e-26  -1.9377e-26  -1.9377e-26   1.9377e-26   1.9377e-26   1.9377e-26
4.19  16.636519   6.2228e-10   6.2065e-10   6.2065e-10   6.2065e-10   1.9007e-26   1.9007e-26   1.9007e-26  -1.9007e-26  -1.9007e-26  -1.9007e-26
4.69  16.636519   4.4475e-10   4.4538e-10   4.4538e-10   4.4538e-10  -3.3324e-27  -3.3324e-27  -3.3324e-27   3.3324e-27   3.3324e-27   3.3324e-27
5.22  16.636519   1.2566e-10   1.2576e-10   1.2576e-10   1.2576e-10  -1.5112e-27  -1.5112e-27  -1.5112e-27   1.5112e-27   1.5112e-27   1.5112e-27
5.78  16.636519  -4.2688e-10  -4.2653e-10  -4.2653e-10  -4.2653e-10   1.9920e-27   1.9920e-27   1.9920e-27  -1.9920e-27  -1.9920e-27  -1.9920e-27
6.37  16.636519  -1.3648e-09  -1.3646e-09  -1.3646e-09  -1.3646e-09  -4.3969e-26  -4.3969e-26  -4.3969e-26   4.3969e-26   4.3969e-26   4.3969e-26
6.98  16.636519  -2.8875e-09  -2.8872e-09  -2.8872e-09  -2.8872e-09  -8.5864e-26  -8.5864e-26  -8.5864e-26   8.5864e-26   8.5864e-26   8.5864e-26
7.62  16.636519  -5.3129e-09  -5.3128e-09  -5.3128e-09  -5.3128e-09  -5.1304e-26  -5.1304e-26  -5.1304e-26   5.1304e-26   5.1304e-26   5.1304e-26
8.29  16.636519  -9.0279e-09  -9.0280e-09  -9.0280e-09  -9.0280e-09   3.4769e-25   3.4769e-25   3.4769e-25  -3.4769e-25  -3.4769e-25  -3.4769e-25
8.99  16.636518  -1.4482e-08  -1.4482e-08  -1.4482e-08  -1.4482e-08  -4.0107e-26  -4.0107e-26  -4.0107e-26   4.0107e-26   4.0107e-26   4.0107e-26
9.72  16.636518  -2.2150e-08  -2.2151e-08  -2.2151e-08  -2.2151e-08  -5.0837e-25  -5.0837e-25  -5.0837e-25   5.0837e-25   5.0837e-25   5.0837e-25
10.48  16.636517  -3.2490e-08  -3.2491e-08  -3.2491e-08  -3.2491e-08  -8.5895e-25  -8.5895e-25  -8.5895e-25   8.5895e-25   8.5895e-25   8.5895e-25
11.26  16.636515  -4.5692e-08  -4.5693e-08  -4.5693e-08  -4.5693e-08  -3.1890e-25  -3.1890e-25  -3.1890e-25   3.1890e-25   3.1890e-25   3.1890e-25
12.07  16.636513  -6.2117e-08  -6.2118e-08  -6.2118e-08  -6.2118e-08   1.8469e-24   1.8469e-24   1.8469e-24  -1.8469e-24  -1.8469e-24  -1.8469e-24
12.91  16.636510  -8.1822e-08  -8.1823e-08  -8.1823e-08  -8.1823e-08   2.0387e-24   2.0387e-24   2.0387e-24  -2.0387e-24  -2.0387e-24  -2.0387e-24
13.78  16.636506  -1.0464e-07  -1.0464e-07  -1.0464e-07  -1.0464e-07  -2.1300e-24  -2.1300e-24  -2.1300e-24   2.1300e-24   2.1300e-24   2.1300e-24
14.68  16.636501  -1.3014e-07  -1.3014e-07  -1.3014e-07  -1.3014e-07   3.1815e-24   3.1815e-24   3.1815e-24  -3.1815e-24  -3.1815e-24  -3.1815e-24
15.6  16.636494  -1.5732e-07  -1.5732e-07  -1.5732e-07  -1.5732e-07   1.0899e-24   1.0899e-24   1.0899e-24  -1.0899e-24  -1.0899e-24  -1.0899e-24
16.55  16.636486  -1.8553e-07  -1.8553e-07  -1.8553e-07  -1.8553e-07  -1.2396e-24  -1.2396e-24  -1.2396e-24   1.2396e-24   1.2396e-24   1.2396e-24
17.53  16.636476  -2.1357e-07  -2.1357e-07  -2.1357e-07  -2.1357e-07  -5.9302e-24  -5.9302e-24  -5.9302e-24   5.9302e-24   5.9302e-24   5.9302e-24
18.54  16.636465  -2.4006e-07  -2.4006e-07  -2.4006e-07  -2.4006e-07  -8.6053e-24  -8.6053e-24  -8.6053e-24   8.6053e-24   8.6053e-24   8.6053e-24
19.58  16.636452  -2.6342e-07  -2.6342e-07  -2.6342e-07  -2.6342e-07   1.1724e-23   1.1724e-23   1.1724e-23  -1.1724e-23  -1.1724e-23  -1.1724e-23
20.65  16.636437  -2.8193e-07  -2.8193e-07  -2.8193e-07  -2.8193e-07  -1.6836e-24  -1.6836e-24  -1.6836e-24   1.6836e-24   1.6836e-24   1.6836e-24
21.74  16.636421  -2.9376e-07  -2.9376e-07  -2.9376e-07  -2.9376e-07  -1.2453e-23  -1.2453e-23  -1.2453e-23   1.2453e-23   1.2453e-23   1.2453e-23
22.86  16.636405  -2.9734e-07  -2.9734e-07  -2.9734e-07  -2.9734e-07  -2.2558e-24  -2.2558e-24  -2.2558e-24   2.2558e-24   2.2558e-24   2.2558e-24
24.01  16.636388  -2.9092e-07  -2.9092e-07  -2.9092e-07  -2.9092e-07  -1.3397e-24  -1.3397e-24  -1.3397e-24   1.3397e-24   1.3397e-24   1.3397e-24
25.19  16.636371  -2.7282e-07  -2.7282e-07  -2.7282e-07  -2.7282e-07   2.8613e-24   2.8613e-24   2.8613e-24  -2.8613e-24  -2.8613e-24  -2.8613e-24
26.4  16.636356  -2.4150e-07  -2.4149e-07  -2.4149e-07  -2.4149e-07  -1.3057e-23  -1.3057e-23  -1.3057e-23   1.3057e-23   1.3057e-23   1.3057e-23
27.63  16.636342  -1.9594e-07  -1.9594e-07  -1.9594e-07  -1.9594e-07   5.7992e-24   5.7992e-24   5.7992e-24  -5.7992e-24  -5.7992e-24  -5.7992e-24
28.9  16.636332  -1.3417e-07  -1.3417e-07  -1.3417e-07  -1.3417e-07   5.9687e-25   5.9687e-25   5.9687e-25  -5.9687e-25  -5.9687e-25  -5.9687e-25
30.19  16.636325  -5.6104e-08  -5.6103e-08  -5.6103e-08  -5.6103e-08   3.5406e-25   3.5406e-25   3.5406e-25  -3.5406e-25  -3.5406e-25  -3.5406e-25
31.51  16.636325   3.9526e-08   3.9527e-08   3.9527e-08   3.9527e-08   1.2568e-24   1.2568e-24   1.2568e-24  -1.2568e-24  -1.2568e-24  -1.2568e-24
32.85  16.636331   1.5246e-07   1.5246e-07   1.5246e-07   1.5246e-07   2.5081e-24   2.5081e-24   2.5081e-24  -2.5081e-24  -2.5081e-24  -2.5081e-24
34.23  16.636346   2.8482e-07   2.8482e-07   2.8482e-07   2.8482e-07   7.0728e-24   7.0728e-24   7.0728e-24  -7.0728e-24  -7.0728e-24  -7.0728e-24
35.63  16.636371   4.3491e-07   4.3491e-07   4.3491e-07   4.3491e-07  -1.6224e-24  -1.6224e-24  -1.6224e-24   1.6224e-24   1.6224e-24   1.6224e-24
37.07  16.636408   6.0491e-07   6.0491e-07   6.0491e-07   6.0491e-07  -1.8243e-23  -1.8243e-23  -1.8243e-23   1.8243e-23   1.8243e-23   1.8243e-23
38.53  16.636459   7.9230e-07   7.9230e-07   7.9230e-07   7.9230e-07   1.3570e-24   1.3570e-24   1.3570e-24  -1.3570e-24  -1.3570e-24  -1.3570e-24
40.02  16.636526   9.9789e-07   9.9789e-07   9.9789e-07   9.9789e-07   5.0933e-23   5.0933e-23   5.0933e-23  -5.0933e-23  -5.0933e-23  -5.0933e-23
41.53  16.636609   1.2197e-06   1.2197e-06   1.2197e-06   1.2197e-06   4.6274e-23   4.6274e-23   4.6274e-23  -4.6274e-23  -4.6274e-23  -4.6274e-23
43.08  16.636713   1.4600e-06   1.4600e-06   1.4600e-06   1.4600e-06  -4.1206e-23  -4.1206e-23  -4.1206e-23   4.1206e-23   4.1206e-23   4.1206e-23
44.65  16.636837   1.7150e-06   1.7150e-06   1.7150e-06   1.7150e-06   3.5404e-23   3.5404e-23   3.5404e-23  -3.5404e-23  -3.5404e-23  -3.5404e-23
46.25  16.636985   1.9854e-06   1.9854e-06   1.9854e-06   1.9854e-06  -3.2450e-23  -3.2450e-23  -3.2450e-23   3.2450e-23   3.2450e-23   3.2450e-23
47.88  16.637158   2.2702e-06   2.2702e-06   2.2702e-06   2.2702e-06  -9.1367e-23  -9.1367e-23  -9.1367e-23   9.1367e-23   9.1367e-23   9.1367e-23
49.54  16.637358   2.5685e-06   2.5685e-06   2.5685e-06   2.5685e-06   5.3028e-23   5.3028e-23   5.3028e-23  -5.3028e-23  -5.3028e-23  -5.3028e-23
51.23  16.637588   2.8792e-06   2.8792e-06   2.8792e-06   2.8792e-06   9.8860e-23   9.8860e-23   9.8860e-23  -9.8860e-23  -9.8860e-23  -9.8860e-23
52.94  16.637847   3.1993e-06   3.1993e-06   3.1993e-06   3.1993e-06   6.0734e-23   6.0734e-23   6.0734e-23  -6.0734e-23  -6.0734e-23  -6.0734e-23
54.68  16.638140   3.5296e-06   3.5296e-06   3.5296e-06   3.5296e-06  -1.0112e-22  -1.0112e-22  -1.0112e-22   1.0112e-22   1.0112e-22   1.0112e-22
56.45  16.638466   3.8689e-06   3.8689e-06   3.8689e-06   3.8689e-06   1.3506e-22   1.3506e-22   1.3506e-22  -1.3506e-22  -1.3506e-22  -1.3506e-22
58.25  16.638830   4.2161e-06   4.2161e-06   4.2161e-06   4.2161e-06   1.2525e-22   1.2525e-22   1.2525e-22  -1.2525e-22  -1.2525e-22  -1.2525e-22
60.08  16.639231   4.5701e-06   4.5701e-06   4.5701e-06   4.5701e-06  -5.2627e-23  -5.2627e-23  -5.2627e-23   5.2627e-23   5.2627e-23   5.2627e-23
61.94  16.639672   4.9299e-06   4.9299e-06   4.9299e-06   4.9299e-06   1.5498e-22   1.5498e-22   1.5498e-22  -1.5498e-22  -1.5498e-22  -1.5498e-22
63.82  16.640152   5.2924e-06   5.2924e-06   5.2924e-06   5.2924e-06  -1.0430e-22  -1.0430e-22  -1.0430e-22   1.0430e-22   1.0430e-22   1.0430e-22
65.73  16.640674   5.6585e-06   5.6585e-06   5.6585e-06   5.6585e-06   1.8962e-22   1.8962e-22   1.8962e-22  -1.8962e-22  -1.8962e-22  -1.8962e-22
67.67  16.641240   6.0273e-06   6.0273e-06   6.0273e-06   6.0273e-06  -1.0188e-22  -1.0188e-22  -1.0188e-22   1.0188e-22   1.0188e-22   1.0188e-22
69.64  16.641851   6.3978e-06   6.3978e-06   6.3978e-06   6.3978e-06  -3.0671e-23  -3.0671e-23  -3.0671e-23   3.0671e-23   3.0671e-23   3.0671e-23
71.64  16.642508   6.7692e-06   6.7693e-06   6.7693e-06   6.7693e-06   1.0338e-23   1.0338e-23   1.0338e-23  -1.0338e-23  -1.0338e-23  -1.0338e-23
73.66  16.643209   7.1389e-06   7.1389e-06   7.1389e-06   7.1389e-06  -4.5229e-23  -4.5229e-23  -4.5229e-23   4.5229e-23   4.5229e-23   4.5229e-23
75.71  16.643959   7.5078e-06   7.5078e-06   7.5078e-06   7.5078e-06   1.3383e-22   1.3383e-22   1.3383e-22  -1.3383e-22  -1.3383e-22  -1.3383e-22
77.79  16.644758   7.8753e-06   7.8753e-06   7.8753e-06   7.8753e-06  -1.0917e-22  -1.0917e-22  -1.0917e-22   1.0917e-22   1.0917e-22   1.0917e-22
79.9  16.645607   8.2407e-06   8.2407e-06   8.2407e-06   8.2407e-06   1.8734e-22   1.8734e-22   1.8734e-22  -1.8734e-22  -1.8734e-22  -1.8734e-22
82.04  16.646507   8.6034e-06   8.6034e-06   8.6034e-06   8.6034e-06   1.8524e-22   1.8524e-22   1.8524e-22  -1.8524e-22  -1.8524e-22  -1.8524e-22
84.21  16.647459   8.9628e-06   8.9628e-06   8.9628e-06   8.9628e-06   2.5626e-22   2.5626e-22   2.5626e-22  -2.5626e-22  -2.5626e-22  -2.5626e-22
86.4  16.648459   9.3169e-06   9.3169e-06   9.3169e-06   9.3169e-06  -2.2209e-22  -2.2209e-22  -2.2209e-22   2.2209e-22   2.2209e-22   2.2209e-22
88.62  16.649511   9.6668e-06   9.6668e-06   9.6668e-06   9.6668e-06   1.5902e-22   1.5902e-22   1.5902e-22  -1.5902e-22  -1.5902e-22  -1.5902e-22
90.87  16.650617   1.0012e-05   1.0012e-05   1.0012e-05   1.0012e-05  -1.5088e-22  -1.5088e-22  -1.5088e-22   1.5088e-22   1.5088e-22   1.5088e-22
93.15  16.651777   1.0353e-05   1.0353e-05   1.0353e-05   1.0353e-05   3.3754e-22   3.3754e-22   3.3754e-22  -3.3754e-22  -3.3754e-22  -3.3754e-22
95.46  16.652991   1.0688e-05   1.0688e-05   1.0688e-05   1.0688e-05   1.9278e-22   1.9278e-22   1.9278e-22  -1.9278e-22  -1.9278e-22  -1.9278e-22
97.79  16.654255   1.1016e-05   1.1016e-05   1.1016e-05   1.1016e-05  -2.1277e-22  -2.1277e-22  -2.1277e-22   2.1277e-22   2.1277e-22   2.1277e-22
100.15  16.655573   1.1339e-05   1.1339e-05   1.1339e-05   1.1339e-05   3.9071e-22   3.9071e-22   3.9071e-22  -3.9071e-22  -3.9071e-22  -3.9071e-22
102.55  16.656952   1.1657e-05   1.1657e-05   1.1657e-05   1.1657e-05   1.8439e-22   1.8439e-22   1.8439e-22  -1.8439e-22  -1.8439e-22  -1.8439e-22
104.97  16.658381   1.1968e-05   1.1968e-05   1.1968e-05   1.1968e-05   1.8811e-22   1.8811e-22   1.8811e-22  -1.8811e-22  -1.8811e-22  -1.8811e-22
107.41  16.659859   1.2272e-05   1.2272e-05   1.2272e-05   1.2272e-05   2.7050e-23   2.7050e-23   2.7050e-23  -2.7050e-23  -2.7050e-23  -2.7050e-23
109.89  16.661398   1.2571e-05   1.2571e-05   1.2571e-05   1.2571e-05  -3.7089e-22  -3.7089e-22  -3.7089e-22   3.7089e-22   3.7089e-22   3.7089e-22
112.39  16.662988   1.2862e-05   1.2862e-05   1.2862e-05   1.2862e-05   4.2004e-22   4.2004e-22   4.2004e-22  -4.2004e-22  -4.2004e-22  -4.2004e-22
114.93  16.664639   1.3148e-05   1.3148e-05   1.3148e-05   1.3148e-05   1.0139e-22   1.0139e-22   1.0139e-22  -1.0139e-22  -1.0139e-22  -1.0139e-22
117.49  16.666340   1.3427e-05   1.3427e-05   1.3427e-05   1.3427e-05   1.5527e-22   1.5527e-22   1.5527e-22  -1.5527e-22  -1.5527e-22  -1.5527e-22
120.07  16.668090   1.3698e-05   1.3698e-05   1.3698e-05   1.3698e-05   3.1743e-22   3.1743e-22   3.1743e-22  -3.1743e-22  -3.1743e-22  -3.1743e-22
122.69  16.669902   1.3965e-05   1.3965e-05   1.3965e-05   1.3965e-05   2.2220e-22   2.2220e-22   2.2220e-22  -2.2220e-22  -2.2220e-22  -2.2220e-22
125.34  16.671770   1.4225e-05   1.4225e-05   1.4225e-05   1.4225e-05  -2.2206e-22  -2.2206e-22  -2.2206e-22   2.2206e-22   2.2206e-22   2.2206e-22
128.01  16.673687   1.4478e-05   1.4478e-05   1.4478e-05   1.4478e-05   1.8962e-22   1.8962e-22   1.8962e-22  -1.8962e-22  -1.8962e-22  -1.8962e-22
130.71  16.675659   1.4725e-05   1.4725e-05   1.4725e-05   1.4725e-05  -2.2241e-23  -2.2241e-23  -2.2241e-23   2.2241e-23   2.2241e-23   2.2241e-23
133.44  16.677687   1.4967e-05   1.4967e-05   1.4967e-05   1.4967e-05   1.2760e-22   1.2760e-22   1.2760e-22  -1.2760e-22  -1.2760e-22  -1.2760e-22
136.2  16.679770   1.5202e-05   1.5202e-05   1.5202e-05   1.5202e-05  -3.3245e-22  -3.3245e-22  -3.3245e-22   3.3245e-22   3.3245e-22   3.3245e-22
138.98  16.681901   1.5431e-05   1.5431e-05   1.5431e-05   1.5431e-05   3.4101e-22   3.4101e-22   3.4101e-22  -3.4101e-22  -3.4101e-22  -3.4101e-22
141.8  16.684095   1.5656e-05   1.5656e-05   1.5656e-05   1.5656e-05   7.8056e-22   7.8056e-22   7.8056e-22  -7.8056e-22  -7.8056e-22  -7.8056e-22
144.64  16.686336   1.5874e-05   1.5874e-05   1.5874e-05   1.5874e-05   5.7491e-22   5.7491e-22   5.7491e-22  -5.7491e-22  -5.7491e-22  -5.7491e-22
147.51  16.688632   1.6087e-05   1.6087e-05   1.6087e-05   1.6087e-05   5.1501e-23   5.1501e-23   5.1501e-23  -5.1501e-23  -5.1501e-23  -5.1501e-23
150.41  16.690983   1.6295e-05   1.6295e-05   1.6295e-05   1.6295e-05   7.8935e-22   7.8935e-22   7.8935e-22  -7.8935e-22  -7.8935e-22  -7.8935e-22
153.34  16.693389   1.6497e-05   1.6497e-05   1.6497e-05   1.6497e-05   4.0745e-22   4.0745e-22   4.0745e-22  -4.0745e-22  -4.0745e-22  -4.0745e-22
156.29  16.695841   1.6694e-05   1.6694e-05   1.6694e-05   1.6694e-05  -2.0085e-22  -2.0085e-22  -2.0085e-22   2.0085e-22   2.0085e-22   2.0085e-22
159.28  16.698356   1.6887e-05   1.6887e-05   1.6887e-05   1.6887e-05  -3.6189e-22  -3.6189e-22  -3.6189e-22   3.6189e-22   3.6189e-22   3.6189e-22
162.29  16.700917   1.7075e-05   1.7075e-05   1.7075e-05   1.7075e-05  -1.9218e-22  -1.9218e-22  -1.9218e-22   1.9218e-22   1.9218e-22   1.9218e-22
165.33  16.703532   1.7259e-05   1.7259e-05   1.7259e-05   1.7259e-05  -7.1317e-23  -7.1317e-23  -7.1317e-23   7.1317e-23   7.1317e-23   7.1317e-23
168.4  16.706201   1.7438e-05   1.7438e-05   1.7438e-05   1.7438e-05  -2.1543e-22  -2.1543e-22  -2.1543e-22   2.1543e-22   2.1543e-22   2.1543e-22
171.49  16.708915   1.7612e-05   1.7612e-05   1.7612e-05   1.7612e-05   4.0633e-23   4.0633e-23   4.0633e-23  -4.0633e-23  -4.0633e-23  -4.0633e-23
174.62  16.711692   1.7783e-05   1.7783e-05   1.7783e-05   1.7783e-05   4.4410e-22   4.4410e-22   4.4410e-22  -4.4410e-22  -4.4410e-22  -4.4410e-22
177.77  16.714514   1.7949e-05   1.7949e-05   1.7949e-05   1.7949e-05   2.1626e-22   2.1626e-22   2.1626e-22  -2.1626e-22  -2.1626e-22  -2.1626e-22
180.95  16.717389   1.8112e-05   1.8112e-05   1.8112e-05   1.8112e-05  -6.6527e-22  -6.6527e-22  -6.6527e-22   6.6527e-22   6.6527e-22   6.6527e-22
184.16  16.720318   1.8271e-05   1.8271e-05   1.8271e-05   1.8271e-05  -5.9242e-22  -5.9242e-22  -5.9242e-22   5.9242e-22   5.9242e-22   5.9242e-22
187.4  16.723300   1.8426e-05   1.8426e-05   1.8426e-05   1.8426e-05  -6.1588e-23  -6.1588e-23  -6.1588e-23   6.1588e-23   6.1588e-23   6.1588e-23
190.66  16.726327   1.8578e-05   1.8578e-05   1.8578e-05   1.8578e-05   1.2314e-22   1.2314e-22   1.2314e-22  -1.2314e-22  -1.2314e-22  -1.2314e-22
193.96  16.729416   1.8727e-05   1.8727e-05   1.8727e-05   1.8727e-05   3.1540e-22   3.1540e-22   3.1540e-22  -3.1540e-22  -3.1540e-22  -3.1540e-22
197.28  16.732549   1.8872e-05   1.8872e-05   1.8872e-05   1.8872e-05  -7.0899e-22  -7.0899e-22  -7.0899e-22   7.0899e-22   7.0899e-22   7.0899e-22
200.63  16.735735   1.9014e-05   1.9014e-05   1.9014e-05   1.9014e-05  -5.2862e-22  -5.2862e-22  -5.2862e-22   5.2862e-22   5.2862e-22   5.2862e-22
204.01  16.738973   1.9154e-05   1.9154e-05   1.9154e-05   1.9154e-05   3.2260e-22   3.2260e-22   3.2260e-22  -3.2260e-22  -3.2260e-22  -3.2260e-22
207.41  16.742256   1.9290e-05   1.9290e-05   1.9290e-05   1.9290e-05  -8.6709e-23  -8.6709e-23  -8.6709e-23   8.6709e-23   8.6709e-23   8.6709e-23
210.85  16.745601   1.9424e-05   1.9424e-05   1.9424e-05   1.9424e-05   7.6419e-22   7.6419e-22   7.6419e-22  -7.6419e-22  -7.6419e-22  -7.6419e-22
214.31  16.748989   1.9556e-05   1.9556e-05   1.9556e-05   1.9556e-05   1.9910e-23   1.9910e-23   1.9910e-23  -1.9910e-23  -1.9910e-23  -1.9910e-23
217.8  16.752430   1.9685e-05   1.9684e-05   1.9684e-05   1.9684e-05  -1.9614e-22  -1.9614e-22  -1.9614e-22   1.9614e-22   1.9614e-22   1.9614e-22
221.32  16.755924   1.9811e-05   1.9811e-05   1.9811e-05   1.9811e-05   2.8997e-22   2.8997e-22   2.8997e-22  -2.8997e-22  -2.8997e-22  -2.8997e-22
224.87  16.759471   1.9935e-05   1.9935e-05   1.9935e-05   1.9935e-05   2.9784e-22   2.9784e-22   2.9784e-22  -2.9784e-22  -2.9784e-22  -2.9784e-22
228.45  16.763070   2.0058e-05   2.0058e-05   2.0058e-05   2.0058e-05  -3.2800e-22  -3.2800e-22  -3.2800e-22   3.2800e-22   3.2800e-22   3.2800e-22
232.05  16.766713   2.0178e-05   2.0178e-05   2.0178e-05   2.0178e-05  -1.2494e-22  -1.2494e-22  -1.2494e-22   1.2494e-22   1.2494e-22   1.2494e-22
235.68  16.770408   2.0296e-05   2.0296e-05   2.0296e-05   2.0296e-05  -6.6680e-22  -6.6680e-22  -6.6680e-22   6.6680e-22   6.6680e-22   6.6680e-22
239.34  16.774157   2.0412e-05   2.0412e-05   2.0412e-05   2.0412e-05  -3.7925e-22  -3.7925e-22  -3.7925e-22   3.7925e-22   3.7925e-22   3.7925e-22
243.03  16.777958   2.0526e-05   2.0526e-05   2.0526e-05   2.0526e-05   3.4938e-22   3.4938e-22   3.4938e-22  -3.4938e-22  -3.4938e-22  -3.4938e-22
246.75  16.781813   2.0639e-05   2.0639e-05   2.0639e-05   2.0639e-05  -6.7545e-22  -6.7545e-22  -6.7545e-22   6.7545e-22   6.7545e-22   6.7545e-22
250.49  16.785710   2.0750e-05   2.0750e-05   2.0750e-05   2.0750e-05   4.2936e-22   4.2936e-22   4.2936e-22  -4.2936e-22  -4.2936e-22  -4.2936e-22
254.27  16.789671   2.0860e-05   2.0860e-05   2.0860e-05   2.0860e-05  -1.4668e-22  -1.4668e-22  -1.4668e-22   1.4668e-22   1.4668e-22   1.4668e-22
258.07  16.793674   2.0969e-05   2.0969e-05   2.0969e-05   2.0969e-05  -2.2878e-22  -2.2878e-22  -2.2878e-22   2.2878e-22   2.2878e-22   2.2878e-22
261.9  16.797731   2.1076e-05   2.1076e-05   2.1076e-05   2.1076e-05  -1.7552e-22  -1.7552e-22  -1.7552e-22   1.7552e-22   1.7552e-22   1.7552e-22
265.75  16.801831   2.1181e-05   2.1181e-05   2.1181e-05   2.1181e-05  -5.4391e-22  -5.4391e-22  -5.4391e-22   5.4391e-22   5.4391e-22   5.4391e-22
269.64  16.805995   2.1286e-05   2.1286e-05   2.1286e-05   2.1286e-05   2.0374e-24   2.0374e-24   2.0374e-24  -2.0374e-24  -2.0374e-24  -2.0374e-24
273.56  16.810212   2.1389e-05   2.1389e-05   2.1389e-05   2.1389e-05  -4.0588e-22  -4.0588e-22  -4.0588e-22   4.0588e-22   4.0588e-22   4.0588e-22
277.5  16.814473   2.1491e-05   2.1491e-05   2.1491e-05   2.1491e-05  -9.4270e-23  -9.4270e-23  -9.4270e-23   9.4270e-23   9.4270e-23   9.4270e-23
281.47  16.818788   2.1593e-05   2.1593e-05   2.1593e-05   2.1593e-05  -9.1323e-24  -9.1323e-24  -9.1323e-24   9.1323e-24   9.1323e-24   9.1323e-24
285.47  16.823156   2.1693e-05   2.1693e-05   2.1693e-05   2.1693e-05  -5.1748e-22  -5.1748e-22  -5.1748e-22   5.1748e-22   5.1748e-22   5.1748e-22
289.49  16.827568   2.1793e-05   2.1793e-05   2.1793e-05   2.1793e-05   8.0316e-23   8.0316e-23   8.0316e-23  -8.0316e-23  -8.0316e-23  -8.0316e-23
293.55  16.832046   2.1892e-05   2.1892e-05   2.1892e-05   2.1892e-05  -7.8624e-22  -7.8624e-22  -7.8624e-22   7.8624e-22   7.8624e-22   7.8624e-22
297.63  16.836567   2.1990e-05   2.1990e-05   2.1990e-05   2.1990e-05  -4.6329e-22  -4.6329e-22  -4.6329e-22   4.6329e-22   4.6329e-22   4.6329e-22
301.74  16.841142   2.2087e-05   2.2087e-05   2.2087e-05   2.2087e-05  -2.0373e-22  -2.0373e-22  -2.0373e-22   2.0373e-22   2.0373e-22   2.0373e-22
305.88  16.845773   2.2184e-05   2.2184e-05   2.2184e-05   2.2184e-05   7.3585e-22   7.3585e-22   7.3585e-22  -7.3585e-22  -7.3585e-22  -7.3585e-22
310.05  16.850459   2.2280e-05   2.2280e-05   2.2280e-05   2.2280e-05   9.8668e-23   9.8668e-23   9.8668e-23  -9.8668e-23  -9.8668e-23  -9.8668e-23
314.25  16.855200   2.2376e-05   2.2376e-05   2.2376e-05   2.2376e-05   1.7171e-22   1.7171e-22   1.7171e-22  -1.7171e-22  -1.7171e-22  -1.7171e-22
318.47  16.859986   2.2471e-05   2.2471e-05   2.2471e-05   2.2471e-05   6.1619e-22   6.1619e-22   6.1619e-22  -6.1619e-22  -6.1619e-22  -6.1619e-22
322.73  16.864839   2.2566e-05   2.2566e-05   2.2566e-05   2.2566e-05  -4.4222e-22  -4.4222e-22  -4.4222e-22   4.4222e-22   4.4222e-22   4.4222e-22
327.01  16.869736   2.2661e-05   2.2661e-05   2.2661e-05   2.2661e-05  -2.5720e-22  -2.5720e-22  -2.5720e-22   2.5720e-22   2.5720e-22   2.5720e-22
331.32  16.874690   2.2755e-05   2.2755e-05   2.2755e-05   2.2755e-05   2.7552e-22   2.7552e-22   2.7552e-22  -2.7552e-22  -2.7552e-22  -2.7552e-22
335.65  16.879689   2.2849e-05   2.2849e-05   2.2849e-05   2.2849e-05  -6.1266e-22  -6.1266e-22  -6.1266e-22   6.1266e-22   6.1266e-22   6.1266e-22
340.02  16.884757   2.2943e-05   2.2943e-05   2.2943e-05   2.2943e-05  -1.2212e-22  -1.2212e-22  -1.2212e-22   1.2212e-22   1.2212e-22   1.2212e-22
344.41  16.889870   2.3037e-05   2.3037e-05   2.3037e-05   2.3037e-05  -5.5142e-22  -5.5142e-22  -5.5142e-22   5.5142e-22   5.5142e-22   5.5142e-22
348.83  16.895041   2.3131e-05   2.3131e-05   2.3131e-05   2.3131e-05   8.0822e-22   8.0822e-22   8.0822e-22  -8.0822e-22  -8.0822e-22  -8.0822e-22
353.28  16.900269   2.3224e-05   2.3224e-05   2.3224e-05   2.3224e-05   6.4018e-22   6.4018e-22   6.4018e-22  -6.4018e-22  -6.4018e-22  -6.4018e-22
357.76  16.905556   2.3318e-05   2.3318e-05   2.3318e-05   2.3318e-05  -2.8697e-22   6.5575e-22  -2.8697e-22  -6.5575e-22   6.6264e-22   6.6264e-22
362.27  16.910901   2.3412e-05   2.3412e-05   2.3412e-05   2.3412e-05   5.3208e-23   5.3208e-23   5.3208e-23  -5.3208e-23  -5.3208e-23  -5.3208e-23
366.8  16.916293   2.3506e-05   2.3506e-05   2.3506e-05   2.3506e-05   3.9174e-22   3.9174e-22   3.9174e-22  -3.9174e-22  -3.9174e-22  -3.9174e-22
371.37  16.921757   2.3600e-05   2.3600e-05   2.3600e-05   2.3600e-05  -4.9623e-22  -4.9623e-22  -4.9623e-22   4.9623e-22   4.9623e-22   4.9623e-22
375.96  16.927268   2.3694e-05   2.3694e-05   2.3694e-05   2.3694e-05   6.6480e-23   6.6480e-23   6.6480e-23  -6.6480e-23  -6.6480e-23  -6.6480e-23
380.58  16.932838   2.3789e-05   2.3789e-05   2.3789e-05   2.3789e-05  -5.5235e-22  -5.5235e-22  -5.5235e-22   5.5235e-22   5.5235e-22   5.5235e-22
385.22  16.938458   2.3883e-05   2.3883e-05   2.3883e-05   2.3883e-05   1.9724e-22   1.9724e-22   1.9724e-22  -1.9724e-22  -1.9724e-22  -1.9724e-22
389.9  16.944150   2.3978e-05   2.3978e-05   2.3978e-05   2.3978e-05   2.4345e-22   2.4345e-22   2.4345e-22  -2.4345e-22  -2.4345e-22  -2.4345e-22
394.6  16.949891   2.4074e-05   2.4074e-05   2.4074e-05   2.4074e-05  -5.6429e-22  -5.6429e-22  -5.6429e-22   5.6429e-22   5.6429e-22   5.6429e-22
399.34  16.955706   2.4169e-05   2.4169e-05   2.4169e-05   2.4169e-05  -4.2071e-22  -4.2071e-22  -4.2071e-22   4.2071e-22   4.2071e-22   4.2071e-22
404.1  16.961570   2.4266e-05   2.4266e-05   2.4266e-05   2.4266e-05   1.8217e-23   1.8217e-23   1.8217e-23  -1.8217e-23  -1.8217e-23  -1.8217e-23
408.88  16.967485   2.4362e-05   2.4362e-05   2.4362e-05   2.4362e-05   5.1636e-22   5.1636e-22   5.1636e-22  -5.1636e-22  -5.1636e-22  -5.1636e-22
413.7  16.973476   2.4459e-05   2.4459e-05   2.4459e-05   2.4459e-05  -1.9812e-22  -1.9812e-22  -1.9812e-22   1.9812e-22   1.9812e-22   1.9812e-22
418.55  16.979529   2.4557e-05   2.4557e-05   2.4557e-05   2.4557e-05   6.1425e-22   6.1425e-22   6.1425e-22  -6.1425e-22  -6.1425e-22  -6.1425e-22
423.42  16.985634   2.4655e-05   2.4655e-05   2.4655e-05   2.4655e-05   4.8918e-22   4.8918e-22   4.8918e-22  -4.8918e-22  -4.8918e-22  -4.8918e-22
428.32  16.991804   2.4754e-05   2.4754e-05   2.4754e-05   2.4754e-05   7.3010e-22   7.3010e-22   7.3010e-22  -7.3010e-22  -7.3010e-22  -7.3010e-22
433.25  16.998039   2.4854e-05   2.4854e-05   2.4854e-05   2.4854e-05   4.8994e-22   4.8994e-22   4.8994e-22  -4.8994e-22  -4.8994e-22  -4.8994e-22
438.21  17.004339   2.4954e-05   2.4954e-05   2.4954e-05   2.4954e-05   3.2606e-22   3.2606e-22   3.2606e-22  -3.2606e-22  -3.2606e-22  -3.2606e-22
443.19  17.010692   2.5055e-05   2.5055e-05   2.5055e-05   2.5055e-05   1.6689e-22   1.6689e-22   1.6689e-22  -1.6689e-22  -1.6689e-22  -1.6689e-22
448.21  17.017125   2.5157e-05   2.5157e-05   2.5157e-05   2.5157e-05  -7.0762e-22  -7.0762e-22  -7.0762e-22   7.0762e-22   7.0762e-22   7.0762e-22
453.25  17.023613   2.5260e-05   2.5260e-05   2.5260e-05   2.5260e-05  -6.3329e-22  -6.3329e-22  -6.3329e-22   6.3329e-22   6.3329e-22   6.3329e-22
458.32  17.030168   2.5363e-05   2.5363e-05   2.5363e-05   2.5363e-05  -8.3011e-22  -8.3011e-22  -8.3011e-22   8.3011e-22   8.3011e-22   8.3011e-22
463.42  17.036791   2.5468e-05   2.5468e-05   2.5468e-05   2.5468e-05  -3.7542e-22  -3.7542e-22  -3.7542e-22   3.7542e-22   3.7542e-22   3.7542e-22
468.55  17.043484   2.5573e-05   2.5573e-05   2.5573e-05   2.5573e-05  -7.6338e-22  -7.6338e-22  -7.6338e-22   7.6338e-22   7.6338e-22   7.6338e-22
473.7  17.050233   2.5679e-05   2.5679e-05   2.5679e-05   2.5679e-05  -6.4067e-22  -6.4067e-22  -6.4067e-22   6.4067e-22   6.4067e-22   6.4067e-22
478.89  17.057066   2.5787e-05   2.5787e-05   2.5787e-05   2.5787e-05   2.0520e-22   2.0520e-22   2.0520e-22  -2.0520e-22  -2.0520e-22  -2.0520e-22
484.1  17.063957   2.5895e-05   2.5895e-05   2.5895e-05   2.5895e-05   5.8773e-22   5.8773e-22   5.8773e-22  -5.8773e-22  -5.8773e-22  -5.8773e-22
489.34  17.070919   2.6005e-05   2.6005e-05   2.6005e-05   2.6005e-05  -2.2750e-22  -2.2750e-22  -2.2750e-22   2.2750e-22   2.2750e-22   2.2750e-22
494.61  17.077954   2.6116e-05   2.6116e-05   2.6116e-05   2.6116e-05   1.5628e-22   1.5628e-22   1.5628e-22  -1.5628e-22  -1.5628e-22  -1.5628e-22
499.9  17.085049   2.6228e-05   2.6228e-05   2.6228e-05   2.6228e-05   5.8013e-22   5.8013e-22   5.8013e-22  -5.8013e-22  -5.8013e-22  -5.8013e-22
505.23  17.092231   2.6341e-05   2.6341e-05   2.6341e-05   2.6341e-05   1.3251e-22   1.3251e-22   1.3251e-22  -1.3251e-22  -1.3251e-22  -1.3251e-22
510.58  17.099474   2.6455e-05   2.6455e-05   2.6455e-05   2.6455e-05   1.2519e-22  -2.6000e-22   1.2519e-22   2.6000e-22   1.7615e-21   1.7615e-21
515.96  17.106793   2.6571e-05   2.6571e-05   2.6571e-05   2.6571e-05  -4.1031e-22  -4.1031e-22  -4.1031e-22   4.1031e-22   4.1031e-22   4.1031e-22
521.37  17.114188   2.6688e-05   2.6688e-05   2.6688e-05   2.6688e-05   3.9809e-22   3.9809e-22   3.9809e-22  -3.9809e-22  -3.9809e-22  -3.9809e-22
526.81  17.121661   2.6807e-05   2.6807e-05   2.6807e-05   2.6807e-05  -6.0427e-23  -6.0427e-23  -6.0427e-23   6.0427e-23   6.0427e-23   6.0427e-23
532.27  17.129197   2.6927e-05   2.6927e-05   2.6927e-05   2.6927e-05   6.0193e-22   6.0193e-22   6.0193e-22  -6.0193e-22  -6.0193e-22  -6.0193e-22
537.76  17.136813   2.7048e-05   2.7048e-05   2.7048e-05   2.7048e-05  -3.2351e-22  -3.2351e-22  -3.2351e-22   3.2351e-22   3.2351e-22   3.2351e-22
543.29  17.144522   2.7172e-05   2.7172e-05   2.7172e-05   2.7172e-05  -1.5255e-23  -1.5255e-23  -1.5255e-23   1.5255e-23   1.5255e-23   1.5255e-23
548.84  17.152298   2.7296e-05   2.7296e-05   2.7296e-05   2.7296e-05  -3.4697e-22  -3.4697e-22  -3.4697e-22   3.4697e-22   3.4697e-22   3.4697e-22
554.41  17.160141   2.7423e-05   2.7423e-05   2.7423e-05   2.7423e-05   3.3322e-24   3.3322e-24   3.3322e-24  -3.3322e-24  -3.3322e-24  -3.3322e-24
560.02  17.168081   2.7551e-05   2.7551e-05   2.7551e-05   2.7551e-05   6.7318e-22   6.7318e-22   6.7318e-22  -6.7318e-22  -6.7318e-22  -6.7318e-22
565.66  17.176105   2.7681e-05   2.7681e-05   2.7681e-05   2.7681e-05  -4.6525e-22  -4.6525e-22  -4.6525e-22   4.6525e-22   4.6525e-22   4.6525e-22
571.32  17.184199   2.7813e-05   2.7813e-05   2.7813e-05   2.7813e-05   8.3077e-22   8.3077e-22   8.3077e-22  -8.3077e-22  -8.3077e-22  -8.3077e-22
577.01  17.192379   2.7946e-05   2.7946e-05   2.7946e-05   2.7946e-05   1.1390e-22   1.1390e-22   1.1390e-22  -1.1390e-22  -1.1390e-22  -1.1390e-22
582.73  17.200646   2.8082e-05   2.8082e-05   2.8082e-05   2.8082e-05  -1.8369e-22  -1.8369e-22  -1.8369e-22   1.8369e-22   1.8369e-22   1.8369e-22
588.48  17.209000   2.8219e-05   2.8219e-05   2.8219e-05   2.8219e-05  -1.3649e-23  -1.3649e-23  -1.3649e-23   1.3649e-23   1.3649e-23   1.3649e-23
594.25  17.217429   2.8359e-05   2.8359e-05   2.8359e-05   2.8359e-05   2.9379e-22   2.9379e-22   2.9379e-22  -2.9379e-22  -2.9379e-22  -2.9379e-22
600.06  17.225963   2.8500e-05   2.8500e-05   2.8500e-05   2.8500e-05   2.5522e-22   2.5522e-22   2.5522e-22  -2.5522e-22  -2.5522e-22  -2.5522e-22
605.89  17.234573   2.8644e-05   2.8644e-05   2.8644e-05   2.8644e-05   2.1747e-22   2.1747e-22   2.1747e-22  -2.1747e-22  -2.1747e-22  -2.1747e-22
611.75  17.243276   2.8790e-05   2.8790e-05   2.8790e-05   2.8790e-05  -5.4945e-22  -5.4945e-22  -5.4945e-22   5.4945e-22   5.4945e-22   5.4945e-22
617.64  17.252073   2.8939e-05   2.8939e-05   2.8939e-05   2.8939e-05   3.4996e-22   3.4996e-22   3.4996e-22  -3.4996e-22  -3.4996e-22  -3.4996e-22
623.55  17.260950   2.9089e-05   2.9089e-05   2.9089e-05   2.9089e-05  -4.3293e-22  -4.3293e-22  -4.3293e-22   4.3293e-22   4.3293e-22   4.3293e-22
629.5  17.269939   2.9243e-05   2.9243e-05   2.9243e-05   2.9243e-05   1.1262e-22   1.1262e-22   1.1262e-22  -1.1262e-22  -1.1262e-22  -1.1262e-22
635.47  17.279010   2.9398e-05   2.9398e-05   2.9398e-05   2.9398e-05   5.4582e-22   5.4582e-22   5.4582e-22  -5.4582e-22  -5.4582e-22  -5.4582e-22
641.47  17.288181   2.9557e-05   2.9557e-05   2.9557e-05   2.9557e-05   4.9035e-22   4.9035e-22   4.9035e-22  -4.9035e-22  -4.9035e-22  -4.9035e-22
647.5  17.297452   2.9718e-05   2.9718e-05   2.9718e-05   2.9718e-05  -6.5314e-23  -6.5314e-23  -6.5314e-23   6.5314e-23   6.5314e-23   6.5314e-23
653.56  17.306826   2.9881e-05   2.9881e-05   2.9881e-05   2.9881e-05  -1.2866e-22  -1.2866e-22  -1.2866e-22   1.2866e-22   1.2866e-22   1.2866e-22
659.65  17.316303   3.0048e-05   3.0048e-05   3.0048e-05   3.0048e-05   1.3958e-22   1.3958e-22   1.3958e-22  -1.3958e-22  -1.3958e-22  -1.3958e-22
665.76  17.325870   3.0218e-05   3.0218e-05   3.0218e-05   3.0218e-05   3.7645e-22   3.7645e-22   3.7645e-22  -3.7645e-22  -3.7645e-22  -3.7645e-22
671.9  17.335544   3.0390e-05   3.0390e-05   3.0390e-05   3.0390e-05   5.9679e-22   5.9679e-22   5.9679e-22  -5.9679e-22  -5.9679e-22  -5.9679e-22
678.07  17.345326   3.0566e-05   3.0566e-05   3.0566e-05   3.0566e-05  -1.6374e-21  -1.6374e-21  -1.6374e-21   1.6374e-21   1.6374e-21   1.6374e-21
684.27  17.355219   3.0745e-05   3.0745e-05   3.0745e-05   3.0745e-05  -1.3659e-21  -1.3659e-21  -1.3659e-21   1.3659e-21   1.3659e-21   1.3659e-21
690.5  17.365224   3.0927e-05   3.0927e-05   3.0927e-05   3.0927e-05   1.3167e-21   1.3167e-21   1.3167e-21  -1.3167e-21  -1.3167e-21  -1.3167e-21
696.75  17.375327   3.1112e-05   3.1112e-05   3.1112e-05   3.1112e-05   6.4180e-22   6.4180e-22   6.4180e-22  -6.4180e-22  -6.4180e-22  -6.4180e-22
703.04  17.385561   3.1301e-05   3.1301e-05   3.1301e-05   3.1301e-05  -2.1670e-22  -2.1670e-22  -2.1670e-22   2.1670e-22   2.1670e-22   2.1670e-22
709.35  17.395898   3.1494e-05   3.1494e-05   3.1494e-05   3.1494e-05   1.4975e-22   1.4975e-22   1.4975e-22  -1.4975e-22  -1.4975e-22  -1.4975e-22
715.69  17.406354   3.1690e-05   3.1690e-05   3.1690e-05   3.1690e-05  -7.1870e-22  -7.1870e-22  -7.1870e-22   7.1870e-22   7.1870e-22   7.1870e-22
722.06  17.416931   3.1891e-05   3.1891e-05   3.1891e-05   3.1891e-05  -1.5986e-21  -1.5986e-21  -1.5986e-21   1.5986e-21   1.5986e-21   1.5986e-21
728.45  17.427616   3.2095e-05   3.2095e-05   3.2095e-05   3.2095e-05   5.3797e-22   5.3797e-22   5.3797e-22  -5.3797e-22  -5.3797e-22  -5.3797e-22
734.88  17.438444   3.2303e-05   3.2303e-05   3.2303e-05   3.2303e-05  -7.7312e-22  -7.7312e-22  -7.7312e-22   7.7312e-22   7.7312e-22   7.7312e-22
741.33  17.449384   3.2516e-05   3.2516e-05   3.2516e-05   3.2516e-05  -1.6337e-21  -1.6337e-21  -1.6337e-21   1.6337e-21   1.6337e-21   1.6337e-21
747.81  17.460454   3.2732e-05   3.2732e-05   3.2732e-05   3.2732e-05  -7.7977e-22  -7.7977e-22  -7.7977e-22   7.7977e-22   7.7977e-22   7.7977e-22
754.32  17.471657   3.2954e-05   3.2954e-05   3.2954e-05   3.2954e-05   1.8182e-22   1.8182e-22   1.8182e-22  -1.8182e-22  -1.8182e-22  -1.8182e-22
760.86  17.482996   3.3180e-05   3.3180e-05   3.3180e-05   3.3180e-05  -1.4608e-21  -1.4608e-21  -1.4608e-21   1.4608e-21   1.4608e-21   1.4608e-21
767.42  17.494455   3.3411e-05   3.3411e-05   3.3411e-05   3.3411e-05  -5.1556e-22  -8.2282e-23  -5.1556e-22   8.2282e-23   1.9930e-21   1.9930e-21
774.01  17.506055   3.3647e-05   3.3647e-05   3.3647e-05   3.3647e-05   1.1379e-21   1.1379e-21   1.1379e-21  -1.1379e-21  -1.1379e-21  -1.1379e-21
780.64  17.517817   3.3888e-05   3.3888e-05   3.3888e-05   3.3888e-05   1.6003e-21   1.6003e-21   1.6003e-21  -1.6003e-21  -1.6003e-21  -1.6003e-21
787.29  17.529707   3.4134e-05   3.4134e-05   3.4134e-05   3.4134e-05   1.0810e-21   1.0810e-21   1.0810e-21  -1.0810e-21  -1.0810e-21  -1.0810e-21
793.96  17.541728   3.4386e-05   3.4386e-05   3.4386e-05   3.4386e-05   1.2346e-21   1.2346e-21   1.2346e-21  -1.2346e-21  -1.2346e-21  -1.2346e-21
800.67  17.553920   3.4644e-05   3.4644e-05   3.4644e-05   3.4644e-05   5.6246e-22   5.6246e-22   5.6246e-22  -5.6246e-22  -5.6246e-22  -5.6246e-22
807.4  17.566249   3.4907e-05   3.4907e-05   3.4907e-05   3.4907e-05   1.1421e-21   1.1421e-21   1.1421e-21  -1.1421e-21  -1.1421e-21  -1.1421e-21
814.17  17.578755   3.5177e-05   3.5177e-05   3.5177e-05   3.5177e-05   1.0616e-21   1.0616e-21   1.0616e-21  -1.0616e-21  -1.0616e-21  -1.0616e-21
820.96  17.591405   3.5453e-05   3.5453e-05   3.5453e-05   3.5453e-05  -1.5474e-21  -1.5474e-21  -1.5474e-21   1.5474e-21   1.5474e-21   1.5474e-21
827.78  17.604221   3.5736e-05   3.5736e-05   3.5736e-05   3.5736e-05  -9.7347e-22  -9.7347e-22  -9.7347e-22   9.7347e-22   9.7347e-22   9.7347e-22
834.63  17.617206   3.6026e-05   3.6026e-05   3.6026e-05   3.6026e-05  -1.3089e-21  -1.3089e-21  -1.3089e-21   1.3089e-21   1.3089e-21   1.3089e-21
841.5  17.630346   3.6322e-05   3.6322e-05   3.6322e-05   3.6322e-05  -1.5114e-21  -1.5114e-21  -1.5114e-21   1.5114e-21   1.5114e-21   1.5114e-21
848.4  17.643662   3.6626e-05   3.6626e-05   3.6626e-05   3.6626e-05   1.4630e-21   1.4630e-21   1.4630e-21  -1.4630e-21  -1.4630e-21  -1.4630e-21
855.34  17.657178   3.6938e-05   3.6938e-05   3.6938e-05   3.6938e-05   5.1584e-22   5.1584e-22   5.1584e-22  -5.1584e-22  -5.1584e-22  -5.1584e-22
862.3  17.670861   3.7258e-05   3.7258e-05   3.7258e-05   3.7258e-05   1.1782e-21   1.1782e-21   1.1782e-21  -1.1782e-21  -1.1782e-21  -1.1782e-21
869.29  17.684733   3.7586e-05   3.7586e-05   3.7586e-05   3.7586e-05   9.8069e-22   9.8069e-22   9.8069e-22  -9.8069e-22  -9.8069e-22  -9.8069e-22
876.3  17.698780   3.7923e-05   3.7923e-05   3.7923e-05   3.7923e-05   5.7162e-22   5.7162e-22   5.7162e-22  -5.7162e-22  -5.7162e-22  -5.7162e-22
883.35  17.713046   3.8269e-05   3.8269e-05   3.8269e-05   3.8269e-05  -9.7831e-22  -9.7831e-22  -9.7831e-22   9.7831e-22   9.7831e-22   9.7831e-22
890.42  17.727496   3.8624e-05   3.8624e-05   3.8624e-05   3.8624e-05  -6.1739e-22  -6.1739e-22  -6.1739e-22   6.1739e-22   6.1739e-22   6.1739e-22
897.52  17.742155   3.8989e-05   3.8989e-05   3.8989e-05   3.8989e-05   9.2669e-22   9.2669e-22   9.2669e-22  -9.2669e-22  -9.2669e-22  -9.2669e-22
904.65  17.757028   3.9364e-05   3.9364e-05   3.9364e-05   3.9364e-05  -7.5520e-22  -7.5520e-22  -7.5520e-22   7.5520e-22   7.5520e-22   7.5520e-22
911.81  17.772122   3.9750e-05   3.9750e-05   3.9750e-05   3.9750e-05  -9.2861e-22  -9.2861e-22  -9.2861e-22   9.2861e-22   9.2861e-22   9.2861e-22
918.99  17.787421   4.0147e-05   4.0147e-05   4.0147e-05   4.0147e-05  -2.8754e-22  -2.8754e-22  -2.8754e-22   2.8754e-22   2.8754e-22   2.8754e-22
926.21  17.802974   4.0556e-05   4.0556e-05   4.0556e-05   4.0556e-05   1.5142e-21   1.5142e-21   1.5142e-21  -1.5142e-21  -1.5142e-21  -1.5142e-21
933.45  17.818745   4.0977e-05   4.0977e-05   4.0977e-05   4.0977e-05   1.3686e-21   1.3686e-21   1.3686e-21  -1.3686e-21  -1.3686e-21  -1.3686e-21
