#Found quasiharmonic mode : None
#T(K), volume, F(eV), S(J/K), H(J/K), a(-6/K), Cp(J/mol), Cv, Cpion, Bt(GPa), T_ph-D(K), T-D(K), F_el_atom, S_el_atom, C_el_atom, M_el, Seebeck_coefficients(μV/K), Lorenz_number(WΩK^{−2}), Q_el, Q_p, Q_e, C_mu, W_p, W_e, Y_p, Y_e
0.0 8.85104171296821 -7.393110771666454 0.0 -713326.7482041874 0.0 0.0 0.0 0.0 224.57305724222795 400.0 400.0 0.0 0.0 0.0 0.0 0.0 2.443004551768e-08 0.0 0.0 0.0 0.0 0.0 0.0 0.0 0.0
0.28 8.85104168589594 -7.39311077074517 1.3797743231453184e-08 -713326.7481152931 -7.701545463209035e-09 4.156658460993644e-08 4.138766447116471e-08 4.156629445387561e-08 224.57304627188995 1010.2225198229073 400.0 -4.3086888436392307e-14 1.951793085223218e-12 2.901560608288519e-13 -0.784211074655343 1212.275134194737 1.4850475081156968e-08 1.745029977707659e-14 1.8974315185392265e-14 -1.5240154083156734e-15 2.245041275307157e-11 1.8974315185392268e-14 -1.5240154083156734e-15 1.8974690395957537e-14 -1.5270885691993695e-15
0.8 8.851041641310001 -7.393110769322277 3.2176993216891406e-07 -713326.7479777513 9.05183680328747e-09 9.660096206806832e-07 9.653034514206353e-07 9.660093372405565e-07 224.5730280988417 1010.2225278610978 400.0 -4.327486395087601e-14 2.2095087444458227e-12 2.83440126610657e-13 -0.7835105688748935 1439.3788523253245 1.4851527543070035e-08 1.7045188216390796e-14 1.8593796663712267e-14 -1.5486084473214713e-15 3.0102410215058494e-11 1.8593796663712267e-14 -1.5486084473214711e-15 1.8593842105322948e-14 -1.5489968650977043e-15
1.56 8.85104201956974 -7.393110779975382 2.3858703190913854e-06 -713326.749002155 8.76675884493423e-09 7.158895720407315e-06 7.157604059869097e-06 7.158895437731246e-06 224.57316435917335 1010.222459666425 400.0 -4.3288635562626645e-14 2.3933603762754257e-12 2.8267606993559106e-13 -0.7823557509605771 1582.908459353434 1.4851638751141572e-08 1.6999112987564408e-14 1.856348410818746e-14 -1.56437112062305e-15 3.5805932781167e-11 1.856348410818746e-14 -1.56437112062305e-15 1.856349576361167e-14 -1.5644754072572347e-15
2.56 8.851041705044603 -7.393110771250713 1.0543687651214108e-05 -713326.7481370826 -1.4060392504056754e-08 3.16365078798831e-05 3.163105557298052e-05 3.163650759461613e-05 224.57305167955647 1010.2225163706843 400.0 -4.3288801036190154e-14 2.5553095897351318e-12 2.852669692319769e-13 -0.7807220350414148 1686.57425416647 1.485165816719225e-08 1.715489784144957e-14 1.872500423504983e-14 -1.570106393600261e-15 4.07357316944443e-11 1.872500423504983e-14 -1.570106393600261e-15 1.8725008579283016e-14 -1.570145403128979e-15
3.8 8.851041665208662 -7.393110770494616 3.4511239259359485e-05 -713326.7479599793 4.426302939254636e-09 0.00010357462543814166 0.00010357382336998228 0.00010357462515115854 224.57303813407756 1009.830693400142 400.0 -4.289894727277646e-14 2.679283523818537e-12 2.8698312688193913e-13 -0.7785671380471229 1773.307553798831 1.4851655374640287e-08 1.725810444453279e-14 1.8750299373581296e-14 -1.492194929048507e-15 4.477141286576726e-11 1.8750299373581296e-14 -1.492194929048507e-15 1.875030146029505e-14 -1.492210901416024e-15
5.29 8.851041709459475 -7.393110772552109 9.32555137436867e-05 -713326.7477963183 -3.600867300798885e-09 0.00027930304139183815 0.00027930230244134236 0.00027930304110348797 224.57305119209855 1009.9792998661881 400.0 -4.3114817283923336e-14 2.7885301017296073e-12 2.8835019780793583e-13 -0.7758854915009555 1841.1910750075992 1.4855090690553687e-08 1.7336304999982993e-14 1.8876316250291446e-14 -1.5400112503084507e-15 4.845396733675509e-11 1.8876316250291446e-14 -1.5400112503084507e-15 1.8876317287522326e-14 -1.5400200401840171e-15
7.01 8.851041456007316 -7.393110767642327 0.00021635489527775109 -713326.7462992702 -2.3695219570253567e-09 0.000645740136067641 0.0006457397120492169 0.0006457401357830663 224.572952115899 1012.155300623973 400.0 -4.3100980018566284e-14 2.8165583032380135e-12 2.8457460107221676e-13 -0.7726465753013462 1904.2312433092084 1.4955563486769378e-08 1.699436523917549e-14 1.8521922804823916e-14 -1.5275575656484322e-15 5.0590946450376967e-11 1.8521922804823916e-14 -1.5275575656484322e-15 1.8521923389331392e-14 -1.5275624885987875e-15
8.98 8.851041623440159 -7.393110778574862 0.00045290162127474505 -713326.7448036908 4.8253024526518325e-09 0.0013508430631245035 0.0013508408105936283 0.0013508430628240205 224.5729997922968 1013.8100218610027 400.0 -4.3086921306033434e-14 2.893919399665346e-12 3.0048300667233666e-13 -0.7688298982967503 1959.7886321207868 1.5748985434990974e-08 1.704036636124965e-14 1.854454828675569e-14 -1.5041819255060389e-15 5.3429264766924613e-11 1.854454828675569e-14 -1.5041819255060389e-15 1.8544548658199214e-14 -1.5041848317471623e-15
11.19 8.851041789634838 -7.3931107965988305 0.0008734108546531904 -713326.7408363285 1.4498301483729723e-09 0.0026099555697873156 0.002609955316385493 0.002609955569429762 224.57302625706424 1014.3021908556808 400.0 -4.2898881780830735e-14 2.9967962627181368e-12 3.575531878406386e-13 -0.7644657523657173 2010.8683553816873 1.853099832676458e-08 1.7232704082121208e-14 1.872645273261617e-14 -1.4937486504949662e-15 5.684378541673718e-11 1.872645273261617e-14 -1.493748650494966e-15 1.8726452955258543e-14 -1.4937504952321955e-15
13.64 8.85104186976456 -7.393110826779616 0.0015797620354201726 -713326.7319738449 1.6506143276582294e-09 0.004738165934520382 0.004738165534160157 0.004738165934068299 224.57299261711324 1013.5050821932844 400.0 -4.3880019619917363e-14 2.9943523467539674e-12 4.5208324720490464e-13 -0.7594044440141037 2075.2739936088174 2.4154802572519e-08 1.671577490920007e-14 1.8284854733255793e-14 -1.5690798240557279e-15 5.871464598498503e-11 1.8284854733255793e-14 -1.5690798240557273e-15 1.8284854870124612e-14 -1.5690811956795577e-15
16.34 8.8510420673875 -7.393110886363286 0.00271921768216871 -713326.7148387324 3.804625794488335e-09 0.008200354469873628 0.008200351921745883 0.00820035446929158 224.57294374338173 1011.2445442557718 400.0 -4.4048818683522817e-14 3.060498427383153e-12 5.82047419476248e-13 -0.753648400789547 2150.8660957870966 3.140293596800706e-08 1.6553876365534174e-14 1.8143520906632628e-14 -1.5896445410984493e-15 6.219742184399907e-11 1.8143520906632628e-14 -1.5896445410984487e-15 1.8143520992336588e-14 -1.5896455213194577e-15
19.27 8.851042400863065 -7.393110994259677 0.004479652572491659 -713326.6833582633 4.17486258635803e-09 0.013616157567943973 0.013616153949589047 0.013616157567238931 224.57284779107735 1007.1137698931208 400.0 -4.4076586747037705e-14 3.2269971768898462e-12 7.050430846205062e-13 -0.7472582574501327 2232.313886042689 3.7275335481544946e-08 1.68929574899774e-14 1.847421031905954e-14 -1.5812528290821395e-15 6.801373562477532e-11 1.847421031905954e-14 -1.58125282908214e-15 1.8474210367566452e-14 -1.5812535252777368e-15
22.45 8.851042844461961 -7.3931111779603045 0.007144440781170364 -713326.6270128888 8.175340325354917e-09 0.02197292803670886 0.02197291187182189 0.021972928035938522 224.5726122653014 1000.3119210319901 400.0 -4.404841474767521e-14 3.4149696533930045e-12 7.703412701271642e-13 -0.7401743757177465 2313.0362362691353 3.976811648437353e-08 1.7300543066608376e-14 1.8881327555460937e-14 -1.580784488852557e-15 7.457219401890774e-11 1.8881327555460937e-14 -1.580784488852557e-15 1.8881327585733e-14 -1.5807849995570318e-15
25.87 8.851043947064635 -7.393111499224131 0.011088610287716582 -713326.5315404831 1.4949516236314886e-08 0.03469194782943382 0.03469188554279526 0.03469194782870912 224.57234701792288 989.9245592380213 400.0 -4.387386027907533e-14 3.489403750797627e-12 7.247033480028358e-13 -0.7320201155817276 2399.531397354299 3.777304420704944e-08 1.7135227451777322e-14 1.869813919018139e-14 -1.562911738404071e-15 7.869892409161015e-11 1.869813919018139e-14 -1.562911738404071e-15 1.8698139204275824e-14 -1.5629121125510732e-15
29.53 8.851045588957799 -7.393112020451406 0.016850991032589815 -713326.3710838531 1.9019563062512217e-08 0.05392997757689138 0.05392986249479424 0.05392997757624841 224.5718205246787 975.4431887226328 400.0 -4.371172207287948e-14 3.559597522141634e-12 6.429728751398407e-13 -0.7231359189001083 2469.7649695837144 3.3727005546816214e-08 1.7026542260540245e-14 1.8574096850016335e-14 -1.547554589476088e-15 8.246719117317299e-11 1.8574096850016335e-14 -1.547554589476088e-15 1.8574096857302485e-14 -1.547554868886233e-15
33.43 8.851048067639741 -7.393112850223145 0.025192522123365983 -713326.1065684054 3.131104236033684e-08 0.08276942033860098 0.08276906725874385 0.08276942033804942 224.57086044923415 957.3307153624089 400.0 -4.395381565493571e-14 3.645381634350274e-12 5.515712656266266e-13 -0.7133641920679735 2528.607413260413 2.8789483384460865e-08 1.7111156146461193e-14 1.8585510682861524e-14 -1.4743545364003338e-15 8.612218419194149e-11 1.8585510682861524e-14 -1.4743545364003338e-15 1.8585510686805434e-14 -1.4743547317245536e-15
37.58 8.851052565857625 -7.393114174330651 0.03719134419117448 -713325.6788606578 4.93728609248417e-08 0.125406572336975 0.125405585438729 0.12540657233650418 224.56945395292402 936.9852411748707 400.0 -4.4482340649877446e-14 3.740186814324125e-12 4.708191052074295e-13 -0.7028804471383917 2572.037171999754 2.4386974190027163e-08 1.724279845085976e-14 1.88344514236776e-14 -1.5916529728178405e-15 8.991780441930396e-11 1.88344514236776e-14 -1.5916529728178405e-15 1.883445142589902e-14 -1.5916531510627287e-15
41.96 8.851059388069451 -7.3931162128699155 0.054162599012410516 -713325.0005378558 6.921451421458549e-08 0.18659749473970305 0.18659532920768115 0.1865974947393032 224.56709124041825 916.3956656445282 400.0 -4.394292278730983e-14 3.798980269038037e-12 3.9984998910705133e-13 -0.6914754313104963 2610.1075091652424 2.060961589536465e-08 1.7327614746878133e-14 1.8833700645284216e-14 -1.5060858984060848e-15 9.238130519747591e-11 1.8833700645284216e-14 -1.5060858984060848e-15 1.8833700646602832e-14 -1.5060860239803741e-15
46.59 8.851069864956246 -7.393119327719683 0.07789711993596365 -713323.9445110068 1.0472703901077712e-07 0.27220468144994103 0.272199176688769 0.27220468144960486 224.56338237278322 897.1697380955325 400.0 -4.450140406564399e-14 3.765521233509278e-12 3.362212144781269e-13 -0.679138036261265 2643.6960520580496 1.7691276509578612e-08 1.6973739588508835e-14 1.8554170126221147e-14 -1.5804305377123127e-15 9.262171238854039e-11 1.8554170126221147e-14 -1.5804305377123127e-15 1.8554170127054575e-14 -1.5804306480486806e-15
51.46 8.85108628888128 -7.393124019638447 0.11039160582986902 -713322.345687129 1.4736386199586838e-07 0.3879626816086874 0.38795064316525624 0.38796268160839853 224.55802431479123 880.5146800271667 400.0 -4.5788372138016835e-14 3.7194264463003705e-12 2.888561708795156e-13 -0.6661077041337851 2670.0579154982984 1.5520565837811734e-08 1.662209240497585e-14 1.813345212643003e-14 -1.5113597214541803e-15 9.233772794444925e-11 1.813345212643003e-14 -1.5113597214541803e-15 1.813345212699542e-14 -1.5113598019335533e-15
56.57 8.851109568010978 -7.3931309142247645 0.15393902831300513 -713319.9833347839 2.006262450873232e-07 0.5396341598799653 0.5396096316768446 0.5396341598796913 224.5499364633901 866.9984865847715 400.0 -4.576245836512944e-14 3.967970742144964e-12 2.739879212028161e-13 -0.653015974256423 2680.1428927729216 1.3872076401492616e-08 1.764012011860969e-14 1.916004180730259e-14 -1.5199216886929e-15 9.908393727143251e-11 1.916004180730259e-14 -1.5199216886929e-15 1.916004180771732e-14 -1.5199217540337138e-15
61.92 8.851143271331896 -7.393140904023357 0.2110243436046963 -713316.5889072948 2.74969784626569e-07 0.7325584040947595 0.7325079745678533 0.732558404094514 224.53870668146865 856.7137614046817 400.0 -4.5759154564141355e-14 3.92767382074272e-12 2.455736718490249e-13 -0.6384061843292137 2701.8865243556256 1.264192336168003e-08 1.7349231557802533e-14 1.8880447228086256e-14 -1.5312156702837255e-15 9.87330128642483e-11 1.8880447228086256e-14 -1.5312156702837257e-15 1.8880447228409133e-14 -1.5312157241791106e-15
67.52 8.851190532746722 -7.393155119510027 0.28438498532307444 -713311.8254463943 3.629130250567196e-07 0.9718025255724448 0.9717067412875556 0.9718025255722204 224.52340265471926 849.4257489919336 400.0 -4.5663654140238034e-14 3.8969851659782775e-12 2.244982014529671e-13 -0.6230335258369231 2721.021785669567 1.1714664234692013e-08 1.7115697943930306e-14 1.8661696297944415e-14 -1.5459983540141122e-15 9.854809256363809e-11 1.8661696297944415e-14 -1.5459983540141122e-15 1.8661696298208074e-14 -1.5459983987239536e-15
73.35 8.851254710167542 -7.393174879463595 0.37637386195720446 -713305.3266435113 4.686149279428827e-07 1.2601327831503069 1.259959301762284 1.2601327831500981 224.5030686142411 844.7633685572657 400.0 -4.603536077116343e-14 3.8533090747766755e-12 2.085820022836756e-13 -0.6069138772316229 2738.704839826904 1.1056625124968626e-08 1.6848678367097098e-14 1.834222341836315e-14 -1.4935450512660548e-15 9.794166338779567e-11 1.834222341836315e-14 -1.4935450512660548e-15 1.8342223418575634e-14 -1.4935450851749968e-15
79.43 8.851340430717803 -7.393201927249879 0.48985248182726626 -713296.6343982972 5.967397129401674e-07 1.600960679932695 1.6006560811662953 1.6009606799324922 224.4766845153154 842.251664613588 400.0 -4.592944823568071e-14 3.958402263429236e-12 2.0265256606905828e-13 -0.5905897820988514 2747.7620047230216 1.0505282420608382e-08 1.7228837222711918e-14 1.8792168534068282e-14 -1.5633313113563616e-15 1.0109131416207126e-10 1.8792168534068282e-14 -1.5633313113563616e-15 1.8792168534254394e-14 -1.563331341915353e-15
85.75 8.851452719002648 -7.393238228314215 0.627066164124461 -713285.2749776037 7.41810164151196e-07 1.994898812436447 1.9943907297343195 1.9948988124362546 224.44335694913244 841.4529562719562 400.0 -4.61316870319139e-14 3.908569039504232e-12 1.925486544476071e-13 -0.5726460206546908 2766.861400364982 1.013820510348356e-08 1.696254480510128e-14 1.8484870193603232e-14 -1.522325388501954e-15 1.0016811890869862e-10 1.8484870193603232e-14 -1.522325388501954e-15 1.8484870193765065e-14 -1.522325412370845e-15
92.31 8.851595889135487 -7.393286065603138 0.7901670380979194 -713270.7211786 9.061577714959298e-07 2.441625634293747 2.4408096204642136 2.441625634293556 224.40169809818545 841.9686725148522 400.0 -4.605891752172283e-14 4.011006169037276e-12 1.9086746868389482e-13 -0.5549840459748483 2773.2628228796 9.82782576830987e-09 1.734546944089226e-14 1.887691360796812e-14 -1.5314441670758594e-15 1.032066919381404e-10 1.887691360796812e-14 -1.5314441670758584e-15 1.8876913608111993e-14 -1.531444187002306e-15
99.11 8.851776318183132 -7.393348097371723 0.9810059073987811 -713252.4191581984 1.093551754546003e-06 2.9394532072214683 2.938177509100844 2.9394532072212822 224.3509502895262 843.4626315534175 400.0 -4.594799800182224e-14 4.023386331279148e-12 1.8606175127339098e-13 -0.5360972127437975 2784.6831168212407 9.586241129021756e-09 1.733486038921456e-14 1.8883417349756516e-14 -1.5485569605419557e-15 1.0394355037786802e-10 1.8883417349756516e-14 -1.548556960541954e-15 1.8883417349884018e-14 -1.548556977434118e-15
106.16 8.852000243790723 -7.393427406970034 1.2014103288652977 -713229.7571461017 1.3019200314641045e-06 3.486204939472094 3.4842686319890475 3.4862049394719103 224.2900287766404 845.6644977707508 400.0 -4.686207041146111e-14 4.084954419049955e-12 1.8352293317388413e-13 -0.5164937614612614 2794.993174927368 9.344872531623799e-09 1.753995815032057e-14 1.917609951975283e-14 -1.6361413694322609e-15 1.059022807933304e-10 1.917609951975283e-14 -1.6361413694322609e-15 1.9176099519872957e-14 -1.6361413851796585e-15
113.44 8.85227313818999 -7.3935270444604955 1.4518696257656936 -713202.212332626 1.5180504420117428e-06 4.076198834322345 4.073386559843851 4.076198834322161 224.21820171568763 848.3496384862923 400.0 -4.508236584245457e-14 4.143646516063013e-12 1.8419595016342234e-13 -0.49630599858645624 2803.6611034719585 9.260525713760181e-09 1.776462434253477e-14 1.9303645781936326e-14 -1.539021439401557e-15 1.0768418066891734e-10 1.9303645781936326e-14 -1.5390214394015575e-15 1.9303645782043292e-14 -1.5390214509610198e-15
120.97 8.852600121865303 -7.393650807977485 1.7337831812744902 -713169.1180355753 1.7622842185456944e-06 4.706112970308516 4.7020727855052 4.706112970308346 224.13381680717757 851.3540531573012 400.0 -4.615038870541332e-14 3.944984893490883e-12 1.710795152365927e-13 -0.47404425118786225 2822.7852250453225 9.079862400910481e-09 1.6827916046628545e-14 1.8381438706640577e-14 -1.5535226600120293e-15 1.0305301068145229e-10 1.8381438706640577e-14 -1.5535226600120293e-15 1.8381438706730977e-14 -1.5535226698298346e-15
128.74 8.852991441155819 -7.3938025454242275 2.0471372067149405 -713129.9457809655 2.022687656983251e-06 5.3694404793593415 5.36377839834761 5.3694404793591675 224.03788769183402 854.5406607314889 400.0 -4.6556288350421946e-14 4.0697603614242165e-12 1.7516393434761712e-13 -0.45245621339453945 2829.1986279481594 9.021366795455853e-09 1.7341391507028628e-14 1.8870187642248472e-14 -1.5287961352198378e-15 1.0649071771500636e-10 1.8870187642248472e-14 -1.5287961352198384e-15 1.887018764233491e-14 -1.5287961431787616e-15
136.75 8.853448821861459 -7.393986231636984 2.391854238416936 -713084.1311830981 2.2819839927084027e-06 6.05994649632959 6.052294629193933 6.059946496329419 223.9283113927134 857.808138104906 400.0 -4.6336698913693766e-14 4.035721888536992e-12 1.7091863780435962e-13 -0.42931430617360716 2841.280189984968 8.905121421506817e-09 1.714198734991636e-14 1.8692656749450274e-14 -1.550669399533908e-15 1.0596013189056046e-10 1.8692656749450274e-14 -1.5506693995339082e-15 1.8692656749528713e-14 -1.5506694064234673e-15
145.01 8.853980049216458 -7.3942064963272855 2.7679688191635203 -713031.0864035329 2.5588557273299483e-06 6.772271295299663 6.762073852753452 6.772271295299486 223.8049888080493 861.083183745488 400.0 -4.6909071658349046e-14 4.195536863645841e-12 1.7652410816872776e-13 -0.40644717251467244 2845.1517038153424 8.858260829857193e-09 1.779783413169296e-14 1.936984429714749e-14 -1.5720101654545318e-15 1.1034139165783395e-10 1.936984429714749e-14 -1.5720101654545318e-15 1.9369844297223724e-14 -1.5720101714390437e-15
153.5 8.854588971622587 -7.3944672878401665 3.173810974636069 -712970.4521331275 2.843092047108653e-06 7.498313591440629 7.484995085112076 7.498313591440453 223.66780855060122 864.3005077542972 400.0 -4.660175849952837e-14 4.244871803310281e-12 1.7725988226999208e-13 -0.38231910322383933 2852.356550229918 8.811840770392538e-09 1.7966166017510264e-14 1.954551391994553e-14 -1.5793479024352681e-15 1.119311960202381e-10 1.954551391994553e-14 -1.5793479024352681e-15 1.9545513920016736e-14 -1.57934790755146e-15
162.24 8.855282868149358 -7.3947738839204815 3.609293104126842 -712901.6424291565 3.1307903315762966e-06 8.233610354719145 8.21655065099873 8.233610354718973 223.5165721061123 867.4256512098019 400.0 -4.6310413439671066e-14 4.168549986533948e-12 1.7293403136855906e-13 -0.3561144204088559 2866.951950570341 8.770787101860317e-09 1.760976211513441e-14 1.9137331805410332e-14 -1.5275696902759192e-15 1.1017809163759737e-10 1.9137331805410332e-14 -1.5275696902759192e-15 1.9137331805475182e-14 -1.5275696943247366e-15
171.22 8.85606412255489 -7.39513071119435 4.072662448075094 -712824.3214760391 3.4200597862297963e-06 8.971486626727659 8.950016058202383 8.971486626727485 223.35078920408395 870.4251629975734 400.0 -4.6137034537613134e-14 4.211483291407461e-12 1.7354439816303618e-13 -0.33013383028140986 2874.336254114431 8.730437027256129e-09 1.7753590910241318e-14 1.9300630491751166e-14 -1.5470395815098483e-15 1.1157792486944263e-10 1.9300630491751166e-14 -1.5470395815098483e-15 1.930063049181255e-14 -1.5470395850566e-15
180.43 8.856936883484375 -7.395542164066933 4.561907460100229 -712738.2369444356 3.7090991469101736e-06 9.705814500860505 9.679221920520757 9.70581450086033 223.17106413459962 873.2757085824104 400.0 -4.6186437229556795e-14 4.252178278021143e-12 1.7499919266894908e-13 -0.3033024606609278 2881.5500959215537 8.733828618886011e-09 1.789546436715132e-14 1.9415714049288537e-14 -1.5202496821372144e-15 1.1288897437842047e-10 1.9415714049288537e-14 -1.5202496821372144e-15 1.9415714049345802e-14 -1.5202496850613908e-15
189.9 8.857906482068357 -7.396014510839336 5.077019546525875 -712642.7904307875 3.998763512444145e-06 10.434164154452366 10.401658429336251 10.434164154452194 222.97642583366465 875.9735304122827 400.0 -4.5908131983347215e-14 4.2293376841363925e-12 1.728088524205727e-13 -0.27495421403232756 2891.5379555133177 8.691546542886149e-09 1.775744666210559e-14 1.9295034397797022e-14 -1.5375877356914305e-15 1.1257230217161288e-10 1.9295034397797022e-14 -1.537587735691431e-15 1.9295034397850444e-14 -1.5375877382566515e-15
199.6 8.858974925983821 -7.396551299417444 5.614664435906923 -712538.0216455028 4.285994264994988e-06 11.149975415398133 11.110756638383524 11.149975415397956 222.7683326130008 878.5023250005368 400.0 -4.6003123956667484e-14 4.331557764156093e-12 1.7704300661660814e-13 -0.24692917966031314 2894.8757883154703 8.707287075840228e-09 1.8159651341106978e-14 1.9694430261476792e-14 -1.5347789203698135e-15 1.1550330660222864e-10 1.9694430261476792e-14 -1.5347789203698131e-15 1.9694430261527635e-14 -1.5347789225664567e-15
209.54 8.860144062295273 -7.397157857639956 6.173590320024343 -712423.6185228011 4.5642044817500425e-06 11.850322385623102 11.80367241664029 11.850322385622924 222.54612585767475 880.862494818771 400.0 -4.698930634239791e-14 4.364560006535651e-12 1.7793071065627123e-13 -0.21735741208274623 2901.132064000682 8.702519596480844e-09 1.8260703137770173e-14 1.9814054715658042e-14 -1.5533515778878683e-15 1.1664672328799266e-10 1.9814054715658042e-14 -1.5533515778878683e-15 1.9814054715706074e-14 -1.553351579831908e-15
219.73 8.861418036041073 -7.397839786574059 6.752553401113855 -712299.2902193213 4.839274775159672e-06 12.532992090730719 12.478049935766254 12.532992090730534 222.31006868727013 883.0564466966447 400.0 -4.6022993873572576e-14 4.484002808063781e-12 1.8457984779687666e-13 -0.1874889691536313 2903.9504924785465 8.792637932892864e-09 1.8748938581984926e-14 2.0236685594734828e-14 -1.487747012749901e-15 1.1997101697129555e-10 2.0236685594734828e-14 -1.4877470127499026e-15 2.023668559478077e-14 -1.4877470142866259e-15
230.16 8.862797139469128 -7.398601338662877 7.349174894754804 -712165.0212905875 5.105376319209425e-06 13.194755187796554 13.130763885184122 13.194755187796373 222.0605248859162 885.0846324772468 400.0 -4.603739185877877e-14 4.445536949143455e-12 1.8231491380041707e-13 -0.15500451029443962 2913.758977505481 8.777794204713445e-09 1.8550191386053808e-14 2.0061371095859526e-14 -1.5111797098057149e-15 1.1920509357362178e-10 2.0061371095859526e-14 -1.5111797098057149e-15 2.0061371095902904e-14 -1.5111797111904793e-15
240.83 8.864282657242045 -7.399447293921014 7.961662959909536 -712020.7223677692 5.363932760027775e-06 13.833797593089868 13.759961043444578 13.833797593089681 221.79775724739167 886.9516945874038 400.0 -4.530302125456409e-14 4.500571094822071e-12 1.8545378502958388e-13 -0.12278181570391788 2917.566484541289 8.834177967484713e-09 1.874913129482842e-14 2.024739246563685e-14 -1.4982611708084252e-15 1.2091365299425177e-10 2.024739246563685e-14 -1.4982611708084252e-15 2.0247392465677913e-14 -1.498261171995672e-15
251.74 8.865875688714356 -7.4003823618184015 8.588274806429297 -711866.337695268 5.614420336058977e-06 14.448765813142796 14.36429743068517 14.448765813142609 221.52209626756868 888.6634551610516 400.0 -4.518108214907911e-14 4.516450198844866e-12 1.8719948414062898e-13 -0.08850987000783267 2925.0893813305224 8.895674239090184e-09 1.8794785338781366e-14 2.0267936553529865e-14 -1.4731512147484942e-15 1.215088235292842e-10 2.0267936553529865e-14 -1.4731512147484939e-15 2.026793655356909e-14 -1.473151215750206e-15
262.89 8.867576909563786 -7.401411161744136 9.227332479233722 -711701.8406620922 5.854280007109389e-06 15.038684954075835 14.942883754312334 15.038684954075647 221.2338232088845 890.2265394310471 400.0 -4.50984580908684e-14 4.5423667064897706e-12 1.889592816852578e-13 -0.053766819990849736 2929.7172262330564 8.94586330289116e-09 1.886503279461182e-14 2.0369967692629886e-14 -1.5049348980180646e-15 1.2246882880157305e-10 2.0369967692629886e-14 -1.504934898018065e-15 2.0369967692667243e-14 -1.5049348989392768e-15
274.29 8.869387871221482 -7.402539226303327 9.87780315792395 -711527.0731530174 6.086016860379895e-06 15.603597262232348 15.495696767698984 15.603597262232153 220.93275026926707 891.6492804555152 400.0 -4.4210459984554003e-14 4.656951221377635e-12 1.9587400196276794e-13 -0.018713573840945418 2930.9077630095676 9.054517513342712e-09 1.9320709754569818e-14 2.082491598938007e-14 -1.5042062348102507e-15 1.2572088952613564e-10 2.082491598938007e-14 -1.5042062348102513e-15 2.0824915989416502e-14 -1.5042062356206733e-15
285.93 8.871308061612972 -7.403770118246871 10.537596856480564 -711342.2037300076 6.309042858553191e-06 16.14278668861737 16.022057544922014 16.14278668861717 220.61973989908495 892.9374359297111 400.0 -4.533986462124237e-14 4.7311279277056305e-12 2.005850700133091e-13 0.017438776469941658 2931.7962476175485 9.144516253099936e-09 1.9590677757882924e-14 2.1128991369414095e-14 -1.538313611531172e-15 1.2798996594201648e-10 2.1128991369414095e-14 -1.5383136115311718e-15 2.112899136944898e-14 -1.538313612281551e-15
297.81 8.873336816793799 -7.40510813787896 11.205286461556437 -711147.2717066503 6.520511670825168e-06 16.65625857166312 16.522109638278913 16.656258571662917 220.29478458788338 894.0984804180189 400.0 -4.471768601253427e-14 4.731825048445735e-12 2.0315318737243573e-13 0.056578548553594954 2938.5787579207995 9.269124467550982e-09 1.95747633088159e-14 2.1085111578116056e-14 -1.510348269300158e-15 1.281663070399252e-10 2.1085111578116056e-14 -1.510348269300158e-15 2.108511157814958e-14 -1.5103482699420289e-15
309.93 8.875473994680315 -7.406557496720154 11.87954190333268 -710942.33351482 6.724450994731207e-06 17.144523155557707 16.99623643144052 17.144523155557497 219.95813121407477 895.1396928005893 400.0 -4.330295517791729e-14 4.805520622943913e-12 2.099266577397509e-13 0.09558111298294895 2940.3376223674923 9.437959629078873e-09 1.9865571746686928e-14 2.1306484641026297e-14 -1.4409128943393762e-15 1.3030111224427913e-10 2.1306484641026297e-14 -1.4409128943393754e-15 2.1306484641058438e-14 -1.4409128948568956e-15
322.29 8.877719695115267 -7.408122307983888 12.559130418701335 -710727.4591287631 6.918298806401436e-06 17.60801602209596 17.445014074789494 17.608016022095743 219.61019158587612 896.0680987625346 400.0 -4.2230173716083085e-14 4.9045142059009616e-12 2.1757076794687764e-13 0.13535002653628955 2940.301347586957 9.594496430328274e-09 2.025302747503355e-14 2.168206753858747e-14 -1.4290400635539237e-15 1.3315876516753596e-10 2.168206753858747e-14 -1.429040063553924e-15 2.16820675386187e-14 -1.4290400640086906e-15
334.89 8.880072858378632 -7.4098065428484805 13.242911751666123 -710502.7265151693 7.103128952176779e-06 18.047468100606224 17.869167482553816 18.047468100606 219.25087244017996 896.8906001395179 400.0 -4.171970541795829e-14 4.9673219180628015e-12 2.2363321793054017e-13 0.17685887668511732 2941.465023977987 9.749571272540175e-09 2.0486246187230112e-14 2.1912872464831983e-14 -1.4266262776018748e-15 1.3506324036278268e-10 2.1912872464831983e-14 -1.426626277601875e-15 2.1912872464862146e-14 -1.4266262780090485e-15
347.74 8.882535536929343 -7.4116155412108355 13.930373231176512 -710268.0390520717 7.28025003179889e-06 18.464053822014638 18.26983810662298 18.464053822014403 218.88034460374877 897.6141295030458 400.0 -4.16489263503543e-14 5.06435486484823e-12 2.312167570174809e-13 0.21874136179163572 2939.524330510861 9.903923433486089e-09 2.0850843289983657e-14 2.2325240239391097e-14 -1.4743969494074367e-15 1.3795259628070669e-10 2.2325240239391097e-14 -1.474396949407436e-15 2.2325240239420452e-14 -1.4743969498000756e-15
360.82 8.885103000499292 -7.413550249124285 14.619488080890125 -710023.8542857186 7.448324925261964e-06 18.857953010616967 18.64732624448908 18.857953010616725 218.49919993500745 898.2437661116246 400.0 -4.112274646044041e-14 5.177010405301819e-12 2.4071586254574297e-13 0.26145393085027363 2936.1256603451593 1.0099271707044365e-08 2.1287577715171093e-14 2.2736253022097406e-14 -1.4486753069263188e-15 1.4123494494861732e-10 2.2736253022097406e-14 -1.4486753069263194e-15 2.2736253022125686e-14 -1.4486753072679335e-15
374.15 8.887778765141483 -7.415617294218043 15.310440256775166 -709769.8962853713 7.608662609772571e-06 19.230764135758186 19.00319215638422 19.230764135757937 218.10706653011806 898.7862545370945 400.0 -4.044562817268989e-14 5.2143850763170286e-12 2.4715283173114127e-13 0.3075530877384538 2937.9436369943587 1.0301502045523367e-08 2.142775294422153e-14 2.2810872504840466e-14 -1.3831195606189337e-15 1.4238430484845622e-10 2.2810872504840466e-14 -1.3831195606189337e-15 2.281087250486778e-14 -1.3831195609004628e-15
387.72 8.89056016013196 -7.417818791121158 16.001909454562856 -709506.4493335788 7.762268690620727e-06 19.583220262569625 19.338153101158586 19.58322026256937 217.70431446631565 899.2465372265648 400.0 -3.994150358397117e-14 5.272034683735332e-12 2.537625514417821e-13 0.35406229092945707 2936.7403657353116 1.0474704683459213e-08 2.163701456710819e-14 2.3021028175483923e-14 -1.3840136083757357e-15 1.4416705440636842e-10 2.3021028175483923e-14 -1.3840136083757357e-15 2.3021028175510432e-14 -1.3840136086327407e-15
401.54 8.893449223558319 -7.420159949071456 16.693681239818893 -709233.4163046449 7.908700511257807e-06 19.91651512508113 19.653461386327805 19.91651512508087 217.29101205811241 899.6298709774113 400.0 -3.922090936323539e-14 5.304298569648513e-12 2.5950846464997907e-13 0.402350656491289 2936.0948312518285 1.0659686535523629e-08 2.1742961020862466e-14 2.3103712347403316e-14 -1.3607513265408536e-15 1.4525542601222656e-10 2.3103712347403316e-14 -1.3607513265408536e-15 2.3103712347428802e-14 -1.3607513267676425e-15
415.59 8.896440289333233 -7.42264071310367 17.38411133947627 -708951.2915796683 8.045099042703452e-06 20.23096794506188 19.94969245228946 20.23096794506161 216.867431143391 899.9405588955286 400.0 -3.845906235503523e-14 5.471647518824602e-12 2.7283358573797293e-13 0.44956890430282054 2929.1424364958007 1.0871163676001318e-08 2.2414723664184687e-14 2.3716951245030098e-14 -1.3022275808454117e-15 1.4997020804370834e-10 2.3716951245030098e-14 -1.3022275808454117e-15 2.371695124505514e-14 -1.3022275810345527e-15
429.89 8.899536948866608 -7.425267876431053 18.073608572951574 -708659.7735479912 8.180166607959443e-06 20.528597667622243 20.22829037384421 20.528597667621963 216.43296892408972 900.183454064778 400.0 -3.718470472350912e-14 5.550562593334156e-12 2.8075832759855336e-13 0.49942328840516836 2924.9025761255934 1.1042138376051556e-08 2.2708636279792913e-14 2.4015225726433252e-14 -1.3065894466403423e-15 1.5235220997514784e-10 2.4015225726433252e-14 -1.3065894466403423e-15 2.4015225726457618e-14 -1.3065894468162038e-15
444.42 8.90273611666908 -7.428041015342035 18.76070261881877 -708359.3729084029 8.305851739858631e-06 20.809396094228923 20.489866559571258 20.80939609422863 215.98925675675528 900.3620268782214 400.0 -3.702232183017788e-14 5.700448935716369e-12 2.9310291567278205e-13 0.5494934086869628 2917.7945339444527 1.1233576195202743e-08 2.3303099851970708e-14 2.4567558115812292e-14 -1.2644582638415812e-15 1.5662315153352373e-10 2.4567558115812292e-14 -1.2644582638415812e-15 2.456755811583618e-14 -1.2644582639937509e-15
459.2 8.906039098467264 -7.430966938094843 19.44587620799093 -708049.7666401111 8.4285982741619e-06 21.07514551981656 20.735749216272247 21.075145519816257 215.53435769945173 900.4806511252898 400.0 -3.664637164893407e-14 5.759355646302109e-12 2.998045874626143e-13 0.6016066289886007 2911.7862607595807 1.1390023321292228e-08 2.3508518097980236e-14 2.476639612639766e-14 -1.2578780284174192e-15 1.5850412149404584e-10 2.476639612639766e-14 -1.2578780284174192e-15 2.476639612642065e-14 -1.257878028557108e-15
474.22 8.909446942816484 -7.434046929347846 20.12826163838913 -707731.2627396362 8.54680532911005e-06 21.326453213832032 20.966693279279298 21.326453213831726 215.07064987567375 900.5421280025344 400.0 -3.6009286652870756e-14 5.798782154859875e-12 3.055688816015694e-13 0.6562877434679266 2907.9561687723503 1.154224027461173e-08 2.364452570301595e-14 2.4887722095451433e-14 -1.243196392435478e-15 1.5978121713363182e-10 2.4887722095451433e-14 -1.243196392435478e-15 2.488772209547379e-14 -1.243196392562316e-15
489.48 8.912955291714677 -7.437283760854439 20.807491664197798 -707403.9427169317 8.653672731314084e-06 21.563584275183167 21.183593872262467 21.563584275182855 214.59599045989648 900.5502077012059 400.0 -3.5179982296505165e-14 5.9067034779765e-12 3.148808126912346e-13 0.7108077069708669 2900.5067171865376 1.1687017387864678e-08 2.4063239871549985e-14 2.5278754906833915e-14 -1.2155150352839254e-15 1.6292395361519314e-10 2.5278754906833915e-14 -1.2155150352839254e-15 2.527875490685583e-14 -1.2155150353978298e-15
504.99 8.916567742949978 -7.440682579910378 21.48369260077639 -707067.6799956854 8.763606115613736e-06 21.78874701642687 21.387438326465368 21.788747016426548 214.1109907916405 900.5075587677971 400.0 -3.431450276776271e-14 5.990875014171788e-12 3.2299187019764285e-13 0.7662300905995284 2891.778180501775 1.183216364183442e-08 2.4380298384759964e-14 2.553472694554421e-14 -1.1544285607842427e-15 1.6545300597153335e-10 2.553472694554421e-14 -1.1544285607842423e-15 2.5534726945565348e-14 -1.1544285608802388e-15
520.73 8.92028054271423 -7.444241838469475 22.155726149152887 -706722.9948886783 8.866515784911615e-06 22.00157430136365 21.57878271202736 22.001574301363316 213.61701022474782 900.4167668576215 400.0 -3.429288712059015e-14 6.1409979305104375e-12 3.3447780201501954e-13 0.8216254886168299 2880.235491745365 1.1964579317982139e-08 2.4967868038544954e-14 2.6080677746753983e-14 -1.1128097082090332e-15 1.697836496590208e-10 2.6080677746753983e-14 -1.1128097082090336e-15 2.6080677746774717e-14 -1.1128097082933362e-15
536.72 8.924096207122899 -7.447968690487619 22.824205596053538 -706369.5250935456 8.964013126915065e-06 22.20319271937434 21.758644473812435 22.203192719374 213.11229139032937 900.2804760982377 400.0 -3.3617126971165297e-14 6.205549112724386e-12 3.4059104689202664e-13 0.8801491791100949 2871.8634480781075 1.206901347433128e-08 2.520420760259909e-14 2.629331471727325e-14 -1.0891071146741478e-15 1.7176828341251116e-10 2.629331471727325e-14 -1.0891071146741468e-15 2.629331471729341e-14 -1.0891071147508109e-15
552.95 8.928013190134115 -7.451863601367552 23.488501808298313 -706007.567415989 9.06011343532542e-06 22.3945714228239 21.92763254594274 22.39457142282355 212.5977512854399 900.1008643851897 400.0 -3.274211141989348e-14 6.336968066479012e-12 3.502909019556158e-13 0.937540499922348 2858.800830894046 1.2168270899900537e-08 2.5710562639587304e-14 2.6752877558322616e-14 -1.0423149187353113e-15 1.7561933790139255e-10 2.6752877558322616e-14 -1.0423149187353119e-15 2.6752877558342252e-14 -1.0423149188019505e-15
569.42 8.93203114417513 -7.455929148657458 24.14844275901862 -705637.1938955633 9.15141528947977e-06 22.57603619740684 22.086439129179332 22.576036197406477 212.07326517426398 899.880047800913 400.0 -3.1950917074821126e-14 6.4563412904114515e-12 3.591324608531067e-13 0.9966846736781206 2846.530336514962 1.225521892374326e-08 2.6172498312329406e-14 2.7163341707345547e-14 -9.908433950161444e-16 1.7910605476501502e-10 2.7163341707345547e-14 -9.90843395016144e-16 2.716334170736477e-14 -9.90843395073676e-16
586.14 8.936152345142608 -7.460170423202499 24.804271644103256 -705258.2451730194 9.241250986136342e-06 22.74865840265495 22.235801645461674 22.748658402654584 211.53839990200103 899.6197870152365 400.0 -3.166399382175976e-14 6.5553679757928666e-12 3.663309706569725e-13 1.0563255654700447 2832.830537715089 1.2325731744826436e-08 2.6544375844743245e-14 2.746704288184039e-14 -9.226670370971573e-16 1.8208449955074238e-10 2.746704288184039e-14 -9.226670370971577e-16 2.746704288185892e-14 -9.226670371448891e-16
603.09 8.940372667896552 -7.464584862383174 25.45508676019691 -704871.2413107579 9.328301955293581e-06 22.912700815103467 22.376154512355953 22.912700815103094 210.99436357032945 899.3220205667823 400.0 -3.110942695095385e-14 6.651340740321823e-12 3.72371744363485e-13 1.1171481936282928 2819.0888201592784 1.2362534063257215e-08 2.69017672424741e-14 2.781390497608274e-14 -9.121377336086394e-16 1.849808709396254e-10 2.781390497608274e-14 -9.121377336086394e-16 2.7813904976100822e-14 -9.121377336540963e-16
620.29 8.94469612897834 -7.469180044714801 26.101554426167905 -704475.7840833764 9.410003661572037e-06 23.068590108198517 22.50823765808136 23.068590108198133 210.43981319254752 898.9881388876339 400.0 -3.0255852211139534e-14 6.858285321187404e-12 3.852104529284214e-13 1.178150112064083 2803.707733796176 1.2405453295599991e-08 2.773301063951976e-14 2.8572403387303304e-14 -8.393927477835498e-16 1.9079742423078883e-10 2.8572403387303304e-14 -8.393927477835495e-16 2.8572403387321467e-14 -8.393927478211359e-16
637.72 8.949117540099074 -7.473952978700538 26.74284319965521 -704072.3894339006 9.492417585025262e-06 23.217384880804307 22.632435415552088 23.217384880803923 209.87514847792116 898.6200234402955 400.0 -2.9689192207897076e-14 6.895495868637134e-12 3.868654169255152e-13 1.2403282606472992 2788.57240949499 1.2412009057863028e-08 2.7837447920043668e-14 2.866682782095344e-14 -8.293799009097752e-16 1.9216812971807535e-10 2.866682782095344e-14 -8.293799009097749e-16 2.866682782097076e-14 -8.293799009460461e-16
655.4 8.953643880822892 -7.478911549457325 27.37963423369042 -703660.6524687331 9.572758264908715e-06 23.35941716348214 22.749395615756345 23.359417163481737 209.3010108837841 898.2183261557982 400.0 -3.021130415857395e-14 7.1533200976441e-12 4.0171156405607047e-13 1.301345265366648 2770.0850262368613 1.2424869329120202e-08 2.8875804762021166e-14 2.9626667040944604e-14 -7.508622789234325e-16 1.9939093896526307e-10 2.9626667040944604e-14 -7.50862278923432e-16 2.9626667040962154e-14 -7.5086227895244855e-16
673.32 8.95827124833972 -7.48405524141084 28.01150484492871 -703240.8491297644 9.64924023824661e-06 23.49481960786968 22.859514806479616 23.49481960786928 208.71649078867705 897.7846906531682 400.0 -2.885908952534891e-14 7.133610650243277e-12 3.993534861023711e-13 1.3647081531614735 2753.8748113687657 1.2408892256824832e-08 2.874326236017173e-14 2.9442442641249197e-14 -6.991802810774765e-16 1.9923466460006096e-10 2.9442442641249197e-14 -6.991802810774761e-16 2.9442442641265573e-14 -6.991802811026396e-16
691.49 8.963003121152658 -7.489389281593174 28.638767686627755 -702812.7907428594 9.725273707442647e-06 23.624521025318394 22.96328904255606 23.62452102531799 208.12167969410228 897.3198684237818 400.0 -2.928759590684461e-14 7.302058941980164e-12 4.076752795752443e-13 1.4285681543407134 2737.143123417237 1.2379752595943349e-08 2.9411285365373184e-14 3.005556738406438e-14 -6.442820186911978e-16 2.0402744622909915e-10 3.005556738406438e-14 -6.44282018691198e-16 3.005556738408072e-14 -6.442820187125371e-16
709.89 8.96783436651085 -7.494909970937681 29.260713005159992 -702376.9902001887 9.798836266766935e-06 23.74851870266645 23.061015566950516 23.748518702666036 207.51697733598002 896.8254064356967 400.0 -2.8922409129566876e-14 7.36748641837949e-12 4.096926988057637e-13 1.493097196515657 2720.4981128265954 1.2344028950330806e-08 2.96423673878393e-14 3.024693122985874e-14 -6.04563842019434e-16 2.0609844818464863e-10 3.024693122985874e-14 -6.045638420194338e-16 3.024693122987455e-14 -6.045638420386985e-16
728.54 8.972770659995398 -7.500625457947626 29.878010008956988 -701933.0130058783 9.871927342702749e-06 23.867585031911084 23.153185196730888 23.867585031910668 206.90170252835728 896.3016679997684 400.0 -2.8385697794380418e-14 7.499945602901358e-12 4.1501140091853653e-13 1.5568863143383573 2702.0026283312127 1.2292850654455565e-08 3.0152200680660596e-14 3.070064610151713e-14 -5.484454208565336e-16 2.0998188316419214e-10 3.070064610151713e-14 -5.484454208565333e-16 3.070064610153264e-14 -5.484454208726649e-16
747.43 8.977810162162601 -7.506534904479258 30.490321435855204 -701481.1323782525 9.94330239039264e-06 23.98183108211171 23.240102022585486 23.981831082111288 206.27644817556322 895.749685623783 400.0 -2.7984472389835572e-14 7.708752640599607e-12 4.2432426179500855e-13 1.6194402924837183 2681.3607738427754 1.2234563952925017e-08 3.097568803326601e-14 3.1461826164556276e-14 -4.861381312902593e-16 2.1595310504721463e-10 3.1461826164556276e-14 -4.861381312902597e-16 3.146182616457172e-14 -4.861381313033822e-16
766.56 8.98295293541737 -7.512640354149914 31.097657604109433 -701021.3792552628 1.0013995480576095e-05 24.09173162725034 23.322100577654673 24.091731627249906 205.64071660873864 895.1702613404084 400.0 -2.9254838390742996e-14 7.87447849654197e-12 4.3086860911157227e-13 1.6825211276805785 2661.2636125904246 1.2170747404523329e-08 3.16183497071422e-14 3.2049979789043596e-14 -4.316300819014026e-16 2.2077330207716743e-10 3.2049979789043596e-14 -4.3163008190140284e-16 3.2049979789058843e-14 -4.316300819123065e-16
785.93 8.988200189643496 -7.518943887429418 31.70004065622321 -700553.7852173259 1.0083709064040594e-05 24.19755073253091 23.399493339989764 24.19755073253048 204.99510741471286 894.5639625480272 400.0 -2.858904427504039e-14 7.908463917624524e-12 4.2956662330283064e-13 1.7480536226679901 2644.268188539095 1.2094266045383305e-08 3.172214931172041e-14 3.209634807876328e-14 -3.741987670428759e-16 2.219737071631804e-10 3.209634807876328e-14 -3.7419876704287534e-16 3.209634807877794e-14 -3.741987670515607e-16
805.54 8.99355179324979 -7.525447464773469 32.29749446676791 -700078.37429752 1.015180672604657e-05 24.299463967978433 23.472570961951998 24.29946396797801 204.3388167722949 893.9314917934656 400.0 -2.7019230689936682e-14 7.827079549296733e-12 4.214355790493596e-13 1.8137047174969267 2627.5110781625685 1.2009042355101787e-08 3.1342556234113914e-14 3.165604750022862e-14 -3.13491266114708e-16 2.200883401698633e-10 3.165604750022862e-14 -3.1349126611470736e-16 3.165604750024222e-14 -3.134912661213117e-16
825.39 8.99900879152978 -7.532153086018252 32.89005313447473 -699595.1711264899 1.022021807133961e-05 24.398049519447486 23.541604951031232 24.398049519447053 203.67214794274804 893.2733227086168 400.0 -2.827769417073011e-14 8.122170838232136e-12 4.341131901517432e-13 1.8762613986499577 2607.312221577896 1.1919458557610089e-08 3.252805132396921e-14 3.2787899499954954e-14 -2.5984817598574e-16 2.2836104460071095e-10 3.2787899499954954e-14 -2.5984817598574057e-16 3.278789949996894e-14 -2.598481759908235e-16
845.49 9.004574657347463 -7.539066165757572 33.47804419823539 -699103.9512886083 1.0286791303246584e-05 24.493238423638424 23.606879632119714 24.493238423637997 202.99465757589223 892.5895840773799 400.0 -2.8394295188667435e-14 8.072169397836483e-12 4.275815217998607e-13 1.9412270842333297 2590.667199332521 1.1830806158318314e-08 3.227871094194138e-14 3.249019179417748e-14 -2.1148085223610468e-16 2.273242948585964e-10 3.249019179417748e-14 -2.1148085223610468e-16 3.2490191794190626e-14 -2.1148085224001342e-16
865.83 9.010247031763711 -7.546185243897037 34.06120780770201 -698604.9739403062 1.0354674784295834e-05 24.58575431760074 23.668595207497212 24.58575431760031 202.30611876426744 891.8810756407903 400.0 -2.846375914795786e-14 8.103454209731297e-12 4.2551931843733795e-13 2.0054001607878296 2573.933494081203 1.1740978618958954e-08 3.236879837028834e-14 3.2530876650272075e-14 -1.6207827998374116e-16 2.2846957878962983e-10 3.2530876650272075e-14 -1.620782799837414e-16 3.25308766502847e-14 -1.62078279986501e-16
886.41 9.016028173133112 -7.55351231700198 34.63959659629962 -698098.2597595209 1.0421825803312533e-05 24.675476258306627 23.726972633386126 24.675476258306198 201.60813702183364 891.1479487279187 400.0 -3.000189099981161e-14 8.220453421530297e-12 4.2792923232417353e-13 2.068377834686065 2556.9463061631727 1.1647529221949987e-08 3.281328712780712e-14 3.293022009966821e-14 -1.16932971861099e-16 2.3194038544050892e-10 3.293022009966821e-14 -1.1693297186109923e-16 3.293022009968061e-14 -1.1693297186298658e-16
907.23 9.02191733174471 -7.561049135618498 35.213255252790354 -697583.8154628007 1.048730051437909e-05 24.76241573972003 23.782216768233184 24.762415739719614 200.89871486189406 890.3907572521985 400.0 -2.8912007638297725e-14 8.10459837722929e-12 4.1749213945924806e-13 2.1336472129198634 2543.8886341096013 1.1544523822457685e-08 3.229861290783089e-14 3.2374669709898804e-14 -7.605680206791683e-17 2.290653541953149e-10 3.2374669709898804e-14 -7.605680206791714e-17 3.2374669709910334e-14 -7.605680206912812e-17
928.29 9.027916187483157 -7.568797589014844 35.782240437445694 -697061.6531494759 1.055360240299827e-05 24.84722624169228 23.834519602631197 24.84722624169186 200.17857699904144 889.609658947752 400.0 -2.926185413442572e-14 8.310474144761815e-12 4.234903106331314e-13 2.195124806575055 2528.236051562779 1.1422731252081475e-08 3.311197701941042e-14 3.3144777417287757e-14 -3.2800397877335825e-17 2.34936596887645e-10 3.3144777417287757e-14 -3.2800397877335825e-17 3.3144777417299375e-14 -3.2800397877790603e-17
949.6 9.034028410578518 -7.576763246447979 36.346933901408526 -696531.4697953651 1.0620131587261488e-05 24.92999312886848 23.884062720458033 24.929993128868066 199.446961323349 888.813049569722 400.0 -2.975812661882932e-14 8.259396827446916e-12 4.1581610002354123e-13 2.2589798462258046 2517.0133020559274 1.1299268812886639e-08 3.286718829576096e-14 3.286380782195382e-14 3.380473807132959e-18 2.338045223274845e-10 3.286380782195382e-14 3.380473807132643e-18 3.2863807821964835e-14 3.3804738071787134e-18
971.15 9.040252880427785 -7.584944317267855 36.90765780279389 -695992.9996881123 1.0686819743455452e-05 25.010687105233984 23.930829752143396 25.010687105233583 198.70514682338748 888.0739523073538 400.0 -3.037850370960452e-14 8.16076280194833e-12 4.037379404523399e-13 2.3230678739635366 2507.923266150413 1.1119295963306865e-08 3.2429023098914675e-14 3.2394389896054626e-14 3.463320286005127e-17 2.3135623047737694e-10 3.2394389896054626e-14 3.4633202860050956e-17 3.239438989606497e-14 3.4633202860450803e-17
992.93 9.046587120809189 -7.593338629972789 37.46362431361882 -695447.0431228288 1.0752622281845832e-05 25.089405159241256 23.975146171575652 25.08940515924086 197.95229958197302 887.3142503839997 400.0 -3.2494299211624974e-14 8.264594729096166e-12 3.9221600881090663e-13 2.3848131591707067 2497.8998482305756 1.067195707139877e-08 3.282410091952221e-14 3.276549147867614e-14 5.860944084606297e-17 2.344307575493508e-10 3.276549147867614e-14 5.860944084606297e-17 3.2765491478686376e-14 5.86094408465524e-17
1014.97 9.053041172162258 -7.601959597869927 38.01565568018012 -694892.8465175892 1.0819368582547087e-05 25.166756231661072 24.01721628034887 25.16675623166073 197.18738339109925 886.5329812812915 400.0 -3.340778637580051e-14 8.286821482851615e-12 3.397172873932898e-13 2.4469144482211798 2486.954601089847 9.227065826148402e-09 3.288256002546187e-14 3.2806646714216235e-14 7.591331124563357e-17 2.352835440401344e-10 3.2806646714216235e-14 7.591331124563357e-17 3.280664671422615e-14 7.591331124603708e-17
1037.24 9.05960778462931 -7.610797336459337 38.56305900272811 -694331.1613863007 1.0886380599992683e-05 25.2426575851319 24.057116592960874 25.24265758513163 196.41175813671 885.7312394009977 400.0 -3.569938435160564e-14 8.279810889836448e-12 2.667904187359695e-13 2.5097538451542123 2464.9214686009177 7.259089060854941e-09 3.2824619218552665e-14 3.273404632118769e-14 9.057289736496577e-17 2.353086571153256e-10 3.273404632118769e-14 9.057289736496577e-17 3.273404632119729e-14 9.057289736480737e-17
1059.75 9.066291106665396 -7.619857443195656 39.10615254377568 -693761.7309555205 1.0953873295980162e-05 25.31731632981759 24.094993419591294 25.31731632981714 195.6248532272737 884.90872739004 400.0 -3.80272275650436e-14 8.281683627502234e-12 4.5076931628995013e-13 2.5718650056118704 2411.7658467702067 1.2274749928595406e-08 3.279844740929337e-14 3.271162691285535e-14 8.682049643802636e-17 2.3560350436196586e-10 3.271162691285535e-14 8.682049643802684e-17 3.2711626912864675e-14 8.682049643489917e-17
1082.51 9.073095654071805 -7.629145752674856 39.64523815778158 -693184.2949805408 1.1021593762809335e-05 25.390827642995788 24.130980460131113 25.390827642994488 194.826600056232 884.0650674268097 400.0 -3.756764269208835e-14 8.058766606725513e-12 1.3014743183125634e-12 2.6347605837721053 2330.9488595179987 3.6503933224634245e-08 3.184252762126304e-14 3.173939136514635e-14 1.0313625611669187e-16 2.297914830829121e-10 3.173939136514635e-14 1.0313625611669187e-16 3.1739391365154904e-14 1.0313625610545238e-16
1105.5 9.080016509039199 -7.638655729922675 40.1799080319805 -692599.3467225758 1.1089499834984805e-05 25.463235886745295 24.165156682560756 25.46323588674166 194.01641608153844 883.2010384479848 400.0 -3.942562201902882e-14 8.012103425528947e-12 3.6378729214982595e-12 2.692701660249946 2239.8788428173543 1.0288351847182105e-07 3.1580086040304406e-14 3.1428562094182954e-14 1.515239461214391e-16 2.289946806863279e-10 3.1428562094182954e-14 1.5152394612143892e-16 3.142856209419102e-14 1.5152394608424681e-16
1128.74 9.087061488426388 -7.648397356722262 40.710696513114605 -692006.3675668646 1.115902510124952e-05 25.53504316842219 24.197655488628012 25.53504316841281 193.19416919975814 882.315809732758 400.0 -4.208073028857464e-14 8.120014097793851e-12 9.385656512513063e-12 2.7479402539521542 2134.299497317039 2.6255001907292006e-07 3.1927447168159865e-14 3.151929892840321e-14 4.0814823975665816e-16 2.325663962372086e-10 3.151929892840321e-14 4.081482397566572e-16 3.151929892841075e-14 4.081482396475408e-16
1152.22 9.094229533596344 -7.6583682635799395 41.23743888846802 -691405.6035727075 1.1228629556641288e-05 25.605978782090776 24.228558598134104 25.60597878206805 192.36152062275707 881.4096389589381 400.0 -4.4688649179582046e-14 8.455412265299367e-12 2.272346391947871e-11 2.79928953187281 2028.0768967059491 6.120543407907931e-07 3.315859692703897e-14 3.2116716574074545e-14 1.041880352964426e-15 2.426473259136219e-10 3.2116716574074545e-14 1.0418803529644267e-15 3.211671657408095e-14 1.0418803526464846e-15
1175.94 9.101521612974585 -7.668569960765126 41.76020127607627 -690797.0284612894 1.1298878201159374e-05 25.676256424223126 24.257956617161078 25.676256424168987 191.51588857096533 880.4825260676605 400.0 -4.77650536482556e-14 9.139691620034654e-12 5.414054115461507e-11 2.848076875210356 1878.4657442269445 1.3507514364480142e-06 3.579799863632731e-14 3.3143616187206535e-14 2.65438244912078e-15 2.6232992446472506e-10 3.3143616187206535e-14 2.6543824491207805e-15 3.314361618720949e-14 2.6543824482253634e-15
1199.91 9.108943079782055 -7.679008569632311 42.279269344414054 -690180.3741142438 1.1370201028278259e-05 25.7461147985684 24.285945966515865 25.746114798444196 190.65873833346558 879.5338852967743 400.0 -5.120702901668876e-14 1.0989628079206089e-11 1.2420713982340442e-10 2.889984647740399 1634.1380181217094 2.562407291110276e-06 4.329223354352827e-14 3.6781730735642966e-14 6.510502807885315e-15 3.132681917033763e-10 3.6781730735642966e-14 6.510502807885313e-15 3.678173073563689e-14 6.5105028054158976e-15
1224.11 9.116489115942207 -7.689676890933174 42.79427738351652 -689556.12582924 1.1442118967332864e-05 25.815463509972766 24.312582837094247 25.815463509705836 189.78859298548875 878.5644244018774 400.0 -5.379853473714329e-14 1.491325104993768e-11 2.6693149586361463e-10 2.9257892545388664 1245.2149012106904 3.991569646033128e-06 5.97265874724598e-14 4.44916955148908e-14 1.5234891957569016e-14 4.1791075117617275e-10 4.44916955148908e-14 1.5234891957569016e-14 4.449169551485969e-14 1.5234891950971507e-14
1248.56 9.12416822085766 -7.700585452825908 43.305721716257125 -688923.7530282984 1.151571263904687e-05 25.884730064669437 24.33796399692521 25.884730064154013 188.90649285578297 877.573124758841 400.0 -6.093941201858397e-14 2.311472995451482e-11 5.154221195533476e-10 2.9478305825226574 852.037506230332 4.848897109179626e-06 9.493616335481178e-14 6.205614339707455e-14 3.288001995773723e-14 6.315545828245143e-10 6.205614339707455e-14 3.288001995773724e-14 6.205614339697847e-14 3.2880019940698325e-14
1273.25 9.131979258588073 -7.711731537824255 43.81345686569434 -688283.4946930064 1.1589750516166191e-05 25.95366159005819 24.36214814928163 25.953661589132253 188.0139713575876 876.5601938444966 400.0 -6.639804488898666e-14 3.796014702277517e-11 9.259356190712378e-10 2.9620765814040046 525.6018674998041 5.1597343691637285e-06 1.6027472474457505e-13 9.408880354663105e-14 6.618592119794395e-14 1.0087758251542845e-09 9.408880354663105e-14 6.618592119794396e-14 9.408880354637054e-14 6.618592115535987e-14
1298.18 9.139923910584686 -7.723116514861886 44.31755037099376 -687635.3043972893 1.1665124851561333e-05 26.022540539521156 24.385200913539368 26.0225405379361 187.10658988619383 875.5254681814413 400.0 -8.077578789340501e-14 6.389278568386809e-11 1.5850590380875404e-09 2.968071302855742 347.1708885415343 5.112214887566938e-06 2.7691592684830813e-13 1.5222480870222156e-13 1.246911181460866e-13 1.6534862752049546e-09 1.5222480870222156e-13 1.2469111814608667e-13 1.5222480870156495e-13 1.2469111804338877e-13
1323.35 9.148004689264349 -7.734742020732597 44.81807249997398 -686979.156490064 1.1741556635700813e-05 26.091373905250787 24.40718398299087 26.09137390260464 186.18521803553637 874.4686596867713 400.0 -1.0342927861292537e-13 1.0732402792723464e-10 2.6461439919250477e-09 2.9710526925227256 236.27342748010742 4.95710668192789e-06 4.767566948407356e-13 2.512813581729066e-13 2.2547533666782894e-13 2.7083521129957936e-09 2.512813581729066e-13 2.2547533666782901e-13 2.512813581713352e-13 2.2547533642878207e-13
1348.77 9.15622659524824 -7.74661465614015 45.315283903539054 -686314.7924327656 1.1819377689568597e-05 26.160409946716655 24.428163148134693 26.16040994237969 185.25617993132093 873.3891451759624 400.0 -1.4641162634159232e-13 1.7883309700604471e-10 4.336964258717279e-09 2.971238562157595 193.58218748136557 4.765437811401225e-06 8.128204647881276e-13 4.194651929900613e-13 3.933552717980666e-13 4.4077083579793376e-09 4.194651929900613e-13 3.933552717980665e-13 4.194651929864804e-13 3.933552712605714e-13
1374.42 9.16458599142511 -7.758726187453533 45.80886371685105 -685642.654554881 1.1898590393966504e-05 26.229600221199455 24.448176328297194 26.22960021419835 184.31068606014907 872.2874202635893 400.0 -2.1474336386426918e-13 2.9430340162845957e-10 7.001108724925137e-09 2.970706821203233 178.505206953992 4.572310259332364e-06 1.3675484534494048e-12 6.960833923454851e-13 6.714650611039194e-13 7.089819371397752e-09 6.960833923454851e-13 6.714650611039197e-13 6.960833923376816e-13 6.714650599429252e-13
1400.32 9.173091326737396 -7.7710878903035 46.29926297815174 -684962.2120960777 1.1979189113339038e-05 26.299101249987668 24.467290141549725 26.299101238840137 183.35359321951842 871.1623845978175 400.0 -3.276957096283538e-13 4.783921581482352e-10 1.1147531456533974e-08 2.969856563293678 178.13614601695494 4.384266757190414e-06 2.2708755207222245e-12 1.14748002078913e-12 1.1233954999330948e-12 1.1272277714153753e-08 1.14748002078913e-12 1.1233954999330948e-12 1.147480020772939e-12 1.1233954975257526e-12
1426.46 9.181742271060807 -7.783696472684676 46.78635711121295 -684273.6723233926 1.2061277381923884e-05 26.368962266899075 24.485544660717032 26.3689622493811 182.3819720685597 870.0140791896665 400.0 -5.130708548983904e-13 7.677798149340175e-10 1.7517975316620188e-08 2.968952889398355 180.77304001830652 4.204427887475014e-06 3.7212478338774615e-12 1.872143851255926e-12 1.849103982621537e-12 1.7703264893852976e-08 1.872143851255926e-12 1.849103982621537e-12 1.872143851224106e-12 1.8491039778586123e-12
1452.84 9.19054113890039 -7.796553565805425 47.27021238877155 -683577.0048212039 1.214569021936179e-05 26.439532693393264 24.502985004378836 26.439532666208407 181.39758985236688 868.84219028097 400.0 -8.096517891246433e-13 1.2169141515540713e-09 2.7184855775034146e-08 2.96799690280064 186.2998991076304 4.033379811573526e-06 6.019625952680113e-12 3.0209333269241623e-12 2.9986926257559517e-12 2.746852441359467e-08 3.0209333269241623e-12 2.9986926257559513e-12 3.0209333268656372e-12 2.9986926168377617e-12
1479.46 9.199491246881943 -7.809660604425562 47.75089828955348 -682872.1531790176 1.2230138644951839e-05 26.510119347218815 24.519653733566876 26.510119305539586 180.3978962275105 867.6462569834803 400.0 -1.2850006484649978e-12 1.9054307297129165e-09 4.167922746882504e-08 2.967230008791466 190.59847364678646 3.8709970736364705e-06 9.616309009858836e-12 4.8188404162935375e-12 4.797468593565298e-12 4.211780595250202e-08 4.8188404162935375e-12 4.7974685935652996e-12 4.818840416195128e-12 4.797468578002214e-12
1506.33 9.208597083075425 -7.823024370810674 48.228651051153506 -682158.8406626378 1.2317682059071188e-05 26.581846745504887 24.535596369198093 26.581846682334195 179.38816352712607 866.425658401527 400.0 -2.0329394725108097e-12 2.948946356562204e-09 6.31706929941206e-08 2.9665165922643375 193.94566222385964 3.716829417003632e-06 1.517939996153037e-11 7.60016439525161e-12 7.579235566278759e-12 6.38494801296408e-08 7.60016439525161e-12 7.579235566278757e-12 7.600164395108543e-12 7.579235541731093e-12
1533.43 9.217857209899593 -7.83663612447466 48.70319105534219 -681437.5049135338 1.2406080879125455e-05 26.65392662422409 24.550839006296762 26.653926529564398 178.3613728532028 865.1805448975215 400.0 -3.1901773999832538e-12 4.511376083067585e-09 9.465969458612499e-08 2.9658253011441364 195.99121867080103 3.5705164468104035e-06 2.367803476325005e-11 1.1848743362845412e-11 1.1829291400404634e-11 9.570411303762667e-08 1.1848743362845412e-11 1.1829291400404639e-11 1.1848743362696059e-11 1.1829291368104718e-11
1560.78 9.22727886547774 -7.850507739965314 49.17492410563903 -680707.6085555847 1.249817974080667e-05 26.727497483957986 24.56542804553666 26.727497343623174 177.3239335208149 863.9099089595636 400.0 -4.970265439098601e-12 6.8268617773010145e-09 1.403348127911301e-07 2.9651351704589444 196.78721485979773 3.4314903593730053e-06 3.65253368086937e-11 1.8271310631536648e-11 1.8254026177157058e-11 1.4193049743286547e-07 1.8271310631536648e-11 1.8254026177157058e-11 1.8271310631558584e-11 1.8254026151795532e-11
1588.37 9.236865217475067 -7.864635408995002 49.64375315587754 -679969.3112393937 1.258904743539023e-05 26.80079922771695 24.579391567511685 26.80079902183251 176.26773787418418 862.6132597334356 400.0 -7.68753272795939e-12 1.0221329577371657e-08 2.0588443781522084e-07 2.964398822791762 197.00291087664584 3.2993520121667767e-06 5.573223506810256e-11 2.787410841392452e-11 2.7858126654178038e-11 2.0830327012886255e-07 2.787410841392452e-11 2.7858126654178048e-11 2.787410841467304e-11 2.7858126689216585e-11
1616.2 9.246613694546145 -7.879021132490879 50.10972028281371 -679222.6408277976 1.268386751449042e-05 26.875841042788814 24.59276042240413 26.8758407437775 175.2050521481614 861.2909022226354 400.0 -1.178205384341871e-11 1.514656768930991e-08 2.9901131649661244e-07 2.9636153526178233 196.75135623488248 3.1736910608709823e-06 8.414621183890153e-11 4.208055746282062e-11 4.206565437608091e-11 3.026444835945946e-07 4.208055746282062e-11 4.206565437608091e-11 4.208055746578025e-11 4.206565462313846e-11
1644.27 9.256535262646253 -7.8936658642522275 50.57292076308945 -678467.4361335579 1.2782885696379377e-05 26.952619658185967 24.60556519912753 26.95261922812833 174.1206785320879 859.9412674856753 400.0 -1.78850259140281e-11 2.2223509514071555e-08 4.300576378766341e-07 2.962772139383572 196.29781241509127 3.0540999846809887e-06 1.2576361349184226e-10 6.28887663373316e-11 6.287484715451065e-11 4.3546368759109463e-07 6.28887663373316e-11 6.287484715451065e-11 6.2888766346133e-11 6.287484799508377e-11
1672.59 9.266632058088275 -7.908576772129356 51.03356097815925 -677703.4326989591 1.2884438533750114e-05 27.030750536729137 24.617837611198027 27.030749923910015 173.02379243138213 858.5639838944105 400.0 -2.690237010146762e-11 3.2299715360022126e-08 6.128191245544588e-07 2.9618672077303305 195.82528010142013 2.9401821898800167e-06 1.861528374563691e-10 9.308326371336583e-11 9.306957374300322e-11 6.207892904612084e-07 9.308326371336583e-11 9.306957374300322e-11 9.308326373636315e-11 9.306957606778154e-11
1701.14 9.276904192155381 -7.923744642347844 51.491394406341186 -676931.0627705992 1.2979369468854112e-05 27.106691379166566 24.62959585165742 27.106690513909733 171.90916270598026 857.1589492518387 400.0 -4.006971508215853e-11 4.650596585973262e-08 8.652568344947287e-07 2.9608999768891238 195.35007738831453 2.8316703302082643e-06 2.7290653844018685e-10 1.3645860251200357e-10 1.3644793592818325e-10 8.768949578045148e-07 1.3645860251200357e-10 1.3644793592818325e-10 1.364586025675146e-10 1.3644794170496933e-10
1729.94 9.287352733513448 -7.939182088147618 51.94676634588058 -676149.8315636854 1.3088620738222446e-05 27.188683766363173 24.640872193396945 27.188682555238728 170.79027823099392 855.7259464463884 400.0 -5.917262546746984e-11 6.637042765504687e-08 1.211124444393067e-06 2.9598702274572575 194.93142609638255 2.72818631615993e-06 3.964846117089682e-10 1.9824715556901197e-10 1.982374561399562e-10 1.2279698544787962e-06 1.9824715556901197e-10 1.9823745613995615e-10 1.9824715569577566e-10 1.9823746954108697e-10
1758.98 9.297998774108008 -7.9548844250195545 52.399662286474154 -675359.7077555646 1.3201418819303578e-05 27.27234139580568 24.651688099483696 27.272339714763135 169.63855028470388 854.2619335204466 400.0 -8.661851894349731e-11 9.391030505297793e-08 1.6810425430197817e-06 2.9587672669610217 194.52446055300658 2.629440826196822e-06 5.709878875262741e-10 2.854982396195992e-10 2.854896479066749e-10 1.705212615963685e-06 2.854982396195992e-10 2.8548964790667486e-10 2.8549823989697084e-10 2.854896774798072e-10
1788.26 9.308825473980614 -7.970854072702503 52.850062307526166 -674560.8500626989 1.3300716501281804e-05 27.351268595371412 24.662063895334533 27.3512662811542 168.48251079637123 852.7691517419354 400.0 -1.257013573711317e-10 1.3176908960565783e-07 2.31421721199037e-06 2.9576032300842034 194.1243434562203 2.5351910086206404e-06 8.152766916736217e-10 4.076414842101467e-10 4.0763520746347507e-10 2.3485997744103172e-06 4.076414842101467e-10 4.0763520746347507e-10 4.0764148479608576e-10 4.0763527018894307e-10
1817.79 9.319848565150037 -7.987097741007256 53.29821172286954 -673752.8219282718 1.3416597048894645e-05 27.437407988565027 24.672024777028074 27.43740482741354 167.31103720422917 851.2452973325267 400.0 -1.809397022306609e-10 1.8342649420576096e-07 3.161151486362632e-06 2.9563712944069933 193.72884259131553 2.445138939321232e-06 1.1546579741521364e-09 5.773314433512772e-10 5.773265308008589e-10 3.2096654632064072e-06 5.773314433512772e-10 5.773265308008591e-10 5.773314445530173e-10 5.773266595922913e-10
1847.55 9.331067136627016 -8.00360589067834 53.74458403395255 -672934.7662877591 1.3532343560492215e-05 27.523994608145905 24.68153058821759 27.523990323344456 166.12233209016495 849.7780205479011 400.0 -2.5833414151595903e-10 2.533285779788233e-07 4.28480144624595e-06 2.955069741517465 193.33406147488137 2.3591042912941762e-06 1.6221654757263227e-09 8.110845897639891e-10 8.110808859623333e-10 4.352701857528572e-06 8.110845897639891e-10 8.110808859623332e-10 8.11084592164796e-10 8.11081143026576e-10
1877.56 9.342492283525146 -8.020391191930742 54.18941875029802 -672106.2228169508 1.3652546472590973e-05 27.613041132237086 24.69062017872214 27.61303536644001 164.9170136917752 848.3516777684274 400.0 -3.660124547768368e-10 3.472854271619499e-07 5.765797076035657e-06 2.9536967997014867 192.9395555995576 2.2768084765170494e-06 2.2617492073668186e-09 1.1308761133906005e-09 1.1308730939762185e-09 5.860108723198122e-06 1.1308761133906005e-09 1.1308730939762185e-09 1.1308761180776602e-09 1.1308735946543686e-09
1907.81 9.354125360668117 -8.037449650849329 54.63206485377669 -671268.3993112918 1.3769770025207756e-05 27.701422587889418 24.69935238839212 27.701414884277998 163.69512689994073 846.8959267134851 400.0 -5.146728503794982e-10 4.7264137327757834e-07 7.703611422610962e-06 2.9522512907001697 192.5437545953035 2.198073540789122e-06 3.1301398584767828e-09 1.5650706655098005e-09 1.5650691929669818e-09 7.833629422245052e-06 1.5650706655098005e-09 1.5650691929669823e-09 1.565070674469191e-09 1.5650701467226735e-09
1938.3 9.365967123638082 -8.054782885156646 55.07256908929953 -670421.2411630417 1.3898859803583577e-05 27.79571395424632 24.707743762607784 27.795703732318483 162.4604733721926 845.4105500839329 400.0 -7.184431697148363e-10 6.387316679676151e-07 1.0221927833577627e-05 2.9507341940530996 192.1472928836543 2.1227107599696645e-06 4.30084292933137e-09 2.150422066551782e-09 2.1504208627795876e-09 1.039987527072881e-05 2.150422066551782e-09 2.1504208627795864e-09 2.1504220833486226e-09 2.1504226431944105e-09
1969.03 9.378036240086065 -8.072392203635184 55.5110512784981 -669564.5174717382 1.4034237629499557e-05 27.893438285008592 24.715811233731667 27.89342481106906 161.20095890362637 843.8930478900606 400.0 -9.95861055702236e-10 8.573738077372394e-07 1.3473939532037921e-05 2.9491354975388226 191.7507975797494 2.0505249123003416e-06 5.86868955841449e-09 2.9343455679077523e-09 2.9343439905067377e-09 1.3715794855219572e-05 2.9343455679077523e-09 2.934343990506738e-09 2.9343455988406925e-09 2.9343472531119757e-09
2000.0 9.390322004857385 -8.09027943775484 55.94750935285634 -668698.2797896698 1.414330466027764e-05 27.97997033719542 24.723568868326563 27.97995269100173 159.93085401306925 842.3446369634759 400.0 -1.3709569466501192e-09 1.1432954164122397e-06 1.764619369122678e-05 2.947463908087018 191.3516420669504 1.981364594368913e-06 7.954231683208795e-09 3.977116800048939e-09 3.977114883159857e-09 1.7972680614600222e-05 3.977116800048939e-09 3.977114883159857e-09 3.977116856065433e-09 3.977120759095439e-09
