0.0 0.0 0.0 2.744576626412254e-07 0.0 0.0 0.0 0.0
10.0 -2.744364358875373e-06 5.488940985331423e-07 5.480556900749889e-07 -1.4707949432514199e-06 0.0 -0.006372364150180816 0.0019363952376671583
20.0 -1.0973451065154904e-05 1.0967282433055967e-06 1.094124719891454e-06 -6.8204835542345625e-06 0.0 -0.05750738718177039 0.0038697558207295433
30.0 -2.467505009207116e-05 1.6434040371953073e-06 1.6381757692585097e-06 -1.6355142093541382e-05 0.0 -0.20271058125513133 0.005799625127203551
40.0 -4.38381360119422e-05 2.189069130003247e-06 2.181164391501511e-06 -3.0156106786474954e-05 0.0 -0.49367602385880666 0.007726177962444874
50.0 -6.845427552448768e-05 2.734092687603743e-06 2.724832431333368e-06 -4.83625030200892e-05 0.0 -0.9879471008419353 0.009650041094313987
60.0 -9.85196408365141e-05 3.279015310841319e-06 3.2713802335493368e-06 -7.119867561109274e-05 0.0 -1.7533874071939048 0.01157228416153596
70.0 -0.00013403641840170621 3.8244911703815396e-06 3.823213359055444e-06 -9.900180460475077e-05 0.0 -2.8745927797630872 0.013494304425086055
80.0 -0.0001750137080627212 4.37124066322289e-06 4.382698331362178e-06 -0.00013223987220162332 0.0 -4.4578949759161866 0.015417718325331405
90.0 -0.00022146793053678948 4.919998452102672e-06 4.951882787729289e-06 -0.0001714983572055361 0.0 -6.631932671202976 0.017344264430976995
100.0 -0.00027342269624597293 5.471458969950257e-06 5.5322485724929035e-06 -0.00021743918621358152 0.0 -9.543601357274198 0.01927570660227938
110.0 -0.00033090815162140075 6.0262277565791345e-06 6.1245555693645315e-06 -0.00027074671800417336 0.0 -13.350874339890014 0.021213738391749042
120.0 -0.00039395989628943084 6.584785070229156e-06 6.728793850463432e-06 -0.0003320743014846619 0.0 -18.214335396691038 0.023159896536898664
130.0 -0.00046261761072230456 7.1474645333471435e-06 7.3442319887817575e-06 -0.00040199985544273276 0.0 -24.28893824373235 0.025115491427103176
140.0 -0.0005369235448711152 7.714446405598594e-06 7.969533713314547e-06 -0.0004809941469569041 0.0 -31.716979953173777 0.027081559226127393
150.0 -0.0006169210029653982 8.285763038948825e-06 8.602911149857562e-06 -0.000569402135580394 0.0 -40.62277952145539 0.02905883658030825
160.0 -0.0007026529299523077 8.861313155392158e-06 9.242286821553591e-06 -0.0006674358563149481 0.0 -51.10917614066415 0.031047755879323242
170.0 -0.0007941606704626736 9.440881528070425e-06 9.885444243806774e-06 -0.0007751764674068084 0.0 -63.25571620226548 0.033048457265119374
180.0 -0.0008914829389041756 1.0024161103824098e-05 1.0530155118892992e-05 -0.000892582914849842 0.0 -77.11826365392903 0.035060812901888616
190.0 -0.0009946550132760024 1.0610775289282868e-05 1.117427805024107e-05 -0.0010195048725987878 0.0 -92.72971591727512 0.037084459125405284
200.0 -0.0011037081458553644 1.1200298833220267e-05 1.1815828650085791e-05 -0.0011556980048087542 0.0 -110.10150931917697 0.039118832663201826
210.0 -0.001218669171450415 1.1792276362564157e-05 1.2453023930447672e-05 -0.0013008400367904747 0.0 -129.22563127600895 0.04116320789778605
220.0 -0.0013395602873380597 1.238623812152994e-05 1.3084305366284354e-05 -0.0014545465414970821 0.0 -150.07690471424002 0.043216732954668144
230.0 -0.0014663989760208551 1.2981712817550298e-05 1.3708345429108704e-05 -0.0016163857114434225 0.0 -172.6153622837924 0.04527846313033249
240.0 -0.0015991980425233976 1.3578237710434855e-05 1.4324042123448066e-05 -0.0017858916785526478 0.0 -196.78857705768723 0.047347390783010396
250.0 -0.001737965739849301 1.417536621733474e-05 1.4930505449584074e-05 -0.0019625761670710997 0.0 -222.53385905651115 0.049422471278532415
260.0 -0.001882705959527442 1.4772673371157972e-05 1.5527038972784624e-05 -0.0021459384247080006 0.0 -249.7802617137789 0.05150264492351318
270.0 -0.0020334184674055678 1.536975948646304e-05 1.6113118933347437e-05 -0.0023354734855724427 0.0 -278.4503692981938 0.053586855047829174
280.0 -0.0021900991686436555 1.5966252372439254e-05 1.6688372672213347e-05 -0.002530678886052166 0.0 -308.4618560852426 0.05567406254037087
290.0 -0.0023527403888010667 1.6561808400640492e-05 1.7252557590374806e-05 -0.002731059992105168 0.0 -339.72882182981556 0.057763257218044074
300.0 -0.002521331161059237 1.7156112695027165e-05 1.7805541415150115e-05 -0.0029361341118955735 0.0 -372.1629170211664 0.05985346643688773
310.0 -0.002695857511923805 1.7748878669709204e-05 1.834728423038001e-05 -0.0031454335684328186 0.0 -405.67427663122356 0.06194376135123934
320.0 -0.0028763027397360474 1.8339847099347158e-05 1.887782246452474e-05 -0.003358507898276426 0.0 -440.1722835757154 0.06403326120389535
330.0 -0.003062647682305908 1.8928784870550136e-05 1.939725487574151e-05 -0.0035749253281752756 0.0 -475.5661837038453 0.06612113599587416
340.0 -0.0032548709708777324 1.951548353072884e-05 1.990573047088162e-05 -0.003794273664704931 0.0 -511.7655734571242 0.06820660784476953
350.0 -0.0034529492689792107 2.0099757723928373e-05 2.0403438210969682e-05 -0.004016160714488882 0.0 -548.6807798753351 0.07028895129986693
360.0 -0.0036568574953577127 2.0681443580967802e-05 2.089059833494389e-05 -0.0042402143353477036 0.0 -586.2231507335479 0.07236749284284691
370.0 -0.0038665690308121725 2.126039711326147e-05 2.136745511975846e-05 -0.004466082202894386 0.0 -624.3052705205141 0.07444160976645489
380.0 -0.0040820559090910535 2.183649264546371e-05 2.1834270885889852e-05 -0.004693431362662609 0.0 -662.8411158819503 0.07651072859082078
390.0 -0.004303288992460352 2.240962131095616e-05 2.2291321074874303e-05 -0.004921947625273199 0.0 -701.7461621644319 0.0785743231483752
400.0 -0.004530238132584685 2.2979689625664765e-05 2.2738890240070475e-05 -0.005151334851183594 0.0 -740.9374508668977 0.08063191244352515
410.0 -0.004762872317581213 2.3546618149251198e-05 2.3177268804630557e-05 -0.005381314162286582 0.0 -780.3336261686567 0.08268305837215342
420.0 -0.00500115980615945 2.411034023793761e-05 2.3606750464111316e-05 -0.005611623109892343 0.0 -819.8549472697761 0.08472736336824205
430.0 -0.005245068249706719 2.467080088977286e-05 2.402763011879472e-05 -0.005842014822024344 0.0 -859.423282040254 0.0867644680301744
440.0 -0.005494564803349533 2.5227955680682737e-05 2.4440202247788534e-05 -0.006072257147794588 0.0 -898.962086426307 0.088794048767041
450.0 -0.005749616226744081 2.578176978799093e-05 2.4844759644793156e-05 -0.0063021318121654485 0.0 -938.3963731775832 0.09081581549532557
460.0 -0.006010188975576369 2.6332217097007836e-05 2.524159244536861e-05 -0.006531433590957738 0.0 -977.6526727291543 0.09282950940823895
470.0 -0.006276249284493218 2.6879279385643155e-05 2.563098739472025e-05 -0.006759969513195011 0.0 -1016.6589884688563 0.09483490083344458
480.0 -0.006547763242263471 2.7422945581674118e-05 2.6013227306798116e-05 -0.006987558095581583 0.0 -1055.344748134024 0.0968317871897309
490.0 -0.006824696859837331 2.7963211087209425e-05 2.6388590677584033e-05 -0.007214028612247024 0.0 -1093.6407526850744 0.09881999104905656
500.0 -0.007107016131985944 2.850007716495892e-05 2.675735141988156e-05 -0.007439220401490258 0.0 -1131.479123689949 0.10079935830718698
510.0 -0.007394687093064789 2.9033550381090585e-05 2.7119778694739693e-05 -0.007662982210234604 0.0 -1168.793250008101 0.10276975646364586
520.0 -0.007687675867465771 2.9563642099719567e-05 2.7476136815174355e-05 -0.007885171576154804 0.0 -1205.5177343614207 0.1047310730098149
530.0 -0.007985948715312219 3.009036802434978e-05 2.7826685208687252e-05 -0.008105654246785495 0.0 -1241.5883402395307 0.10668321392260915
540.0 -0.00828947207367392 3.0613747781916344e-05 2.8171678420996215e-05 -0.008324303634607988 0.0 -1276.9419394633169 0.10862610226011574
550.0 -0.008598212593952326 3.1133804545391844e-05 2.8511366149786e-05 -0.008541000306719799 0.0 -1311.5164606507137 0.11055967685488455
560.0 -0.008912137175538959 3.1650564691238855e-05 2.8845993299952966e-05 -0.008755631507581978 0.0 -1345.2508387628527 0.11248389110006865
570.0 -0.009231212996319016 3.2164057488305856e-05 2.9175800051639556e-05 -0.008968090713183035 0.0 -1378.084965860876 0.11439871182334337
580.0 -0.009555407540140948 3.2674314815050655e-05 2.950102193679527e-05 -0.009178277214903344 0.0 -1409.9596431752775 0.11630411824339593
590.0 -0.00988468862158598 3.3181370902264115e-05 2.9821889915204737e-05 -0.009386095731401606 0.0 -1440.816534560495 0.11820010100375616
600.0 -0.01021902440833955 3.368526209872156e-05 3.013863045175924e-05 -0.009591456046783466 0.0 -1470.5981213973882 0.12008666127882127
610.0 -0.01055838344124993 3.41860266574366e-05 3.04514655880439e-05 -0.00979427267342998 0.0 -1499.2476589918363 0.12196380994705022
620.0 -0.01090273465240088 3.4683704540411275e-05 3.076061300593125e-05 -0.009994464537909274 0.0 -1526.709134514615 0.12383156682648605
630.0 -0.011252047381290708 3.517833723999188e-05 3.106628608531281e-05 -0.01019195468843578 0.0 -1552.9272265189181 0.12568995996798693
640.0 -0.01160629138931668 3.5669967615120583e-05 3.1368693953659485e-05 -0.010386670022448686 0.0 -1577.8472660739574 0.12753902500177317
650.0 -0.011965436872642954 3.615863974095491e-05 3.166804152243685e-05 -0.010578541032961727 0.0 -1601.4151995458774 0.12937880453314937
660.0 -0.012329454473707813 3.664439877047837e-05 3.19645295157045e-05 -0.010767501572407119 0.0 -1623.5775530598194 0.1312093475835111
670.0 -0.01269831529131693 3.712729080687698e-05 3.225835449054415e-05 -0.010953488632788135 0.0 -1644.2813986707085 0.13303070907300352
680.0 -0.013071990889574892 3.7607362785582135e-05 3.254970884682962e-05 -0.011136442141024877 0.0 -1663.4743222707984 0.13484294934144475
690.0 -0.013450453305626553 3.808466236500415e-05 3.283878082598335e-05 -0.011316304768460642 0.0 -1681.1043932565033 0.13664613370437478
700.0 -0.01383367505641786 3.855923782508356e-05 3.3125754507601354e-05 -0.011493021753571054 0.0 -1697.1201359759978 0.13844033204131828
710.0 -0.014221629144373082 3.903113797289146e-05 3.3410809794176546e-05 -0.011666540736984237 0.0 -1711.4705029709294 0.14022561841358233
720.0 -0.014614289062276242 3.950041205458427e-05 3.3694122389604785e-05 -0.011836811608096886 0.0 -1724.1048500284626 0.14200207070909066
730.0 -0.015011628797225285 3.996710967314779e-05 3.3975863776802837e-05 -0.01200378636158969 0.0 -1734.9729130351375 0.14376977031217425
740.0 -0.015413622833790441 4.043128071128395e-05 3.425620118626682e-05 -0.012167418965983176 0.0 -1744.0247866685274 0.14552880179566757
750.0 -0.015820246156469153 4.0892975259153486e-05 3.453529756285434e-05 -0.012327665238763767 0.0 -1751.21090486459 0.14727925263436378
760.0 -0.016231474251430456 4.1352243546375544e-05 3.4813311532211344e-05 -0.012484482732297839 0.0 -1756.482023106306 0.1490212129371286
770.0 -0.01664728310754171 4.180913587803123e-05 3.5090397363291005e-05 -0.01263783062704897 0.0 -1759.7892024829553 0.15075477519666658
780.0 -0.01706764921688375 4.2263702574315456e-05 3.536670493176075e-05 -0.012787669632550567 0.0 -1761.0837955082147 0.15248003405530097
790.0 -0.01749254957451285 4.271599391353033e-05 3.564237968483042e-05 -0.012933961896472545 0.0 -1760.3174336841835 0.15419708608530297
800.0 -0.017921961677910048 4.3166060078361434e-05 3.591756260288292e-05 -0.013076670915756556 0.0 -1757.4420166835214 0.15590602958359842
810.0 -0.018355863525638227 4.361395110478113e-05 3.619239016874332e-05 -0.013215761462694485 0.0 -1752.4097033318612 0.15760696437732813
820.0 -0.018794233615707867 4.4059716833976115e-05 3.6466994337303046e-05 -0.013351199508030404 0.0 -1745.1729040564526 0.15929999164249947
830.0 -0.019237050943363698 4.450340686668127e-05 3.6741502507808835e-05 -0.013482952154387398 0.0 -1735.6842749785837 0.16098521373233
840.0 -0.019684294998480567 4.49450705199879e-05 3.7016037499348894e-05 -0.013610987573395083 0.0 -1723.8967134921943 0.16266273401563275
850.0 -0.020135945762515206 4.538475678644992e-05 3.72907175329118e-05 -0.01373527494771137 0.0 -1709.7633552986294 0.16433265672423827
860.0 -0.020591983705063654 4.582251429538471e-05 3.756565621735319e-05 -0.0138557844175087 0.0 -1693.2375728347954 0.16599508680882177
870.0 -0.02105238978004209 4.6258391276273477e-05 3.7840962538737696e-05 -0.013972487031120175 0.0 -1674.2729750315295 0.16765012980254698
880.0 -0.02151714542153016 4.66924355241758e-05 3.811674085767436e-05 -0.014085354699568594 0.0 -1652.8234083378802 0.1692978916919943
890.0 -0.021986232539237704 4.7124694367083666e-05 3.8393090910382456e-05 -0.014194360154742675 0.0 -1628.842958943758 0.170938478794889
900.0 -0.02245963351368374 4.755521463514879e-05 3.8670107815086395e-05 -0.014299476910954621 0.0 -1602.2859561317018 0.17257199764420014
910.0 -0.02293733119109831 4.798404263172078e-05 3.894788208640421e-05 -0.014400679229678415 0.0 -1573.1069766894614 0.1741985548782145
920.0 -0.02341930887797261 4.841122410614317e-05 3.922649965311109e-05 -0.01449794208723861 0.0 -1541.2608503112338 0.17581825713623506
930.0 -0.023905550335445724 4.883680422825425e-05 3.950604188371898e-05 -0.014591241145261627 0.0 -1506.7026659187043 0.17743121095958286
940.0 -0.02439603977332183 4.926082756454832e-05 3.978658561667459e-05 -0.01468055272369049 0.0 -1469.3877788288787 0.17903752269761683
950.0 -0.024890761843987974 4.9683338055950676e-05 4.006820319570892e-05 -0.01476585377618956 0.0 -1429.2718187000564 0.1806372984185076
960.0 -0.025389701636012063 5.010437899716532e-05 4.035096251300274e-05 -0.014847121867774433 0.0 -1386.310698185584 0.18223064382453116
970.0 -0.025892844667602333 5.052399301755476e-05 4.063492705572713e-05 -0.014924335154508963 0.0 -1340.4606222264422 0.18381766417166562
980.0 -0.026400176879860737 5.0942222063513216e-05 4.092015595897891e-05 -0.01499747236510881 0.0 -1291.6780979146633 0.18539846419329906
990.0 -0.026911684629865817 5.135910738229355e-05 4.120670406315696e-05 -0.015066512784326037 0.0 -1239.9199448625275 0.18697314802786685
1000.0 -0.027427354683606353 5.177468950725229e-05 4.1494621975601834e-05 -0.015131436237970895 0.0 -1185.1433060109973 0.18854181915025875
1010.0 -0.02794717420880133 5.218900824447287e-05 4.178395613934072e-05 -0.015192223079450494 0.0 -1127.3056588167549 0.1901045803068443
1020.0 -0.02847113076751384 5.2602102660732056e-05 4.2074748904319395e-05 -0.015248854177706944 0.0 -1066.3648267551177 0.1916615334539803
1030.0 -0.0289992123087508 5.301401107277109e-05 4.236703860112101e-05 -0.01530131090643315 0.0 -1002.2789910808117 0.1932127796998734
1040.0 -0.02953140716089564 5.342477103783491e-05 4.266085962214561e-05 -0.015349575134483373 0.0 -935.0067027898979 0.19475841924967874
1050.0 -0.030067704024066444 5.383441934544161e-05 4.295624250492125e-05 -0.01539362921735031 0.0 -864.5068947284052 0.19629855135372665
1060.0 -0.030608091962413653 5.424299201034495e-05 4.3253214017013876e-05 -0.015433455989639052 0.0 -790.7388937955767 0.19783327425877303
1070.0 -0.031152560396332518 5.465052426665212e-05 4.355179724573333e-05 -0.015469038758440943 0.0 -713.6624331922706 0.19936268516217764
1080.0 -0.031701099094636476 5.505705056305883e-05 4.385201169103681e-05 -0.015500361297523984 0.0 -633.2376646670228 0.20088688016891904
1090.0 -0.03225369816668078 5.5462604559163776e-05 4.415387335860998e-05 -0.015527407842260624 0.0 -549.4251707151514 0.20240595425135857
1100.0 -0.03281034805446836 5.58672191228237e-05 4.445739485721134e-05 -0.015550163085231883 0.0 -462.1859766893426 0.20392000121167167
1110.0 -0.033371039524695334 5.6270926328511715e-05 4.476258549672707e-05 -0.015568612172424235 0.0 -371.48156278086867 0.20542911364686633
1120.0 -0.03393576366086393 5.667375745664075e-05 4.506945138871288e-05 -0.015582740699957166 0.0 -277.2738758337074 0.20693338291631494
1130.0 -0.034504511855281805 5.7075742993811656e-05 4.537799554782396e-05 -0.015592534711298645 0.0 -179.52534095971865 0.20843289911172114
1140.0 -0.035077275801175034 5.7476912633952e-05 4.5688217994310774e-05 -0.015597980694885447 0.0 -78.19887291691737 0.20992775102945654
1150.0 -0.035654047484737106 5.787729528030178e-05 4.600011585615959e-05 -0.015599065582128237 0.0 26.74211277178991 0.21141802614519123
1160.0 -0.03623481917727389 5.8276919048214386e-05 4.6313683475496247e-05 -0.015595776745705007 0.0 135.333688995749 0.21290381059075703
1170.0 -0.0368195834272953 5.8675811268731145e-05 4.662891251072665e-05 -0.015588101998169459 0.0 247.61140654781278 0.2143851891331715
1180.0 -0.03740833305274549 5.907399849289326e-05 4.694579204223004e-05 -0.015576029590739806 0.0 363.6102839578784 0.21586224515576213
1190.0 -0.0380010611331727 5.9471506496754965e-05 4.726430867769693e-05 -0.015559548212320806 0.0 483.3647976865817 0.21733506064132313
1200.0 -0.03859776100205181 5.9868360287061676e-05 4.758444665373673e-05 -0.015538646988654179 0.0 606.908872701555 0.2188037161572458
1210.0 -0.03919842623909986 6.026458410755518e-05 4.790618794334733e-05 -0.015513315481597758 0.0 734.2758734492273 0.22026829084255667
1220.0 -0.03980305066267675 6.066020144587437e-05 4.8229512355923986e-05 -0.015483543688498056 0.0 865.4985952419021 0.22172886239680575
1230.0 -0.04041162832228551 6.10552350410134e-05 4.85543976417091e-05 -0.015449322041609188 0.0 1000.609256070619 0.22318550707074275
1240.0 -0.041024153491093784 6.14497068913039e-05 4.888081959268931e-05 -0.015410641407563638 0.0 1139.6394888537143 0.2246382996587203
1250.0 -0.04164062065860108 6.184363826289051e-05 4.9208752143670155e-05 -0.01536749308683888 0.0 1282.6203341363002 0.22608731349276925
1260.0 -0.042261024523320145 6.223704969866324e-05 4.95381674717521e-05 -0.015319868813221768 0.0 1429.5822332425785 0.2275326204382832
1270.0 -0.04288535998562537 6.262996102761777e-05 4.9869036091720886e-05 -0.015267760753234964 0.0 1580.5550218918222 0.22897429089125726
1280.0 -0.043513622140672226 6.302239137461113e-05 5.0201326955878756e-05 -0.015211161505508325 0.0 1735.5679242813756 0.23041239377702355
1290.0 -0.04414580627135578 6.341435917048315e-05 5.0535007548013765e-05 -0.015150064100107065 0.0 1894.6495476394668 0.23184699655042595
1300.0 -0.04478190784147529 6.38058821625135e-05 5.087004397559269e-05 -0.01508446199773948 0.0 2057.8278772526523 0.23327816519737948
1310.0 -0.04542192248891652 6.419697742518732e-05 5.1206401062842134e-05 -0.015014349088910584 0.0 2225.1302719663286 0.2347059642377587
1320.0 -0.046065846018993994 6.458766137124324e-05 5.15440424363689e-05 -0.014939719693187888 0.0 2396.5834601471206 0.23613045672955726
1330.0 -0.04671367439791041 6.49779497629443e-05 5.188293062303728e-05 -0.014860568556417722 0.0 2572.2135362131157 0.23755170427429198
1340.0 -0.04736540374622322 6.53678577236795e-05 5.222302712244442e-05 -0.014776890854270886 0.0 2752.0459573180233 0.23896976702349929
1350.0 -0.04802103033266647 6.575739974957127e-05 5.2564292497692124e-05 -0.014688682183639683 0.0 2936.1055410902813 0.24038470368647874
1360.0 -0.0486805505677772 6.614658972149959e-05 5.290668646171781e-05 -0.014595938568216761 0.0 3124.4164631322838 0.24179657153896011
1370.0 -0.04934396099790206 6.653544091707332e-05 5.3250167944263185e-05 -0.014498656451875251 0.0 3317.0022555694486 0.24320542643287912
1380.0 -0.050011258299207384 6.692396602286501e-05 5.359469518122495e-05 -0.014396832699370105 0.0 3513.8858056806243 0.24461132280706976
1390.0 -0.050682439271810154 6.731217714670675e-05 5.394022578428803e-05 -0.014290464593966129 0.0 3715.089355118977 0.2460143136988901
1400.0 -0.05135750083407231 6.770008583007492e-05 5.4286716815354905e-05 -0.014179549835062295 0.0 3920.634499559986 0.2474144507567053
1410.0 -0.052036440016962615 6.80877030605559e-05 5.463412485529062e-05 -0.01406408653608528 0.0 4130.542188759152 0.24881178425319267
1420.0 -0.052719253958649404 6.847503928435838e-05 5.4982406073733615e-05 -0.01394407322207962 0.0 4344.8327270343525 0.2502063630994156
1430.0 -0.053405939899075605 6.886210441886114e-05 5.5331516296242e-05 -0.01381950882715175 0.0 4563.525774160561 0.2515982348596262
1440.0 -0.05409649517478954 6.924890786517599e-05 5.568141106664371e-05 -0.013690392691753114 0.0 4786.640346664661 0.25298744576674764
1450.0 -0.05479091721380058 6.963545852070992e-05 5.603204571009712e-05 -0.013556724559803897 0.0 5014.194819510445 0.2543740407384961
1460.0 -0.05548920353064091 7.002176479171699e-05 5.6383375389046364e-05 -0.013418504575785022 0.0 5246.206928159879 0.25575806339410134
1470.0 -0.056191351721505356 7.040783460579221e-05 5.673535516805828e-05 -0.013275733280781878 0.0 5482.6937710492875 0.2571395560715499
1480.0 -0.056897359459490815 7.079367542440351e-05 5.708794006107354e-05 -0.01312841161120371 0.0 5723.671812274688 0.25851855984544364
1490.0 -0.0576072244900665 7.117929425523237e-05 5.744108508061174e-05 -0.012976540892721105 0.0 5969.156884870958 0.2598951145451651
1500.0 -0.05832094462657267 7.156469766454099e-05 5.7794745304917686e-05 -0.012820122837498659 0.0 6219.164194243856 0.26126925877359203
1510.0 -0.0590385177458046 7.194989178949107e-05 5.814887591313322e-05 -0.012659159542149776 0.0 6473.708321878508 0.2626410299262735
1520.0 -0.05975994178385946 7.23348823502389e-05 5.850343222881804e-05 -0.012493653481446498 0.0 6732.803229580104 0.2640104642107731
1530.0 -0.06048521473201873 7.271967466204156e-05 5.88583697735956e-05 -0.012323607505506099 0.0 6996.4622638226 0.26537759666650507
1540.0 -0.061214334632719414 7.310427364720434e-05 5.921364430463427e-05 -0.012149024835403961 0.0 7264.698160461237 0.2667424611847944
1550.0 -0.061947299575717096 7.348868384691303e-05 5.956921185443775e-05 -0.011969909058872937 0.0 7537.523049710511 0.26810509052920783
1560.0 -0.06268410769432009 7.387290943293716e-05 5.992502876956962e-05 -0.01178626412590548 0.0 7814.948461384769 0.2694655163561118
1570.0 -0.06342475716174789 7.425695421919441e-05 6.028105174600284e-05 -0.011598094344231012 0.0 8096.985330390775 0.2708237692354255
1580.0 -0.0641692461876282 7.464082167317114e-05 6.0637237863048196e-05 -0.011405404374688176 0.0 8383.64400246118 0.27217987867154214
1590.0 -0.06491757301458279 7.502451492719011e-05 6.099354461746032e-05 -0.011208199226504033 0.0 8674.934240112761 0.2735338731243856
1600.0 -0.0656697359149021 7.540803678952057e-05 6.117172286828066e-05 -0.011006484252451272 0.0 8970.86522882398 0.2748857800305773
