0.0 0.0 0.0 2.238236490370582e-07 0.0 0.0 0.0 0.0
10.0 -2.235976452880095e-06 4.4742129443660186e-07 4.4743882448017304e-07 -5.667673388683084e-07 0.0 -0.0018070273774270847 0.0015782099021323496
20.0 -8.947210094589764e-06 8.947993292176941e-07 8.942785786558715e-07 -2.467375739282836e-06 0.0 -0.017853121422648645 0.0031563726373739923
30.0 -2.0130743806134888e-05 1.3418183956052482e-06 1.3399924947421482e-06 -6.5844722192211674e-06 0.0 -0.07895950820398129 0.004733821872016071
40.0 -3.578159864403574e-05 1.7882556256780763e-06 1.784648174485426e-06 -1.3816329112669883e-05 0.0 -0.2267621128574234 0.006309716514788675
50.0 -5.589425550311944e-05 2.2342205411039377e-06 2.2294825532398477e-06 -2.4674773183758505e-05 0.0 -0.5038198552471327 0.007883893658562109
60.0 -8.046559014474042e-05 2.6800644599200564e-06 2.6763171659283104e-06 -3.947243288920439e-05 0.0 -0.9569021679122502 0.009456847279079833
70.0 -0.00010949679069938156 3.1262843653032924e-06 3.1271422686884875e-06 -5.851792444514203e-05 0.0 -1.6439066680721812 0.011029524109427176
80.0 -0.0001429944106057235 3.5734441678469743e-06 3.583796937078887e-06 -8.220578219839216e-05 0.0 -2.6381829861504875 0.01260314955917484
90.0 -0.0001809706942950129 4.022108310101461e-06 4.047735466095048e-06 -0.00011102761620936342 0.0 -4.02892855723186 0.014179083114283227
100.0 -0.00022344331624779556 4.472791483939484e-06 4.51990630807586e-06 -0.00014554305479995173 0.0 -5.918550329878056 0.01575869796534443
110.0 -0.0002704347070618951 4.925926243956522e-06 5.000729594684117e-06 -0.0001863374057381212 0.0 -8.41836184378577 0.01734328676914148
120.0 -0.00032197113721821324 5.381846343800073e-06 5.490138354602436e-06 -0.00023398070553942442 0.0 -11.643728093390902 0.01893399453900948
130.0 -0.00037808169660635826 5.840781872864278e-06 5.9876519328483365e-06 -0.00028899452733495174 0.0 -15.709376765406425 0.020531776575534354
140.0 -0.0004387972681918484 6.302862363475607e-06 6.492461059615095e-06 -0.00035182828548766107 0.0 -20.7252775900804 0.022137377320380323
150.0 -0.0005041495596174173 6.768124851181316e-06 7.003513144354656e-06 -0.0004228445403635692 0.0 -26.79328006284384 0.02375132540430286
160.0 -0.0005741702309016716 7.236524728035952e-06 7.519591841642637e-06 -0.0005023119066631809 0.0 -34.00456735103323 0.02537394044280352
170.0 -0.0006488901381622725 7.70794790031013e-06 8.039387791569652e-06 -0.0005904039369653869 0.0 -42.43790248448578 0.027005347800414824
180.0 -0.0007283387011085551 8.182223236236568e-06 8.56155896169497e-06 -0.0006872024259811074 0.0 -52.15859357740067 0.028645498295593787
190.0 -0.0008125433934473847 8.659134618810873e-06 9.084779973633772e-06 -0.0007927037785397104 0.0 -63.21807748640486 0.030294190515606667
200.0 -0.0009015293499423649 9.138432154142725e-06 9.607780526366128e-06 -0.000906827319328398 0.0 -75.65400977081511 0.031951094008228854
210.0 -0.0009953190800686684 9.619842260583143e-06 1.0129373593770197e-05 -0.001029424654555113 0.0 -89.49074863474888 0.033615772108498
220.0 -0.0010939322763867665 1.0103076496128201e-05 1.064847446947681e-05 -0.0011602894068692368 0.0 -104.74012803849699 0.03528770355273614
230.0 -0.0011973857045965985 1.0587839081047349e-05 1.116411197870093e-05 -0.0012991668273826375 0.0 -121.40242731628007 0.03696630234111167
240.0 -0.001305693162482413 1.1073833145074883e-05 1.1675433267477332e-05 -0.00144576294039749 0.0 -139.46745899961448 0.03865093554687908
250.0 -0.00141886549516812 1.15607657782412e-05 1.2181703553615365e-05 -0.0015997529984892976 0.0 -158.91571133633275 0.04034093894702359
260.0 -0.0015369106554388168 1.204835199556269e-05 1.2682302114619403e-05 -0.0017607891203877994 0.0 -179.71949602254665 0.04203563047622991
270.0 -0.001659833798715482 1.2536317742223703e-05 1.3176715629903413e-05 -0.0019285070555305698 0.0 -201.84406422604167 0.04373432159360101
280.0 -0.0017876374039254017 1.3024402071182554e-05 1.3664529817702941e-05 -0.0021025320706790657 0.0 -225.24866474337887 0.04543632670796527
290.0 -0.0019203214124807744 1.3512358622484477e-05 1.4145420128919283e-05 -0.0022824839896669127 0.0 -249.88752702301394 0.047140970840245065
300.0 -0.0020578833791056184 1.399995652563105e-05 1.4619142082494817e-05 -0.0024679814404676066 0.0 -275.7107588892247 0.04884759571637255
310.0 -0.0022003186292351984 1.4486980835235771e-05 1.5085521686053482e-05 -0.0026586453772684928 0.0 -302.66515430015806 0.05055556448663315
320.0 -0.0023476204188952465 1.4973232597506067e-05 1.5544446256932075e-05 -0.0028541019517831705 0.0 -330.6949105822171 0.0522642652610564
330.0 -0.0024997800937214265 1.5458528631963734e-05 1.5995855851969053e-05 -0.003053984809419442 0.0 -359.7422575417913 0.05397311363864217
340.0 -0.0026567872446747742 1.59427011000588e-05 1.643973543270505e-05 -0.003257936884018139 0.0 -389.74800287290145 0.05568155439310052
350.0 -0.0028186298586660996 1.6425596920418652e-05 1.6876107830832153e-05 -0.0034656117605391164 0.0 -420.65199956605295 0.05738906246111711
360.0 -0.002985294462732213 1.6907077079703815e-05 1.7305027528813353e-05 -0.0036766746696534 0.0 -452.39354173924136 0.05909514336208583
370.0 -0.0031567662610001435 1.7387015878532635e-05 1.7726575237730912e-05 -0.0038908031719576295 0.0 -484.91169560830076 0.06079933316163226
380.0 -0.003333029263888676 1.7865300143700532e-05 1.814085322990877e-05 -0.0041076875831547715 0.0 -518.1455723072435 0.06250119807557812
390.0 -0.0035140664094015506 1.834182843091917e-05 1.8547981370886645e-05 -0.004327031185358743 0.0 -552.0345490483743 0.06420033379657739
400.0 -0.003699859676437711 1.881651023642782e-05 1.894809378342188e-05 -0.004548550263724123 0.0 -586.518444757984 0.0658963646126555
410.0 -0.0038903901903744043 1.9289265230974676e-05 1.9341336078859685e-05 -0.004771974002218723 0.0 -621.5376558861552 0.06758894237531687
420.0 -0.004085638321086549 1.976002252571341e-05 1.972786308375163e-05 -0.004997044267373205 0.0 -657.0332576115505 0.06927774536475897
430.0 -0.004285583773839363 2.0228719976372934e-05 2.0107836991378748e-05 -0.0052235153044883735 0.0 -692.9470751757217 0.0709624770909281
440.0 -0.004490205673459258 2.069530352953949e-05 2.0481425885421346e-05 -0.00545115336686863 0.0 -729.2217296031728 0.07264286506160414
450.0 -0.00469948264210629 2.1159726612918097e-05 2.084880256862931e-05 -0.005679736295303243 0.0 -765.8006616103287 0.07431865954226252
460.0 -0.004913392871259248 2.1621949569933262e-05 2.1210143644623257e-05 -0.005909053062083203 0.0 -802.6281370844798 0.07598963232702836
470.0 -0.005131914188215347 2.208193913790261e-05 2.156562881054924e-05 -0.006138903291331127 0.0 -839.6492371261731 0.07765557553549102
480.0 -0.00535502411760902 2.2539667968193394e-05 2.1915440316711e-05 -0.006369096765291218 0.0 -876.809835300707 0.0793163004463601
490.0 -0.005582699938305069 2.299511418620568e-05 2.2259762555520977e-05 -0.006599452924416788 0.0 -914.0565644285259 0.08097163637583192
500.0 -0.0058149187360925225 2.3448260988649545e-05 2.259878174797336e-05 -0.0068298003675572715 0.0 -951.3367749674909 0.0826214296059894
510.0 -0.006051657452545101 2.389909627536962e-05 2.2932685706855693e-05 -0.007059976357301011 0.0 -988.5984867902098 0.08426554236649761
520.0 -0.006292892930325422 2.4347612312875295e-05 2.326166364863269e-05 -0.0072898263343984925 0.0 -1025.790335942264 0.08590385187122304
530.0 -0.0065386019553024255 2.479380542673208e-05 2.3585906036061032e-05 -0.0075192034443666384 0.0 -1062.8615177717586 0.08753624941009747
540.0 -0.0067887612957271415 2.523767572003461e-05 2.3905604443541506e-05 -0.0077479680786217 0.0 -1099.7617276507294 0.08916263949554507
550.0 -0.007043347738676431 2.5679226815301122e-05 2.422095142655678e-05 -0.007975987431855831 0.0 -1136.4411003560783 0.09078293906203316
560.0 -0.007302338124052454 2.6118465617278494e-05 2.453214038702356e-05 -0.008203135076894736 0.0 -1172.8501490433666 0.09239707671674008
570.0 -0.007565709376283536 2.655540209432082e-05 2.4839365428697136e-05 -0.00842929055790058 0.0 -1208.939704625701 0.0940049920389305
580.0 -0.007833438533996429 2.6990049076192892e-05 2.5142821204937606e-05 -0.008654339002400032 0.0 -1244.660856262565 0.09560663492537139
590.0 -0.008105502777564055 2.7422422066339994e-05 2.5442702741251822e-05 -0.008878170752359542 0.0 -1279.9648935678536 0.09720196497896391
600.0 -0.00838187945509361 2.7852539066861455e-05 2.5739205242736318e-05 -0.009100681014371836 0.0 -1314.8032510554262 0.09879095093768696
610.0 -0.00866254610647843 2.8280420414608553e-05 2.6032523883934288e-05 -0.009321769528768504 0.0 -1349.1274552659372 0.10037357014095609
620.0 -0.008947480486046544 2.870608862701007e-05 2.632285357826447e-05 -0.009541340257395206 0.0 -1382.8890749441168 0.10194980803054297
630.0 -0.009236660583535894 2.91295682564009e-05 2.6610388729153556e-05 -0.009759301089656149 0.0 -1416.039674569724 0.10351965768329457
640.0 -0.009530064643858083 2.9550885751785045e-05 2.6895322965003742e-05 -0.00997556356634375 0.0 -1448.5307714878838 0.1050831193730105
650.0 -0.009827671185323794 2.9970069327109885e-05 2.7177848865989064e-05 -0.010190042620746076 0.0 -1480.3137968303026 0.1066402001589696
660.0 -0.010129459016674502 3.0387148835270692e-05 2.7458157671311768e-05 -0.010402656336419704 0.0 -1511.340060365376 0.10819091349876388
670.0 -0.01043540725288139 3.08021556471732e-05 2.7736438983794187e-05 -0.01061332572104953 0.0 -1541.5607193771837 0.10973527888324275
680.0 -0.010745495329729238 3.1215122535304994e-05 2.8012880467898072e-05 -0.01082197449573297 0.0 -1570.9267516244327 0.11127332149155286
690.0 -0.011059703017252787 3.16260835613514e-05 2.8287667542770124e-05 -0.011028528899058311 0.0 -1599.388932400629 0.11280507186441024
700.0 -0.011378010432107288 3.203507396748567e-05 2.8560983076708625e-05 -0.011232917505311373 0.0 -1626.897815678179 0.11433056559391279
710.0 -0.011700398048816396 3.244213007103243e-05 2.8833007082518237e-05 -0.01143507105617488 0.0 -1653.4037192922312 0.11584984302835163
720.0 -0.012026846710050165 3.2847289162272474e-05 2.9103916418193876e-05 -0.011634922305243328 0.0 -1678.8567140917646 0.11736294899063922
730.0 -0.012357337635823029 3.3250589405207226e-05 2.937388449719691e-05 -0.01183240587473786 0.0 -1703.2066169638174 0.11886993250910334
740.0 -0.012691852431725437 3.365206974115521e-05 2.964308100175117e-05 -0.012027458123769853 0.0 -1726.402987612615 0.12037084655954347
750.0 -0.013030373096299286 3.405176979508476e-05 2.991167161159325e-05 -0.012220017027540792 0.0 -1748.3951289618167 0.12186574781756107
760.0 -0.013372882027354649 3.4449729784624504e-05 3.0179817746756042e-05 -0.012410022066888777 0.0 -1769.1320910295117 0.12335469642029406
770.0 -0.013719362027472926 3.484599043171834e-05 3.0447676320832785e-05 -0.012597414127564226 0.0 -1788.5626781139517 0.12483775573679953
780.0 -0.014069796308614713 3.524059287691184e-05 3.071539951058355e-05 -0.012782135408691716 0.0 -1806.6354591170075 0.1263149921464157
790.0 -0.014424168495892786 3.5633578596271815e-05 3.098313454241719e-05 -0.012964129339854049 0.0 -1823.298780825264 0.12778647482452948
800.0 -0.014782462630538618 3.602498932095596e-05 3.125102349912368e-05 -0.013143340506268508 0.0 -1838.5007839594666 0.12925227553525587
810.0 -0.015144663172016237 3.6414866959454395e-05 3.1519203139040997e-05 -0.013319714581541381 0.0 -1852.1894218004968 0.1307124684306052
820.0 -0.01551075499946819 3.680325352253175e-05 3.178780473742648e-05 -0.013493198267503436 0.0 -1864.3124811961748 0.1321671298557809
830.0 -0.015880723412355024 3.719019105089918e-05 3.2056953947545705e-05 -0.013663739240657712 0.0 -1874.8176057522278 0.13361633816030513
840.0 -0.01625455413038779 3.7575721545649e-05 3.232677067721568e-05 -0.013831286104771297 0.0 -1883.6523210088787 0.13506017351472316
850.0 -0.01663223329282104 3.795988690147861e-05 3.259736898648668e-05 -0.0139957883491876 0.0 -1890.7640614083589 0.1364987177326778
860.0 -0.017013747457063744 3.834272884273213e-05 3.2868857005574624e-05 -0.014157196312440829 0.0 -1896.1001988575047 0.13793205409818432
870.0 -0.017399083596636444 3.8724288862279376e-05 3.314133686789233e-05 -0.014315461150763303 0.0 -1899.6080726961466 0.13936026719797273
880.0 -0.01778822909861333 3.910460816324949e-05 3.341490466333141e-05 -0.014470534811109353 0.0 -1901.2350208839016 0.14078344275878724
890.0 -0.01818117176041767 3.94837276036315e-05 3.3689650412505046e-05 -0.01462237000834974 0.0 -1900.9284122216645 0.1422016674895581
900.0 -0.018577899786073715 3.986168764374333e-05 3.3965658050405525e-05 -0.01477092020625789 0.0 -1898.6356794340013 0.1436150289283844
910.0 -0.018978401782053567 4.0238528296568455e-05 3.424300543386494e-05 -0.014916139602010683 0.0 -1894.3043529402207 0.14502361529427252
920.0 -0.019382666752505884 4.0614289080953546e-05 3.452176436393728e-05 -0.015057983113827726 0.0 -1887.8820951483913 0.14642751534360549
930.0 -0.019790684094108002 4.09890089776457e-05 3.4802000619471586e-05 -0.015196406371528366 0.0 -1879.316735119656 0.1478268182313037
940.0 -0.020202443590502384 4.136272638815436e-05 3.508377401058027e-05 -0.015331365709668518 0.0 -1868.5563034464028 0.14922161337667117
950.0 -0.020617935406267662 4.173547909640134e-05 3.536713844205508e-05 -0.01546281816303096 0.0 -1855.5490672083888 0.1506119903339057
960.0 -0.02103715008060192 4.210730423313068e-05 3.565214199188205e-05 -0.015590721464202493 0.0 -1840.2435648654505 0.15199803866726855
970.0 -0.021460078520590287 4.2478238243032834e-05 3.5938827001480433e-05 -0.015715034043018473 0.0 -1822.5886409636678 0.15337984783090228
980.0 -0.021886711994213215 4.2848316854537806e-05 3.6227230175001066e-05 -0.015835715027651895 0.0 -1802.5334805339419 0.15475750705329017
990.0 -0.022317042123052744 4.321757505222646e-05 3.6517382694079005e-05 -0.015952724247122047 0.0 -1780.027643070241 0.15613110522635026
1000.0 -0.0227510608746897 4.3586047051802246e-05 3.68093103377376e-05 -0.016066022235070896 0.0 -1755.0210959843087 0.15750073079914917
1010.0 -0.023188760554933907 4.3953766277562525e-05 3.7103033611707303e-05 -0.016175570234587287 0.0 -1727.4642474402035 0.15886647167622453
1020.0 -0.023630133799802167 4.4320765342303593e-05 3.7398567889468384e-05 -0.01628133020393423 0.0 -1697.3079784806216 0.16022841512049824
1030.0 -0.024075173567286612 4.4687076029594995e-05 3.769592355507001e-05 -0.01638326482301178 0.0 -1664.5036743593332 0.1615866476607593
1040.0 -0.02452387312902715 4.505272927834442e-05 3.7995106155896964e-05 -0.01648133750041675 0.0 -1629.0032550128533 0.1629412550036875
1050.0 -0.024976226061752982 4.5417755169586344e-05 3.829611655952192e-05 -0.016575512380959122 0.0 -1590.7592045962901 0.16429232195039006
1060.0 -0.025432226238702782 4.578218291541849e-05 3.859895111837375e-05 -0.01666575435318343 0.0 -1549.7246000210387 0.16563993231745144
1070.0 -0.025891867820789116 4.614604084996996e-05 3.890360183422814e-05 -0.016752029059194255 0.0 -1505.8531384923422 0.1669841688621701
1080.0 -0.0263551452479156 4.6509356422445125e-05 3.921005652696152e-05 -0.01683430289901649 0.0 -1459.099163830082 0.16832511321283894
1090.0 -0.026822053229995646 4.687215619194106e-05 3.9518299011476186e-05 -0.016912543043135362 0.0 -1409.4176918357794 0.16966284580239824
1100.0 -0.027292586738067115 4.7234465824200775e-05 3.9828309269118736e-05 -0.016986717437926013 0.0 -1356.7644343336679 0.170997445807191
1110.0 -0.0277667409953537 4.759631009004884e-05 4.0140063623894664e-05 -0.017056794814484275 0.0 -1301.0958220937355 0.17232899108951424
1120.0 -0.028244511468329847 4.795771286550209e-05 4.045353492294623e-05 -0.017122744696249397 0.0 -1242.369026508816 0.17365755814442918
1130.0 -0.028725893857743046 4.831869713345354e-05 4.07686927129447e-05 -0.017184537406465594 0.0 -1180.5419800334853 0.17498322205062872
1140.0 -0.029210884089717837 4.867928498684954e-05 4.10855034163049e-05 -0.01724214407527072 0.0 -1115.5733953686215 0.17630605642530003
1150.0 -0.02969947830688824 4.9039497633281034e-05 4.140393051006441e-05 -0.017295536646391958 0.0 -1047.4227833798411 0.17762613338290031
1160.0 -0.030191672859558594 4.9399355400905305e-05 4.1723934703163935e-05 -0.017344687883370426 0.0 -976.0504697483227 0.17894352349775924
1170.0 -0.03068746429692837 4.9758877745620924e-05 4.204547410804338e-05 -0.017389571375320524 0.0 -901.4176103517605 0.1802582957704167
1180.0 -0.031186849358459057 5.01180832594183e-05 4.2368504415257743e-05 -0.017430161542117524 0.0 -823.4862053767729 0.18157051759760864
1190.0 -0.031689824965237534 5.04769896798256e-05 4.26929790656061e-05 -0.017466433639072014 0.0 -742.2191121750684 0.18288025474579533
1200.0 -0.03219638821149218 5.083561390038016e-05 4.3018849415332736e-05 -0.017498363760980212 0.0 -657.5800568661139 0.1841875713281425
1210.0 -0.032706536356215565 5.119397198204605e-05 4.3346064903104776e-05 -0.017525928845584873 0.0 -569.533644706981 0.18549252978484634
1220.0 -0.033220266814897315 5.1552079165511844e-05 4.367457321254875e-05 -0.017549106676408383 0.0 -478.0453692391529 0.18679519086670365
1230.0 -0.03373757715136705 5.190994988429155e-05 4.4004320425905516e-05 -0.017567875885943846 0.0 -383.0816202634122 0.1880956136217415
1240.0 -0.03425846506989316 5.226759777858015e-05 4.4335251186389256e-05 -0.017582215953204777 0.0 -284.6096904956831 0.1893938553852583
1250.0 -0.03478292840715014 5.2625035709752834e-05 4.466730884828962e-05 -0.01759210721061088 0.0 -182.59778134342707 0.19068997177201827
1260.0 -0.03531096512462639 5.298227577550736e-05 4.500043561836975e-05 -0.017597530840234587 0.0 -77.01500727382015 0.19198401667202886
1270.0 -0.03584257330102503 5.333932932553766e-05 4.5334572702948606e-05 -0.017598468874362998 0.0 32.16860078315842 0.19327604224863057
1280.0 -0.03637775112488839 5.369620697770204e-05 4.5669660445746275e-05 -0.017594904194439886 0.0 144.98209313458003 0.19456609893925408
1290.0 -0.03691649688733989 5.4052918634623255e-05 4.6005638463775254e-05 -0.017586820529321565 0.0 261.45360006871005 0.19585423545865618
1300.0 -0.037458808975021185 5.4409473500668084e-05 4.634244577470525e-05 -0.017574202452927366 0.0 381.6103316128198 0.19714049880452272
1310.0 -0.03800468586320349 5.476588009925182e-05 4.6680020922451604e-05 -0.017557035381226348 0.0 505.478578271044 0.1984249342653287
1320.0 -0.03855412610905873 5.512214629041822e-05 4.7018302099033346e-05 -0.017535305568620773 0.0 633.083712708444 0.1997075854303453
1330.0 -0.03910712834510477 5.547827928864847e-05 4.7357227258437716e-05 -0.017509000103712924 0.0 764.450192349282 0.200988494201684
1340.0 -0.039663691272878054 5.583428568085125e-05 4.769673422870824e-05 -0.017478106904487097 0.0 899.6015628517131 0.20226770080826992
1350.0 -0.040223813656691476 5.619017144449179e-05 4.803676081817087e-05 -0.01744261471289629 0.0 1038.560462425472 0.2035452438216376
1360.0 -0.040787494317687134 5.6545941965819305e-05 4.8377244916153474e-05 -0.017402513088914637 0.0 1181.3486269564248 0.20482116017344346
1370.0 -0.041354732127970806 5.6901602058150665e-05 4.871812459068536e-05 -0.01735779240401155 0.0 1327.9868959003054 0.20609548517458964
1380.0 -0.041925526005005764 5.725715598017906e-05 4.905933817980213e-05 -0.017308443834141016 0.0 1478.4952189139963 0.2073682525358596
1390.0 -0.042499874906138047 5.7612607454265915e-05 4.9400824379652875e-05 -0.017254459352192407 0.0 1632.892663182211 0.20863949438996154
1400.0 -0.04307777782333133 5.796795968468934e-05 4.974252232443632e-05 -0.017195831719977104 0.0 1791.1974214096133 0.20990924131488453
1410.0 -0.04365923377810432 5.832321537580408e-05 5.0084371672554086e-05 -0.017132554478758756 0.0 1953.4268204714908 0.21117752235849468
1420.0 -0.04424424181652853 5.867837675015039e-05 5.042631267162534e-05 -0.017064621944309882 0.0 2119.5973304923878 0.21244436506411785
1430.0 -0.0448328010046275 5.9033445566322135e-05 5.07682862270542e-05 -0.016992029191591148 0.0 2289.7245748081887 0.21370979549742672
1440.0 -0.04542491042374408 5.93884231367858e-05 5.111023397539327e-05 -0.016914772049010936 0.0 2463.8233401247153 0.21497383827398622
1450.0 -0.04602056916620256 5.974331034546349e-05 5.145209833994358e-05 -0.01683284708729847 0.0 2641.907587324863 0.21623651658779514
1460.0 -0.04661977633106318 6.009810766512763e-05 5.179382258599929e-05 -0.01674625160906016 0.0 2823.9904627004476 0.2174978522405679
1470.0 -0.04722253102017859 6.045281517457076e-05 5.213535087680299e-05 -0.01665498363796713 0.0 3010.0843096030617 0.21875786567170283
1480.0 -0.04782883233423263 6.080743257553684e-05 5.247662831973088e-05 -0.016559041907666498 0.0 3200.200680484933 0.2200165759888586
1490.0 -0.048438679369162685 6.11619592093951e-05 5.281760100963595e-05 -0.01645842585038124 0.0 3394.3503492974387 0.22127400099906297
1500.0 -0.04905207121256083 6.151639407354251e-05 5.315821607450033e-05 -0.016353135585255352 0.0 3592.5433242170634 0.2225301572402802
1510.0 -0.04966900694033072 6.187073583752079e-05 5.349842170723207e-05 -0.0162431719064892 0.0 3794.7888606660904 0.22378506001336596
1520.0 -0.05028948561353275 6.222498285883508e-05 5.383816720243573e-05 -0.01612853627120035 0.0 4001.0954746036964 0.22503872341434245
1530.0 -0.050913506275275466 6.257913319846417e-05 5.417740298820917e-05 -0.01600923078710525 0.0 4211.470956055674 0.22629116036692842
1540.0 -0.05154106794785562 6.293318463605158e-05 5.451608064852564e-05 -0.01588525820001572 0.0 4425.922382856037 0.22754238265526125
1550.0 -0.052172169630051 6.328713468477098e-05 5.4854152949346256e-05 -0.01575662188119169 0.0 4644.45613457469 0.22879240095675202
1560.0 -0.05280681029448786 6.364098060585602e-05 5.5191573862423124e-05 -0.015623325814544588 0.0 4867.077906604206 0.23004122487501633
1570.0 -0.05344498888518956 6.399471942279087e-05 5.552829857986552e-05 -0.015485374583740738 0.0 5093.792724382262 0.2312888629728272
1580.0 -0.05408670431529572 6.43483479351541e-05 5.586428353296924e-05 -0.015342773359164525 0.0 5324.604957726815 0.2325353228050382
1590.0 -0.05473195546484888 6.470186273213832e-05 5.619948639150607e-05 -0.015195527885846973 0.0 5559.518335221645 0.23378061095145317
1600.0 -0.05538074117886893 6.505526020558996e-05 5.653386609196787e-05 -0.015043644466273876 0.0 5798.535958849382 0.2350247330494473
1610.0 -0.056033060265267665 6.540853656295662e-05 5.686738284271797e-05 -0.014887129953607416 0.0 6041.6603182993595 0.2362676938266753
1620.0 -0.05668891149320743 6.576168783959131e-05 5.7199998110846197e-05 -0.014725991733495255 0.0 6288.89330570446 0.2375094971332947
1630.0 -0.05734829359139226 6.611470991085961e-05 5.753167464384035e-05 -0.014560237712351818 0.0 6540.23623015269 0.23875014597409353
1640.0 -0.058011205246515374 6.646759850385551e-05 5.786237646372427e-05 -0.01438987630419552 0.0 6795.689832241709 0.23998964254030458
1650.0 -0.058677645101859355 6.682034920875261e-05 5.819206886510386e-05 -0.014214916417275247 0.0 7055.254298610688 0.24122798824109315
1660.0 -0.05934761175596037 6.717295748980112e-05 5.852071841392359e-05 -0.014035367440849015 0.0 7318.929276420666 0.24246518373469694
1670.0 -0.06002110376141445 6.752541869597317e-05 5.884829294036109e-05 -0.013851239232001414 0.0 7586.713887778345 0.24370122895918941
1680.0 -0.060698119623786795 6.787772807125228e-05 5.917476153491918e-05 -0.013662542102502933 0.0 7858.606744079438 0.2449361231628333
1690.0 -0.06137865780057794 6.822988076457724e-05 5.9500094538478265e-05 -0.013469286805758636 0.0 8134.605960265891 0.24616986493400622
1700.0 -0.0620627167003569 6.858187183943837e-05 5.9824263532881615e-05 -0.01327148452380922 0.0 8414.70916897984 0.2474024522306692
1710.0 -0.06275029468193694 6.893369628313103e-05 6.0147241330454906e-05 -0.013069146854429859 0.0 8698.913534600671 0.24863388240936032
1720.0 -0.06344139005366145 6.928534901567321e-05 6.0469001962104585e-05 -0.012862285798331556 0.0 8987.215767158556 0.24986415225369463
1730.0 -0.06413600107275386 6.9636824898389e-05 6.078952066204124e-05 -0.012650913746461804 0.0 9279.612136110089 0.25109325800235116
1740.0 -0.06483412594482729 6.998811874216288e-05 6.110877385374635e-05 -0.012435043467422153 0.0 9576.098483965654 0.2523211953765321
1750.0 -0.06553576282336948 7.03392253153723e-05 6.142673913771546e-05 -0.012214688095023829 0.0 9876.67023976205 0.2535479596068826
1760.0 -0.06624090980935193 7.069013935150091e-05 6.174339527031947e-05 -0.011989861115951551 0.0 10181.32243236983 0.25477354545985387
1770.0 -0.06694956495095994 7.104085555644173e-05 6.205872214781749e-05 -0.011760576357597129 0.0 10490.049703628536 0.25599794726350583
1780.0 -0.06766172624332967 7.139136861549241e-05 6.23727007898367e-05 -0.011526847976024115 0.0 10802.846321300773 0.2572211589327339
1790.0 -0.06837739162835277 7.174167320005072e-05 6.268531331770078e-05 -0.011288690444081397 0.0 11119.706191840842 0.25844317399391503
1800.0 -0.06909655899463019 7.209176397401775e-05 6.299654293773216e-05 -0.011046118539692035 0.0 11440.622872972039 0.25966398560896836
1810.0 -0.06981922617734782 7.244163559991163e-05 6.33063739201134e-05 -0.010799147334302818 0.0 11765.589586062819 0.2608835865988214
1820.0 -0.07054539095835466 7.279128274470177e-05 6.361479157526161e-05 -0.010547792181493135 0.0 12094.599228304261 0.262101969466281
1830.0 -0.07127505106622678 7.314070008536806e-05 6.392178223801892e-05 -0.010292068705775882 0.0 12427.644384677264 0.2633191264183052
1840.0 -0.07200820417635256 7.34898823141933e-05 6.422733324242813e-05 -0.010031992791561832 0.0 12764.717339712184 0.26453504938767586
1850.0 -0.0727448479111743 7.383882414379354e-05 6.453143290023889e-05 -0.009767580572322306 0.0 13105.810089030712 0.26574973005406877
1860.0 -0.07348497984035518 7.41875203118954e-05 6.483407048154532e-05 -0.009498848419923604 0.0 13450.914350674595 0.2669631598645249
1870.0 -0.0742285974810919 7.453596558586522e-05 6.513523618831841e-05 -0.009225812934149768 0.0 13800.021576213212 0.26817533005332106
1880.0 -0.07497569829842377 7.488415476699899e-05 6.543492113433302e-05 -0.008948490932438194 0.0 14153.122961630363 0.26938623166124703
1890.0 -0.07572627970558798 7.52320826945766e-05 6.573311732367415e-05 -0.008666899439779465 0.0 14510.209457987943 0.27059585555428556
1900.0 -0.07648033906440332 7.557974424969127e-05 6.602981762515725e-05 -0.008381055678832142 0.0 14871.271781867226 0.2718041924417054
1910.0 -0.0772378736857533 7.592713435885753e-05 6.632501575012383e-05 -0.008090977060224068 0.0 15236.300425584557 0.27301123289356855
1920.0 -0.07799888083000894 7.627424799740585e-05 6.661870623201339e-05 -0.007796681173054307 0.0 15605.285667181994 0.2742169673576572
1930.0 -0.07876335770755105 7.662108019267132e-05 6.691088440078375e-05 -0.007498185775596377 0.0 15978.217580193299 0.2754213861758277
1940.0 -0.0795313014793173 7.696762602698128e-05 6.720154636123965e-05 -0.007195508786199039 0.0 16355.086043184738 0.2766244795997974
1950.0 -0.08030270925734584 7.731388064044967e-05 6.749068897065058e-05 -0.006888668274377625 0.0 16735.880749071872 0.27782623780636906
1960.0 -0.0810775781053863 7.765983923358426e-05 6.777830981583577e-05 -0.006577682452112188 0.0 17120.59121421325 0.27902665091210455
1970.0 -0.08185590503948603 7.800549706971317e-05 6.806440719060447e-05 -0.00626256966535189 0.0 17509.20678727938 0.2802257089874524
1980.0 -0.0826376870286758 7.835084947723667e-05 6.834898007355151e-05 -0.005943348385700499 0.0 17901.716657903376 0.2814234020703388
1990.0 -0.08342292099558435 7.869589185171048e-05 6.86320281069186e-05 -0.005620037202307284 0.0 18298.109865109513 0.2826197201792292
2000.0 -0.08421160381714543 7.904061965776769e-05 6.877317090712154e-05 -0.005292654813964709 0.0 18698.375305524867 0.2838146533256731
