#Found quasiharmonic mode : None
#T(K), volume, F(eV), S(J/K), H(J/K), a(-6/K), Cp(J/mol), Cv, Cpion, Bt(GPa), T_ph-D(K), T-D(K), F_el_atom, S_el_atom, C_el_atom, M_el, Seebeck_coefficients(μV/K), Lorenz_number(WΩK^{−2}), Q_el, Q_p, Q_e, C_mu, W_p, W_e, Y_p, Y_e
0.0 12.06359106850533 -4.066001358581945 0.0 -392309.49148315017 0.0 0.0 0.0 0.0 135.6991722959779 400.0 400.0 0.0 0.0 0.0 0.0 0.0 2.443004551768e-08 0.0 0.0 0.0 0.0 0.0 0.0 0.0 0.0 0.0
0.22 12.06359106863537 -4.066001358764623 0.00016024237005323464 -392309.4914655226 3.301020004218689e-11 0.0001605645795557186 0.00016056457955359162 4.833142564074706e-07 135.69917229554338 349.8601290819592 400.0 -1.8221054246410633e-10 0.0001600812653018078 0.00016008126529931113 6.989762197037856e-11 0.0006326089140791748 2.4430045089533198e-08 5.852316869436146e-06 2.9219239152500708e-06 2.912938922348287e-06 0.0001600812653018356 3.301020004218689e-11 2.9261674823171143e-06 2.9261493871190318e-06 4.056534242076215e-06 4.056534337501559e-06
0.55 12.063591069315477 -4.0660013597271645 0.0004027204249855612 -392309.4913721509 8.023436379408095e-11 0.0004077549484455729 0.00040775494841415843 7.551785232731906e-06 135.69917223773808 349.8601294188433 400.0 -1.1403514193869698e-09 0.00040020316325178873 0.000400203163212841 4.3515694216068136e-10 0.0015815222853171106 2.44300450875404e-08 1.4630792173488304e-05 7.311180857684291e-06 7.302157138712397e-06 0.00040020316325228584 8.023436379408095e-11 7.315452576724572e-06 7.315339596763729e-06 1.0141299248837612e-05 1.014129932191623e-05
1.01 12.063591071133729 -4.066001362467768 0.000750507039584374 -392309.491100063 1.3562967776814144e-10 0.0007816840464031831 0.0007816840462383373 4.676551051563796e-05 135.69917215123272 349.86013031949665 400.0 -3.846237079234927e-09 0.0007349185361341099 0.0007349185358875452 1.4668355830944651e-09 0.002904249624444974 2.4430045081704856e-08 2.6867454717905093e-05 1.3429566633257687e-05 1.3420433888092747e-05 0.0007349185361318124 1.3562967776814144e-10 1.3433917851676445e-05 1.3433536866228646e-05 1.8623104238178687e-05 1.8623104296037174e-05
1.59 12.063591074465501 -4.066001368334385 0.0012177688979027178 -392309.4904878651 1.748647910699038e-10 0.0013394047706119286 0.0013394047701805595 0.00018245380492259094 135.69917192333094 349.86013196985715 400.0 -9.532508438372004e-09 0.0011569509630723106 0.0011569509656893376 3.634954559464584e-09 0.004572112956301128 2.443004515063688e-08 4.229629010002746e-05 2.1144098857584017e-05 2.113473704099514e-05 0.001156950966642366 1.748647910699038e-10 2.114861714609509e-05 2.114767295393238e-05 2.931755660805786e-05 2.9317556661769117e-05
2.29 12.06359107879142 -4.066001379267549 0.0018479892370275727 -392309.4892471122 1.5146684825892802e-10 0.002211284909139084 0.0022112849086729424 0.0005449843879326365 135.6991716603661 349.8826678099806 400.0 -1.977383734623926e-08 0.0016663004532744012 0.0016663005212064475 7.540284436360067e-09 0.006586452780670682 2.443004618665523e-08 6.091729843361954e-05 3.045480933555848e-05 3.0445034894899484e-05 0.0016663005240555352 1.5146684825892802e-10 3.0459628559685614e-05 3.0457669873933928e-05 4.2224655282426344e-05 4.222465533541447e-05
3.11 12.063591081245775 -4.066001398103488 0.0027172961275478236 -392309.48684560845 -1.4434314414541627e-11 0.0036215121468970266 0.0036215121468912777 0.001358544673763739 135.6991715072599 350.4429939424415 400.0 -3.6470661833882235e-08 0.0022629670598131243 0.0022629674731332876 1.3910425743154268e-08 0.008951780159432737 2.4430050071537677e-08 8.273048062483541e-05 4.1361737032154226e-05 4.135128938879314e-05 0.0022629674802875856 -1.4434314414541627e-11 4.136704712930074e-05 4.136343349553467e-05 5.734440036457958e-05 5.734440041895236e-05
4.05 12.0635910742785 -4.0660014291261275 0.00394572297125528 -392309.48230945104 -4.4166052478237996e-10 0.005916652539458509 0.005916652532449132 0.0029697002515653085 135.6991719375913 351.6406876679894 400.0 -6.184925913160875e-08 0.0029469509125479546 0.0029469522878932007 2.36035446615752e-08 0.011673820565809559 2.443005795536379e-08 0.0001077358394995751 5.386492891989707e-05 5.385345637544594e-05 0.0029469523037676864 -4.4166052478237996e-10 5.387098597170818e-05 5.3864853527866906e-05 7.467679314016219e-05 7.467679319240373e-05
5.11 12.063591042428154 -4.066001478923325 0.005706937083537688 -392309.4739318797 -1.2879210599561865e-09 0.009585533652070117 0.009585533576865136 0.005867278157195344 135.69917390654894 353.5821344225587 400.0 -9.84616364343704e-08 0.0037182522106716897 0.0037182554948747737 3.761033775566948e-08 0.014756105537548431 2.4430069623709405e-08 0.00013593338023474194 6.79644402832948e-05 6.795148574705064e-05 0.0037182555269582177 -1.2879210599561865e-09 6.797157674366412e-05 6.796180349107779e-05 9.422183619648975e-05 9.422183624843475e-05
6.29 12.063590958261607 -4.066001557611546 0.008238666596425909 -392309.4588653745 -2.750415490296814e-09 0.015292116831459906 0.01529211640928298 0.01071523923120279 135.69917909506515 356.0669496635943 400.0 -1.4918564539327147e-07 0.004576871193487033 0.004576877600257116 5.7053000441168556e-08 0.018199307145103417 2.4430084181845587e-08 0.00016732310978505963 8.366033427272958e-05 8.364532130787697e-05 0.004576877660491514 -2.750415490296814e-09 8.366896911516038e-05 8.365414066989927e-05 0.00011597953316904266 0.00011597953322058568
7.6 12.06359077551224 -4.06600168162285 0.011887122457181286 -392309.4323097285 -5.090525371659678e-09 0.024002446962352715 0.024002445214977908 0.018472351497519825 135.6991903211752 358.80171947285646 400.0 -2.1779768389050706e-07 0.005530084548670932 0.005530095464832891 8.340355731425812e-08 0.02203205987313236 2.4430100464624498e-08 0.00020217105080693482 0.00010108570032501009 0.0001010678962775054 0.0055300955717677526 -5.090525371659678e-09 0.00010109636601434012 0.00010107468479259469 0.00014013427564309554 0.0001401342756949233
9.02 12.063590429122764 -4.0660018719325794 0.01700855036418377 -392309.3875968324 -8.557521129297147e-09 0.03678750948108606 0.03678750362038165 0.030224153360088546 135.6992116605002 361.38506297276206 400.0 -3.067887371166038e-07 0.006563339601846592 0.006563356120997515 1.1764448590362853e-07 0.0261962434053151 2.443011604755322e-08 0.00023994518102885074 0.00011997457939146166 0.0001199531474331051 0.006563356300827417 -8.557521129297147e-09 0.00011998788416331445 0.00011995729686553628 0.0001663172930157801 0.00016631729306679734
10.57 12.063589815757581 -4.066002164803858 0.02421512564906584 -392309.3133178611 -1.3521353119436016e-08 0.05550663082925983 0.0555066136832639 0.047815419029110906 135.69924940523666 363.4410868440047 400.0 -4.212855042661261e-07 0.0076911893056631755 0.007691211800148916 1.6177925668494174e-07 0.030754362368755728 2.4430128077435903e-08 0.0002811775355397922 0.00014059309521386373 0.00014056698612191683 0.007691212091171937 -1.3521353119436016e-08 0.00014060980177703556 0.00014056773376275677 0.00019489736310019377 0.00019489736315452663
12.23 12.063588809002287 -4.066002604576495 0.03412728141137002 -392309.19432669645 -2.0234853253430374e-08 0.082354396371656 0.08235435194187662 0.07345528760537048 135.69931138633874 364.4465367190307 400.0 -5.640006706500597e-07 0.00889908063591975 0.008899108766285515 2.168967473911806e-07 0.03565641842557839 2.4430135303961315e-08 0.0003253360843849647 0.00016267529083838277 0.00016264333934302958 0.008899109219694019 -2.0234853253430374e-08 0.00016269624589894914 0.00016263983848601558 0.0002255057112127839 0.00022550571126619178
14.02 12.063587222757354 -4.066003265919126 0.04784726768154129 -392309.00469451875 -2.8979894600725704e-08 0.12140108033274476 0.1214009758632598 0.11119947766684742 135.69940902652144 363.85542664694765 400.0 -7.411786459380091e-07 0.01020156640027045 0.010201602665897341 2.8547663676559826e-07 0.0409758351583719 2.4430146035692074e-08 0.000372952853480386 0.000186487311561111 0.0001864480877164476 0.010201603353380218 -2.8979894600725704e-08 0.00018651355304935406 0.00018643930043103194 0.00025851111008451475 0.000258511110136736
15.93 12.063584859629866 -4.066004246895362 0.06671771617670366 -392308.7073498108 -3.954616608288096e-08 0.17829723166771028 0.1782970106267468 0.16670580162938345 135.69955449631502 361.22720474516666 400.0 -9.568823611547912e-07 0.011591370894588766 0.01159143003832682 3.6920032284477296e-07 0.04670269165370001 2.443018643352028e-08 0.0004237618246536912 0.00021189623932527058 0.00021184813112666833 0.01159143105450093 -3.954616608288096e-08 0.00021192893489654737 0.00021183288975714393 0.00029372917002992266 0.0002937291700811677
17.95 12.063581549637208 -4.066005685370284 0.0925844012735792 -392308.2470647573 -5.090895709960456e-08 0.26104634998098125 0.26104593721717967 0.24798500604356682 135.69975822336147 356.56222271880006 400.0 -1.214943332262581e-06 0.013061220680392685 0.013061343937414392 4.697148326315261e-07 0.052829459535635684 2.443030051576777e-08 0.00047749700207075867 0.00023876916667874706 0.00023871038119175768 0.0130613454044829 -5.090895709960456e-08 0.00023880961109446684 0.00023868739097629183 0.00033097551200903506 0.00033097551206343344
20.1 12.063577175978407 -4.066007809868988 0.1284655816260134 -392307.53177953244 -6.092128165783707e-08 0.38176478140219366 0.38176411951561523 0.36713883709033435 135.70002748756733 350.30809859968946 400.0 -1.5234190412968605e-06 0.014625675587747949 0.014625944311859288 5.903872969354076e-07 0.05943965862579297 2.4430538765597983e-08 0.0005346904949030552 0.00026737233154813637 0.00026730070915663884 0.014625946394043082 -6.092128165783707e-08 0.00026742207932030875 0.00026726841558274647 0.0003706189491755337 0.00037061894923035455
22.37 12.06357192372754 -4.066010929730147 0.17790931527520276 -392306.43512718054 -6.560178454085415e-08 0.5536344369904619 0.5536335828140169 0.5373564308397192 135.70035077864395 343.32510998943945 400.0 -1.8869460484606543e-06 0.01627747043650098 0.016278006150742673 7.333334585433225e-07 0.0665211895988489 2.443093162224851e-08 0.0005950764628380363 0.00029757293210033785 0.00029748607654179077 0.01627800905655458 -6.560178454085415e-08 0.0002976337010588275 0.00029744276177920897 0.0004124751807664358 0.00041247518081780315
24.77 12.063566399109398 -4.066015522386753 0.24575919501423532 -392304.77062730066 -5.926681942790618e-08 0.7920453008650493 0.7920445288950221 0.7740204543969538 135.700690847126 336.4303692245726 400.0 -2.313555717014523e-06 0.018023896796620538 0.018024846468095507 9.02076499216861e-07 0.07411497946965104 2.4431473901415428e-08 0.0006589212280065988 0.0003295043236756747 0.0003293994501375291 0.018024850466693797 -5.926681942790618e-08 0.0003295781035146233 0.00032934312449197566 0.0004567287498847098 0.00045672874993599405
27.28 12.063561960820875 -4.066022188981895 0.33666354648200725 -392302.3171296595 -3.5030438188243885e-08 1.1081223407329719 1.1081220437117985 1.0882704252741011 135.70096404461472 330.2685097393377 400.0 -2.806192238973676e-06 0.019850416884940603 0.019851915458870693 1.0981781734080626e-06 0.0821563495975356 2.4432109569112135e-08 0.0007256931814531046 0.0003629007914946087 0.0003627749357671733 0.019851920875831007 -3.5030438188243885e-08 0.0003629896925634308 0.0003627034888896739 0.0005030111004009003 0.0005030111004538398
29.91 12.063560773853823 -4.066031806878806 0.45642462968757513 -392298.77763651137 1.4575086579222997e-08 1.5127558649217767 1.5127558085462265 1.4909894060559628 135.70103708526116 325.0739453891762 400.0 -3.373359797345683e-06 0.021764321252182167 0.021766458865813878 1.325424238691869e-06 0.090666569223501 2.443275620528153e-08 0.0007956588756336145 0.00039789581942074463 0.00039774560202225374 0.021766466106313668 1.4575086579222997e-08 0.00039800224422688335 0.0003976566314067314 0.0005515069077749208 0.0005515069078273245
32.66 12.06356604028608 -4.0660454939758734 0.6105522383691856 -392293.8092651865 9.66276711983892e-08 2.0115088824929392 2.0115061768501836 1.9877404752342789 135.70071291732546 320.870393761615 400.0 -4.022201926767557e-06 0.023765619527807806 0.023768407258659995 1.5870702037020857e-06 0.09963052203441997 2.443331595990117e-08 0.00086881890425648 0.0004344898820693109 0.00043431156799452294 0.02376841681415937 9.66276711983892e-08 0.00043461648441782343 0.0004342024198386566 0.0006022165056391043 0.0006022165056885098
35.54 12.063582094239939 -4.066064722993037 0.8048410324104253 -392287.00116910716 2.1741805500181504e-07 2.6069781126395717 2.6069632067706303 2.5811131675979033 135.69972470590662 317.54306190329413 400.0 -4.762869073077428e-06 0.025861593767216175 0.025864945041668377 1.8875834113391702e-06 0.10906544305176864 2.4433698898028852e-08 0.0009454399183175947 0.00047281654561897045 0.00047260591849935683 0.02586495751271873 2.1741805500181504e-07 0.0004729663240974288 0.0004724735942201659 0.0006553246621540266 0.0006553246622065521
38.53 12.063614083437272 -4.066091046263843 1.0422106309743058 -392277.9886533138 3.799864558107716e-07 3.2903120206105205 3.29026266020092 3.2622706128878347 135.69775557454508 314.96513559938313 400.0 -5.598024139014774e-06 0.028037687693571026 0.028041407722685843 2.228376794097387e-06 0.11889364058234654 2.4433833570315445e-08 0.0010249903899093753 0.000512610120065045 0.0005123628156316435 0.028041423801229086 3.799864558107716e-07 0.0005127861825120583 0.0005122042073973169 0.0007104629460915065 0.0007104629461432942
41.65 12.063668337076809 -4.066126611318233 1.3274659176086303 -392266.2875795415 5.869981362820739e-07 4.056860614804914 4.056733287007351 4.026548361062919 135.69441590516584 312.9697046230787 400.0 -6.541396145704358e-06 0.03030845242979491 0.030312253741995206 2.6153617954850034e-06 0.1291747684609616 2.443368187905367e-08 0.001108002921225829 0.0005541372201404851 0.0005538482468497301 0.03031227427168665 5.869981362820739e-07 0.0005543431306336856 0.0005536597905921433 0.0007680005545948074 0.0007680005546466683
44.89 12.063751516415078 -4.0661735780133865 1.661895992719988 -392251.5056210772 8.372179107645186e-07 4.891807085875851 4.891527929205414 4.859136964081481 135.6892955915833 311.43664429425877 400.0 -7.598784062019959e-06 0.03266660381649913 0.03267012179436982 3.0512299297728377e-06 0.13987726768312583 2.4433234434183063e-08 0.0011942118720849229 0.0005972651645826661 0.000596929253231354 0.032670147754102645 8.372179107645186e-07 0.0005975046951629567 0.0005967071769219661 0.0008277534624573563 0.0008277534625072605
48.25 12.063870708506167 -4.066234414385768 2.0462993799921563 -392233.2440046999 1.127795945900676e-06 5.780396522985041 5.7798520697723 5.74528156705787 135.68195828104982 310.26038555158203 400.0 -8.77899443851789e-06 0.035112136180528906 0.03511495592716992 3.5399337199157085e-06 0.15100969197413613 2.4432508823039118e-08 0.0012836175794334811 0.0006419943280705474 0.0006416057970413446 0.03511498846382949 1.127795945900676e-06 0.0006422715560776193 0.0006413460233558618 0.0008897220568265796 0.0008897220568774063
51.72 12.064032551749087 -4.066311539719329 2.4790232259955984 -392211.20433195954 1.45325067931587e-06 6.704328816574143 6.703359834574803 6.666689362285808 135.67199514663668 309.36028856845746 400.0 -1.0087260092560087e-05 0.037637768141520436 0.037639454288334845 4.083997343850653e-06 0.16255350104504224 2.4431544528488748e-08 0.0013759542301071727 0.0006881919342317666 0.0006877448414848906 0.03763949471755906 1.45325067931587e-06 0.0006885111322164732 0.0006874430978906993 0.0009537222989425232 0.0009537222989946742
55.32 12.064244962168088 -4.066408214488916 2.9611905267998386 -392184.9340505167 1.8097895952637007e-06 7.653497030996241 7.651889792762851 7.613238863187209 135.65891857937402 308.6673927174908 400.0 -1.1540574889202421e-05 0.04025805830892608 0.040258167809030895 4.690926054503761e-06 0.1745946549475632 2.4430383351140646e-08 0.0014717543118386172 0.0007361246273799913 0.0007356122299775583 0.04025821771361865 1.8097895952637007e-06 0.0007364906474789066 0.0007352636643597106 0.0010201235009918545 0.0010201235010441393
59.04 12.064514144486902 -4.066527175670921 3.48937749541247 -392154.21227228525 2.1901807842650785e-06 8.610771780811328 8.608259866504882 8.56780793552075 135.6423462275231 308.135745857901 400.0 -1.3145090932418046e-05 0.042965735531149435 0.04296384529057726 5.363830887934224e-06 0.18712226148749248 2.4429079282115148e-08 0.0015707520598447987 0.000785659692351342 0.0007850749128975574 0.04296390648671305 2.1901807842650785e-06 0.0007860776274614869 0.0007846744323833117 0.0010887417090439117 0.001088741709095476
62.89 12.064847103760034 -4.066671845207196 4.06221739750031 -392118.7107557408 2.5889332285999087e-06 9.565682990283207 9.561944741674862 9.519919187877173 135.6218461605532 307.72712858866714 400.0 -1.4915672093469366e-05 0.04576809220149021 0.045763802406033116 6.109601252269493e-06 0.20019378015525902 2.4427678589285125e-08 0.0016732140301442455 0.0008369307817253848 0.0008362657936808602 0.04576387703769347 2.5889332285999087e-06 0.0008374062571752562 0.0008358077729689893 0.0011597619352967025 0.0011597619353496864
66.85 12.065247526502452 -4.066844536832353 4.6733719120181805 -392078.4309043588 2.997626325127127e-06 10.50225467073613 10.49692823441144 10.45361112013091 135.59719067944764 307.4151957805115 400.0 -1.685357903258718e-05 0.048650590372121265 0.048643550605220506 6.9295341122096665e-06 0.21376418574104775 2.4426233193126776e-08 0.0017786084918357233 0.0008896721083231947 0.0008889189286035852 0.04864364107690331 2.997626325127127e-06 0.0008902108505720852 0.000888397641263638 0.0012328158511289626 0.0012328158511818045
70.93 12.06572089677693 -4.067048672651088 5.320650599981356 -392033.1481818888 3.4114137356878043e-06 11.414041888626985 11.406723714229393 11.362431461309242 135.56804106585034 307.17709867559216 400.0 -1.897404505993213e-05 0.05162053446532562 0.051610427317742194 7.830953930869495e-06 0.22788836519411743 2.4424776529003237e-08 0.0018872022638136252 0.0009440174882796675 0.0009431673204228982 0.051610536438824274 3.4114137356878043e-06 0.0009446257901792324 0.0009425764736343923 0.0013080886010494604 0.0013080886011010136
75.14 12.066272550664955 -4.067287918989975 6.001894329767627 -391982.6433514727 3.8260300129976425e-06 12.296074787990493 12.28632527437499 12.241403015716148 135.53406739106526 306.99596872436564 400.0 -2.129384858788866e-05 0.05468523524857944 0.05467177227434424 8.822030033171667e-06 0.24261992829132267 2.4423334053990807e-08 0.0019992623878513686 0.0010001008985652338 0.0009991440339395209 0.05467190332750139 3.8260300129976425e-06 0.001000785684835245 0.0009984767030161237 0.0013857654577965454 0.0013857654578506057
79.46 12.066903090850515 -4.06756417178324 6.710050421504622 -391927.09942742594 4.2350103351673144e-06 13.139009531715557 13.126380479575873 13.081196420642119 135.49523101509178 306.860016544158 400.0 -2.3813418699021072e-05 0.05783016933308273 0.05781311107343736 9.904087709546373e-06 0.2579041140261884 2.442193350398042e-08 0.002114257544193048 0.0010576567699611043 0.0010565833186160975 0.05781326770380092 4.2350103351673144e-06 0.0010584250692603605 0.0010558324749326874 0.0014654782494748777 0.0014654782495308206
83.91 12.06761796456827 -4.067881694456746 7.4446484933347525 -391866.2358594519 4.636518998803848e-06 13.94323839371642 13.927257700566972 13.882189339208958 135.45119452539612 306.7588782672894 400.0 -2.6556209988387113e-05 0.06106993640909342 0.06104905450746272 1.108845740475488e-05 0.2738234155003821 2.4420582301603485e-08 0.0022327213214305953 0.0011169525282924515 0.001115751337217085 0.06104924099701547 4.636518998803848e-06 0.0011178122456579696 0.0011149090757726252 0.0015475969333234416 0.0015475969333768643
88.47 12.068415856676513 -4.068241976905691 8.19880421469955 -391800.3300773965 5.025790842013677e-06 14.70304164032219 14.683250367550707 14.638676516300258 135.40203680342543 306.6855548388713 400.0 -2.9522007679839908e-05 0.06439001872929706 0.06436512402193433 1.2376402382995391e-05 0.2903144853992827 2.4419294700996513e-08 0.002354122656708501 0.0011777227319663421 0.0011763824684804989 0.06436534508912962 5.025790842013677e-06 0.0011786818720785554 0.0011754407846299453 0.0016317534228412521 0.0016317534228935731
93.16 12.069301588776433 -4.068649444403398 8.972436698925083 -391729.12072024355 5.402273111393887e-06 15.420819216421565 15.396747436279142 15.353043289872135 135.34745832865661 306.6339570245912 400.0 -3.27362733523594e-05 0.06780502385004726 0.0677759265494309 1.3780426013742487e-05 0.3074544419510886 2.4418068928035518e-08 0.002478995514336407 0.0012402350595208825 0.0012387429981758464 0.06777618769158555 5.402273111393887e-06 0.0012413025946545347 0.0012376929196818713 0.0017183178790603987 0.0017183178791138408
97.97 12.070274302554301 -4.069106111471857 9.76073617940109 -391652.7952733879 5.763460290093654e-06 16.094843786201757 16.06604143307068 16.023569535036454 135.28750909558795 306.5998072947389 400.0 -3.62054711119074e-05 0.071307719238832 0.07127425116530185 1.5304896750725615e-05 0.3252089407151229 2.4416908782836965e-08 0.0026070753009731543 0.001304357470662438 0.0013027003732560111 0.07127455849405918 5.763460290093654e-06 0.0013055427130579925 0.0013015325879151619 0.0018071068719506262 0.0018071068720073066
102.9 12.071334390940589 -4.069614658060062 10.56080286860653 -391571.41526816576 6.108276023834276e-06 16.725853054168148 16.691886675242028 16.650992896289853 135.22216194657778 306.57964216440456 400.0 -3.9942729269029874e-05 0.07489815486368229 0.07486015787829724 1.6957161360700755e-05 0.3435767683968003 2.441581326384135e-08 0.002738363748390145 0.001370091246664281 0.0013682550442189957 0.07486051825054596 6.108276023834276e-06 0.001371404078779671 0.0013669596696104743 0.0018981215704536774 0.0018981215705086323
107.95 12.072481889016524 -4.070177676244846 11.369998916904795 -391485.053496814 6.436108698995883e-06 17.31513007308281 17.275586132341616 17.236596366296816 135.1514112916914 306.570769369581 400.0 -4.3961509638497976e-05 0.07857638235256785 0.07853370678599386 1.8744790671242958e-05 0.3625542321960094 2.441478039917119e-08 0.0028728626764244402 0.001437437722587983 0.0014354074958403205 0.07853412786535471 6.436108698995883e-06 0.001438888614769063 0.0014339740616553776 0.001991363192629903 0.001991363192685297
113.12 12.073716538430796 -4.070797669778795 12.185945361708018 -391393.7910226127 6.746728364065326e-06 17.864348325744913 17.818835261494463 17.782053366609738 135.07526941915444 306.5710900584099 400.0 -4.827560791580981e-05 0.08234245487132551 0.0822949591351743 2.0675566830234667e-05 0.3821355294090206 2.441380790583797e-08 0.0030105739791357142 0.001506398279186468 0.0015041582414268954 0.08229544945527288 6.746728364065326e-06 0.0015079983063760185 0.0015025756727596955 0.002086833001490438 0.0020868330015402807
118.41 12.0750378457481 -4.071477054910385 13.00651293247609 -391297.71466565353 7.040210824728575e-06 18.375444182626197 18.323593398779956 18.28930020436071 134.99376292014884 306.5789633244076 400.0 -5.2899154196163646e-05 0.08619642708476272 0.08614397826548575 2.275747126390931e-05 0.4023131119430425 2.4412893628725945e-08 0.003151499614201444 0.0015769743365565956 0.001574507818559605 0.08614454729496365 7.040210824728575e-06 0.0015787351940961083 0.0015727644201053359 0.0021845323018167 0.002184532301870839
123.82 12.07644513417051 -4.072218162169491 13.829808731970534 -391196.91492482676 7.3168696663778284e-06 18.850514371317423 18.791980369084683 18.760433540947467 134.90692939364462 306.5931027008036 400.0 -5.784661334048961e-05 0.09013835517995872 0.09008083036995695 2.4998673016128965e-05 0.4230780355909439 2.441203579476926e-08 0.003295641595621772 0.0016491673496134424 0.0016464567863238601 0.09008148857920535 7.3168696663778284e-06 0.0016511013681674222 0.0016445402274543504 0.0022844624380626622 0.0022844624381143383
129.36 12.077940334141198 -4.073024737670227 14.65563508095225 -391091.2915930158 7.577650511177699e-06 19.292495736192876 19.226942744830254 19.198382872562046 134.81464528847454 306.6125357431008 400.0 -6.314255452801954e-05 0.0941755848904568 0.09411286363083018 2.7411982720367005e-05 0.4444589776424821 2.4411231736102065e-08 0.0034432684838165144 0.0017231122957225634 0.001720138727773161 0.09411362275165512 7.577650511177699e-06 0.001725232800428781 0.0017180356833877346 0.0023868095497854504 0.0023868095498378247
135.01 12.07951712854416 -4.073896037056239 15.47954064060554 -390981.31937583495 7.822237299261433e-06 19.70199283603596 19.6291319826674 19.603767240659753 134.71729589836238 306.63639378120234 400.0 -6.878300428217068e-05 0.09829360088780047 0.0982255953762025 2.9997207456032016e-05 0.46636795144881626 2.4410483567947972e-08 0.003593849448267912 0.0017985437442534448 0.001795288243023015 0.09822646791777373 7.822237299261433e-06 0.0018008640503403032 0.001792985397927609 0.0024912055751510147 0.002491205575203373
140.79 12.081180104731585 -4.074837234395218 16.303157137875125 -390866.70240212354 8.052217015872229e-06 20.08263621824837 20.002172950677178 19.98020255691455 134.61459328394852 306.66412879836724 400.0 -7.480342006237351e-05 0.10250704157987707 0.10243366133382284 3.277218293338951e-05 0.4888711883413559 2.4409788282424128e-08 0.0037479196910236053 0.0018757302596459438 0.0018721719696793231 0.10243466142235032 8.052217015872229e-06 0.0018782650661940228 0.0018696546248295834 0.0025980215200098874 0.002598021520061921
146.68 12.082922482448575 -4.075847089801279 17.122519561453565 -390747.9289605379 8.267565591369331e-06 20.435217978780578 20.346902601372772 20.328495396940465 134.5069511114135 306.6951450872636 400.0 -8.119878910751478e-05 0.10680139075675586 0.1067225818401138 3.57361366479755e-05 0.5118793021165206 2.4409148268671616e-08 0.0039049483199171792 0.001954406340424812 0.0019505245170538677 0.10672372444867184 8.267565591369331e-06 0.0019571702926090024 0.0019477780273081766 0.0027068892793882487 0.0027068892794404682
152.7 12.084749127372937 -4.076930978440612 17.939446720110972 -390624.68597099814 8.46982184459247e-06 20.76296724555425 20.666540230147532 20.651860240360513 134.39406368345533 306.72915013335387 400.0 -8.800699362963702e-05 0.11119129546558931 0.11110700519373684 3.890811351198667e-05 0.5354588533512881 2.4408561544734415e-08 0.004065470820869545 0.0020348407516704078 0.002030612605985211 0.11110830714579745 8.46982184459247e-06 0.002037849973291411 0.0020276208475781335 0.002818180065761296 0.0028181800658116716
158.84 12.086656067697863 -4.078089108833266 18.751703139885855 -390497.26155399304 8.659422288919681e-06 21.06719112765033 20.96242129718018 20.9516113888932 134.27617100406704 306.76577631200934 400.0 -9.523391301964754e-05 0.11566953274315026 0.11557973875713316 4.229232427865317e-05 0.5595594430275711 2.4408029538407204e-08 0.004229222958440737 0.0021169015844474735 0.002112303909970408 0.11558121809188235 8.659422288919681e-06 0.0021201725316982016 0.002109050426742535 0.002931710646818498 0.0029317106468695338
165.09 12.088639060778789 -4.079321284079817 19.557310963900427 -390365.95245159575 8.836906326648854e-06 21.349282814000997 21.235966041205398 21.229149226973067 134.15352996156034 306.80470808310633 400.0 -0.0001028839228431037 0.1202288763688684 0.12013358702792841 4.589214543478911e-05 0.5841306943967598 2.4407553230433665e-08 0.0043959403673051786 0.00220045681565123 0.002195466086790535 0.12013526298511061 8.836906326648854e-06 0.002204006212903266 0.002191934154401911 0.003047297695133365 0.0030472976951822013
171.47 12.090703444347911 -4.080633204965469 20.35825006116171 -390230.4209030059 9.003634500164828e-06 21.611850774293394 21.4897671915933 21.48706755786331 134.02580477862642 306.8458657339108 400.0 -0.00011099868681458431 0.12488398780861248 0.12478321643008418 4.972848599729805e-05 0.6092407144823386 2.440713126251816e-08 0.0045661590183237125 0.0022857755440520966 0.0022803660085338393 0.12478511049038274 9.003634500164828e-06 0.0022896217406626097 0.002276537277661104 0.0031653127641084865 0.003165312764155148
177.97 12.092845102881205 -4.082024644625439 21.15271188094687 -390090.9554252584 9.1600776804988e-06 21.856016086062024 21.724969509513755 21.72649464791102 133.89324415117903 306.889028769108 400.0 -0.00011958373581682436 0.12962764665139526 0.12952143815100214 5.3805238084609425e-05 0.6348403004768057 2.4406764433903075e-08 0.004739614738678112 0.002372725864349909 0.00236687140768408 0.12952357319465463 9.1600776804988e-06 0.0023768875190739577 0.0023627272196041545 0.0032855726562384274 0.0032855726562867555
184.6 12.095066479783629 -4.083499518457685 21.941451510032447 -389947.41530149785 9.30718448233438e-06 22.083587066196348 21.94337600328743 21.949231423113844 133.75569077699595 306.93413521930154 400.0 -0.00012867090222235016 0.13446722927372834 0.13435564308250575 5.8138728569645286e-05 0.6609596474254399 2.440645207614069e-08 0.0049165770938206545 0.002461443415933683 0.0024551162103035743 0.13435804419924385 9.30718448233438e-06 0.0024659404597335804 0.0024506366340870736 0.003408264219454918 0.00340826421950241
191.34 12.097359984561953 -4.085054976880347 22.721745451280984 -389800.30739811115 9.445210948612023e-06 22.295249701375727 22.14570748856186 22.155978352678467 133.6136085480632 306.98094445194135 400.0 -0.00013825100017042575 0.13938821496077028 0.139271348697259 6.27256788326321e-05 0.6875115377059975 2.4406194628695785e-08 0.005096514966146311 0.002551662424669639 0.0025448350729243723 0.13927404206330604 9.445210948612023e-06 0.0025565145440014678 0.0025400004221448427 0.0035330191675360593 0.003533019167582134
198.2 12.099728103435595 -4.08669475571865 23.49451972969917 -389649.4869681499 9.575049011156574e-06 22.492627585925682 22.33357964388477 22.348351638829673 133.46683736584285 307.0294397162673 400.0 -0.00014835604462352958 0.1443979829248849 0.14427594709600705 6.758241301986503e-05 0.7145277838903871 2.440599080668544e-08 0.005279698023062845 0.002643518575959411 0.002636161977551643 0.14427896126021436 9.575049011156574e-06 0.002648746730580905 0.0026309512924819413 0.003660024409956018 0.003660024410001075
205.18 12.102170051278728 -4.088420364425618 24.25955110140945 -389495.02201278997 9.697319913856532e-06 22.676885940948434 22.508162463198904 22.527516399850832 133.31541957660193 307.0795533098391 400.0 -0.00015900493956874542 0.14949661587060678 0.1493695410976035 7.27189870507488e-05 0.7420016709690261 2.4405839579708676e-08 0.005466129131784027 0.0027370138110921205 0.0027290978501104536 0.14937290669939424 9.697319913856532e-06 0.0027426397497275073 0.002723489382056519 0.0037892818740005276 0.0037892818740472545
212.29 12.10468865927616 -4.090235864988889 25.01771753208862 -389336.7546277014 9.812762725561582e-06 22.849329192132515 22.670750245642505 22.694769656904523 133.15917286800277 307.1313038694108 400.0 -0.00017023299561428883 0.15469150607937435 0.15455953522799207 7.81533807935423e-05 0.7699666756312726 2.4405739568657766e-08 0.005656078434288702 0.00283228413800764 0.002823776824638688 0.15456328566638 9.812762725561582e-06 0.002838331012947161 0.0028177474213415413 0.003920978791249777 0.003920978791297987
219.51 12.107276162020082 -4.092137579744855 25.766756106417997 -389175.19282949547 9.921597326332758e-06 23.010458534390903 22.82187475137032 22.85062709917407 132.99857243118421 307.18450169043297 400.0 -0.0001820282325633474 0.15996812776337727 0.15983143521683274 8.388064637673788e-05 0.7983391630762194 2.440568956053847e-08 0.005849014652411596 0.0029290636058640416 0.0029199335738163655 0.15983560512213585 9.921597326332758e-06 0.002935554197771472 0.0029134604546401234 0.004054746742795825 0.0040547467428401285
226.86 12.109939096473676 -4.0941321679807645 26.508650102995237 -389009.9496084342 1.0024634690851598e-05 23.161628003250666 22.962864307563027 22.996428052718155 132.83320573064674 307.2392584260417 400.0 -0.00019444328380609652 0.16534118694940475 0.16519995053251288 8.992713672841733e-05 0.8271936066662794 2.440568773601493e-08 0.006045475360757672 0.003027622391400428 0.0030178354955066964 0.1652045781317036 1.0024634690851598e-05 0.0030345815349099342 0.003010893825847738 0.004190958370052054 0.004190958370096476
234.33 12.112673319828918 -4.09621839270957 27.242289073755675 -388841.30645798234 1.0122192353226348e-05 23.303438717545113 23.094335193505646 23.13278083016049 132.6633229599148 307.2954719973004 400.0 -0.000207482403867046 0.1708034677889703 0.1706578873846219 9.629570628449474e-05 0.856487395218431 2.4405732376067065e-08 0.006245196580869634 0.003127828616393018 0.003117350489478014 0.1706630129043355 1.0122192353226348e-05 0.0031352813805069365 0.003109915200362698 0.004329430572203189 0.004329430572247659
241.92 12.11547830463618 -4.098397578345819 27.967642340694763 -388669.31947143923 1.0214710440847652e-05 23.4366546922279 23.217052066803635 23.26044933853622 132.48894990085677 307.35311911390994 400.0 -0.00022116625762909448 0.1763550639393832 0.1762053536916837 0.00010299714873464708 0.8862180226768893 2.440582156239513e-08 0.006448181610222709 0.0032296844719298537 0.00321847966211783 0.17621102004840344 1.0214710440847652e-05 0.003237656775929598 0.003210524834293111 0.00447016555499445 0.0044701655550374005
249.62 12.118349828614807 -4.100668031837007 28.683785761347377 -388494.2703639128 1.030248625088203e-05 23.561819382897696 23.331572290045134 23.379984237025354 132.31034202791665 307.4121044809305 400.0 -0.0002354969542745753 0.1819887536103405 0.1818351458723409 0.0001100331218833869 0.9163446226182329 2.4405953130377408e-08 0.006654166280295987 0.00333305792135294 0.0033210908815651066 0.18184139802198376 1.030248625088203e-05 0.0033415758271857702 0.003312590453110216 0.004612980080669878 0.0046129800807142955
257.45 12.121294923836086 -4.103036916276135 29.39259292004184 -388315.75652025884 1.0386124904163523e-05 23.679898184626133 23.438833183475957 23.49233618742593 132.1270546112042 307.47256640652597 400.0 -0.0002505330717598177 0.18771926758669405 0.18756199720019912 0.00011743300881324205 0.9469443716789333 2.4406125450233276e-08 0.006863689080771823 0.003438219758823386 0.003425451843338255 0.18756888458417803 1.0386124904163523e-05 0.0034473116220638403 0.003416377458707982 0.004758247413241357 0.0047582474132832715
265.41 12.124313304316459 -4.105505699312464 30.094022273319176 -388133.8264671543 1.046595513345573e-05 23.79144491533767 23.539387724771355 23.598058887730534 131.93909772316073 307.5344949586836 400.0 -0.0002662981172954492 0.19354671251043068 0.1933860276071369 0.0001252090353447141 0.9780166941916763 2.440633672472638e-08 0.007076753797067953 0.003545172495815364 0.0035315638213810822 0.19339360293510527 1.046595513345573e-05 0.0035548676367478157 0.0035218861603201384 0.0049059700896836225 0.004905970089723823
273.48 12.127397051137303 -4.1080693904271985 30.786358841347262 -387948.9860914426 1.0542099787638273e-05 23.896718322722062 23.63352103005848 23.697425604774274 131.74695685136578 307.59772535135187 400.0 -0.00028277455834208894 0.19945654874121546 0.19929271794778675 0.00013335311826962164 1.0094836547637247 2.4406584555719448e-08 0.0072928287265114295 0.0036536498038750964 0.0036391614414778405 0.19930103546924646 1.0542099787638273e-05 0.003663976932398071 0.00362885179411336 0.005055779380992756 0.00505577938103726
281.67 12.130549651526811 -4.110732241960634 31.470555319527854 -387761.0543051126 1.0614961044079213e-05 23.99635691469958 23.72185619241995 23.791067414930644 131.55040721558973 307.66232806468184 400.0 -0.00030000431925141375 0.20545620033136294 0.20528949976893643 0.0001418864912969691 1.041384963199213 2.4406867432253806e-08 0.007512185215089133 0.003763788464897039 0.0037483792677196165 0.20529861799624802 1.0614961044079213e-05 0.0037747779559238136 0.0037374072591653184 0.00520786333028513 0.005207863330327983
289.98 12.133770858614952 -4.113495420033685 32.14668206119832 -387570.0769119427 1.0684814893489358e-05 24.090812820447173 23.80484344186882 23.87943632857127 131.34945635873018 307.7282978452668 400.0 -0.0003180101769842705 0.21154577373968234 0.21137649187590513 0.0001508209590573175 1.0737217314564675 2.4407183740782547e-08 0.007734827062547622 0.003875590978645659 0.0038592186000887337 0.2113864729126575 1.0684814893489358e-05 0.0038872741417575454 0.0038475529207900767 0.005362224484569079 0.0053622244846129935
298.42 12.137064381582684 -4.116363503674464 32.81560072372413 -387375.8682107037 1.075199412541115e-05 24.18060368186317 23.882984438561333 23.963042536644263 131.14386469106688 307.79571105021955 400.0 -0.0003368378942081578 0.21773270939755632 0.21756114521890726 0.0001601797680829619 1.106534337005128 2.4407532463216162e-08 0.00796102620448817 0.003989194529885357 0.003971814189420649 0.21757205606624005 1.075199412541115e-05 0.0040016044991367725 0.003959421705351397 0.00551905129303034 0.005519051293068628
306.97 12.140422249027457 -4.11933082035309 33.475813575200974 -387178.9318207405 1.0816575684858058e-05 24.265897680746125 23.95647256361426 24.04206875151386 130.93412165431798 307.86440543991085 400.0 -0.00035646635461972784 0.2240024573232892 0.22382892923226327 0.00016995292175655543 1.1397468967856652 2.440791151284975e-08 0.008190250591385981 0.004104332522224361 0.00408590058258578 0.2238408386325338 1.0816575684858058e-05 0.004117501675531466 0.004072748915854515 0.005677974792709421 0.005677974792748428
315.65 12.14385218570771 -4.1224054144967734 34.12895948095515 -386978.84949084395 1.0878929814230014e-05 24.34724486495947 24.025827607435374 24.117050230869495 130.71973643250408 307.93454028106737 400.0 -0.0003769653397839128 0.2303697969881991 0.23019463408997765 0.00018017565794938698 1.1734392819297073 2.4408320717833704e-08 0.008423040473694465 0.004221276945444963 0.004201746040252177 0.23020761725493386 1.0878929814230014e-05 0.004235240419188456 0.004187800054506008 0.005839369459470061 0.00583936945950773
324.44 12.14734619661391 -4.125581288213293 34.773631988552616 -386776.12361895107 1.0939114923627557e-05 24.42477900293074 24.091208154441606 24.188135278091845 130.5012003269253 308.0059535166071 400.0 -0.0003983118337071492 0.23682017281321896 0.23664372483890087 0.00019083698875011846 1.2075362962796872 2.4408758295585828e-08 0.00865886360348448 0.004339761055896805 0.004319085058144504 0.23665785882840065 1.0939114923627557e-05 0.004354553154800993 0.004304310448683488 0.006002866198931724 0.006002866198971309
333.36 12.150912174130301 -4.128866735500614 35.411401309891225 -386570.3335133316 1.0997455657201987e-05 24.498972404865135 24.153055855752804 24.25578139274833 130.27801104998173 308.0788079850603 400.0 -0.00042057899341879206 0.2433683796533797 0.24319101211680488 0.00020197394180877947 1.2421181819807936 2.440922462235524e-08 0.008898260773374266 0.004460057211532304 0.004438186070925459 0.24320638113437856 1.0997455657201987e-05 0.0044757151413539606 0.004422545632020307 0.0061688398617297715 0.006168839861768486
342.4 12.154546131020986 -4.132259229844095 36.04163148148689 -386361.7495781819 1.1054055886917616e-05 24.57000666593848 24.21156296827249 24.320177363688416 130.0504091369342 308.15302373563725 400.0 -0.00044376782935327954 0.25000720136032983 0.2498293022500648 0.00021358754136746453 1.2771489841696573 2.4409718817575045e-08 0.009140968054148362 0.0045820334772856425 0.004558917084447202 0.249845993961067 1.1054055886917616e-05 0.004598594548005085 0.00454237350614328 0.006337107383903077 0.006337107383940516
351.56 12.158248076460072 -4.1357598068456864 36.6644316728025 -386150.41093316267 1.1109076988519446e-05 24.638132553738263 24.266976948797645 24.381573811976967 129.81838505667972 308.228602493854 400.0 -0.0004679036633970393 0.2567367613560426 0.2565587417612977 0.00022569096792121693 1.3126317037635002 2.4410240707887684e-08 0.009386989841132955 0.004705692735211964 0.004681279611980911 0.25657684877909503 1.1109076988519446e-05 0.004723195307088106 0.004663794534044847 0.006507671733626504 0.006507671733662745
360.84 12.162018051533472 -4.139369487386521 37.279912663544486 -385936.3560723692 1.1162668659305887e-05 24.703581022603245 24.319525307890256 24.440201540258 129.58192715190012 308.3055465743365 400.0 -0.0004930121820972253 0.2635571857508773 0.26337948234524683 0.00023829760927867276 1.3485694676345914 2.441079033576628e-08 0.009636330617700457 0.004831037924286063 0.004805275197924356 0.26339910245224857 1.1162668659305887e-05 0.004849521425386891 0.004786809192313566 0.006680535941631064 0.006680535941670375
370.24 12.165856128198033 -4.143089278366762 37.888186274840855 -385719.62293963117 1.1214969949770035e-05 24.766564952635044 24.36941735423832 24.49627327153269 129.34102158520292 308.38385883005435 400.0 -0.0005191194380590419 0.2704686034290374 0.27029168110235335 0.00025142106326339045 1.3849655056787844 2.441136794944863e-08 0.009888994956898692 0.004958072041387077 0.004930905418446342 0.27031291747860187 1.1214969949770035e-05 0.004977576985380198 0.0049114179715184945 0.0068557031022365945 0.006855703102274494
379.76 12.169762408302333 -4.14692017340197 38.48936487864912 -385500.2489995013 1.1266110146288293e-05 24.82728072717793 24.41684577947651 24.549985226440857 129.09565253442045 308.4635426111463 400.0 -0.0005462518514371029 0.277471146135733 0.2772955007370705 0.00026507514046186635 1.4218231316078154 2.441197398977489e-08 0.010144987523267727 0.005086798142352078 0.005058171882249989 0.27731846219658185 1.1266110146288293e-05 0.0051073661465601584 0.005037621376707567 0.007033176374444356 0.007033176374481876
389.4 12.173737022709117 -4.150863153479944 39.08356097545218 -385278.27130434185 1.1316209608160118e-05 24.885909667691177 24.461988097966536 24.601518557971445 128.84580206319788 308.54460173244473 400.0 -0.0005744362114013735 0.28456494856570563 0.2843911097197293 0.0002792738667471862 1.459145727112137 2.4412609074417664e-08 0.010404313074850149 0.005217219343127584 0.005187076231431482 0.28441591095479263 1.1316209608160118e-05 0.005238893146832624 0.005165419928017525 0.00721295898314515 0.0072129589831824315
399.17 12.177784282639102 -4.154923375883648 39.671481456082155 -385053.4966024611 1.1365430136643818e-05 24.942676161288095 24.505050733572276 24.651090112669735 128.59118909439607 308.6271251012719 400.0 -0.0006037300366146888 0.29175751194148014 0.2915860486183622 0.00029404680362975943 1.4969754523793308 2.4413274672589446e-08 0.010667245644595298 0.005349474228042267 0.0053177539146099 0.2916128125122681 1.1365430136643818e-05 0.005372298904545771 0.005294946740049528 0.007395240832102587 0.007395240832139746
409.05 12.18189608935299 -4.159093486179218 40.252034873169414 -384826.4214672606 1.1413775806254873e-05 24.997619165566093 24.54609666565153 24.69875339634713 128.3323129503469 308.7109484540539 400.0 -0.0006341009017132087 0.2990342534100736 0.29886576921896324 0.00030937817886164654 1.5352383512676573 2.441397033825387e-08 0.010933251941583358 0.00548329530161498 0.005449939136350059 0.2988946210325286 1.1413775806254873e-05 0.005507314728029284 0.005425937213554074 0.007579652137264405 0.007579652137299771
419.06 12.186080979122663 -4.163382871130333 40.826508338516476 -384596.62247939064 1.1461442394299778e-05 25.05099380909497 24.585348767838166 24.7447486147335 128.06862602886673 308.7962465382764 400.0 -0.0006656382113057933 0.3064100474276562 0.3062451943614712 0.0003253137250166286 1.5740154045036612 2.4414698515668484e-08 0.011202875497027356 0.0056189567635161275 0.005583901228191289 0.30627627025212084 1.1461442394299778e-05 0.005644218414727983 0.005558657082299375 0.007766569634570305 0.007766569634610473
429.18 12.190330829970568 -4.167783896532618 41.393864244271924 -384364.5948049808 1.1508427351817708e-05 25.102826643527518 24.622857482771444 24.789116871089362 127.80062963732513 308.8828543901152 400.0 -0.0006983072444954204 0.31387030457753895 0.31370977243815257 0.00034183652033156216 1.6132326868041367 2.441545888311188e-08 0.01147558275991457 0.005756190932501568 0.005719374320368496 0.3137432110631019 1.1508427351817708e-05 0.0057827409995516894 0.005692841760362879 0.007955623365870216 0.007955623365908378
439.43 12.194654305657256 -4.172306185194211 41.95533340532411 -384129.9158264921 1.1554905734614933e-05 25.153344120365222 24.658816293897036 24.832069666140853 127.52793044955254 308.97094900903215 400.0 -0.0007322012423831124 0.3214299193454887 0.32127445422436757 0.0003589943694573375 1.6529712836767874 2.4416254153488518e-08 0.01175191794317395 0.00589527246145621 0.005856627972922407 0.32131040614690204 1.1554905734614933e-05 0.0059231608998155365 0.005828757043358417 0.008147190533268445 0.008147190533306557
449.8 12.199047503606606 -4.176946335527393 42.5104570700124 -383892.8508406859 1.1600906119912415e-05 25.202618709985476 24.69329761985007 24.873686639619194 127.25329897182787 309.06045115568406 400.0 -0.0007673173802342275 0.32908167601897315 0.328932070366286 0.00037678653694247946 1.693196054947509 2.44170848534348e-08 0.012031617008480239 0.006036069292462733 0.00599553020544686 0.32897069141014096 1.1600906119912415e-05 0.006065346039050759 0.005966270969429478 0.008341088018940818 0.008341088018978912
460.29 12.203510586818062 -4.181705252015997 43.05934281976529 -383653.4351622021 1.1645343169753549e-05 25.250699143650046 24.726403778003682 24.914016314681213 126.98771336715625 309.1513641907455 400.0 -0.0008036850994382096 0.33682573008179395 0.33668282896883495 0.000395228626516414 1.7339105795328118 2.4417952278564756e-08 0.012314685353353151 0.0061785849583437386 0.006136082882639122 0.3367242828002597 1.1645343169753549e-05 0.006209301207119758 0.006105384146233391 0.008537319490802359 0.008537319490840781
470.89 12.208038762638411 -4.186485074663192 43.62335820233207 -383392.599700405 1.1686385700267e-05 25.298077061789378 24.75875361033052 24.953557525372762 126.744783692597 309.079545910766 400.0 -0.0008412983002134832 0.3446548409362117 0.344519536416614 0.0004143181658517025 1.7750793857116358 2.4418856849166602e-08 0.012600858017019247 0.006322686853458199 0.006278153649368912 0.34456399194952075 1.1686385700267e-05 0.006354893644598907 0.006245964372420342 0.008735701198353216 0.008735701198391944
481.62 12.212639738059972 -4.191365603434259 44.187537571758185 -383123.70043838857 1.1724997765201376e-05 25.344510981839157 24.790030926278956 24.992053802926517 126.51817567033004 308.96686418347554 400.0 -0.0008802580994052386 0.35258392405973643 0.35245717891264355 0.00043410704788645867 1.8167833945041776 2.441980154479326e-08 0.012890679877424894 0.006468650187469549 0.006422012173916233 0.352504819182004 1.1724997765201376e-05 0.006502402653700916 0.006388277223723978 0.008936610790093169 0.008936610790133241
492.48 12.217313457859639 -4.196370405966958 44.746746818350374 -382851.31444516 1.1763038869891874e-05 25.390051238148846 24.820177948517294 25.029555251575268 126.29364883582238 308.8525631884821 400.0 -0.0009205975550803494 0.3606131485287356 0.3604959865735785 0.00045461273411668624 1.8590261481478128 2.4420787727485452e-08 0.013184156763039296 0.006616478815765006 0.006567660429363246 0.36054700383774546 1.1763038869891874e-05 0.006651833498358138 0.006532323264681156 0.009140052225728678 0.009140052225768278
503.45 12.222051565200255 -4.2014911288332 45.30005665584747 -382575.95344131865 1.1800735998762228e-05 25.43469687150471 24.849218098640684 25.06607548926562 126.06632593482847 308.73683537865577 400.0 -0.0009622733529944041 0.368727894431637 0.3686213822390871 0.0004758138823995 1.9017334202384606 2.4421814840437908e-08 0.013480753945365756 0.0067659042556798945 0.006714832169881432 0.3686759717005121 1.1800735998762228e-05 0.00680291607364981 0.0066778378717159475 0.00934565474756629 0.009345654747608668
514.54 12.226858645618709 -4.206733206484038 45.84808606657347 -382297.3763631502 1.1838154637503146e-05 25.47856324273848 24.87725305092259 25.101722244393603 125.83547770524095 308.619557398552 400.0 -0.001005353572996485 0.37693572393929653 0.37684099834487783 0.0004977458032304695 1.9449476762062878 2.442288499155811e-08 0.013780747461688165 0.0069170664220266674 0.006863663517940525 0.37689936776015887 1.1838154637503146e-05 0.006955793100579099 0.006824954361109063 0.009553609628171068 0.009553609628211354
525.75 12.231735007702872 -4.2120974874912305 46.39093201987261 -382015.5924929609 1.1875351408110575e-05 25.521723057170302 24.904350869727402 25.136567984860186 125.60107716452478 308.5007112486743 400.0 -0.0010498699602778812 0.3852368112892841 0.38515507231011487 0.0005204253793109074 1.9886725087598822 2.442399933748823e-08 0.014084143294527125 0.007069969224924023 0.007014156545942461 0.3852174393204236 1.1875351408110575e-05 0.007110469858044467 0.00697367343648266 0.009763920931503274 0.009763920931545595
537.09 12.236685351716728 -4.2175896853550565 46.92915967702986 -381730.359166433 1.1912404684207378e-05 25.564280631850842 24.930597512670097 25.17070936130921 125.3628882915274 308.3801726598901 400.0 -0.001095895679459276 0.39363874548372335 0.39357127054162744 0.0005438906529044336 2.032950584355146 2.4425160006793684e-08 0.01439121840491794 0.007224753190229745 0.00716644768906303 0.39363786686529423 1.1912404684207378e-05 0.007267089898878754 0.007124128506039186 0.009976780555593015 0.009976780555636293
548.54 12.241701292561345 -4.223200948194477 47.461913488623175 -381442.1880709937 1.1949294707048402e-05 25.60622412381989 24.956005655046578 25.204149127266422 125.12130466535957 308.2581364954342 400.0 -0.0011433820980475014 0.4021268898670674 0.4020749965534694 0.0005681176000238686 2.0777074170973586 2.4426365969393742e-08 0.014701437436588706 0.007381149391148041 0.007320270517829598 0.40214605711015977 1.1949294707048402e-05 0.00742538246883212 0.007276054967756587 0.010191817310562868 0.01019181731060727
560.12 12.246791955627884 -4.228941904638631 47.99021635898196 -381150.5841982507 1.1986128713794543e-05 25.647686079712425 24.980674679764995 25.237004724144892 124.87587667942388 308.1343719189712 400.0 -0.0011924451099874051 0.4107162562410361 0.410681355567538 0.0005931661449715958 2.1230247959595827 2.4427620270161192e-08 0.015015348604462827 0.007539435148047987 0.0074758959267930206 0.41075713414565174 1.1986128713794543e-05 0.00758562963311555 0.007429718971347282 0.010409411113651679 0.010409411113695461
571.82 12.251953350032615 -4.234808503639177 48.51368911134597 -380855.80723057635 1.202291513805935e-05 25.688685120322663 25.00463323090561 25.269301940884322 124.6267861954332 308.0089677079307 400.0 -0.0012430770448870398 0.41939962260358693 0.41938317943834086 0.0006190332174944343 2.1688672671080584 2.442892272742879e-08 0.015332687522357216 0.0076994781378914795 0.0076331918528100345 0.4194639375049491 1.202291513805935e-05 0.007747698885400257 0.0075849886369569585 0.010629378600868275 0.010629378600915717
583.64 12.257185876101868 -4.240801560289788 49.03242069214244 -380557.86498681246 1.205969292800337e-05 25.72927355963224 25.02792914012533 25.30109283099523 124.37400338784812 307.8819061831984 400.0 -0.0012953116604148321 0.42817718187698833 0.4281807286370111 0.0006457369158467121 2.215238441911936 2.443027411468811e-08 0.01565346079215552 0.007861282658896051 0.007792160599546743 0.42826673957870615 1.205969292800337e-05 0.007911595999799617 0.007741864792355902 0.010851724248090984 0.010851724248139717
595.57 12.262485502277716 -4.246916730639786 49.54607177343005 -380257.0172756626 1.209646856393898e-05 25.769467216321775 25.050588380720093 25.332400399699978 124.1177126422756 307.75327983804186 400.0 -0.001349137533261919 0.4370416981194168 0.43706681662180213 0.0006732722580580568 2.2621026191673987 2.4431673934582357e-08 0.015977403530920288 0.00802471604436885 0.007952669950760272 0.4371583614470513 1.209646856393898e-05 0.008077187978391489 0.007900215552528803 0.011076264349242812 0.011076264349290446
607.63 12.26786154955071 -4.253165070970371 50.05558866855102 -379952.767091088 1.2133339279547154e-05 25.80937977935083 25.072690564674694 25.363323169880143 123.8574523151621 307.6228505457641 400.0 -0.0014046794556097403 0.44600823271983137 0.4460566094706859 0.0007017039935380075 2.3095419651540863 2.4433125144701816e-08 0.016305065671686998 0.008190056741078321 0.008114991392714125 0.4461539912722912 1.2133339279547154e-05 0.008244758406170151 0.008060307265516844 0.011303379980803628 0.011303379980852407
619.82 12.273314519135951 -4.259547545426705 50.5610311326162 -379645.12128480827 1.2170338527922952e-05 25.849053244665328 25.09427268172753 25.393902846730647 123.59318643152704 307.49060177305887 400.0 -0.0014619752276671624 0.4550770037601398 0.45515039793468065 0.00073105245927501 2.3575602395566615 2.4434628369232697e-08 0.016636454686784416 0.00835730961057814 0.008279127536183357 0.4552539336994488 1.2170338527922952e-05 0.008414313806242496 0.00822214088054192 0.011533076203293 0.011533076203345401
632.12 12.278835937325113 -4.266054476504982 51.061651958474286 -379334.5915716052 1.2207438483310249e-05 25.888463842828433 25.11533574143985 25.42413030292689 123.32531414960384 307.356732372499 400.0 -0.0015209662390629247 0.4642333406809453 0.4643335399015455 0.0007612886066190915 2.406082249876565 2.443618160507234e-08 0.016971034005514328 0.008526204873766758 0.008444811589574748 0.46444355028504364 1.2207438483310249e-05 0.008585582187219788 0.00838545181829454 0.011764980985943719 0.011764980985997505
644.54 12.284430760722095 -4.2726918625323576 51.55794985568791 -379020.93240287085 1.224470129211287e-05 25.927683442350144 25.135931786206047 25.454069667539283 123.05358393230868 307.22111571789287 400.0 -0.0015817348127137505 0.4734848930704693 0.47361377481086203 0.0007924556126209425 2.455150940452163 2.4437786469159176e-08 0.017309082672183243 0.008696884397373645 0.00861218073046352 0.47373059966441095 1.224470129211287e-05 0.008758708872476513 0.008550373799706726 0.011999287623447045 0.01199928762350304
657.08 12.290099498805693 -4.279460489022128 52.05000331997943 -378704.15039622557 1.2282157570599056e-05 25.966749039628837 25.156092671369237 25.483757650056223 122.77795913313632 307.0837332841919 400.0 -0.0016443171605567816 0.4828318773314609 0.4829913895726175 0.0008245730875350142 2.5047698838903782 2.4439443303197264e-08 0.01765060809910152 0.00886935298420461 0.008781237568354189 0.48311538350812017 1.2282157570599056e-05 0.008933700275868732 0.008716907823232799 0.012236001128369412 0.012236001128426278
669.75 12.295847224069787 -4.286366614526132 52.53827112660971 -378383.9993035871 1.2319866726686929e-05 26.005726323455853 25.175863611596437 25.513252160033407 122.49818073544847 306.9444561877516 400.0 -0.0017088013044399169 0.4922819750608407 0.49247416342244416 0.0008576873006571452 2.5549823074577276 2.4441153764901624e-08 0.017995890447321354 0.009043753231208746 0.008952119667348001 0.49260570241101315 1.2319866726686929e-05 0.009110702703765168 0.008885187743556185 0.012475315549323412 0.01247531554938406
682.53 12.301665410405544 -4.293400114756323 53.02205788396817 -378060.99082876515 1.2357798076740153e-05 26.04458715794414 25.195241383282227 25.54253973378281 122.21465149433799 306.8034852353265 400.0 -0.0017751225145999283 0.5018204936714615 0.5020474241613307 0.000891766117777015 2.6057125081638057 2.444291540905276e-08 0.018344392380821254 0.00921981482541697 0.009124560004395986 0.5021868880907968 1.2357798076740153e-05 0.009289443394235793 0.00905494898658546 0.012716858326443441 0.012716858326504253
695.44 12.307563728873028 -4.300572769646992 53.502194707458756 -377734.62569826323 1.23960391339524e-05 26.083424192828836 25.214282594062816 25.571697737461854 121.92688756002102 306.66058046408216 400.0 -0.0018434220746978815 0.5114625894125533 0.5117264553669791 0.0009268832785204886 2.6570434311955715 2.444473121922388e-08 0.01869666714015927 0.009397818370556227 0.00929883121632566 0.5118742529167343 1.23960391339524e-05 0.009470208826834123 0.00922645831332515 0.012961012766849746 0.01296101276691556
708.46 12.313533626842558 -4.307874237499777 53.978009950781676 -377405.41560662695 1.2434558100204787e-05 26.122207579098625 25.232982370280062 25.600711009431272 121.63529337228391 306.51594359856193 400.0 -0.0019136320858093214 0.5211935580386838 0.5214965696673552 0.0009630050480957205 2.7088991055462204 2.444659859420865e-08 0.019052176986905495 0.009577493273849661 0.009474666157487379 0.5216531135542382 1.2434558100204787e-05 0.009652725836978389 0.00939945114992711 0.01320740603332277 0.013207406033390271
721.61 12.319584879221024 -4.315316500240478 54.45030539568694 -377072.8608520369 1.2473441052511284e-05 26.16102589627522 25.251392591576025 25.629652808185284 121.3393784837286 306.36933244807506 400.0 -0.0019858987471317205 0.5310285848770934 0.5313730880899318 0.0010002078564599918 2.7613627389094106 2.4448520611742423e-08 0.01941147617593085 0.009759120798066219 0.009652337819979479 0.5315388220090511 1.2473441052511284e-05 0.00983728178515227 0.009574194390778586 0.013456422117590081 0.013456422117659338
734.88 12.325713533553138 -4.322894738827896 54.91878188023968 -376737.22016745975 1.2512684848254041e-05 26.199876999732382 25.269520479113226 25.658528170216588 121.03932230223138 306.22083751281485 400.0 -0.0020602074389402024 0.5409604407757649 0.5413488295157962 0.001038485453082088 2.8143980961106076 2.4450496073414946e-08 0.019774300063207764 0.009942568366029815 0.009831714136952123 0.5415242087301734 1.2512684848254041e-05 0.010023743690475883 0.009750556372731879 0.01370787745163509 0.013707877451705493
748.27 12.331920234423034 -4.330609713248342 55.383507409931276 -376398.499375235 1.255231550677219e-05 26.238787535906155 25.287386501225757 25.687363415794362 120.73507974280668 306.07043801388204 400.0 -0.0021365973884218564 0.5509893723669151 0.5514241201117894 0.0010778593318722255 2.8680087472078455 2.4452525231082024e-08 0.020140657121220394 0.010127841437464619 0.010012798121165192 0.551609618656923 1.255231550677219e-05 0.010212118795062447 0.009928538326157952 0.013961777753729388 0.01396177775380547
761.78 12.338205646869048 -4.338462180804521 55.84454853471372 -376056.7042222096 1.2592358718272831e-05 26.27778311181444 25.305009912267167 25.716183818486233 120.42660424753139 305.9181127594466 400.0 -0.002215108260944117 0.5611156309061739 0.5615992933282086 0.0011183512627324155 2.922198281966108 2.445460838559021e-08 0.020510555983025407 0.010314945571286364 0.010195592846759463 0.5617954046503965 1.2592358718272831e-05 0.010402414465629409 0.010108141517395999 0.014218128849622933 0.014218128849701047
775.41 12.344570456779545 -4.346452896301654 56.30197038328204 -375711.84038870037 1.2632839927856848e-05 26.316888390208227 25.322408836612258 25.745013699597916 120.11384790322751 305.7638401218233 400.0 -0.0022957801632972584 0.571339472387191 0.5718746906103149 0.0011599832942667324 2.976970320551252 2.4456745908696082e-08 0.02088400544515666 0.010503886427304788 0.010380101450458909 0.5720819282244546 1.2632839927856848e-05 0.010594638195525858 0.010289367249630805 0.014476936674639639 0.014476936674721677
789.16 12.351015371322218 -4.3545826122311455 56.75583669725587 -375363.91349709284 1.2673784356143742e-05 26.356127168777295 25.339600346520438 25.773876506525127 119.79676145217981 305.6075980144301 400.0 -0.0023786536469767743 0.5816611576701367 0.5822506622521734 0.0012027777564897096 3.0323285271047635 2.4458938268310627e-08 0.021261014470693992 0.010694669768035717 0.010566327132827383 0.5824695604202357 1.2673784356143742e-05 0.010788797606873068 0.010472216863820924 0.014738207275910097 0.014738207275990824
803.03 12.357541119378599 -4.362852078952276 57.206209865132074 -375012.92912014585 1.2715217090634854e-05 26.395522464245236 25.356600534406528 25.802794895821833 119.47529417432698 305.44936386946836 400.0 -0.0024637697116456484 0.5920809526256503 0.5927275684234037 0.00124675726393674 3.0882766268477706 2.446118605784929e-08 0.0216415921924919 0.01088730146059711 0.01075427315960126 0.5929586828550059 1.2715217090634854e-05 0.010984900452823933 0.010656691739667963 0.015001946814679128 0.01500194681476446
817.03 12.364153184005678 -4.371268080807233 57.65346785462915 -374658.6397209732 1.2757193231774616e-05 26.435124831231757 25.37343649512334 25.83181148570658 119.14916037877234 305.2889998349298 400.0 -0.0025512328381691292 0.6026066496232709 0.6033133455251795 0.0012919773163099844 3.1448588829323114 2.446349169045446e-08 0.022026022612738727 0.011081926564377892 0.010944078473578001 0.603557263419318 1.2757193231774616e-05 0.011183096280206918 0.010842926332531805 0.015268351927930326 0.01526835192801677
831.14 12.370842893479427 -4.379819341385135 58.09703160894281 -374301.5569276877 1.2799677830772297e-05 26.47489938796623 25.390098517918155 25.8609061329422 118.81877223790916 305.1267113932103 400.0 -0.0026409599964626936 0.6132234884474241 0.6139932550240318 0.001338396513467007 3.201998381414813 2.446585282537868e-08 0.02241376603124938 0.011278273128065675 0.011135475325888265 0.6142505682208382 1.2799677830772297e-05 0.01138310997728091 0.011030656053968472 0.01553704843606809 0.015537048436161969
845.38 12.37762052769399 -4.388518725855059 58.537588659699345 -373941.180077828 1.284275621955134e-05 26.514923667289565 25.406623786070007 25.890140833737085 118.4836062095885 304.9622443394252 400.0 -0.0027331207565630448 0.6239467999521359 0.6247828335524802 0.0013861041539492472 3.259780174863533 2.446827400936387e-08 0.02280538171988396 0.01147662565824071 0.01132873848180813 0.6250541766034821 1.284275621955134e-05 0.011585233217451177 0.011220148502432782 0.015808423722563917 0.015808423722660475
859.73 12.384477388798828 -4.397354759428292 58.97457764658036 -373578.0207728069 1.2886393106926822e-05 26.55516209004969 25.423001899608593 25.91949474795084 118.14407619604359 304.7958049290087 400.0 -0.0028276285184087343 0.6347618111922436 0.6356673420988526 0.0014350570285875087 3.318127349472683 2.4470753342391478e-08 0.023200329509215387 0.011676711879641847 0.011523600047175016 0.6359533543726482 1.2886393106926822e-05 0.011789190426002245 0.011411139083213142 0.016082103288694857 0.016082103288795644
874.21 12.39142387954376 -4.406340498824814 59.40866399273581 -373211.5783138291 1.2930674693819492e-05 26.595690953061094 25.43926782402559 25.94902856822027 117.79965051761467 304.627135840629 400.0 -0.002924658317830516 0.6456838894528554 0.6466623848408242 0.0014853474731161363 3.377125696941772 2.447329614594409e-08 0.023599169895830722 0.011878817087038555 0.011720335223802704 0.6469637515332626 1.2930674693819492e-05 0.011995274318687172 0.011603895577143544 0.01635847534672751 0.016358475346829462
888.81 12.398456102683525 -4.4154705511918495 59.83959606603948 -372842.1112183686 1.297559628350611e-05 26.6365020363934 25.45542156029229 25.978741199214625 117.450504990873 304.45632682779797 400.0 -0.0030241886679136945 0.6567058018645829 0.6577608371787736 0.00153696610848393 3.4367393593896165 2.447590301132378e-08 0.02400163800782742 0.0120828084691192 0.011918811951101846 0.658078259729722 1.297559628350611e-05 0.012203351467427659 0.011798286540399758 0.016637356163522903 0.01663735616362806
903.53 12.405574955805662 -4.424745656132896 60.26742802996434 -372469.6249305961 1.302118380522508e-05 26.677614874018083 25.47147402205327 26.00865169291446 117.09657771200096 304.2833512513466 400.0 -0.0031262638438661157 0.6678278558344132 0.6689631811036258 0.0015899376818299814 3.4969734534623447 2.4478576767134574e-08 0.02440774429181694 0.012288692700374838 0.012119034001192568 0.6692973881647258 1.302118380522508e-05 0.01241343063273291 0.011994313659084033 0.016918752786207247 0.016918752786315487
918.36 12.41277649710186 -4.434160180738805 60.69192885879216 -372094.3779251025 1.3067432200134508e-05 26.719020810267207 25.487424887608196 26.038758505410673 116.73804736410597 304.1083000971609 400.0 -0.0032308574773982916 0.6790428003265477 0.6802623048565342 0.001644250324811336 3.5577924768873967 2.448131899665393e-08 0.024817223171844798 0.012496336491578343 0.012320869087349032 0.6806140412426918 1.3067432200134508e-05 0.012625377714524509 0.012191845457320287 0.01720248100351852 0.01720248100363385
933.32 12.420071390189387 -4.4437275601573045 61.113722939767655 -371715.86959843093 1.3114430494878039e-05 26.76079473750042 25.50330551435035 26.069120744545366 116.37436492436781 303.93090926963845 400.0 -0.003338155854221887 0.6903660822590184 0.6916739929550499 0.0017000026926056683 3.6192845379722702 2.448413757712532e-08 0.02523063774398237 0.012706026806677543 0.012524593341690916 0.6920440563506782 1.3114430494878039e-05 0.012839487628691977 0.012391150115290392 0.017488930785590273 0.01748893078570561
948.41 12.427460676332704 -4.453448673139121 61.532848464335316 -371334.1054951412 1.3162206522411484e-05 26.802955591944038 25.519124876532235 26.099756732141852 116.00545886399982 303.7511483722826 400.0 -0.0034482083072794358 0.701798052551063 0.7031988598021884 0.0017572224945841322 3.6814566577143477 2.448703765612644e-08 0.02564799979976922 0.01291777117397328 0.012730211027456613 0.7035880795573258 1.3162206522411484e-05 0.013055770244258089 0.012592229555511128 0.017778110087257666 0.01777811008737606
963.61 12.434935571602827 -4.4633113732614085 61.94879992436509 -370949.59710898285 1.3210724594129885e-05 26.845466308949067 25.53487096502101 26.130644044251063 115.63174868602675 303.56922611446225 400.0 -0.0035609152104035162 0.7133238991758765 0.7148222646980038 0.0018158600312836906 3.744233950743974 2.4490021430308966e-08 0.02606876750187278 0.013131296167132508 0.01293745373364991 0.7152314763324242 1.3210724594129885e-05 0.013273948337185267 0.012794819164687514 0.01806964327394545 0.018069643274061412
978.93 12.442502002049412 -4.473322817175656 62.36190608084592 -370562.0969754447 1.3260044455769685e-05 26.888373578417706 25.550562883833106 26.16182104958594 115.2529191655254 303.38499331558336 400.0 -0.0036763956125299693 0.7249515438530538 0.7265525288317667 0.0018759794098611275 3.8076660108556206 2.4493097997246208e-08 0.026493228878201606 0.013346749392387426 0.013146461881944991 0.726982613168997 1.3260044455769685e-05 0.013494174747077639 0.012999054131123972 0.01836372969884565 0.018363729698980525
994.37 12.450161038435116 -4.483483743025116 62.7722149012219 -370171.61066907103 1.3310194952606312e-05 26.931696167126024 25.566208830104188 26.1933057632774 114.86889674641986 303.19841881337317 400.0 -0.0037946967437568514 0.7366813464545048 0.7383904038486264 0.0019376075490058955 3.871762380458429 2.449627588512683e-08 0.026921395745616958 0.01356413836859955 0.013357239770341261 0.7388422759394996 1.3310194952606312e-05 0.01371645928321909 0.013204936462397867 0.018660377326701172 0.018660377326836532
1009.94 12.457918777360797 -4.4938015388530586 63.18003347153463 -369777.89095336274 1.3361238566808557e-05 26.975481058538048 25.581826659164957 26.225136661153243 114.47935476576806 303.009348848127 400.0 -0.0039159448481876705 0.7485212864486224 0.7503443973848053 0.002000812731106512 3.936575584617754 2.4499567292854894e-08 0.02735355787321861 0.013783611820697764 0.013569928443007402 0.7508190228959399 1.3361238566808557e-05 0.01394095625531309 0.013412601617905523 0.018959786681933093 0.018959786682070205
1025.62 12.465766390566023 -4.504263690222948 63.58488414111511 -369381.4492344075 1.3413140052015832e-05 27.019690961813268 25.597403899839684 26.25729089841284 114.08471558222136 302.8179933464205 400.0 -0.0040400324512709215 0.7604565394647296 0.7624000634004293 0.002065541577043153 4.002034733257694 2.450297979275603e-08 0.027789172504171802 0.014004895690073543 0.01378425920172042 0.762898416195384 1.3413140052015832e-05 0.014167387525222827 0.013621784978948982 0.019261581492883702 0.019261581493021752
1041.43 12.473715059525775 -4.514884281079483 63.98732874693362 -368981.78556640225 1.3465996788521063e-05 27.064401406448386 25.612967765526435 26.289827621098542 113.68439547309397 302.6240743420901 400.0 -0.004167166636514951 0.7725027275139981 0.774573785349842 0.0021319049556568132 4.068237462796959 2.450653151922971e-08 0.02822880793411215 0.014228280274101985 0.01400051004473677 0.7750969088346058 1.3465996788521063e-05 0.014396052375107176 0.013832755559004973 0.019566155224240198 0.01956615522438054
1057.36 12.481760998600103 -4.525657402146921 64.38715189530673 -368579.1585794606 1.3519807905923541e-05 27.109603606272994 25.62851540398342 26.32274460865409 113.27856250724396 302.42767868980536 400.0 -0.004297318253770161 0.7846526566821016 0.7868589976189034 0.002199890772539372 4.135158286731071 2.4510236339910565e-08 0.028672199457566733 0.014453632778239365 0.01421854906112864 0.7874079616511217 1.3519807905923541e-05 0.014626817224314666 0.014045382233252069 0.019873324219872354 0.019873324220016045
1073.41 12.48990545289376 -4.536583794850748 64.78439741105885 -368173.57411137974 1.3574606481634194e-05 27.155317225470736 25.644053759356993 26.356060281770002 112.86713133541377 302.2287704942235 400.0 -0.004430537195038652 0.7969067582491173 0.799256943700731 0.0022695284418272725 4.202815764882333 2.4514112757717366e-08 0.029119360389772763 0.014680961660316842 0.014438381108301607 0.7998328617124777 1.3574606481634194e-05 0.014859693051265194 0.01425966733850757 0.0201830974231184 0.020183097423264136
1089.57 12.498144595423504 -4.547657327317287 65.17886588789 -367765.2906886917 1.3630391910153092e-05 27.201533609909507 25.659580052888334 26.38977234434401 112.450272769487 302.027437719391 400.0 -0.004566788927064767 0.8092578354779758 0.8117612655655007 0.002340803534812606 4.271188766979036 2.451817948012799e-08 0.029570025387929747 0.014910133701182536 0.014659874062608437 0.8123652793851098 1.3630391910153092e-05 0.015094545668985099 0.014475479718944643 0.020495290723462557 0.020495290723624944
1105.86 12.506489946405779 -4.558892448963611 65.57108771478984 -367353.80897733674 1.3687268446968496e-05 27.248330363703683 25.675120176101178 26.423941377037497 112.0273802707568 301.8233931432277 400.0 -0.004706293063707476 0.8217216456724478 0.8243889866661833 0.002413834977475397 4.34038623882266 2.4522465883486107e-08 0.030024766254502937 0.015141441455383299 0.014883307171963333 0.8250223217659699 1.3687268446968496e-05 0.015331677300473108 0.014693088954029833 0.02081029990942069 0.020810299909585134
1122.28 12.514942945356792 -4.570290039333841 65.96109451152988 -366939.1351814538 1.374527376755773e-05 27.29572878169748 25.69068053402312 26.458586900741693 111.59835527914741 301.6165955208085 400.0 -0.004849105158906837 0.8342987087002672 0.8371418809557845 0.002488656435642651 4.410436526950777 2.4527000080912156e-08 0.030483598289553163 0.015374894657927417 0.015108686001418249 0.8378058167171908 1.374527376755773e-05 0.015571100567653352 0.01491249772189981 0.021128135218203687 0.021128135218295777
1138.81 12.523494705226426 -4.5818369640683185 66.34845206399422 -366521.78050282696 1.3804374979102104e-05 27.343692574288397 25.70624873891217 26.49368622346074 111.16362395965577 301.4072563108961 400.0 -0.0049951034156604035 0.8469742265820458 0.8500063508276552 0.002565209087001343 4.48128606487537 2.453180802830972e-08 0.030945977532881957 0.01561021843798313 0.015335741461609658 0.850702184942539 1.3804374979102104e-05 0.015812536108426253 0.015133441424455697 0.021448419468273805 0.02144841946841733
1155.46 12.53215181487826 -4.593540892892051 66.73343957696952 -366101.4985638857 1.3864646340421322e-05 27.392272581880178 25.72184085599636 26.5292802634389 110.72282629464448 301.19520824954435 400.0 -0.005144426865437848 0.8597564047084 0.8629923184412778 0.0026435713498037987 4.553013560925039 2.4536927939919334e-08 0.03141219866033602 0.01584756466994967 0.015564616353982581 0.8637214264421177 1.3864646340421322e-05 0.016056142263091856 0.015356056397244163 0.021771356373094214 0.021771356373262236
1172.23 12.540915774611815 -4.605402578919812 67.11609644557052 -365678.2956369915 1.3926128495960535e-05 27.441491542147947 25.737463478603306 26.565389341765542 110.27585965833168 300.98040836152074 400.0 -0.005297128835828928 0.8726458252423693 0.8761022003824045 0.0027237774616536065 4.625660059729528 2.4542399736041506e-08 0.03188227757163172 0.016086943483083215 0.015795316448996583 0.8768660217867501 1.3926128495960535e-05 0.016301932110685223 0.0155803454609465 0.022096956493084983 0.022096956493260784
1189.13 12.549793400239047 -4.617429916511239 67.49668515185897 -365251.92582078074 1.3988901061964221e-05 27.49140258198106 25.753132525888482 26.602056041054034 109.82234877976893 300.7626830960705 400.0 -0.005453356405367285 0.8856508059195071 0.8893465409270278 0.0028059117781388727 4.699315771078189 2.4548271673534126e-08 0.03235651149199562 0.01632850841359966 0.01602798543565978 0.8901466060818429 1.3988901061964221e-05 0.01655006615495642 0.015806445337039197 0.022425425193167203 0.022425425193342487
1206.14 12.55877578614978 -4.6296094309345905 67.87479346948355 -364822.9001343253 1.4052933702471451e-05 27.541970987772388 25.768836241329307 26.639258313636095 109.36272077834192 300.5422443320841 400.0 -0.005612979268290871 0.8987566136447964 0.9027126741362906 0.0028899137281399156 4.7739460475513 2.4554586591359812e-08 0.03283435627305285 0.016571984493544693 0.016262354133554743 0.9035505451671964 1.4052933702471451e-05 0.01680026481156411 0.016034091461488754 0.02275638502589439 0.022756385026071184
1223.28 12.567875147903298 -4.641956204374768 68.25090363636164 -364390.7206653057 1.4118347503766642e-05 27.59328151673491 25.78460003779348 26.67706185146303 108.8963221253579 300.31878558406794 400.0 -0.0057762403403184915 0.9119793592623832 0.9162196652718799 0.002975920114794281 4.849697804321764 2.4561407185498897e-08 0.033316391500258224 0.01681766935246922 0.01649870449858082 0.917097029818881 1.4118347503766642e-05 0.017052836893394662 0.016263554606863566 0.02309023680152042 0.023090236801701143
1240.53 12.577082576788241 -4.654456595508335 68.62461378650067 -363955.8983151785 1.4185113851312701e-05 27.64530059691675 25.800412661080426 26.71544512476295 108.42358017437783 300.0925187579277 400.0 -0.0059430049979203176 0.9253043626366592 0.9298554721538008 0.003063870150127236 4.926549002456843 2.4568786512717772e-08 0.033802073165515444 0.017065288146269796 0.01673676736674824 0.9307740599187343 1.4185113851312701e-05 0.01730750293066377 0.016494570234851676 0.02342660306018047 0.023426603060365633
1257.91 12.58641051574743 -4.667125866728969 68.99639374752186 -363517.9356382422 1.4253359983315427e-05 27.69811596638183 25.81629983050585 26.754475936933936 107.94382580433567 299.8631310187734 400.0 -0.0061135231612404715 0.9387478752265381 0.9436400294478949 0.0031539071068972017 5.0046630124927916 2.457680029659695e-08 0.034291983632263746 0.01731514034166404 0.016976825634774 0.9446017141294618 1.4253359983315427e-05 0.017564574119741386 0.016727409512522363 0.023765886359375127 0.02376588635956179
1275.41 12.59585547046727 -4.679957566259608 69.36606155010448 -363077.09152644646 1.4323099520753075e-05 27.75172622501266 25.832260036888606 26.794156215516132 107.45720714861329 299.63070090850334 400.0 -0.006287756148564471 0.9523030379447802 0.9575700094965293 0.003246023624330039 5.084078295486441 2.458551803174466e-08 0.03478586162454762 0.017567095454305914 0.017218748511049722 0.9585767465472528 1.4323099520753075e-05 0.01782391964701588 0.016961941977531737 0.024107904886206098 0.024107904886396317
1293.03 12.60541933318133 -4.692798835244118 69.75228511395882 -362594.4569699758 1.4394386917084558e-05 27.806236332287888 25.848376280994902 26.83458588304126 106.96359477146227 299.22656451594656 400.0 -0.006465761955729125 0.9659707747210031 0.9716504492466274 0.0033402650310746865 5.164886876608739 2.459502004190412e-08 0.035283728192782686 0.017821167079798424 0.01746254345038716 0.9727043093849685 1.4394386917084558e-05 0.01808555700954275 0.017198171183239935 0.024452672257281538 0.024452672257473003
1310.77 12.615104062535892 -4.705754958628985 70.14242827754437 -362095.7393452977 1.4467279132238181e-05 27.86162196479938 25.86460124387367 26.875735071953006 106.4628547131491 298.7649136581557 400.0 -0.006647599318894453 0.9797520787665809 0.9858868928463729 0.0034366789874142357 5.2471906478970425 2.4605393612720993e-08 0.035785605403299836 0.018077369510479564 0.01770821822677829 0.9869900732884266 1.4467279132238181e-05 0.018349504598532053 0.017436100804767783 0.024800202676927643 0.024800202677121526
1328.63 12.624911686755953 -4.71887328515306 70.5308791920289 -361592.6141292831 1.4541835856867272e-05 27.91789281672613 25.88092050447475 26.91760739006875 105.95484839680691 298.29670967522173 400.0 -0.006833327739311902 0.9936480186910571 1.0002854266573822 0.0035353157248841213 5.3311020357534336 2.461673321287626e-08 0.036291516427358145 0.01833571779969733 0.017955780958133237 1.0014402636483082 1.4541835856867272e-05 0.018615781783375154 0.01767573464398299 0.02515051098513136 0.025150510985327626
1346.61 12.634844307057195 -4.732154563963141 70.91767733097265 -361085.0512764964 1.4618119673525636e-05 27.975083588686196 25.897343467740118 26.96023087461363 105.43943214959484 297.8218201650454 400.0 -0.007023007510117879 1.0076597449156508 1.014852714072566 0.0036362283040580284 5.416744657997982 2.462914067463331e-08 0.036801485636801474 0.018596227830932698 0.018205240132813903 1.0160616968437848 1.4618119673525636e-05 0.01888440900204472 0.017917076634756765 0.02550361270904296 0.025503612709237646
1364.71 12.644904101230821 -4.745599548467001 71.30286197128127 -360573.01978153334 1.469619625872713e-05 28.033230726315022 25.913880023149915 27.003634696569595 104.91645706433226 297.34010782230814 400.0 -0.0072166997452305665 1.0217884963545765 1.029596029745427 0.0037394728903426258 5.504253961777349 2.4642725327518037e-08 0.03731553870625911 0.018858916391721537 0.018456604637912627 1.0308618160317584 1.469619625872713e-05 0.019155407857816692 0.01816013084844241 0.02585952411797931 0.025859524118176408
1382.94 12.65509893733122 -4.759216486775854 71.68668165764403 -360056.2038259256 1.477617887048624e-05 28.092405184677162 25.930549734597413 27.047873674105382 104.38547639769203 296.8511609173434 400.0 -0.007414575724239678 1.0360434337966073 1.0445315105717796 0.003845167500866135 5.5938273865232615 2.4657612594696694e-08 0.03783398731125824 0.019123946760832337 0.01871002287018509 1.0458569772752848 1.477617887048624e-05 0.019428951440495626 0.018405035870762622 0.02621845930482522 0.02621845930502198
1401.28 12.665419974209293 -4.772991202678209 72.06875433631238 -359535.13731985743 1.4858052319139198e-05 28.152582372915017 25.947345295212827 27.09293100303369 103.84691246565414 296.35536791763036 400.0 -0.007616481223774347 1.0504103556608826 1.059651369881324 0.003953259471232619 5.685527624722477 2.4673910700801382e-08 0.038356291288473704 0.01939104701843081 0.01896522658614317 1.061039533309802 1.4858052319139198e-05 0.019704763904822842 0.01865152738365087 0.02658004242331028 0.02658004242350657
1419.75 12.675880900684707 -4.786939485516222 72.44953567836392 -359009.2178190175 1.4941982318921482e-05 28.21387041294039 25.96429660857684 27.138889005863128 103.30001167890403 295.85203439799477 400.0 -0.007822700226770044 1.064906477376034 1.0749814070772639 0.004063934036319349 5.7796292848898005 2.4691769614448463e-08 0.038883050503532385 0.019660528448226515 0.01922250436769902 1.0764355780255543 1.4941982318921482e-05 0.019983171790897238 0.018899878712635137 0.026944686660863165 0.026944686661060323
1438.33 12.68647291550348 -4.801047005289311 72.82865225567816 -358478.97943016107 1.5027958427202838e-05 28.276247680504614 25.981397530045232 27.185732619440532 102.74519362552887 295.34154565051017 400.0 -0.008033074178277044 1.0795177665280673 1.0905150610640806 0.004177143060569585 5.876218962740467 2.4711309549089136e-08 0.03941372661180295 0.0199321204912808 0.01948158842916273 1.0920387281152661 1.5027958427202838e-05 0.020263900994068683 0.019149825617734265 0.027312017033287644 0.027312017033484688
1457.04 12.697210046304805 -4.8153297271961515 73.20655111471642 -357943.8147596433 1.5116158068507987e-05 28.339828511794845 25.998679347470915 27.2335486561821 102.18168158835144 294.8231859749037 400.0 -0.00824789529465808 1.094261741238155 1.1062798556127431 0.004293084877882965 5.9756036210333985 2.4732698416969402e-08 0.03994892482336387 0.020206138096559814 0.01974276903164123 1.1078768572279383 1.5116158068507987e-05 0.020547282818769257 0.019401642004594617 0.02768244989050833 0.027682449890700556
1475.87 12.708089342145941 -4.829780864767805 73.58306618097893 -357403.9709194212 1.5206624973446714e-05 28.404629309476974 26.01614644269667 27.282350262448492 101.60958631360252 294.29705599229374 400.0 -0.00846711796492226 1.1091324683265527 1.1222790470284778 0.004411780663139961 6.077949557385575 2.475608003177366e-08 0.040488395771461815 0.020482459279772807 0.020005918792672592 1.1239534885119278 1.5206624973446714e-05 0.02083319735569679 0.019655198415765032 0.028055809769021528 0.028055809769216854
1494.82 12.719113644169422 -4.844401210746474 73.95823654791785 -356859.40858484514 1.5299453787565918e-05 28.470702586075582 26.033813094011357 27.332177570751064 101.02871369203447 293.76297556218117 400.0 -0.008690810104794782 1.1241320100892256 1.138525015324515 0.00453331748178634 6.18348938466512 2.478161486900908e-08 0.04103217768732759 0.0207611096413175 0.02027105034308842 1.1402813363364348 1.5299453787565918e-05 0.021121677614466802 0.019910500072860784 0.028432119991405207 0.028432119991595714
1513.88 12.730280030369887 -4.859183789133381 74.33190632268229 -356310.37538287207 1.5394694087579904e-05 28.538068149533995 26.051684895334326 27.383045902796 100.43917230664199 293.221042587121 400.0 -0.008918920267888016 1.1392546312167013 1.1550222467379934 0.004657722393495585 6.292412728672403 2.480945430865196e-08 0.041580023465740024 0.021041968920385363 0.02053803683847662 1.1568652085597932 1.5394694087579904e-05 0.021412605903211836 0.020167417562528177 0.028811206134570715 0.028811206134753
1533.07 12.741603297125668 -4.874144919448988 74.70450693347574 -355756.25290954264 1.5492551674135854e-05 28.60685513797795 26.069796323567754 27.435053097172478 99.8401332602089 292.6704927717463 400.0 -0.009151758048193882 1.1545185609735078 1.1718020408054688 0.004785225029455734 6.4050961677675415 2.4839799589354723e-08 0.042132551013295744 0.021325360829818847 0.020807172472585636 1.1737369007828098 1.5492551674135854e-05 0.02170632492140441 0.020426226091891334 0.02919349198246234 0.029193491982646202
1552.39 12.753086782695629 -4.889285539300386 75.07607235656204 -355196.99512330774 1.559314187392587e-05 28.677126802914465 26.088164036270364 27.48824732876938 99.23136848415751 292.1111141297296 400.0 -0.009389399925947617 1.1699263815178294 1.188879474145088 0.004915934671524652 6.521821599796103 2.487283135260514e-08 0.04268980752587078 0.02161131722960989 0.021078472581297802 1.190911942937306 1.559314187392587e-05 0.02200287580950395 0.020686931716366833 0.02957900598788043 0.029579005988058828
1571.82 12.764721948586237 -4.904590800199113 75.44625779944431 -354633.13533558545 1.56964795357443e-05 28.748875555488777 26.106786213168206 27.54262308384349 98.61327938242744 291.5432724785071 400.0 -0.009631672709783962 1.1854648293727292 1.206252471645284 0.0050498286853745255 6.642759489460037 2.4908696369635385e-08 0.04325126462382481 0.021899574957379195 0.02135167194735454 1.2083886487500575 1.56964795357443e-05 0.02230199400690134 0.02094927061692347 0.029967378103279204 0.02996737810344735
1591.37 12.776518211112217 -4.920069353183061 75.8152966112229 -354064.33702709945 1.5802742457917343e-05 28.822206267409555 26.125690222743888 27.598260068104594 97.98531369431474 290.9664568727707 400.0 -0.009878772725325814 1.2011447242600475 1.2239461993049638 0.00518709401963581 6.7682741547847165 2.494759502998293e-08 0.04381726188628858 0.022190316776028195 0.02162692738698116 1.2261927708585227 1.5802742457917343e-05 0.022603877891491 0.021213383994797573 0.030358838359243932 0.03035883835940959
1611.04 12.788479219725545 -4.935722042823597 76.1832292502298 -353490.55090254947 1.591206481148681e-05 28.897191529292883 26.144894647035382 27.6552137474751 97.34722201689424 290.38043440287277 400.0 -0.010130775556193697 1.216969094983211 1.241977781817787 0.005327858153379468 6.898683109468154 2.4989713248822806e-08 0.044387853783000725 0.02248357977861542 0.021904256276855848 1.2443420231751672 1.591206481148681e-05 0.022908575384104318 0.0214792783988964 0.03075341912164542 0.03075341912180596
1630.84 12.80061494248817 -4.951557742299899 76.55028112851188 -352911.4328015408 1.602464683871687e-05 28.973947082868854 26.164428636237606 27.713572673404407 96.69841451781866 289.78465893150934 400.0 -0.010387889001133008 1.2329492306973981 1.2603744094644487 0.005472330088380006 7.034385227487593 2.503526151240344e-08 0.04496338896084255 0.022779553003488186 0.022183818225508304 1.2628643065128624 1.602464683871687e-05 0.023216293013899717 0.02174709594694283 0.031151355713476145 0.031151355713627094
1650.75 12.812917112046982 -4.967561322700541 76.91612282029818 -352327.514301621 1.6140526838016227e-05 29.052476337899712 26.184292297202134 27.77334033850505 96.03927390295637 289.1794769182734 400.0 -0.01064993198372793 1.249072373680153 1.2791359993946634 0.0056205073161538265 7.175583034539069 2.5084379917305295e-08 0.04554334708231619 0.02307797920650722 0.022465350139582112 1.2817601168145898 1.6140526838016227e-05 0.023526773869931693 0.022016573212384503 0.03155228220023315 0.03155228220036929
1670.79 12.825402265889513 -4.983749738761812 77.28116371208357 -351738.1532288846 1.625998340041976e-05 29.1329437027875 26.204525971743614 27.834643200730515 95.36885254865594 288.56401269110313 400.0 -0.010917248000384678 1.2653582831495094 1.298300502056987 0.005772690398001925 7.322766804325662 2.5137301857286892e-08 0.0461283752008905 0.023379202324825363 0.022749155135386546 1.3010683103572096 1.625998340041976e-05 0.023840386913185727 0.022287988287704775 0.03195663928514581 0.03195663928527452
1690.95 12.838068630659073 -5.000115864461799 77.64526172322435 -351143.5845101914 1.6383132149493627e-05 29.21540041703972 26.225140598525076 27.897522229270166 94.68718064294437 287.9382876805481 400.0 -0.011189788285583573 1.281802614957973 1.3178781877695531 0.005928965717809461 7.476222062885375 2.5194183790024536e-08 0.04671825035769134 0.023683119335241767 0.023035113277248068 1.3207999328974327 1.6383132149493627e-05 0.02415703677294065 0.022561213584750682 0.032364265757678715 0.03236426575779345
1711.23 12.850920799636093 -5.01666060556866 78.00845994184553 -350543.7477553282 1.6510158143963947e-05 29.29994189893816 26.246157405892586 27.962052795940075 93.99394438511513 287.3020068555491 400.0 -0.011467636546024541 1.298409280483449 1.3378891029980882 0.006089501637277254 7.636308355756697 2.525520030994036e-08 0.04731304416414503 0.023989779418959335 0.02332324699538752 1.3409759459697213 1.6510158143963947e-05 0.02447678700740536 0.02283625715673966 0.032775203610489176 0.03277520361059166
1731.62 12.863957171466302 -5.033376664553529 78.37062522936054 -349938.87710483983 1.6641194258625924e-05 29.386625997463096 26.267587295972643 28.02828251172747 93.28916211848848 286.65517915131795 400.0 -0.011750738523657536 1.3151741164835957 1.3583434857356285 0.0062543929433209935 7.803303374461592 2.532048529506166e-08 0.04791253748113598 0.024299082359317326 0.023613437367349624 1.361607491809691 1.6641194258625924e-05 0.02479954583449065 0.023112991646645344 0.03318929358674574 0.0331892935868357
1752.14 12.877195595860952 -5.05028137420122 78.73215728094536 -349328.3136310192 1.6776581111172142e-05 29.475644215912638 26.28947290055549 28.096362292898505 92.57179673088103 285.99684402838 400.0 -0.012039459259361798 1.3321177969657465 1.3792819230141344 0.006423985761226001 7.977730319139868 2.539025969205478e-08 0.04851739719656735 0.024611385784870467 0.02390599365247526 1.382736408395445 1.6776581111172142e-05 0.025125699904318052 0.0233916972922493 0.03360698798801165 0.033606987988084154
1772.79 12.890641574776357 -5.067375807971524 79.09309713307762 -348711.98614243715 1.6916551543401413e-05 29.567111791763608 26.311836299346254 28.166386292918183 91.84147242799891 285.3266470200389 400.0 -0.012333893653852448 1.3492448034427298 1.4007254988454199 0.006598477491957425 8.159952974502975 2.5464674158075398e-08 0.04912770811407377 0.02492674799098704 0.024200942359027658 1.4043849638378576 1.6916551543401413e-05 0.025455324500083823 0.023672383613989947 0.034028336486718866 0.034028336486771164
1793.55 12.904287692362098 -5.084644381139457 79.45314137769941 -348090.4201083596 1.7061214737940376e-05 29.661059280153207 26.334677248144576 28.238385424751 91.0985135835358 284.6448750420734 400.0 -0.012633847819799716 1.3665430492779695 1.4226738554022065 0.006777898069607961 8.350139823211693 2.5543786357244538e-08 0.04974296519510909 0.025244922746580082 0.024498024679548994 1.4265538598136305 1.7061214737940376e-05 0.02578817677281929 0.023954788422289795 0.03445298131701859 0.03445298131705109
1814.43 12.918146335766009 -5.10209634286889 79.81251256251308 -347463.24298114167 1.721090010328667e-05 29.757656249654573 26.35802751122163 28.3124989108134 90.34216511059972 283.95082334915116 400.0 -0.012939556664429605 1.384025414983588 1.4451573388411718 0.006962536035270728 8.548708183144429 2.5627743258528518e-08 0.0503635530307444 0.025566124000218245 0.024797411256535857 1.4492748916412754 1.721090010328667e-05 0.026124495301346806 0.024239057729397592 0.03488117860103425 0.03488117860104263
1835.43 12.932223734879683 -5.119732704978603 80.17125875163786 -346830.37695496785 1.7365893367068226e-05 29.85703693520703 26.38190749196427 28.388841510057965 89.57200151920615 283.24408829827917 400.0 -0.013251115499412769 1.4016965860015165 1.4681954251490665 0.007152601427459146 8.755969293865633 2.571663604753735e-08 0.05098956426948589 0.02589041539337871 0.025099131097013526 1.4725689869392018 1.7365893367068226e-05 0.026464362082488164 0.024525202186997726 0.035312982611111286 0.035312982611096486
1856.56 12.946533275848791 -5.137562960003661 80.52959806065256 -346191.4379078785 1.7526569563350674e-05 29.959388356771022 26.406348391101574 28.467570314260012 88.7871994960442 282.5238999340786 400.0 -0.013568773028857024 1.4195697784778072 1.4918180425110124 0.007348401772419936 8.97231316071648 2.5810577395938166e-08 0.051621393992703275 0.02621801784723103 0.02540335836117567 1.4964677610731694 1.7526569563350674e-05 0.026808024546143318 0.02481336944655997 0.035748655930107925 0.03574865593006615
1877.8 12.961068372357596 -5.155571289407793 80.88724163024567 -345546.9457935723 1.7693138328690758e-05 30.064776075005707 26.431345457327193 28.548755719462342 87.98802661603331 281.790487695707 400.0 -0.013892328051717306 1.4376328244031342 1.5160203555433662 0.007549967616726602 9.197788571725896 2.590951798272575e-08 0.052258542368422936 0.02654868849557552 0.02570983608324897 1.5209677704672249 1.7693138328690758e-05 0.027155243759252486 0.025103298609170446 0.03618784398858302 0.0361878439885156
1899.17 12.975850080088607 -5.173775734147252 81.24457782624421 -344896.2051533263 1.7866000304497223e-05 30.173411166156992 26.456939137350595 28.6325699307792 87.17322679172699 281.0426812523641 400.0 -0.014222186791985511 1.4559074531626788 1.5408412353777876 0.007757704730663139 9.432821635506048 2.6013559202978256e-08 0.05290170973770405 0.026882807217087096 0.02601888472560807 1.5461099202203306 1.7866000304497223e-05 0.027506434518444013 0.02539527521926003 0.03663101964616253 0.036631019646062135
