#Found quasiharmonic mode : None
#T(K), volume, F(eV), S(J/K), H(J/K), a(-6/K), Cp(J/mol), Cv, Cpion, Bt(GPa), T_ph-D(K), T-D(K), F_el_atom, S_el_atom, C_el_atom, M_el, Seebeck_coefficients(μV/K), Lorenz_number(WΩK^{−2}), Q_el, Q_p, Q_e, C_mu, W_p, W_e, Y_p, Y_e
0.0 9.650596150448768 -5.911906026071847 0.0 -570412.2163877715 0.0 0.0 0.0 0.0 147.6266284177413 400.0 400.0 0.0 0.0 0.0 0.0 0.0 2.443004551768e-08 0.0 0.0 0.0 0.0 0.0 0.0 0.0 0.0
1.24 9.650596150470887 -5.911906026075947 1.3062838050178194e-06 -570412.2163865473 2.464466629059166e-12 3.918851415111612e-06 3.918851415053458e-06 3.918851415111612e-06 147.62662841524045 981.560466978747 400.0 0.0 0.0 0.0 0.0 0.0 2.443004551768e-08 0.0 0.0 0.0 0.0 0.0 0.0 0.0 0.0
3.98 9.650596152796036 -5.911906026509733 4.319382892605646e-05 -570412.2162581098 8.148193003600173e-11 0.0001295814869822106 0.00012958148677816937 0.0001295814869822106 147.6266281521129 981.5604665735236 400.0 0.0 0.0 0.0 0.0 0.0 2.443004551768e-08 0.0 0.0 0.0 0.0 0.0 0.0 0.0 0.0
8.22 9.65059618786399 -5.911906034262373 0.0003901166066732493 -570412.2139712786 5.945679610883837e-10 0.0011749821490488687 0.0011749821266107178 0.0011749821490488687 147.62662407554276 972.1718283352095 400.0 0.0 0.0 0.0 0.0 0.0 2.443004551768e-08 0.0 0.0 0.0 0.0 0.0 0.0 0.0 0.0
13.96 9.650596434016435 -5.911906095116734 0.0019338333133063102 -570412.1960532774 2.7375394167115132e-09 0.005886709371285486 0.005886708563458527 0.005886709371285486 147.6265922748468 964.8864558795731 400.0 0.0 0.0 0.0 0.0 0.0 2.443004551768e-08 0.0 0.0 0.0 0.0 0.0 0.0 0.0 0.0
21.2 9.650597663580436 -5.91190640100897 0.007008319708323271 -570412.1039873266 1.0199089782805037e-08 0.021966764544054256 0.021966747515791054 0.021966764544054256 147.62640422242094 944.7036178969072 400.0 0.0 0.0 0.0 0.0 0.0 2.443004551768e-08 0.0 0.0 0.0 0.0 0.0 0.0 0.0 0.0
29.94 9.650602839412425 -5.911907582149617 0.02129081933072666 -570411.7290793211 3.4860110910404555e-08 0.07097302563402474 0.070972744691014 0.07097302563402474 147.62538809832554 902.4771883429347 400.0 0.0 0.0 0.0 0.0 0.0 2.443004551768e-08 0.0 0.0 0.0 0.0 0.0 0.0 0.0 0.0
40.19 9.650623210690629 -5.911911521804527 0.05925231639891624 -570410.3652947684 1.1544903078230313e-07 0.21477033767990578 0.21476620154973308 0.21477033767990578 147.62055646977336 837.5482889994942 400.0 0.0 0.0 0.0 0.0 0.0 2.443004551768e-08 0.0 0.0 0.0 0.0 0.0 0.0 0.0 0.0
51.93 9.650695141472859 -5.911923540878824 0.15352272830188637 -570405.933874459 3.3512934170953303e-07 0.5780522144832434 0.5780071856344104 0.5780522144832434 147.60314332347255 777.8078876483045 400.0 0.0 0.0 0.0 0.0 0.0 2.443004551768e-08 0.0 0.0 0.0 0.0 0.0 0.0 0.0 0.0
65.18 9.65090471760551 -5.91195677019774 0.3582707900809182 -570393.760361514 7.963423280760973e-07 1.309344955137451 1.309025923703248 1.309344955137451 147.55640968922873 740.9065928811099 400.0 0.0 0.0 0.0 0.0 0.0 2.443004551768e-08 0.0 0.0 0.0 0.0 0.0 0.0 0.0 0.0
79.92 9.651399503989204 -5.912037309123434 0.7362826689111758 -570366.0395657064 1.561515230698648e-06 2.497268928169758 2.495765782412658 2.497268928169758 147.45838264788077 723.0066809178431 400.0 0.0 0.0 0.0 0.0 0.0 2.443004551768e-08 0.0 0.0 0.0 0.0 0.0 0.0 0.0 0.0
96.17 9.65237660252597 -5.91220815765827 1.340828432745195 -570312.4201838544 2.618897491898825e-06 4.1264228463737025 4.121340428106785 4.1264228463737025 147.28757698158523 715.7197802567736 400.0 0.0 0.0 0.0 0.0 0.0 2.443004551768e-08 0.0 0.0 0.0 0.0 0.0 0.0 0.0 0.0
113.92 9.654046813558095 -5.912529200320904 2.1996494611445634 -570221.7594955468 3.888123232537691e-06 6.083547841833718 6.070298784159019 6.083547841833718 147.02871431027418 713.5784711233854 400.0 0.0 0.0 0.0 0.0 0.0 2.443004551768e-08 0.0 0.0 0.0 0.0 0.0 0.0 0.0 0.0
133.16 9.656598602292867 -5.913074044162066 3.311647864887263 -570083.9339714401 5.259788416682291e-06 8.209203574025294 8.180923356759694 8.209203574025294 146.67456717882737 713.7174978847684 400.0 0.0 0.0 0.0 0.0 0.0 2.443004551768e-08 0.0 0.0 0.0 0.0 0.0 0.0 0.0 0.0
153.91 9.660181322293313 -5.913926382056012 4.65454142774395 -569890.7706347603 6.634933344209859e-06 10.352790104116304 10.30091758973485 10.352790104116304 146.22399431980685 714.7171413181652 400.0 0.0 0.0 0.0 0.0 0.0 2.443004551768e-08 0.0 0.0 0.0 0.0 0.0 0.0 0.0 0.0
176.16 9.664891522580737 -5.91517328948747 6.190642688592966 -569636.9157675289 7.940250179590506e-06 12.396480833287272 12.311725395838652 12.396480833287272 145.68052563707434 715.8869283825617 400.0 0.0 0.0 0.0 0.0 0.0 2.443004551768e-08 0.0 0.0 0.0 0.0 0.0 0.0 0.0 0.0
199.92 9.67078628517439 -5.916902855111786 7.878587671684129 -569319.2498499139 9.134555523463196e-06 14.26880530480043 14.14198140596395 14.26880530480043 145.0490268577834 716.9039662338973 400.0 0.0 0.0 0.0 0.0 0.0 2.443004551768e-08 0.0 0.0 0.0 0.0 0.0 0.0 0.0 0.0
225.17 9.677882704768896 -5.919197972548844 9.676170435253137 -568936.9989684998 1.020034975148477e-05 15.934825862629392 15.757453024549438 15.934825862629392 144.33534508213148 717.629890398174 400.0 0.0 0.0 0.0 0.0 0.0 2.443004551768e-08 0.0 0.0 0.0 0.0 0.0 0.0 0.0 0.0
251.92 9.686184129472068 -5.922138992104138 11.548110227263383 -568490.3475855177 1.1138624780207544e-05 17.38990637724889 17.154370794523764 17.38990637724889 143.54385229388296 718.0203223741271 400.0 0.0 0.0 0.0 0.0 0.0 2.443004551768e-08 0.0 0.0 0.0 0.0 0.0 0.0 0.0 0.0
280.17 9.69568000940911 -5.925800248938565 13.464568242604656 -567980.4370110856 1.1959540627921369e-05 18.64565548641287 18.34520022035074 18.64565548641287 142.67816246785685 718.0745528476124 400.0 0.0 0.0 0.0 0.0 0.0 2.443004551768e-08 0.0 0.0 0.0 0.0 0.0 0.0 0.0 0.0
309.93 9.706358837600067 -5.930252181324342 15.402532300255272 -567408.6444346155 1.2678001322278839e-05 19.722784628383536 19.351327249215164 19.722784628383536 141.74052395620689 717.810789113087 400.0 0.0 0.0 0.0 0.0 0.0 2.443004551768e-08 0.0 0.0 0.0 0.0 0.0 0.0 0.0 0.0
341.19 9.718202135911133 -5.935557202635572 17.343211649511392 -566776.8776308545 1.3309666622462544e-05 20.64444787729284 20.196419502127817 20.64444787729284 140.73286581550937 717.2536516870659 400.0 0.0 0.0 0.0 0.0 0.0 2.443004551768e-08 0.0 0.0 0.0 0.0 0.0 0.0 0.0 0.0
373.94 9.73119360746029 -5.941772130789651 19.272606351297398 -566087.0590015955 1.3869807443028162e-05 21.43398052592993 20.904118258077105 21.43398052592993 139.65634823685346 716.4282250148443 400.0 0.0 0.0 0.0 0.0 0.0 2.443004551768e-08 0.0 0.0 0.0 0.0 0.0 0.0 0.0 0.0
408.2 9.745333669564054 -5.948955303757906 21.182228210581208 -565340.3426945579 1.437278004055305e-05 22.113601893288365 21.496684040791173 22.113601893288365 138.5104862833679 715.3561382242239 400.0 0.0 0.0 0.0 0.0 0.0 2.443004551768e-08 0.0 0.0 0.0 0.0 0.0 0.0 0.0 0.0
443.96 9.760616575128637 -5.957155721248803 23.06474525925973 -564538.323949948 1.4830716531129437e-05 22.7022661821642 21.993024470464423 22.7022661821642 137.2952442028565 714.0560850747287 400.0 0.0 0.0 0.0 0.0 0.0 2.443004551768e-08 0.0 0.0 0.0 0.0 0.0 0.0 0.0 0.0
481.22 9.77704660363356 -5.9664209267942425 24.91568385696347 -563682.1793038128 1.5254247759176194e-05 23.21652323538466 22.409480323439922 23.21652323538466 136.00982125100867 712.5427119605756 400.0 0.0 0.0 0.0 0.0 0.0 2.443004551768e-08 0.0 0.0 0.0 0.0 0.0 0.0 0.0 0.0
519.98 9.79463441436671 -5.9767956571030965 26.73227117368858 -562772.8676240714 1.5652483967312456e-05 23.670407852569472 22.759758872310414 23.670407852569472 134.65304794150163 710.8270472808821 400.0 0.0 0.0 0.0 0.0 0.0 2.443004551768e-08 0.0 0.0 0.0 0.0 0.0 0.0 0.0 0.0
560.24 9.813397175284445 -5.988322236448759 28.51300326826703 -561811.1348743258 1.6033239805969045e-05 24.075728862774735 23.05523567815931 24.075728862774735 133.22343604817792 708.9168450955348 400.0 0.0 0.0 0.0 0.0 0.0 2.443004551768e-08 0.0 0.0 0.0 0.0 0.0 0.0 0.0 0.0
602.0 9.833358678896703 -6.001040921495459 30.257313480768282 -560797.5236607777 1.640327003082987e-05 24.44239900649521 23.305290846164944 24.44239900649521 131.71921198203725 706.8169430019682 400.0 0.0 0.0 0.0 0.0 0.0 2.443004551768e-08 0.0 0.0 0.0 0.0 0.0 0.0 0.0 0.0
645.26 9.854549504320799 -6.014990201636699 31.965886703550204 -559732.0192491299 1.676849297292782e-05 24.777900655191218 23.516775321079876 24.777900655191218 130.138336950783 704.7504307885735 400.0 0.0 0.0 0.0 0.0 0.0 2.443004551768e-08 0.0 0.0 0.0 0.0 0.0 0.0 0.0 0.0
690.03 9.877012342178155 -6.030210546533532 33.639211763442134 -558614.8020426866 1.713427388593919e-05 25.090130423659456 23.6968207868073 25.090130423659456 128.47814295244996 702.5809316223786 400.0 0.0 0.0 0.0 0.0 0.0 2.443004551768e-08 0.0 0.0 0.0 0.0 0.0 0.0 0.0 0.0
736.29 9.900782171611548 -6.046730863535004 35.277360147604426 -557446.4681053496 1.750528157209862e-05 25.38523342714187 23.850783098611206 25.38523342714187 126.73682219436675 700.2464635939917 400.0 0.0 0.0 0.0 0.0 0.0 2.443004551768e-08 0.0 0.0 0.0 0.0 0.0 0.0 0.0 0.0
784.05 9.9259168622584 -6.064589101962653 36.88196122276593 -556226.5919774895 1.7886138425042595e-05 25.668501066266863 23.982948327974448 25.668501066266863 124.911195844829 697.7428945491698 400.0 0.0 0.0 0.0 0.0 0.0 2.443004551768e-08 0.0 0.0 0.0 0.0 0.0 0.0 0.0 0.0
833.32 9.95248335263121 -6.0838229945666455 38.45474846838014 -554954.5711963853 1.828132037705379e-05 25.944603114353527 24.096828090594933 25.944603114353527 122.99778664908887 695.064314477634 400.0 0.0 0.0 0.0 0.0 0.0 2.443004551768e-08 0.0 0.0 0.0 0.0 0.0 0.0 0.0 0.0
884.09 9.980547373625576 -6.104461902495558 39.99692690310385 -553630.1509704059 1.8695139468773942e-05 26.21765992048237 24.195273972363534 26.21765992048237 120.99359192031665 692.2041647191545 400.0 0.0 0.0 0.0 0.0 0.0 2.443004551768e-08 0.0 0.0 0.0 0.0 0.0 0.0 0.0 0.0
936.36 10.010190385492846 -6.126538275877735 41.51013314190417 -552252.652025202 1.9132117466545587e-05 26.491564064144285 24.280670011243412 26.491564064144285 118.8949071021459 689.1535839218357 400.0 0.0 0.0 0.0 0.0 0.0 2.443004551768e-08 0.0 0.0 0.0 0.0 0.0 0.0 0.0 0.0
990.12 10.041499846954759 -6.150079690701318 42.995796277955414 -550821.4837110544 1.9596958194155907e-05 26.77000271648586 24.35498187303809 26.77000271648586 116.69808251438671 685.9024087116129 400.0 0.0 0.0 0.0 0.0 0.0 2.443004551768e-08 0.0 0.0 0.0 0.0 0.0 0.0 0.0 0.0
1045.39 10.074594371779456 -6.17512666303908 44.456215978651926 -549335.0633444701 2.0095048276972938e-05 27.0567937270998 24.419884087026194 27.0567937270998 114.39783818859324 682.4365403331271 400.0 0.0 0.0 0.0 0.0 0.0 2.443004551768e-08 0.0 0.0 0.0 0.0 0.0 0.0 0.0 0.0
1102.16 10.109590939587266 -6.2017065173111945 45.89289969928871 -547792.3947009711 2.063211286350899e-05 27.355706788463742 24.476737849819607 27.355706788463742 111.98966076725786 678.7413026877305 400.0 0.0 0.0 0.0 0.0 0.0 2.443004551768e-08 0.0 0.0 0.0 0.0 0.0 0.0 0.0 0.0
1160.44 10.146637153458396 -6.229855799768956 47.30791895547915 -546191.7044277197 2.1214866705121792e-05 27.670865521066187 24.526704851874225 27.670865521066187 109.4676723397924 674.7979972862762 400.0 0.0 0.0 0.0 0.0 0.0 2.443004551768e-08 0.0 0.0 0.0 0.0 0.0 0.0 0.0 0.0
1220.21 10.185883238008055 -6.259596667043937 48.706696540269334 -544526.8651715773 2.1850778236663662e-05 28.00625223916076 24.570354089362706 28.00625223916076 106.82669135900001 670.9365748590234 400.0 0.0 0.0 0.0 0.0 0.0 2.443004551768e-08 0.0 0.0 0.0 0.0 0.0 0.0 0.0 0.0
1281.48 10.227524397936682 -6.290966038087333 50.08882654589242 -542798.1180984668 2.2548991035210878e-05 28.367317491669084 24.608840730817967 28.367317491669084 104.05953307462315 666.915566878722 400.0 0.0 0.0 0.0 0.0 0.0 2.443004551768e-08 0.0 0.0 0.0 0.0 0.0 0.0 0.0 0.0
1344.25 10.271781032239309 -6.323996611420455 51.45521987948389 -541004.234055661 2.3320352403101313e-05 28.760078623816586 24.64297083021022 28.760078623816586 101.15859998773774 662.609978287345 400.0 0.0 0.0 0.0 0.0 0.0 2.443004551768e-08 0.0 0.0 0.0 0.0 0.0 0.0 0.0 0.0
1408.53 10.318919492223623 -6.358727312500832 52.808265890169224 -539141.8898528778 2.4178214586658136e-05 29.191649033926563 24.673331531390286 29.191649033926563 98.11480675974938 657.9882801292737 400.0 0.0 0.0 0.0 0.0 0.0 2.443004551768e-08 0.0 0.0 0.0 0.0 0.0 0.0 0.0 0.0
1474.3 10.36923166717262 -6.3951817985145 54.14988286571676 -537208.0674885242 2.5138664491561848e-05 29.670505555582924 24.700411069233244 29.670505555582924 94.91926940205411 653.0150049668199 400.0 0.0 0.0 0.0 0.0 0.0 2.443004551768e-08 0.0 0.0 0.0 0.0 0.0 0.0 0.0 0.0
1541.58 10.423099355123984 -6.433406936018173 55.483028930425434 -535197.8771462599 2.622257511528282e-05 30.20755666313264 24.724644592930115 30.20755666313264 91.55967621717787 647.6439956293332 400.0 0.0 0.0 0.0 0.0 0.0 2.443004551768e-08 0.0 0.0 0.0 0.0 0.0 0.0 0.0 0.0
1610.36 10.480958072483805 -6.473434734394544 56.81173647789988 -533104.1523506509 2.745617354728993e-05 30.81643153685417 24.74634418887816 30.81643153685417 88.02328008441148 641.9056282645895 400.0 0.0 0.0 0.0 0.0 0.0 2.443004551768e-08 0.0 0.0 0.0 0.0 0.0 0.0 0.0 0.0
1680.64 10.543350189850122 -6.515304857120867 58.1470321211511 -530907.1249382646 2.8873910613206916e-05 31.514850124819382 24.76557771819142 31.514850124819382 84.29445412327037 636.208549635111 400.0 0.0 0.0 0.0 0.0 0.0 2.443004551768e-08 0.0 0.0 0.0 0.0 0.0 0.0 0.0 0.0
1752.42 10.610949871443854 -6.5590597691548425 59.484295441054435 -528611.5912050229 3.0521823112747186e-05 32.32721638980983 24.782954251219 32.32721638980983 80.35445362592907 629.9755513995387 400.0 0.0 0.0 0.0 0.0 0.0 2.443004551768e-08 0.0 0.0 0.0 0.0 0.0 0.0 0.0 0.0
1825.7 10.68461029715407 -6.604745559764723 60.828140950809875 -526207.1319681011 3.246305390725908e-05 33.28667520497035 24.79871304986773 33.28667520497035 76.18038701371893 623.1106191128445 400.0 0.0 0.0 0.0 0.0 0.0 2.443004551768e-08 0.0 0.0 0.0 0.0 0.0 0.0 0.0 0.0
1900.48 10.765434768271167 -6.652413066683565 62.18426183585089 -523680.3382045936 3.4786922171442224e-05 34.44035625930072 24.813067181571096 34.44035625930072 71.74369037305672 615.4879256112699 400.0 0.0 0.0 0.0 0.0 0.0 2.443004551768e-08 0.0 0.0 0.0 0.0 0.0 0.0 0.0 0.0
