# T(K) V(Ang^3) B(GPa) C11 C12 C13 C16 C22 C23 C26 C33 C36 C44 C45 C55 C66 E(GPa) G(GPa) B_correction_factor
0.0  11.067561   190.46   279.82   127.38   118.06     0.00   358.46   143.32     0.00   298.34     0.00   156.29     0.00   106.20   104.99   276.76   110.02     0.78
0.11  11.067561   190.46   279.82   127.38   118.06     0.00   358.46   143.32     0.00   298.34     0.00   156.29     0.00   106.20   104.99   276.76   110.02     0.78
0.29  11.067561   190.46   279.82   127.38   118.06     0.00   358.46   143.32     0.00   298.34     0.00   156.29     0.00   106.20   104.99   276.76   110.02     0.78
0.53  11.067561   190.46   279.82   127.38   118.06     0.00   358.46   143.32     0.00   298.34     0.00   156.29     0.00   106.20   104.99   276.76   110.02     0.78
0.83  11.067561   190.46   279.82   127.38   118.06     0.00   358.46   143.32     0.00   298.34     0.00   156.29     0.00   106.20   104.99   276.76   110.02     0.78
1.2  11.067561   190.46   279.82   127.38   118.06     0.00   358.46   143.32     0.00   298.34     0.00   156.29     0.00   106.20   104.99   276.76   110.02     0.78
1.63  11.067561   190.46   279.82   127.38   118.06     0.00   358.46   143.32     0.00   298.34     0.00   156.29     0.00   106.20   104.99   276.76   110.02     0.78
2.12  11.067561   190.46   279.82   127.38   118.06     0.00   358.46   143.32     0.00   298.34     0.00   156.29     0.00   106.20   104.99   276.76   110.02     0.78
2.68  11.067561   190.46   279.82   127.38   118.06     0.00   358.46   143.32     0.00   298.34     0.00   156.29     0.00   106.20   104.99   276.76   110.02     0.78
3.3  11.067561   190.46   279.82   127.38   118.06     0.00   358.46   143.32     0.00   298.34     0.00   156.29     0.00   106.20   104.99   276.76   110.02     0.78
3.98  11.067562   190.46   279.82   127.38   118.06     0.00   358.46   143.32     0.00   298.34     0.00   156.29     0.00   106.20   104.99   276.76   110.02     0.78
4.72  11.067562   190.46   279.82   127.38   118.06     0.00   358.46   143.32     0.00   298.34     0.00   156.29     0.00   106.20   104.99   276.76   110.02     0.78
5.53  11.067562   190.46   279.82   127.38   118.06     0.00   358.46   143.32     0.00   298.34     0.00   156.29     0.00   106.20   104.99   276.76   110.02     0.78
6.41  11.067562   190.46   279.82   127.38   118.06     0.00   358.46   143.32     0.00   298.34     0.00   156.29     0.00   106.20   104.99   276.76   110.02     0.78
7.34  11.067562   190.46   279.82   127.38   118.06     0.00   358.46   143.32     0.00   298.34     0.00   156.29     0.00   106.20   104.99   276.76   110.02     0.78
8.34  11.067562   190.46   279.82   127.38   118.06     0.00   358.46   143.32     0.00   298.34     0.00   156.29     0.00   106.20   104.99   276.76   110.02     0.78
9.4  11.067562   190.46   279.82   127.38   118.06     0.00   358.46   143.32     0.00   298.34     0.00   156.29     0.00   106.20   104.99   276.76   110.02     0.78
10.53  11.067562   190.46   279.82   127.38   118.06     0.00   358.46   143.32     0.00   298.34     0.00   156.29     0.00   106.20   104.99   276.76   110.02     0.78
11.72  11.067562   190.46   279.81   127.38   118.06     0.00   358.45   143.32     0.00   298.34     0.00   156.29     0.00   106.20   104.99   276.76   110.02     0.78
12.97  11.067562   190.46   279.81   127.38   118.06     0.00   358.45   143.32     0.00   298.33     0.00   156.29     0.00   106.20   104.99   276.76   110.02     0.78
14.28  11.067563   190.46   279.81   127.38   118.06     0.00   358.45   143.32     0.00   298.33     0.00   156.29     0.00   106.20   104.99   276.76   110.02     0.78
15.66  11.067563   190.46   279.81   127.38   118.06     0.00   358.45   143.32     0.00   298.33     0.00   156.29     0.00   106.20   104.99   276.76   110.02     0.78
17.1  11.067564   190.46   279.81   127.38   118.06     0.00   358.45   143.32     0.00   298.33     0.00   156.29     0.00   106.20   104.99   276.76   110.02     0.78
18.61  11.067565   190.46   279.81   127.38   118.06     0.00   358.45   143.32     0.00   298.33     0.00   156.29     0.00   106.20   104.99   276.76   110.02     0.78
20.18  11.067567   190.45   279.81   127.38   118.06     0.00   358.44   143.32     0.00   298.33     0.00   156.29     0.00   106.20   104.99   276.76   110.02     0.78
21.81  11.067569   190.45   279.80   127.37   118.06     0.00   358.44   143.32     0.00   298.32     0.00   156.29     0.00   106.20   104.99   276.76   110.02     0.78
23.51  11.067572   190.45   279.80   127.37   118.06     0.00   358.43   143.31     0.00   298.32     0.00   156.29     0.00   106.20   104.99   276.76   110.02     0.78
25.26  11.067577   190.44   279.79   127.37   118.05     0.00   358.42   143.31     0.00   298.31     0.00   156.29     0.00   106.20   104.99   276.75   110.01     0.78
27.09  11.067582   190.44   279.79   127.37   118.05     0.00   358.42   143.31     0.00   298.31     0.00   156.29     0.00   106.20   104.99   276.75   110.01     0.78
28.97  11.067590   190.43   279.78   127.36   118.05     0.00   358.40   143.30     0.00   298.30     0.00   156.29     0.00   106.20   104.99   276.75   110.01     0.78
30.92  11.067600   190.43   279.77   127.36   118.05     0.00   358.39   143.30     0.00   298.29     0.00   156.29     0.00   106.20   104.98   276.74   110.01     0.78
32.93  11.067612   190.42   279.76   127.35   118.04     0.00   358.37   143.29     0.00   298.28     0.00   156.29     0.00   106.20   104.98   276.74   110.01     0.78
35.01  11.067627   190.41   279.75   127.35   118.04     0.00   358.36   143.28     0.00   298.26     0.00   156.29     0.00   106.20   104.98   276.73   110.01     0.78
37.14  11.067645   190.40   279.74   127.34   118.03     0.00   358.33   143.28     0.00   298.25     0.00   156.29     0.00   106.20   104.98   276.72   110.00     0.78
39.35  11.067667   190.39   279.72   127.33   118.02     0.00   358.31   143.27     0.00   298.23     0.00   156.29     0.00   106.20   104.98   276.71   110.00     0.78
41.61  11.067694   190.38   279.70   127.32   118.02     0.00   358.28   143.25     0.00   298.21     0.00   156.28     0.00   106.20   104.98   276.70   110.00     0.78
43.94  11.067725   190.36   279.68   127.31   118.01     0.00   358.25   143.24     0.00   298.19     0.00   156.28     0.00   106.19   104.98   276.69   109.99     0.78
46.33  11.067761   190.34   279.66   127.30   118.00     0.00   358.22   143.23     0.00   298.16     0.00   156.28     0.00   106.19   104.97   276.68   109.99     0.78
48.78  11.067802   190.33   279.64   127.28   117.99     0.00   358.18   143.21     0.00   298.14     0.00   156.28     0.00   106.19   104.97   276.67   109.99     0.78
51.3  11.067849   190.31   279.62   127.27   117.98     0.00   358.14   143.20     0.00   298.11     0.00   156.27     0.00   106.19   104.97   276.65   109.98     0.78
53.88  11.067903   190.28   279.59   127.26   117.97     0.00   358.09   143.18     0.00   298.08     0.00   156.27     0.00   106.19   104.97   276.63   109.98     0.78
56.53  11.067964   190.26   279.56   127.24   117.95     0.00   358.04   143.16     0.00   298.04     0.00   156.27     0.00   106.19   104.96   276.62   109.97     0.78
59.24  11.068032   190.24   279.54   127.22   117.94     0.00   357.99   143.14     0.00   298.01     0.00   156.26     0.00   106.19   104.96   276.60   109.96     0.78
62.01  11.068108   190.21   279.50   127.20   117.93     0.00   357.94   143.12     0.00   297.97     0.00   156.26     0.00   106.18   104.95   276.58   109.96     0.78
64.84  11.068191   190.18   279.47   127.18   117.91     0.00   357.88   143.09     0.00   297.93     0.00   156.25     0.00   106.18   104.95   276.55   109.95     0.78
67.74  11.068284   190.15   279.44   127.16   117.90     0.00   357.81   143.07     0.00   297.89     0.00   156.25     0.00   106.18   104.94   276.53   109.94     0.78
70.7  11.068386   190.12   279.40   127.14   117.88     0.00   357.74   143.04     0.00   297.84     0.00   156.24     0.00   106.18   104.94   276.51   109.93     0.78
73.72  11.068498   190.09   279.37   127.11   117.86     0.00   357.67   143.01     0.00   297.80     0.00   156.23     0.00   106.17   104.93   276.48   109.92     0.77
76.81  11.068620   190.06   279.33   127.09   117.85     0.00   357.60   142.98     0.00   297.75     0.00   156.23     0.00   106.17   104.92   276.45   109.91     0.77
79.96  11.068752   190.02   279.29   127.06   117.83     0.00   357.52   142.95     0.00   297.70     0.00   156.22     0.00   106.17   104.91   276.42   109.90     0.77
83.18  11.068897   189.98   279.25   127.03   117.81     0.00   357.43   142.92     0.00   297.65     0.00   156.21     0.00   106.16   104.91   276.39   109.89     0.77
86.45  11.069052   189.94   279.21   127.00   117.79     0.00   357.35   142.88     0.00   297.59     0.00   156.20     0.00   106.16   104.90   276.36   109.88     0.77
89.79  11.069220   189.90   279.16   126.97   117.77     0.00   357.25   142.84     0.00   297.54     0.00   156.19     0.00   106.15   104.89   276.32   109.87     0.77
93.2  11.069402   189.86   279.12   126.94   117.75     0.00   357.16   142.80     0.00   297.48     0.00   156.18     0.00   106.15   104.87   276.28   109.86     0.77
96.66  11.069597   189.82   279.07   126.91   117.73     0.00   357.06   142.76     0.00   297.42     0.00   156.17     0.00   106.14   104.86   276.25   109.84     0.77
100.2  11.069806   189.77   279.03   126.87   117.71     0.00   356.95   142.72     0.00   297.35     0.00   156.16     0.00   106.13   104.85   276.21   109.83     0.77
103.79  11.070030   189.72   278.98   126.84   117.69     0.00   356.84   142.68     0.00   297.29     0.00   156.14     0.00   106.13   104.84   276.16   109.82     0.77
107.45  11.070269   189.68   278.93   126.80   117.66     0.00   356.73   142.63     0.00   297.22     0.00   156.13     0.00   106.12   104.82   276.12   109.80     0.77
111.17  11.070523   189.62   278.88   126.76   117.64     0.00   356.61   142.59     0.00   297.16     0.00   156.11     0.00   106.11   104.81   276.07   109.78     0.77
114.95  11.070794   189.57   278.84   126.72   117.62     0.00   356.49   142.54     0.00   297.09     0.00   156.10     0.00   106.11   104.79   276.03   109.77     0.77
118.8  11.071082   189.52   278.79   126.68   117.59     0.00   356.36   142.49     0.00   297.02     0.00   156.08     0.00   106.10   104.77   275.98   109.75     0.77
122.71  11.071387   189.46   278.73   126.63   117.57     0.00   356.23   142.43     0.00   296.94     0.00   156.06     0.00   106.09   104.75   275.93   109.73     0.77
126.68  11.071710   189.41   278.68   126.59   117.54     0.00   356.09   142.38     0.00   296.87     0.00   156.04     0.00   106.08   104.73   275.87   109.71     0.77
130.72  11.072052   189.35   278.63   126.54   117.52     0.00   355.95   142.32     0.00   296.79     0.00   156.02     0.00   106.07   104.71   275.82   109.69     0.77
134.82  11.072412   189.29   278.58   126.50   117.49     0.00   355.81   142.27     0.00   296.71     0.00   156.00     0.00   106.06   104.69   275.76   109.67     0.77
138.98  11.072791   189.23   278.53   126.45   117.46     0.00   355.66   142.21     0.00   296.63     0.00   155.97     0.00   106.05   104.67   275.70   109.65     0.77
143.21  11.073191   189.16   278.47   126.40   117.44     0.00   355.50   142.14     0.00   296.55     0.00   155.95     0.00   106.04   104.64   275.64   109.63     0.77
147.5  11.073610   189.10   278.42   126.34   117.41     0.00   355.34   142.08     0.00   296.47     0.00   155.92     0.00   106.03   104.62   275.58   109.61     0.77
151.85  11.074049   189.03   278.36   126.29   117.38     0.00   355.18   142.01     0.00   296.38     0.00   155.90     0.00   106.01   104.59   275.51   109.58     0.77
156.27  11.074510   188.96   278.31   126.23   117.35     0.00   355.01   141.95     0.00   296.29     0.00   155.87     0.00   106.00   104.56   275.44   109.56     0.77
160.75  11.074992   188.89   278.25   126.18   117.32     0.00   354.83   141.88     0.00   296.20     0.00   155.84     0.00   105.99   104.54   275.37   109.53     0.77
165.29  11.075495   188.82   278.20   126.12   117.30     0.00   354.65   141.81     0.00   296.11     0.00   155.81     0.00   105.97   104.50   275.30   109.51     0.77
169.9  11.076020   188.75   278.14   126.06   117.27     0.00   354.46   141.73     0.00   296.02     0.00   155.78     0.00   105.96   104.47   275.22   109.48     0.77
174.57  11.076568   188.67   278.09   126.00   117.24     0.00   354.27   141.66     0.00   295.92     0.00   155.74     0.00   105.94   104.44   275.15   109.45     0.77
179.3  11.077137   188.60   278.03   125.94   117.21     0.00   354.08   141.58     0.00   295.83     0.00   155.71     0.00   105.92   104.41   275.07   109.42     0.77
184.1  11.077730   188.52   277.97   125.87   117.17     0.00   353.88   141.50     0.00   295.73     0.00   155.67     0.00   105.91   104.37   274.99   109.39     0.77
188.96  11.078345   188.44   277.91   125.80   117.14     0.00   353.67   141.42     0.00   295.63     0.00   155.64     0.00   105.89   104.33   274.90   109.36     0.77
193.88  11.078983   188.36   277.86   125.74   117.11     0.00   353.46   141.33     0.00   295.52     0.00   155.60     0.00   105.87   104.29   274.82   109.33     0.77
198.86  11.079644   188.27   277.80   125.67   117.08     0.00   353.24   141.25     0.00   295.42     0.00   155.56     0.00   105.85   104.25   274.73   109.30     0.77
203.91  11.080329   188.19   277.74   125.60   117.05     0.00   353.02   141.16     0.00   295.32     0.00   155.52     0.00   105.83   104.21   274.64   109.26     0.77
209.03  11.081038   188.10   277.68   125.52   117.02     0.00   352.80   141.07     0.00   295.21     0.00   155.47     0.00   105.81   104.17   274.54   109.23     0.77
214.2  11.081770   188.01   277.62   125.45   116.98     0.00   352.57   140.98     0.00   295.10     0.00   155.43     0.00   105.79   104.12   274.45   109.19     0.77
219.44  11.082526   187.92   277.57   125.37   116.95     0.00   352.33   140.89     0.00   294.99     0.00   155.38     0.00   105.77   104.08   274.35   109.16     0.77
224.74  11.083305   187.83   277.51   125.30   116.92     0.00   352.09   140.79     0.00   294.87     0.00   155.33     0.00   105.74   104.03   274.25   109.12     0.77
230.11  11.084110   187.74   277.45   125.22   116.88     0.00   351.84   140.69     0.00   294.76     0.00   155.28     0.00   105.72   103.98   274.15   109.08     0.77
235.54  11.084938   187.64   277.39   125.14   116.85     0.00   351.59   140.59     0.00   294.64     0.00   155.23     0.00   105.70   103.93   274.04   109.04     0.77
241.03  11.085790   187.54   277.33   125.05   116.81     0.00   351.33   140.49     0.00   294.52     0.00   155.18     0.00   105.67   103.88   273.93   109.00     0.77
246.59  11.086667   187.45   277.27   124.97   116.78     0.00   351.07   140.39     0.00   294.40     0.00   155.13     0.00   105.64   103.83   273.82   108.96     0.77
252.21  11.087567   187.35   277.21   124.88   116.74     0.00   350.80   140.28     0.00   294.28     0.00   155.07     0.00   105.62   103.77   273.71   108.92     0.77
257.89  11.088492   187.24   277.15   124.80   116.70     0.00   350.53   140.18     0.00   294.16     0.00   155.01     0.00   105.59   103.72   273.60   108.87     0.77
263.63  11.089440   187.14   277.09   124.71   116.67     0.00   350.25   140.07     0.00   294.03     0.00   154.96     0.00   105.56   103.66   273.48   108.83     0.77
269.44  11.090414   187.03   277.03   124.62   116.63     0.00   349.97   139.96     0.00   293.90     0.00   154.90     0.00   105.53   103.60   273.36   108.79     0.77
275.32  11.091413   186.93   276.96   124.52   116.59     0.00   349.68   139.85     0.00   293.77     0.00   154.83     0.00   105.51   103.54   273.23   108.74     0.76
281.25  11.092434   186.82   276.90   124.43   116.56     0.00   349.39   139.73     0.00   293.64     0.00   154.77     0.00   105.47   103.48   273.11   108.69     0.76
287.25  11.093481   186.71   276.84   124.34   116.52     0.00   349.09   139.62     0.00   293.50     0.00   154.71     0.00   105.44   103.41   272.98   108.64     0.76
293.31  11.094551   186.60   276.78   124.24   116.48     0.00   348.79   139.50     0.00   293.37     0.00   154.64     0.00   105.41   103.35   272.85   108.59     0.76
299.44  11.095647   186.48   276.72   124.14   116.44     0.00   348.48   139.38     0.00   293.23     0.00   154.57     0.00   105.38   103.28   272.72   108.54     0.76
305.63  11.096767   186.37   276.65   124.04   116.40     0.00   348.17   139.26     0.00   293.09     0.00   154.50     0.00   105.35   103.21   272.59   108.49     0.76
311.88  11.097910   186.25   276.59   123.94   116.36     0.00   347.85   139.13     0.00   292.95     0.00   154.43     0.00   105.31   103.14   272.45   108.44     0.76
318.19  11.099077   186.13   276.53   123.83   116.32     0.00   347.53   139.01     0.00   292.80     0.00   154.36     0.00   105.28   103.07   272.31   108.39     0.76
324.57  11.100269   186.01   276.46   123.73   116.28     0.00   347.20   138.88     0.00   292.66     0.00   154.29     0.00   105.24   103.00   272.17   108.33     0.76
331.01  11.101485   185.89   276.40   123.62   116.23     0.00   346.87   138.75     0.00   292.51     0.00   154.21     0.00   105.21   102.93   272.02   108.28     0.76
337.52  11.102727   185.76   276.34   123.51   116.19     0.00   346.53   138.62     0.00   292.36     0.00   154.13     0.00   105.17   102.85   271.87   108.22     0.76
344.09  11.103992   185.64   276.27   123.40   116.15     0.00   346.19   138.49     0.00   292.20     0.00   154.06     0.00   105.13   102.77   271.72   108.17     0.76
350.72  11.105280   185.51   276.20   123.29   116.11     0.00   345.84   138.36     0.00   292.05     0.00   153.97     0.00   105.09   102.69   271.57   108.11     0.76
357.41  11.106592   185.38   276.14   123.18   116.06     0.00   345.49   138.22     0.00   291.89     0.00   153.89     0.00   105.05   102.61   271.42   108.05     0.76
364.17  11.107929   185.25   276.07   123.07   116.02     0.00   345.13   138.08     0.00   291.73     0.00   153.81     0.00   105.01   102.53   271.26   107.99     0.76
370.99  11.109290   185.12   276.01   122.95   115.97     0.00   344.77   137.94     0.00   291.57     0.00   153.72     0.00   104.97   102.45   271.10   107.93     0.76
377.88  11.110676   184.98   275.94   122.83   115.93     0.00   344.40   137.80     0.00   291.40     0.00   153.64     0.00   104.93   102.37   270.94   107.87     0.76
384.82  11.112084   184.85   275.87   122.71   115.88     0.00   344.03   137.66     0.00   291.23     0.00   153.55     0.00   104.89   102.28   270.77   107.80     0.76
391.84  11.113518   184.71   275.80   122.59   115.83     0.00   343.65   137.52     0.00   291.06     0.00   153.46     0.00   104.84   102.19   270.60   107.74     0.76
398.91  11.114974   184.57   275.73   122.47   115.78     0.00   343.27   137.37     0.00   290.89     0.00   153.37     0.00   104.80   102.11   270.43   107.67     0.76
406.05  11.116456   184.43   275.66   122.34   115.73     0.00   342.89   137.22     0.00   290.72     0.00   153.28     0.00   104.76   102.02   270.26   107.61     0.76
413.25  11.117960   184.29   275.59   122.22   115.69     0.00   342.50   137.08     0.00   290.54     0.00   153.18     0.00   104.71   101.92   270.08   107.54     0.76
420.51  11.119488   184.14   275.52   122.09   115.64     0.00   342.10   136.93     0.00   290.36     0.00   153.09     0.00   104.66   101.83   269.90   107.47     0.76
427.84  11.121042   183.99   275.45   121.96   115.59     0.00   341.70   136.77     0.00   290.18     0.00   152.99     0.00   104.62   101.74   269.72   107.40     0.76
435.23  11.122618   183.85   275.37   121.83   115.53     0.00   341.30   136.62     0.00   289.99     0.00   152.89     0.00   104.57   101.64   269.54   107.33     0.76
442.69  11.124220   183.70   275.30   121.69   115.48     0.00   340.88   136.46     0.00   289.80     0.00   152.79     0.00   104.52   101.54   269.35   107.26     0.76
450.21  11.125845   183.54   275.22   121.56   115.43     0.00   340.47   136.31     0.00   289.61     0.00   152.68     0.00   104.47   101.44   269.16   107.19     0.76
457.79  11.127493   183.39   275.15   121.42   115.37     0.00   340.05   136.15     0.00   289.42     0.00   152.58     0.00   104.42   101.34   268.97   107.11     0.76
465.43  11.129165   183.23   275.07   121.28   115.32     0.00   339.63   135.99     0.00   289.22     0.00   152.47     0.00   104.37   101.24   268.78   107.04     0.75
473.14  11.130862   183.08   274.99   121.14   115.27     0.00   339.20   135.83     0.00   289.03     0.00   152.37     0.00   104.32   101.14   268.58   106.96     0.75
480.91  11.132582   182.92   274.91   121.00   115.21     0.00   338.76   135.67     0.00   288.82     0.00   152.26     0.00   104.26   101.03   268.38   106.89     0.75
488.74  11.134325   182.76   274.84   120.86   115.15     0.00   338.33   135.50     0.00   288.62     0.00   152.15     0.00   104.21   100.93   268.18   106.81     0.75
496.64  11.136094   182.59   274.75   120.72   115.09     0.00   337.88   135.34     0.00   288.41     0.00   152.03     0.00   104.15   100.82   267.97   106.73     0.75
504.6  11.137887   182.43   274.67   120.57   115.04     0.00   337.43   135.17     0.00   288.20     0.00   151.92     0.00   104.10   100.71   267.77   106.65     0.75
512.62  11.139702   182.26   274.59   120.42   114.98     0.00   336.98   135.00     0.00   287.99     0.00   151.80     0.00   104.04   100.60   267.55   106.57     0.75
520.71  11.141543   182.09   274.51   120.27   114.92     0.00   336.53   134.83     0.00   287.77     0.00   151.69     0.00   103.98   100.49   267.34   106.48     0.75
528.86  11.143408   181.92   274.42   120.12   114.85     0.00   336.06   134.66     0.00   287.55     0.00   151.57     0.00   103.93   100.37   267.12   106.40     0.75
537.08  11.145298   181.75   274.34   119.96   114.79     0.00   335.60   134.49     0.00   287.33     0.00   151.45     0.00   103.87   100.26   266.91   106.32     0.75
545.35  11.147210   181.58   274.25   119.81   114.73     0.00   335.13   134.31     0.00   287.11     0.00   151.32     0.00   103.81   100.14   266.68   106.23     0.75
553.69  11.149147   181.40   274.16   119.65   114.66     0.00   334.65   134.14     0.00   286.88     0.00   151.20     0.00   103.75   100.02   266.46   106.14     0.75
562.1  11.151110   181.22   274.07   119.49   114.60     0.00   334.17   133.96     0.00   286.65     0.00   151.07     0.00   103.69    99.90   266.23   106.05     0.75
570.56  11.153094   181.04   273.98   119.33   114.53     0.00   333.68   133.78     0.00   286.41     0.00   150.95     0.00   103.62    99.78   266.00   105.97     0.75
579.09  11.155105   180.86   273.89   119.17   114.46     0.00   333.19   133.60     0.00   286.17     0.00   150.82     0.00   103.56    99.66   265.77   105.88     0.75
587.69  11.157141   180.67   273.79   119.01   114.40     0.00   332.70   133.42     0.00   285.93     0.00   150.69     0.00   103.50    99.54   265.53   105.78     0.75
596.34  11.159199   180.49   273.70   118.84   114.33     0.00   332.20   133.24     0.00   285.69     0.00   150.55     0.00   103.43    99.41   265.29   105.69     0.75
605.06  11.161284   180.30   273.60   118.67   114.26     0.00   331.69   133.05     0.00   285.44     0.00   150.42     0.00   103.36    99.28   265.05   105.60     0.75
613.85  11.163394   180.11   273.50   118.50   114.18     0.00   331.18   132.87     0.00   285.19     0.00   150.28     0.00   103.30    99.16   264.80   105.50     0.75
622.69  11.165526   179.92   273.40   118.33   114.11     0.00   330.67   132.68     0.00   284.93     0.00   150.14     0.00   103.23    99.03   264.55   105.41     0.75
631.6  11.167685   179.72   273.30   118.16   114.04     0.00   330.15   132.49     0.00   284.67     0.00   150.00     0.00   103.16    98.89   264.30   105.31     0.75
640.58  11.169870   179.53   273.20   117.98   113.96     0.00   329.63   132.30     0.00   284.41     0.00   149.86     0.00   103.09    98.76   264.05   105.21     0.75
649.61  11.172077   179.33   273.09   117.81   113.89     0.00   329.10   132.11     0.00   284.15     0.00   149.72     0.00   103.02    98.63   263.79   105.11     0.75
658.71  11.174311   179.13   272.98   117.63   113.81     0.00   328.57   131.92     0.00   283.88     0.00   149.57     0.00   102.95    98.49   263.53   105.01     0.75
667.88  11.176572   178.92   272.88   117.45   113.73     0.00   328.03   131.73     0.00   283.60     0.00   149.43     0.00   102.88    98.35   263.26   104.90     0.74
677.1  11.178855   178.72   272.77   117.27   113.65     0.00   327.49   131.53     0.00   283.33     0.00   149.28     0.00   102.80    98.21   263.00   104.80     0.74
686.39  11.181165   178.51   272.65   117.08   113.57     0.00   326.94   131.33     0.00   283.05     0.00   149.13     0.00   102.73    98.07   262.73   104.70     0.74
695.75  11.183503   178.30   272.54   116.90   113.49     0.00   326.39   131.14     0.00   282.76     0.00   148.97     0.00   102.65    97.93   262.45   104.59     0.74
705.16  11.185863   178.09   272.42   116.71   113.40     0.00   325.84   130.94     0.00   282.48     0.00   148.82     0.00   102.58    97.78   262.17   104.48     0.74
714.64  11.188250   177.88   272.31   116.52   113.32     0.00   325.28   130.74     0.00   282.19     0.00   148.66     0.00   102.50    97.64   261.89   104.37     0.74
724.19  11.190665   177.66   272.19   116.33   113.23     0.00   324.71   130.54     0.00   281.89     0.00   148.50     0.00   102.42    97.49   261.61   104.26     0.74
733.79  11.193103   177.45   272.06   116.13   113.14     0.00   324.14   130.33     0.00   281.59     0.00   148.34     0.00   102.34    97.34   261.32   104.15     0.74
743.46  11.195568   177.23   271.94   115.94   113.05     0.00   323.57   130.13     0.00   281.29     0.00   148.18     0.00   102.26    97.19   261.03   104.04     0.74
753.19  11.198059   177.00   271.81   115.74   112.96     0.00   322.99   129.92     0.00   280.98     0.00   148.02     0.00   102.18    97.04   260.74   103.92     0.74
762.99  11.200579   176.78   271.69   115.54   112.87     0.00   322.40   129.72     0.00   280.67     0.00   147.85     0.00   102.10    96.88   260.44   103.81     0.74
772.85  11.203124   176.55   271.56   115.34   112.77     0.00   321.81   129.51     0.00   280.36     0.00   147.68     0.00   102.01    96.73   260.14   103.69     0.74
782.77  11.205696   176.32   271.42   115.13   112.68     0.00   321.22   129.30     0.00   280.04     0.00   147.51     0.00   101.93    96.57   259.84   103.57     0.74
792.76  11.208295   176.09   271.29   114.93   112.58     0.00   320.62   129.09     0.00   279.71     0.00   147.34     0.00   101.84    96.41   259.53   103.45     0.74
802.81  11.210922   175.86   271.15   114.72   112.48     0.00   320.02   128.88     0.00   279.39     0.00   147.17     0.00   101.75    96.25   259.22   103.33     0.74
812.92  11.213575   175.62   271.01   114.51   112.38     0.00   319.41   128.66     0.00   279.06     0.00   146.99     0.00   101.67    96.09   258.91   103.21     0.74
823.09  11.216254   175.38   270.87   114.30   112.28     0.00   318.80   128.45     0.00   278.72     0.00   146.81     0.00   101.58    95.92   258.59   103.09     0.74
833.33  11.218963   175.14   270.72   114.09   112.18     0.00   318.18   128.23     0.00   278.38     0.00   146.63     0.00   101.49    95.76   258.27   102.96     0.74
843.64  11.221701   174.90   270.58   113.87   112.07     0.00   317.56   128.02     0.00   278.04     0.00   146.45     0.00   101.40    95.59   257.95   102.83     0.74
854.0  11.224464   174.65   270.43   113.65   111.97     0.00   316.93   127.80     0.00   277.69     0.00   146.27     0.00   101.30    95.42   257.62   102.71     0.74
864.43  11.227257   174.41   270.27   113.43   111.86     0.00   316.30   127.58     0.00   277.34     0.00   146.08     0.00   101.21    95.25   257.29   102.58     0.74
874.92  11.230077   174.16   270.12   113.21   111.75     0.00   315.66   127.36     0.00   276.98     0.00   145.89     0.00   101.12    95.07   256.95   102.45     0.73
885.48  11.232928   173.90   269.96   112.99   111.64     0.00   315.02   127.13     0.00   276.62     0.00   145.70     0.00   101.02    94.90   256.61   102.31     0.73
896.1  11.235807   173.65   269.80   112.76   111.53     0.00   314.38   126.91     0.00   276.25     0.00   145.51     0.00   100.92    94.72   256.27   102.18     0.73
906.78  11.238714   173.39   269.63   112.53   111.41     0.00   313.72   126.69     0.00   275.88     0.00   145.31     0.00   100.82    94.54   255.92   102.04     0.73
917.52  11.241649   173.13   269.47   112.30   111.29     0.00   313.07   126.46     0.00   275.51     0.00   145.12     0.00   100.73    94.36   255.57   101.91     0.73
928.33  11.244616   172.87   269.30   112.07   111.17     0.00   312.41   126.23     0.00   275.13     0.00   144.92     0.00   100.62    94.18   255.22   101.77     0.73
939.2  11.247611   172.60   269.12   111.84   111.05     0.00   311.75   126.01     0.00   274.75     0.00   144.71     0.00   100.52    93.99   254.86   101.63     0.73
950.14  11.250638   172.33   268.95   111.60   110.93     0.00   311.08   125.78     0.00   274.36     0.00   144.51     0.00   100.42    93.81   254.50   101.49     0.73
961.14  11.253694   172.06   268.77   111.36   110.81     0.00   310.40   125.54     0.00   273.97     0.00   144.30     0.00   100.32    93.62   254.13   101.34     0.73
972.2  11.256780   171.79   268.58   111.12   110.68     0.00   309.72   125.31     0.00   273.57     0.00   144.10     0.00   100.21    93.43   253.76   101.20     0.73
983.32  11.259896   171.51   268.40   110.88   110.55     0.00   309.04   125.08     0.00   273.17     0.00   143.89     0.00   100.10    93.24   253.39   101.05     0.73
994.51  11.263044   171.23   268.21   110.63   110.42     0.00   308.35   124.84     0.00   272.76     0.00   143.67     0.00    99.99    93.04   253.01   100.90     0.73
1005.76  11.266223   170.95   268.02   110.38   110.29     0.00   307.66   124.61     0.00   272.35     0.00   143.46     0.00    99.89    92.85   252.63   100.75     0.73
1017.08  11.269434   170.67   267.82   110.13   110.15     0.00   306.96   124.37     0.00   271.93     0.00   143.24     0.00    99.77    92.65   252.24   100.60     0.73
1028.46  11.272677   170.38   267.62   109.88   110.02     0.00   306.25   124.13     0.00   271.51     0.00   143.02     0.00    99.66    92.45   251.85   100.45     0.73
1039.9  11.275951   170.09   267.41   109.63   109.88     0.00   305.55   123.89     0.00   271.09     0.00   142.80     0.00    99.55    92.24   251.46   100.29     0.73
1051.4  11.279256   169.80   267.21   109.37   109.74     0.00   304.83   123.65     0.00   270.66     0.00   142.57     0.00    99.43    92.04   251.06   100.14     0.73
1062.97  11.282595   169.51   266.99   109.11   109.59     0.00   304.12   123.41     0.00   270.22     0.00   142.34     0.00    99.32    91.83   250.66    99.98     0.73
1074.6  11.285967   169.21   266.78   108.85   109.45     0.00   303.40   123.16     0.00   269.78     0.00   142.12     0.00    99.20    91.62   250.25    99.82     0.73
1086.3  11.289373   168.91   266.56   108.58   109.30     0.00   302.67   122.92     0.00   269.34     0.00   141.88     0.00    99.08    91.41   249.84    99.66     0.73
1098.06  11.292812   168.60   266.33   108.32   109.15     0.00   301.94   122.67     0.00   268.89     0.00   141.65     0.00    98.96    91.20   249.42    99.50     0.73
1109.88  11.296284   168.30   266.10   108.05   109.00     0.00   301.20   122.42     0.00   268.44     0.00   141.41     0.00    98.84    90.98   249.00    99.33     0.72
1121.76  11.299789   167.99   265.87   107.78   108.84     0.00   300.46   122.17     0.00   267.98     0.00   141.17     0.00    98.72    90.77   248.58    99.16     0.72
1133.71  11.303330   167.68   265.63   107.51   108.69     0.00   299.71   121.92     0.00   267.51     0.00   140.93     0.00    98.59    90.55   248.15    99.00     0.72
1145.72  11.306905   167.36   265.39   107.23   108.53     0.00   298.96   121.67     0.00   267.04     0.00   140.68     0.00    98.46    90.32   247.72    98.83     0.72
1157.79  11.310514   167.04   265.15   106.95   108.37     0.00   298.21   121.42     0.00   266.57     0.00   140.44     0.00    98.34    90.10   247.28    98.65     0.72
1169.93  11.314161   166.72   264.90   106.67   108.20     0.00   297.45   121.16     0.00   266.09     0.00   140.18     0.00    98.21    89.87   246.84    98.48     0.72
1182.13  11.317842   166.40   264.64   106.39   108.03     0.00   296.68   120.91     0.00   265.61     0.00   139.93     0.00    98.08    89.64   246.39    98.30     0.72
1194.4  11.321562   166.07   264.38   106.10   107.86     0.00   295.91   120.65     0.00   265.12     0.00   139.68     0.00    97.94    89.41   245.94    98.13     0.72
1206.72  11.325314   165.74   264.11   105.82   107.69     0.00   295.14   120.39     0.00   264.63     0.00   139.42     0.00    97.81    89.18   245.48    97.95     0.72
1219.12  11.329108   165.41   263.84   105.53   107.52     0.00   294.36   120.13     0.00   264.13     0.00   139.16     0.00    97.67    88.94   245.02    97.76     0.72
1231.57  11.332936   165.07   263.57   105.23   107.34     0.00   293.58   119.87     0.00   263.63     0.00   138.89     0.00    97.54    88.70   244.55    97.58     0.72
1244.09  11.336803   164.73   263.29   104.94   107.16     0.00   292.79   119.60     0.00   263.12     0.00   138.63     0.00    97.40    88.46   244.08    97.40     0.72
1256.67  11.340707   164.39   263.00   104.64   106.98     0.00   292.00   119.34     0.00   262.60     0.00   138.36     0.00    97.26    88.21   243.61    97.21     0.72
1269.31  11.344649   164.04   262.71   104.34   106.79     0.00   291.20   119.07     0.00   262.09     0.00   138.08     0.00    97.11    87.96   243.13    97.02     0.72
1282.02  11.348632   163.70   262.41   104.04   106.60     0.00   290.40   118.80     0.00   261.56     0.00   137.81     0.00    96.97    87.71   242.64    96.83     0.72
1294.79  11.352653   163.34   262.11   103.73   106.41     0.00   289.59   118.54     0.00   261.04     0.00   137.53     0.00    96.83    87.46   242.15    96.63     0.72
1307.62  11.356714   162.99   261.80   103.42   106.21     0.00   288.78   118.26     0.00   260.50     0.00   137.25     0.00    96.68    87.21   241.65    96.44     0.72
1320.52  11.360816   162.63   261.48   103.11   106.02     0.00   287.97   117.99     0.00   259.97     0.00   136.96     0.00    96.53    86.95   241.15    96.24     0.72
1333.48  11.364959   162.27   261.16   102.80   105.81     0.00   287.15   117.72     0.00   259.42     0.00   136.68     0.00    96.38    86.69   240.65    96.04     0.72
1346.5  11.369141   161.90   260.83   102.48   105.61     0.00   286.32   117.44     0.00   258.88     0.00   136.39     0.00    96.23    86.42   240.14    95.84     0.72
1359.59  11.373368   161.53   260.50   102.17   105.40     0.00   285.49   117.16     0.00   258.32     0.00   136.09     0.00    96.07    86.16   239.62    95.64     0.71
1372.74  11.377635   161.16   260.15   101.85   105.19     0.00   284.66   116.88     0.00   257.77     0.00   135.80     0.00    95.91    85.89   239.10    95.43     0.71
1385.95  11.381945   160.78   259.81   101.52   104.98     0.00   283.82   116.60     0.00   257.21     0.00   135.50     0.00    95.76    85.62   238.57    95.22     0.71
1399.23  11.386300   160.40   259.45   101.20   104.76     0.00   282.98   116.32     0.00   256.64     0.00   135.20     0.00    95.60    85.34   238.04    95.01     0.71
1412.57  11.390697   160.02   259.09   100.87   104.54     0.00   282.13   116.04     0.00   256.07     0.00   134.89     0.00    95.43    85.06   237.50    94.80     0.71
1425.98  11.395141   159.63   258.72   100.53   104.32     0.00   281.28   115.75     0.00   255.49     0.00   134.58     0.00    95.27    84.78   236.96    94.59     0.71
1439.44  11.399626   159.24   258.34   100.20   104.09     0.00   280.42   115.46     0.00   254.91     0.00   134.27     0.00    95.10    84.49   236.41    94.37     0.71
1452.97  11.404158   158.85   257.96    99.86   103.86     0.00   279.56   115.17     0.00   254.33     0.00   133.96     0.00    94.94    84.21   235.85    94.15     0.71
1466.56  11.408735   158.45   257.57    99.52   103.63     0.00   278.70   114.88     0.00   253.74     0.00   133.64     0.00    94.77    83.91   235.29    93.93     0.71
1480.22  11.413362   158.05   257.17    99.18   103.39     0.00   277.83   114.59     0.00   253.15     0.00   133.32     0.00    94.59    83.62   234.73    93.70     0.71
1493.94  11.418034   157.65   256.76    98.84   103.15     0.00   276.95   114.29     0.00   252.55     0.00   132.99     0.00    94.42    83.32   234.15    93.48     0.71
1507.72  11.422753   157.24   256.34    98.49   102.91     0.00   276.08   113.99     0.00   251.95     0.00   132.66     0.00    94.24    83.02   233.58    93.25     0.71
1521.57  11.427523   156.83   255.92    98.14   102.66     0.00   275.20   113.69     0.00   251.34     0.00   132.33     0.00    94.07    82.72   232.99    93.02     0.71
1535.48  11.432341   156.41   255.48    97.78   102.40     0.00   274.31   113.39     0.00   250.73     0.00   131.99     0.00    93.89    82.41   232.41    92.79     0.71
1549.45  11.437207   155.99   255.04    97.43   102.15     0.00   273.42   113.09     0.00   250.12     0.00   131.66     0.00    93.70    82.09   231.81    92.55     0.71
1563.49  11.442127   155.57   254.59    97.07   101.89     0.00   272.53   112.78     0.00   249.50     0.00   131.31     0.00    93.52    81.78   231.21    92.31     0.71
1577.59  11.447096   155.14   254.13    96.70   101.62     0.00   271.63   112.47     0.00   248.88     0.00   130.97     0.00    93.33    81.46   230.60    92.07     0.71
1591.75  11.452116   154.71   253.66    96.34   101.35     0.00   270.73   112.16     0.00   248.25     0.00   130.62     0.00    93.14    81.14   229.99    91.83     0.71
1605.98  11.457192   154.27   253.18    95.97   101.08     0.00   269.82   111.85     0.00   247.63     0.00   130.27     0.00    92.95    80.81   229.37    91.59     0.71
1620.27  11.462319   153.83   252.68    95.60   100.80     0.00   268.91   111.53     0.00   246.99     0.00   129.91     0.00    92.76    80.48   228.74    91.34     0.71
1634.62  11.467500   153.39   252.18    95.23   100.52     0.00   268.00   111.21     0.00   246.36     0.00   129.55     0.00    92.56    80.14   228.11    91.09     0.71
1649.04  11.472738   152.94   251.67    94.85   100.24     0.00   267.09   110.89     0.00   245.72     0.00   129.19     0.00    92.36    79.80   227.47    90.84     0.70
1663.52  11.478030   152.49   251.15    94.47    99.95     0.00   266.17   110.57     0.00   245.08     0.00   128.82     0.00    92.16    79.46   226.83    90.58     0.70
1678.06  11.483378   152.03   250.61    94.09    99.65     0.00   265.24   110.24     0.00   244.43     0.00   128.45     0.00    91.96    79.11   226.18    90.32     0.70
1692.66  11.488782   151.57   250.07    93.70    99.35     0.00   264.32   109.91     0.00   243.78     0.00   128.07     0.00    91.75    78.76   225.52    90.06     0.70
1707.33  11.494247   151.10   249.51    93.32    99.05     0.00   263.39   109.58     0.00   243.13     0.00   127.69     0.00    91.54    78.40   224.86    89.80     0.70
1722.07  11.499773   150.63   248.94    92.92    98.74     0.00   262.45   109.25     0.00   242.48     0.00   127.31     0.00    91.33    78.04   224.19    89.53     0.70
1736.86  11.505355   150.16   248.36    92.53    98.43     0.00   261.52   108.91     0.00   241.83     0.00   126.93     0.00    91.12    77.68   223.51    89.27     0.70
1751.72  11.511000   149.68   247.76    92.13    98.11     0.00   260.58   108.57     0.00   241.17     0.00   126.54     0.00    90.90    77.31   222.82    89.00     0.70
1766.64  11.516706   149.20   247.15    91.73    97.79     0.00   259.63   108.22     0.00   240.51     0.00   126.14     0.00    90.68    76.93   222.13    88.72     0.70
1781.63  11.522477   148.71   246.53    91.33    97.46     0.00   258.69   107.88     0.00   239.85     0.00   125.74     0.00    90.46    76.55   221.44    88.45     0.70
1796.68  11.528311   148.22   245.90    90.92    97.12     0.00   257.74   107.53     0.00   239.19     0.00   125.34     0.00    90.24    76.17   220.73    88.17     0.70
1811.79  11.534209   147.72   245.25    90.52    96.78     0.00   256.79   107.17     0.00   238.53     0.00   124.94     0.00    90.01    75.78   220.02    87.88     0.70
1826.96  11.540171   147.22   244.58    90.10    96.44     0.00   255.84   106.81     0.00   237.87     0.00   124.53     0.00    89.78    75.38   219.30    87.60     0.70
1842.2  11.546204   146.72   243.90    89.69    96.09     0.00   254.88   106.45     0.00   237.21     0.00   124.11     0.00    89.55    74.98   218.58    87.31     0.70
1857.51  11.552307   146.21   243.21    89.27    95.73     0.00   253.93   106.08     0.00   236.55     0.00   123.69     0.00    89.31    74.57   217.85    87.02     0.70
1872.87  11.558474   145.69   242.49    88.85    95.37     0.00   252.97   105.71     0.00   235.88     0.00   123.27     0.00    89.08    74.16   217.11    86.73     0.70
1888.3  11.564715   145.17   241.77    88.43    95.00     0.00   252.01   105.34     0.00   235.22     0.00   122.85     0.00    88.83    73.75   216.36    86.43     0.70
1903.79  11.571026   144.65   241.02    88.00    94.63     0.00   251.04   104.96     0.00   234.56     0.00   122.42     0.00    88.59    73.32   215.61    86.14     0.70
1919.35  11.577413   144.12   240.26    87.57    94.25     0.00   250.08   104.58     0.00   233.90     0.00   121.98     0.00    88.34    72.90   214.85    85.83     0.70
1934.96  11.583868   143.58   239.48    87.14    93.87     0.00   249.11   104.19     0.00   233.25     0.00   121.54     0.00    88.09    72.46   214.08    85.53     0.70
1950.65  11.590406   143.04   238.68    86.70    93.47     0.00   248.15   103.80     0.00   232.59     0.00   121.10     0.00    87.84    72.02   213.30    85.22     0.70
1966.39  11.597016   142.50   237.86    86.27    93.08     0.00   247.18   103.40     0.00   231.94     0.00   120.65     0.00    87.58    71.57   212.52    84.91     0.70
1982.2  11.603707   141.95   237.02    85.83    92.67     0.00   246.21   103.00     0.00   231.29     0.00   120.20     0.00    87.32    71.12   211.73    84.60     0.70
1998.07  11.610476   141.39   236.16    85.38    92.26     0.00   245.24   102.59     0.00   230.65     0.00   119.75     0.00    87.06    70.66   210.93    84.28     0.70
2014.01  11.617329   140.83   235.28    84.93    91.84     0.00   244.27   102.17     0.00   230.01     0.00   119.29     0.00    86.80    70.19   210.13    83.96     0.70
2030.0  11.624259   140.26   234.37    84.49    91.42     0.00   243.30   101.75     0.00   229.38     0.00   118.82     0.00    86.53    69.72   209.32    83.64     0.70
2046.07  11.631281   139.69   233.45    84.03    90.98     0.00   242.34   101.33     0.00   228.75     0.00   118.36     0.00    86.25    69.24   208.50    83.32     0.70
2062.19  11.638383   139.11   232.50    83.58    90.55     0.00   241.37   100.89     0.00   228.13     0.00   117.88     0.00    85.98    68.75   207.67    82.99     0.70
2078.38  11.645575   138.53   231.53    83.12    90.10     0.00   240.40   100.45     0.00   227.51     0.00   117.41     0.00    85.70    68.26   206.83    82.66     0.70
2094.63  11.652855   137.94   230.53    82.66    89.64     0.00   239.44   100.01     0.00   226.90     0.00   116.93     0.00    85.42    67.75   205.99    82.32     0.70
