# T(K) V(Ang^3) B(GPa) C11 C12 C13 C16 C22 C23 C26 C33 C36 C44 C45 C55 C66 E(GPa) G(GPa) B_correction_factor
0.0  11.067561   190.46   279.82   127.38   118.06     0.00   358.46   143.32     0.00   298.34     0.00   156.29     0.00   106.20   104.99   276.76   110.02     0.78
0.11  11.067561   190.46   279.82   127.38   118.06     0.00   358.46   143.32     0.00   298.34     0.00   156.29     0.00   106.20   104.99   276.76   110.02     0.78
0.29  11.067561   190.46   279.82   127.38   118.06     0.00   358.46   143.32     0.00   298.34     0.00   156.29     0.00   106.20   104.99   276.76   110.02     0.78
0.53  11.067561   190.46   279.82   127.38   118.06     0.00   358.46   143.32     0.00   298.34     0.00   156.29     0.00   106.20   104.99   276.76   110.02     0.78
0.83  11.067561   190.46   279.82   127.38   118.06     0.00   358.46   143.32     0.00   298.34     0.00   156.29     0.00   106.20   104.99   276.76   110.02     0.78
1.2  11.067561   190.46   279.82   127.38   118.06     0.00   358.46   143.32     0.00   298.34     0.00   156.29     0.00   106.20   104.99   276.76   110.02     0.78
1.63  11.067561   190.46   279.82   127.38   118.06     0.00   358.46   143.32     0.00   298.34     0.00   156.29     0.00   106.20   104.99   276.76   110.02     0.78
2.12  11.067561   190.46   279.82   127.38   118.06     0.00   358.46   143.32     0.00   298.34     0.00   156.29     0.00   106.20   104.99   276.76   110.02     0.78
2.68  11.067561   190.46   279.82   127.38   118.06     0.00   358.46   143.32     0.00   298.34     0.00   156.29     0.00   106.20   104.99   276.76   110.02     0.78
3.3  11.067561   190.46   279.82   127.38   118.06     0.00   358.46   143.32     0.00   298.34     0.00   156.29     0.00   106.20   104.99   276.76   110.02     0.78
3.98  11.067562   190.46   279.82   127.38   118.06     0.00   358.46   143.32     0.00   298.34     0.00   156.29     0.00   106.20   104.99   276.76   110.02     0.78
4.72  11.067562   190.46   279.82   127.38   118.06     0.00   358.46   143.32     0.00   298.34     0.00   156.29     0.00   106.20   104.99   276.76   110.02     0.78
5.53  11.067562   190.46   279.82   127.38   118.06     0.00   358.46   143.32     0.00   298.34     0.00   156.29     0.00   106.20   104.99   276.76   110.02     0.78
6.41  11.067562   190.46   279.82   127.38   118.06     0.00   358.46   143.32     0.00   298.34     0.00   156.29     0.00   106.20   104.99   276.76   110.02     0.78
7.34  11.067562   190.46   279.82   127.38   118.06     0.00   358.46   143.32     0.00   298.34     0.00   156.29     0.00   106.20   104.99   276.76   110.02     0.78
8.34  11.067562   190.46   279.82   127.38   118.06     0.00   358.46   143.32     0.00   298.34     0.00   156.29     0.00   106.20   104.99   276.76   110.02     0.78
9.4  11.067562   190.46   279.82   127.38   118.06     0.00   358.46   143.32     0.00   298.34     0.00   156.29     0.00   106.20   104.99   276.76   110.02     0.78
10.53  11.067562   190.46   279.82   127.38   118.06     0.00   358.46   143.32     0.00   298.34     0.00   156.29     0.00   106.20   104.99   276.76   110.02     0.78
11.72  11.067562   190.46   279.81   127.38   118.06     0.00   358.45   143.32     0.00   298.34     0.00   156.29     0.00   106.20   104.99   276.76   110.02     0.78
12.97  11.067562   190.46   279.81   127.38   118.06     0.00   358.45   143.32     0.00   298.34     0.00   156.29     0.00   106.20   104.99   276.76   110.02     0.78
14.28  11.067563   190.46   279.81   127.38   118.06     0.00   358.45   143.32     0.00   298.33     0.00   156.29     0.00   106.20   104.99   276.76   110.02     0.78
15.66  11.067563   190.46   279.81   127.38   118.06     0.00   358.45   143.32     0.00   298.33     0.00   156.29     0.00   106.20   104.99   276.76   110.02     0.78
17.1  11.067564   190.46   279.81   127.38   118.06     0.00   358.45   143.32     0.00   298.33     0.00   156.29     0.00   106.20   104.99   276.76   110.02     0.78
18.61  11.067565   190.46   279.81   127.38   118.06     0.00   358.45   143.32     0.00   298.33     0.00   156.29     0.00   106.20   104.99   276.76   110.02     0.78
20.18  11.067567   190.45   279.81   127.38   118.06     0.00   358.44   143.32     0.00   298.33     0.00   156.29     0.00   106.20   104.99   276.76   110.02     0.78
21.81  11.067569   190.45   279.80   127.37   118.06     0.00   358.44   143.32     0.00   298.32     0.00   156.29     0.00   106.20   104.99   276.76   110.02     0.78
23.51  11.067572   190.45   279.80   127.37   118.06     0.00   358.43   143.32     0.00   298.32     0.00   156.29     0.00   106.20   104.99   276.76   110.02     0.78
25.26  11.067577   190.45   279.79   127.37   118.06     0.00   358.42   143.31     0.00   298.31     0.00   156.29     0.00   106.20   104.99   276.75   110.01     0.78
27.09  11.067582   190.44   279.79   127.37   118.05     0.00   358.42   143.31     0.00   298.31     0.00   156.29     0.00   106.20   104.99   276.75   110.01     0.78
28.97  11.067590   190.44   279.78   127.36   118.05     0.00   358.40   143.30     0.00   298.30     0.00   156.29     0.00   106.20   104.99   276.75   110.01     0.78
30.92  11.067600   190.43   279.77   127.36   118.05     0.00   358.39   143.30     0.00   298.29     0.00   156.29     0.00   106.20   104.98   276.74   110.01     0.78
32.93  11.067612   190.42   279.76   127.35   118.04     0.00   358.38   143.29     0.00   298.28     0.00   156.29     0.00   106.20   104.98   276.74   110.01     0.78
35.01  11.067627   190.41   279.75   127.35   118.04     0.00   358.36   143.29     0.00   298.27     0.00   156.29     0.00   106.20   104.98   276.73   110.01     0.78
37.14  11.067645   190.40   279.74   127.34   118.03     0.00   358.34   143.28     0.00   298.25     0.00   156.29     0.00   106.20   104.98   276.72   110.00     0.78
39.35  11.067667   190.39   279.73   127.33   118.03     0.00   358.31   143.27     0.00   298.24     0.00   156.29     0.00   106.20   104.98   276.71   110.00     0.78
41.61  11.067694   190.38   279.71   127.33   118.02     0.00   358.29   143.26     0.00   298.22     0.00   156.28     0.00   106.20   104.98   276.70   110.00     0.78
43.94  11.067725   190.37   279.69   127.32   118.02     0.00   358.26   143.25     0.00   298.20     0.00   156.28     0.00   106.20   104.98   276.69   110.00     0.78
46.33  11.067761   190.35   279.67   127.31   118.01     0.00   358.22   143.24     0.00   298.18     0.00   156.28     0.00   106.19   104.97   276.68   109.99     0.78
48.78  11.067802   190.34   279.65   127.29   118.00     0.00   358.19   143.23     0.00   298.15     0.00   156.28     0.00   106.19   104.97   276.67   109.99     0.78
51.3  11.067849   190.32   279.63   127.28   117.99     0.00   358.15   143.21     0.00   298.13     0.00   156.27     0.00   106.19   104.97   276.65   109.98     0.78
53.88  11.067903   190.30   279.61   127.27   117.99     0.00   358.10   143.20     0.00   298.10     0.00   156.27     0.00   106.19   104.97   276.64   109.98     0.78
56.53  11.067964   190.28   279.58   127.25   117.98     0.00   358.06   143.18     0.00   298.07     0.00   156.27     0.00   106.19   104.96   276.62   109.97     0.78
59.24  11.068032   190.26   279.56   127.24   117.97     0.00   358.01   143.16     0.00   298.04     0.00   156.26     0.00   106.19   104.96   276.60   109.96     0.78
62.01  11.068108   190.24   279.53   127.22   117.96     0.00   357.95   143.14     0.00   298.01     0.00   156.26     0.00   106.19   104.95   276.58   109.96     0.78
64.84  11.068191   190.21   279.50   127.20   117.95     0.00   357.89   143.12     0.00   297.97     0.00   156.25     0.00   106.18   104.95   276.56   109.95     0.78
67.74  11.068284   190.19   279.47   127.19   117.94     0.00   357.83   143.10     0.00   297.94     0.00   156.25     0.00   106.18   104.94   276.54   109.94     0.78
70.7  11.068386   190.16   279.44   127.17   117.93     0.00   357.77   143.08     0.00   297.90     0.00   156.24     0.00   106.18   104.94   276.52   109.93     0.78
73.72  11.068498   190.13   279.41   127.15   117.91     0.00   357.70   143.05     0.00   297.86     0.00   156.23     0.00   106.18   104.93   276.49   109.92     0.77
76.81  11.068620   190.10   279.37   127.12   117.90     0.00   357.63   143.03     0.00   297.82     0.00   156.23     0.00   106.17   104.92   276.46   109.92     0.77
79.96  11.068752   190.07   279.34   127.10   117.89     0.00   357.55   143.00     0.00   297.78     0.00   156.22     0.00   106.17   104.91   276.44   109.91     0.77
83.18  11.068897   190.04   279.30   127.08   117.88     0.00   357.47   142.97     0.00   297.73     0.00   156.21     0.00   106.17   104.91   276.41   109.89     0.77
86.45  11.069052   190.01   279.27   127.05   117.87     0.00   357.39   142.94     0.00   297.69     0.00   156.20     0.00   106.16   104.90   276.37   109.88     0.77
89.79  11.069220   189.98   279.23   127.03   117.86     0.00   357.30   142.91     0.00   297.64     0.00   156.19     0.00   106.16   104.89   276.34   109.87     0.77
93.2  11.069402   189.94   279.19   127.00   117.84     0.00   357.21   142.88     0.00   297.60     0.00   156.18     0.00   106.15   104.87   276.31   109.86     0.77
96.66  11.069597   189.91   279.16   126.98   117.83     0.00   357.11   142.85     0.00   297.55     0.00   156.17     0.00   106.15   104.86   276.27   109.85     0.77
100.2  11.069806   189.87   279.12   126.95   117.82     0.00   357.01   142.82     0.00   297.50     0.00   156.16     0.00   106.14   104.85   276.23   109.83     0.77
103.79  11.070030   189.83   279.08   126.92   117.81     0.00   356.91   142.78     0.00   297.45     0.00   156.14     0.00   106.14   104.84   276.19   109.82     0.77
107.45  11.070269   189.79   279.04   126.89   117.80     0.00   356.80   142.75     0.00   297.40     0.00   156.13     0.00   106.13   104.82   276.15   109.80     0.77
111.17  11.070523   189.75   279.00   126.86   117.79     0.00   356.69   142.71     0.00   297.34     0.00   156.11     0.00   106.12   104.81   276.11   109.79     0.77
114.95  11.070794   189.71   278.97   126.83   117.78     0.00   356.58   142.67     0.00   297.29     0.00   156.10     0.00   106.12   104.79   276.07   109.77     0.77
118.8  11.071082   189.67   278.93   126.79   117.77     0.00   356.46   142.63     0.00   297.23     0.00   156.08     0.00   106.11   104.77   276.02   109.75     0.77
122.71  11.071387   189.63   278.89   126.76   117.76     0.00   356.34   142.59     0.00   297.18     0.00   156.06     0.00   106.10   104.75   275.97   109.74     0.77
126.68  11.071710   189.59   278.85   126.73   117.75     0.00   356.21   142.55     0.00   297.12     0.00   156.04     0.00   106.09   104.73   275.92   109.72     0.77
130.72  11.072052   189.54   278.81   126.69   117.74     0.00   356.07   142.51     0.00   297.07     0.00   156.02     0.00   106.09   104.71   275.87   109.70     0.77
134.82  11.072412   189.50   278.77   126.65   117.73     0.00   355.94   142.46     0.00   297.01     0.00   156.00     0.00   106.08   104.69   275.82   109.68     0.77
138.98  11.072791   189.45   278.73   126.62   117.72     0.00   355.80   142.42     0.00   296.95     0.00   155.97     0.00   106.07   104.67   275.76   109.66     0.77
143.21  11.073191   189.40   278.69   126.58   117.71     0.00   355.65   142.37     0.00   296.89     0.00   155.95     0.00   106.06   104.64   275.71   109.64     0.77
147.5  11.073610   189.35   278.65   126.54   117.70     0.00   355.50   142.32     0.00   296.83     0.00   155.92     0.00   106.04   104.62   275.65   109.61     0.77
151.85  11.074049   189.30   278.62   126.50   117.69     0.00   355.35   142.27     0.00   296.77     0.00   155.90     0.00   106.03   104.59   275.59   109.59     0.77
156.27  11.074510   189.25   278.58   126.46   117.69     0.00   355.19   142.22     0.00   296.71     0.00   155.87     0.00   106.02   104.56   275.52   109.56     0.77
160.75  11.074992   189.20   278.54   126.41   117.68     0.00   355.03   142.17     0.00   296.64     0.00   155.84     0.00   106.01   104.54   275.46   109.54     0.77
165.29  11.075495   189.15   278.50   126.37   117.67     0.00   354.86   142.12     0.00   296.58     0.00   155.81     0.00   106.00   104.50   275.39   109.51     0.77
169.9  11.076020   189.10   278.46   126.33   117.66     0.00   354.68   142.06     0.00   296.51     0.00   155.78     0.00   105.98   104.47   275.32   109.49     0.77
174.57  11.076568   189.04   278.43   126.28   117.66     0.00   354.51   142.01     0.00   296.45     0.00   155.74     0.00   105.97   104.44   275.25   109.46     0.77
179.3  11.077137   188.98   278.39   126.23   117.65     0.00   354.32   141.95     0.00   296.38     0.00   155.71     0.00   105.95   104.41   275.18   109.43     0.77
184.1  11.077730   188.93   278.35   126.18   117.65     0.00   354.14   141.89     0.00   296.31     0.00   155.67     0.00   105.94   104.37   275.10   109.40     0.77
188.96  11.078345   188.87   278.31   126.14   117.64     0.00   353.95   141.83     0.00   296.24     0.00   155.64     0.00   105.92   104.33   275.02   109.37     0.77
193.88  11.078983   188.81   278.28   126.08   117.63     0.00   353.75   141.77     0.00   296.17     0.00   155.60     0.00   105.90   104.29   274.94   109.34     0.77
198.86  11.079644   188.75   278.24   126.03   117.63     0.00   353.55   141.70     0.00   296.10     0.00   155.56     0.00   105.89   104.25   274.86   109.31     0.77
203.91  11.080329   188.69   278.21   125.98   117.62     0.00   353.34   141.64     0.00   296.03     0.00   155.52     0.00   105.87   104.21   274.78   109.27     0.77
209.03  11.081038   188.63   278.17   125.93   117.62     0.00   353.13   141.57     0.00   295.95     0.00   155.47     0.00   105.85   104.17   274.69   109.24     0.77
214.2  11.081770   188.56   278.13   125.87   117.61     0.00   352.92   141.50     0.00   295.88     0.00   155.43     0.00   105.83   104.12   274.60   109.21     0.77
219.44  11.082526   188.50   278.10   125.82   117.61     0.00   352.70   141.43     0.00   295.80     0.00   155.38     0.00   105.81   104.08   274.51   109.17     0.77
224.74  11.083305   188.43   278.06   125.76   117.61     0.00   352.47   141.36     0.00   295.73     0.00   155.33     0.00   105.79   104.03   274.42   109.13     0.77
230.11  11.084110   188.36   278.03   125.70   117.60     0.00   352.24   141.29     0.00   295.65     0.00   155.28     0.00   105.77   103.98   274.32   109.09     0.77
235.54  11.084938   188.30   278.00   125.64   117.60     0.00   352.01   141.22     0.00   295.57     0.00   155.23     0.00   105.74   103.93   274.22   109.06     0.77
241.03  11.085790   188.23   277.96   125.58   117.59     0.00   351.77   141.14     0.00   295.49     0.00   155.18     0.00   105.72   103.88   274.12   109.02     0.77
246.59  11.086667   188.15   277.93   125.52   117.59     0.00   351.52   141.06     0.00   295.41     0.00   155.13     0.00   105.70   103.83   274.02   108.98     0.77
252.21  11.087567   188.08   277.89   125.45   117.59     0.00   351.27   140.99     0.00   295.32     0.00   155.07     0.00   105.67   103.77   273.91   108.93     0.77
257.89  11.088492   188.01   277.86   125.39   117.58     0.00   351.02   140.91     0.00   295.24     0.00   155.01     0.00   105.65   103.72   273.81   108.89     0.77
263.63  11.089440   187.93   277.83   125.32   117.58     0.00   350.76   140.83     0.00   295.15     0.00   154.96     0.00   105.62   103.66   273.70   108.85     0.77
269.44  11.090414   187.86   277.79   125.25   117.58     0.00   350.50   140.74     0.00   295.07     0.00   154.90     0.00   105.59   103.60   273.59   108.80     0.77
275.32  11.091413   187.78   277.76   125.18   117.57     0.00   350.23   140.66     0.00   294.98     0.00   154.83     0.00   105.57   103.54   273.47   108.76     0.76
281.25  11.092434   187.70   277.73   125.12   117.57     0.00   349.96   140.57     0.00   294.89     0.00   154.77     0.00   105.54   103.48   273.35   108.71     0.76
287.25  11.093481   187.62   277.70   125.04   117.57     0.00   349.68   140.49     0.00   294.80     0.00   154.71     0.00   105.51   103.41   273.24   108.66     0.76
293.31  11.094551   187.54   277.66   124.97   117.56     0.00   349.40   140.40     0.00   294.70     0.00   154.64     0.00   105.48   103.35   273.11   108.62     0.76
299.44  11.095647   187.46   277.63   124.90   117.56     0.00   349.11   140.31     0.00   294.61     0.00   154.57     0.00   105.45   103.28   272.99   108.57     0.76
305.63  11.096767   187.38   277.60   124.82   117.56     0.00   348.82   140.22     0.00   294.51     0.00   154.50     0.00   105.42   103.21   272.86   108.52     0.76
311.88  11.097910   187.29   277.57   124.75   117.56     0.00   348.52   140.13     0.00   294.42     0.00   154.43     0.00   105.39   103.14   272.74   108.46     0.76
318.19  11.099077   187.21   277.54   124.67   117.55     0.00   348.22   140.03     0.00   294.32     0.00   154.36     0.00   105.35   103.07   272.60   108.41     0.76
324.57  11.100269   187.12   277.50   124.59   117.55     0.00   347.92   139.94     0.00   294.22     0.00   154.29     0.00   105.32   103.00   272.47   108.36     0.76
331.01  11.101485   187.03   277.47   124.51   117.55     0.00   347.61   139.84     0.00   294.11     0.00   154.21     0.00   105.29   102.93   272.34   108.30     0.76
337.52  11.102727   186.94   277.44   124.43   117.54     0.00   347.29   139.74     0.00   294.01     0.00   154.13     0.00   105.25   102.85   272.20   108.25     0.76
344.09  11.103992   186.85   277.41   124.35   117.54     0.00   346.97   139.64     0.00   293.90     0.00   154.06     0.00   105.22   102.77   272.06   108.19     0.76
350.72  11.105280   186.76   277.38   124.27   117.54     0.00   346.65   139.54     0.00   293.79     0.00   153.97     0.00   105.18   102.69   271.91   108.13     0.76
357.41  11.106592   186.66   277.34   124.18   117.53     0.00   346.32   139.44     0.00   293.68     0.00   153.89     0.00   105.14   102.61   271.77   108.08     0.76
364.17  11.107929   186.57   277.31   124.09   117.53     0.00   345.99   139.34     0.00   293.57     0.00   153.81     0.00   105.10   102.53   271.62   108.02     0.76
370.99  11.109290   186.47   277.28   124.01   117.52     0.00   345.65   139.23     0.00   293.46     0.00   153.72     0.00   105.06   102.45   271.47   107.96     0.76
377.88  11.110676   186.37   277.25   123.92   117.52     0.00   345.31   139.13     0.00   293.34     0.00   153.64     0.00   105.02   102.37   271.32   107.89     0.76
384.82  11.112084   186.28   277.21   123.83   117.52     0.00   344.96   139.02     0.00   293.23     0.00   153.55     0.00   104.98   102.28   271.16   107.83     0.76
391.84  11.113518   186.17   277.18   123.74   117.51     0.00   344.61   138.91     0.00   293.11     0.00   153.46     0.00   104.94   102.19   271.00   107.77     0.76
398.91  11.114974   186.07   277.15   123.65   117.51     0.00   344.25   138.81     0.00   292.99     0.00   153.37     0.00   104.90   102.11   270.84   107.70     0.76
406.05  11.116456   185.97   277.12   123.55   117.50     0.00   343.89   138.69     0.00   292.86     0.00   153.28     0.00   104.86   102.02   270.68   107.64     0.76
413.25  11.117960   185.87   277.08   123.46   117.50     0.00   343.53   138.58     0.00   292.74     0.00   153.18     0.00   104.81   101.92   270.51   107.57     0.76
420.51  11.119488   185.76   277.05   123.36   117.49     0.00   343.16   138.47     0.00   292.61     0.00   153.09     0.00   104.77   101.83   270.35   107.50     0.76
427.84  11.121042   185.65   277.01   123.26   117.49     0.00   342.79   138.36     0.00   292.48     0.00   152.99     0.00   104.72   101.74   270.18   107.43     0.76
435.23  11.122618   185.54   276.98   123.17   117.48     0.00   342.41   138.24     0.00   292.35     0.00   152.89     0.00   104.68   101.64   270.00   107.36     0.76
442.69  11.124220   185.43   276.95   123.07   117.47     0.00   342.03   138.13     0.00   292.22     0.00   152.79     0.00   104.63   101.54   269.83   107.29     0.76
450.21  11.125845   185.32   276.91   122.96   117.47     0.00   341.64   138.01     0.00   292.08     0.00   152.68     0.00   104.58   101.44   269.65   107.22     0.76
457.79  11.127493   185.21   276.88   122.86   117.46     0.00   341.25   137.89     0.00   291.94     0.00   152.58     0.00   104.53   101.34   269.47   107.15     0.76
465.43  11.129165   185.10   276.84   122.76   117.46     0.00   340.86   137.77     0.00   291.80     0.00   152.47     0.00   104.48   101.24   269.29   107.07     0.75
473.14  11.130862   184.98   276.80   122.65   117.45     0.00   340.46   137.65     0.00   291.66     0.00   152.37     0.00   104.43   101.14   269.10   107.00     0.75
480.91  11.132582   184.87   276.77   122.55   117.44     0.00   340.05   137.53     0.00   291.51     0.00   152.26     0.00   104.38   101.03   268.91   106.92     0.75
488.74  11.134325   184.75   276.73   122.44   117.43     0.00   339.65   137.41     0.00   291.37     0.00   152.15     0.00   104.33   100.93   268.72   106.85     0.75
496.64  11.136094   184.63   276.69   122.33   117.42     0.00   339.23   137.28     0.00   291.22     0.00   152.03     0.00   104.28   100.82   268.53   106.77     0.75
504.6  11.137887   184.51   276.65   122.22   117.42     0.00   338.82   137.16     0.00   291.06     0.00   151.92     0.00   104.22   100.71   268.33   106.69     0.75
512.62  11.139702   184.38   276.62   122.11   117.41     0.00   338.40   137.03     0.00   290.91     0.00   151.80     0.00   104.17   100.60   268.13   106.61     0.75
520.71  11.141543   184.26   276.58   122.00   117.40     0.00   337.97   136.91     0.00   290.75     0.00   151.69     0.00   104.11   100.49   267.93   106.52     0.75
528.86  11.143408   184.14   276.54   121.89   117.39     0.00   337.54   136.78     0.00   290.59     0.00   151.57     0.00   104.06   100.37   267.72   106.44     0.75
537.08  11.145298   184.01   276.50   121.77   117.38     0.00   337.11   136.65     0.00   290.43     0.00   151.45     0.00   104.00   100.26   267.52   106.36     0.75
545.35  11.147210   183.88   276.45   121.66   117.37     0.00   336.67   136.52     0.00   290.26     0.00   151.32     0.00   103.94   100.14   267.31   106.27     0.75
553.69  11.149147   183.75   276.41   121.54   117.36     0.00   336.23   136.39     0.00   290.10     0.00   151.20     0.00   103.88   100.02   267.09   106.18     0.75
562.1  11.151110   183.62   276.37   121.42   117.35     0.00   335.78   136.26     0.00   289.92     0.00   151.07     0.00   103.82    99.90   266.88   106.10     0.75
570.56  11.153094   183.49   276.33   121.30   117.33     0.00   335.33   136.13     0.00   289.75     0.00   150.95     0.00   103.76    99.78   266.66   106.01     0.75
579.09  11.155105   183.35   276.28   121.18   117.32     0.00   334.87   135.99     0.00   289.58     0.00   150.82     0.00   103.70    99.66   266.44   105.92     0.75
587.69  11.157141   183.22   276.24   121.06   117.31     0.00   334.41   135.86     0.00   289.40     0.00   150.69     0.00   103.64    99.54   266.21   105.83     0.75
596.34  11.159199   183.08   276.19   120.93   117.30     0.00   333.95   135.72     0.00   289.22     0.00   150.55     0.00   103.58    99.41   265.99   105.74     0.75
605.06  11.161284   182.95   276.15   120.81   117.28     0.00   333.48   135.59     0.00   289.03     0.00   150.42     0.00   103.51    99.28   265.76   105.64     0.75
613.85  11.163394   182.81   276.10   120.68   117.27     0.00   333.01   135.45     0.00   288.84     0.00   150.28     0.00   103.45    99.16   265.52   105.55     0.75
622.69  11.165526   182.66   276.05   120.56   117.25     0.00   332.54   135.32     0.00   288.65     0.00   150.14     0.00   103.38    99.03   265.29   105.45     0.75
631.6  11.167685   182.52   276.00   120.43   117.24     0.00   332.06   135.18     0.00   288.46     0.00   150.00     0.00   103.31    98.89   265.05   105.35     0.75
640.58  11.169870   182.38   275.95   120.30   117.22     0.00   331.57   135.04     0.00   288.27     0.00   149.86     0.00   103.24    98.76   264.81   105.26     0.75
649.61  11.172077   182.23   275.90   120.17   117.20     0.00   331.08   134.90     0.00   288.07     0.00   149.72     0.00   103.17    98.63   264.56   105.16     0.75
658.71  11.174311   182.09   275.85   120.04   117.19     0.00   330.59   134.76     0.00   287.86     0.00   149.57     0.00   103.10    98.49   264.32   105.05     0.75
667.88  11.176572   181.94   275.79   119.90   117.17     0.00   330.09   134.62     0.00   287.66     0.00   149.43     0.00   103.03    98.35   264.07   104.95     0.74
677.1  11.178855   181.79   275.74   119.77   117.15     0.00   329.59   134.48     0.00   287.45     0.00   149.28     0.00   102.96    98.21   263.81   104.85     0.74
686.39  11.181165   181.64   275.68   119.63   117.13     0.00   329.09   134.33     0.00   287.24     0.00   149.13     0.00   102.89    98.07   263.56   104.74     0.74
695.75  11.183503   181.48   275.63   119.50   117.11     0.00   328.58   134.19     0.00   287.03     0.00   148.97     0.00   102.81    97.93   263.30   104.64     0.74
705.16  11.185863   181.33   275.57   119.36   117.09     0.00   328.07   134.05     0.00   286.81     0.00   148.82     0.00   102.74    97.78   263.03   104.53     0.74
714.64  11.188250   181.17   275.51   119.22   117.07     0.00   327.55   133.90     0.00   286.59     0.00   148.66     0.00   102.66    97.64   262.77   104.42     0.74
724.19  11.190665   181.01   275.45   119.08   117.05     0.00   327.03   133.76     0.00   286.36     0.00   148.50     0.00   102.59    97.49   262.50   104.31     0.74
733.79  11.193103   180.85   275.39   118.93   117.03     0.00   326.50   133.61     0.00   286.14     0.00   148.34     0.00   102.51    97.34   262.23   104.20     0.74
743.46  11.195568   180.69   275.33   118.79   117.01     0.00   325.97   133.46     0.00   285.91     0.00   148.18     0.00   102.43    97.19   261.95   104.09     0.74
753.19  11.198059   180.53   275.26   118.65   116.98     0.00   325.44   133.32     0.00   285.67     0.00   148.02     0.00   102.35    97.04   261.67   103.98     0.74
762.99  11.200579   180.37   275.20   118.50   116.96     0.00   324.90   133.17     0.00   285.44     0.00   147.85     0.00   102.27    96.88   261.39   103.86     0.74
772.85  11.203124   180.20   275.13   118.36   116.93     0.00   324.36   133.02     0.00   285.20     0.00   147.68     0.00   102.18    96.73   261.11   103.74     0.74
782.77  11.205696   180.04   275.06   118.21   116.91     0.00   323.82   132.87     0.00   284.95     0.00   147.51     0.00   102.10    96.57   260.82   103.63     0.74
792.76  11.208295   179.87   274.99   118.06   116.88     0.00   323.27   132.72     0.00   284.70     0.00   147.34     0.00   102.02    96.41   260.53   103.51     0.74
802.81  11.210922   179.70   274.92   117.91   116.85     0.00   322.71   132.57     0.00   284.45     0.00   147.17     0.00   101.93    96.25   260.23   103.39     0.74
812.92  11.213575   179.52   274.84   117.76   116.83     0.00   322.15   132.42     0.00   284.20     0.00   146.99     0.00   101.84    96.09   259.94   103.26     0.74
823.09  11.216254   179.35   274.77   117.60   116.80     0.00   321.59   132.27     0.00   283.94     0.00   146.81     0.00   101.75    95.92   259.64   103.14     0.74
833.33  11.218963   179.18   274.69   117.45   116.77     0.00   321.03   132.12     0.00   283.68     0.00   146.63     0.00   101.67    95.76   259.33   103.02     0.74
843.64  11.221701   179.00   274.62   117.29   116.74     0.00   320.46   131.97     0.00   283.42     0.00   146.45     0.00   101.58    95.59   259.02   102.89     0.74
854.0  11.224464   178.82   274.54   117.14   116.71     0.00   319.88   131.81     0.00   283.15     0.00   146.27     0.00   101.48    95.42   258.71   102.76     0.74
864.43  11.227257   178.64   274.45   116.98   116.67     0.00   319.31   131.66     0.00   282.88     0.00   146.08     0.00   101.39    95.25   258.40   102.63     0.74
874.92  11.230077   178.46   274.37   116.82   116.64     0.00   318.73   131.51     0.00   282.60     0.00   145.89     0.00   101.30    95.07   258.08   102.50     0.73
885.48  11.232928   178.28   274.28   116.66   116.61     0.00   318.14   131.35     0.00   282.32     0.00   145.70     0.00   101.20    94.90   257.76   102.37     0.73
896.1  11.235807   178.09   274.20   116.50   116.57     0.00   317.55   131.20     0.00   282.04     0.00   145.51     0.00   101.11    94.72   257.43   102.23     0.73
906.78  11.238714   177.91   274.11   116.34   116.54     0.00   316.96   131.04     0.00   281.75     0.00   145.31     0.00   101.01    94.54   257.10   102.10     0.73
917.52  11.241649   177.72   274.02   116.17   116.50     0.00   316.36   130.89     0.00   281.46     0.00   145.12     0.00   100.91    94.36   256.77   101.96     0.73
928.33  11.244616   177.53   273.92   116.01   116.46     0.00   315.76   130.73     0.00   281.17     0.00   144.92     0.00   100.81    94.18   256.43   101.82     0.73
939.2  11.247611   177.34   273.83   115.84   116.42     0.00   315.16   130.58     0.00   280.87     0.00   144.71     0.00   100.71    93.99   256.09   101.68     0.73
950.14  11.250638   177.14   273.73   115.68   116.38     0.00   314.55   130.42     0.00   280.57     0.00   144.51     0.00   100.61    93.81   255.75   101.54     0.73
961.14  11.253694   176.95   273.63   115.51   116.34     0.00   313.94   130.26     0.00   280.27     0.00   144.30     0.00   100.50    93.62   255.40   101.40     0.73
972.2  11.256780   176.75   273.53   115.34   116.30     0.00   313.32   130.11     0.00   279.96     0.00   144.10     0.00   100.40    93.43   255.05   101.26     0.73
983.32  11.259896   176.55   273.42   115.17   116.26     0.00   312.70   129.95     0.00   279.65     0.00   143.89     0.00   100.29    93.24   254.69   101.11     0.73
994.51  11.263044   176.35   273.32   114.99   116.21     0.00   312.08   129.79     0.00   279.33     0.00   143.67     0.00   100.19    93.04   254.34   100.96     0.73
1005.76  11.266223   176.15   273.21   114.82   116.17     0.00   311.45   129.63     0.00   279.01     0.00   143.46     0.00   100.08    92.85   253.97   100.81     0.73
1017.08  11.269434   175.95   273.10   114.65   116.12     0.00   310.82   129.48     0.00   278.69     0.00   143.24     0.00    99.97    92.65   253.61   100.66     0.73
1028.46  11.272677   175.74   272.98   114.47   116.08     0.00   310.18   129.32     0.00   278.36     0.00   143.02     0.00    99.85    92.45   253.24   100.51     0.73
1039.9  11.275951   175.54   272.87   114.30   116.03     0.00   309.55   129.16     0.00   278.03     0.00   142.80     0.00    99.74    92.24   252.86   100.35     0.73
1051.4  11.279256   175.33   272.75   114.12   115.98     0.00   308.90   129.00     0.00   277.69     0.00   142.57     0.00    99.63    92.04   252.48   100.20     0.73
1062.97  11.282595   175.12   272.62   113.94   115.93     0.00   308.26   128.84     0.00   277.35     0.00   142.34     0.00    99.51    91.83   252.10   100.04     0.73
1074.6  11.285967   174.91   272.50   113.76   115.88     0.00   307.61   128.68     0.00   277.01     0.00   142.12     0.00    99.39    91.62   251.71    99.88     0.73
1086.3  11.289373   174.69   272.37   113.58   115.83     0.00   306.96   128.52     0.00   276.66     0.00   141.88     0.00    99.28    91.41   251.32    99.72     0.73
1098.06  11.292812   174.48   272.24   113.40   115.77     0.00   306.30   128.36     0.00   276.31     0.00   141.65     0.00    99.16    91.20   250.93    99.56     0.73
1109.88  11.296284   174.26   272.11   113.21   115.72     0.00   305.64   128.20     0.00   275.96     0.00   141.41     0.00    99.03    90.98   250.53    99.39     0.72
1121.76  11.299789   174.04   271.97   113.03   115.66     0.00   304.98   128.04     0.00   275.60     0.00   141.17     0.00    98.91    90.77   250.13    99.22     0.72
1133.71  11.303330   173.82   271.83   112.84   115.60     0.00   304.31   127.88     0.00   275.24     0.00   140.93     0.00    98.79    90.55   249.72    99.06     0.72
1145.72  11.306905   173.60   271.69   112.66   115.55     0.00   303.64   127.72     0.00   274.87     0.00   140.68     0.00    98.66    90.32   249.31    98.89     0.72
1157.79  11.310514   173.38   271.54   112.47   115.49     0.00   302.97   127.56     0.00   274.50     0.00   140.44     0.00    98.53    90.10   248.89    98.71     0.72
1169.93  11.314161   173.15   271.39   112.28   115.42     0.00   302.29   127.40     0.00   274.13     0.00   140.18     0.00    98.41    89.87   248.47    98.54     0.72
1182.13  11.317842   172.92   271.24   112.09   115.36     0.00   301.61   127.24     0.00   273.75     0.00   139.93     0.00    98.28    89.64   248.05    98.36     0.72
1194.4  11.321562   172.69   271.08   111.90   115.30     0.00   300.93   127.08     0.00   273.37     0.00   139.68     0.00    98.14    89.41   247.62    98.19     0.72
1206.72  11.325314   172.46   270.92   111.71   115.23     0.00   300.24   126.92     0.00   272.98     0.00   139.42     0.00    98.01    89.18   247.19    98.01     0.72
1219.12  11.329108   172.23   270.76   111.51   115.17     0.00   299.55   126.76     0.00   272.60     0.00   139.16     0.00    97.87    88.94   246.75    97.82     0.72
1231.57  11.332936   171.99   270.59   111.32   115.10     0.00   298.86   126.60     0.00   272.20     0.00   138.89     0.00    97.74    88.70   246.31    97.64     0.72
1244.09  11.336803   171.76   270.42   111.12   115.03     0.00   298.16   126.44     0.00   271.81     0.00   138.63     0.00    97.60    88.46   245.86    97.46     0.72
1256.67  11.340707   171.52   270.24   110.93   114.96     0.00   297.46   126.27     0.00   271.41     0.00   138.36     0.00    97.46    88.21   245.41    97.27     0.72
1269.31  11.344649   171.28   270.06   110.73   114.89     0.00   296.76   126.11     0.00   271.01     0.00   138.08     0.00    97.32    87.96   244.95    97.08     0.72
1282.02  11.348632   171.04   269.87   110.53   114.81     0.00   296.05   125.95     0.00   270.60     0.00   137.81     0.00    97.17    87.71   244.49    96.89     0.72
1294.79  11.352653   170.79   269.69   110.33   114.74     0.00   295.34   125.79     0.00   270.19     0.00   137.53     0.00    97.03    87.46   244.03    96.69     0.72
1307.62  11.356714   170.55   269.49   110.13   114.66     0.00   294.63   125.63     0.00   269.78     0.00   137.25     0.00    96.88    87.21   243.56    96.50     0.72
1320.52  11.360816   170.30   269.29   109.93   114.58     0.00   293.92   125.47     0.00   269.36     0.00   136.96     0.00    96.73    86.95   243.08    96.30     0.72
1333.48  11.364959   170.05   269.09   109.73   114.50     0.00   293.20   125.31     0.00   268.94     0.00   136.68     0.00    96.58    86.69   242.60    96.10     0.72
1346.5  11.369141   169.80   268.89   109.53   114.42     0.00   292.48   125.15     0.00   268.51     0.00   136.39     0.00    96.43    86.42   242.12    95.90     0.72
1359.59  11.373368   169.55   268.67   109.33   114.34     0.00   291.76   124.99     0.00   268.09     0.00   136.09     0.00    96.28    86.16   241.63    95.70     0.71
1372.74  11.377635   169.29   268.46   109.12   114.25     0.00   291.03   124.83     0.00   267.66     0.00   135.80     0.00    96.12    85.89   241.13    95.49     0.71
1385.95  11.381945   169.04   268.23   108.92   114.17     0.00   290.31   124.67     0.00   267.22     0.00   135.50     0.00    95.96    85.62   240.63    95.28     0.71
1399.23  11.386300   168.78   268.01   108.71   114.08     0.00   289.58   124.50     0.00   266.79     0.00   135.20     0.00    95.80    85.34   240.13    95.07     0.71
1412.57  11.390697   168.52   267.77   108.50   113.99     0.00   288.84   124.34     0.00   266.35     0.00   134.89     0.00    95.64    85.06   239.62    94.86     0.71
1425.98  11.395141   168.26   267.53   108.29   113.90     0.00   288.11   124.18     0.00   265.91     0.00   134.58     0.00    95.48    84.78   239.11    94.65     0.71
1439.44  11.399626   167.99   267.29   108.08   113.81     0.00   287.37   124.02     0.00   265.46     0.00   134.27     0.00    95.31    84.49   238.59    94.43     0.71
1452.97  11.404158   167.73   267.04   107.88   113.71     0.00   286.63   123.86     0.00   265.02     0.00   133.96     0.00    95.15    84.21   238.06    94.21     0.71
1466.56  11.408735   167.46   266.78   107.66   113.62     0.00   285.89   123.70     0.00   264.57     0.00   133.64     0.00    94.98    83.91   237.53    93.99     0.71
1480.22  11.413362   167.19   266.52   107.45   113.52     0.00   285.15   123.55     0.00   264.12     0.00   133.32     0.00    94.81    83.62   237.00    93.77     0.71
1493.94  11.418034   166.92   266.25   107.24   113.42     0.00   284.40   123.39     0.00   263.66     0.00   132.99     0.00    94.63    83.32   236.45    93.54     0.71
1507.72  11.422753   166.65   265.97   107.03   113.32     0.00   283.65   123.23     0.00   263.20     0.00   132.66     0.00    94.46    83.02   235.91    93.31     0.71
1521.57  11.427523   166.37   265.69   106.82   113.21     0.00   282.90   123.07     0.00   262.75     0.00   132.33     0.00    94.28    82.72   235.36    93.08     0.71
1535.48  11.432341   166.10   265.40   106.60   113.11     0.00   282.15   122.91     0.00   262.29     0.00   131.99     0.00    94.10    82.41   234.80    92.85     0.71
1549.45  11.437207   165.82   265.10   106.39   113.00     0.00   281.40   122.75     0.00   261.82     0.00   131.66     0.00    93.92    82.09   234.24    92.61     0.71
1563.49  11.442127   165.54   264.80   106.17   112.89     0.00   280.65   122.59     0.00   261.36     0.00   131.31     0.00    93.74    81.78   233.67    92.38     0.71
1577.59  11.447096   165.26   264.48   105.95   112.78     0.00   279.89   122.44     0.00   260.90     0.00   130.97     0.00    93.55    81.46   233.10    92.14     0.71
1591.75  11.452116   164.98   264.16   105.74   112.66     0.00   279.14   122.28     0.00   260.43     0.00   130.62     0.00    93.36    81.14   232.52    91.89     0.71
1605.98  11.457192   164.69   263.83   105.52   112.55     0.00   278.38   122.12     0.00   259.96     0.00   130.27     0.00    93.17    80.81   231.93    91.65     0.71
1620.27  11.462319   164.41   263.50   105.30   112.43     0.00   277.62   121.97     0.00   259.50     0.00   129.91     0.00    92.98    80.48   231.34    91.40     0.71
1634.62  11.467500   164.12   263.15   105.08   112.31     0.00   276.86   121.81     0.00   259.03     0.00   129.55     0.00    92.79    80.14   230.75    91.15     0.71
1649.04  11.472738   163.83   262.79   104.87   112.19     0.00   276.10   121.65     0.00   258.56     0.00   129.19     0.00    92.59    79.80   230.14    90.90     0.70
1663.52  11.478030   163.54   262.43   104.65   112.06     0.00   275.34   121.50     0.00   258.09     0.00   128.82     0.00    92.39    79.46   229.54    90.64     0.70
1678.06  11.483378   163.24   262.06   104.43   111.94     0.00   274.58   121.34     0.00   257.62     0.00   128.45     0.00    92.19    79.11   228.92    90.39     0.70
1692.66  11.488782   162.95   261.67   104.21   111.81     0.00   273.82   121.19     0.00   257.15     0.00   128.07     0.00    91.99    78.76   228.30    90.13     0.70
1707.33  11.494247   162.65   261.28   103.99   111.68     0.00   273.06   121.03     0.00   256.69     0.00   127.69     0.00    91.78    78.40   227.68    89.86     0.70
1722.07  11.499773   162.35   260.87   103.76   111.55     0.00   272.30   120.88     0.00   256.22     0.00   127.31     0.00    91.57    78.04   227.05    89.60     0.70
1736.86  11.505355   162.05   260.46   103.54   111.41     0.00   271.54   120.73     0.00   255.76     0.00   126.93     0.00    91.36    77.68   226.41    89.33     0.70
1751.72  11.511000   161.75   260.03   103.32   111.27     0.00   270.78   120.57     0.00   255.30     0.00   126.54     0.00    91.15    77.31   225.77    89.06     0.70
1766.64  11.516706   161.45   259.59   103.10   111.13     0.00   270.02   120.42     0.00   254.84     0.00   126.14     0.00    90.93    76.93   225.12    88.79     0.70
1781.63  11.522477   161.14   259.14   102.88   110.99     0.00   269.26   120.27     0.00   254.38     0.00   125.74     0.00    90.71    76.55   224.46    88.51     0.70
1796.68  11.528311   160.84   258.68   102.66   110.84     0.00   268.51   120.12     0.00   253.92     0.00   125.34     0.00    90.49    76.17   223.80    88.23     0.70
1811.79  11.534209   160.53   258.21   102.43   110.70     0.00   267.75   119.97     0.00   253.47     0.00   124.94     0.00    90.27    75.78   223.13    87.95     0.70
1826.96  11.540171   160.22   257.72   102.21   110.55     0.00   267.00   119.82     0.00   253.02     0.00   124.53     0.00    90.05    75.38   222.46    87.67     0.70
1842.2  11.546204   159.91   257.21   101.99   110.39     0.00   266.25   119.67     0.00   252.58     0.00   124.11     0.00    89.82    74.98   221.78    87.38     0.70
1857.51  11.552307   159.60   256.70   101.77   110.24     0.00   265.50   119.52     0.00   252.14     0.00   123.69     0.00    89.59    74.57   221.09    87.09     0.70
1872.87  11.558474   159.28   256.16   101.54   110.08     0.00   264.75   119.37     0.00   251.71     0.00   123.27     0.00    89.36    74.16   220.40    86.80     0.70
1888.3  11.564715   158.97   255.62   101.32   109.92     0.00   264.01   119.22     0.00   251.28     0.00   122.85     0.00    89.12    73.75   219.70    86.51     0.70
1903.79  11.571026   158.65   255.05   101.10   109.76     0.00   263.27   119.08     0.00   250.86     0.00   122.42     0.00    88.88    73.32   218.99    86.21     0.70
1919.35  11.577413   158.33   254.47   100.88   109.59     0.00   262.53   118.93     0.00   250.45     0.00   121.98     0.00    88.64    72.90   218.28    85.91     0.70
1934.96  11.583868   158.02   253.88   100.65   109.42     0.00   261.79   118.79     0.00   250.05     0.00   121.54     0.00    88.40    72.46   217.56    85.60     0.70
1950.65  11.590406   157.69   253.26   100.43   109.25     0.00   261.06   118.64     0.00   249.65     0.00   121.10     0.00    88.15    72.02   216.84    85.30     0.70
1966.39  11.597016   157.37   252.63   100.21   109.07     0.00   260.34   118.50     0.00   249.27     0.00   120.65     0.00    87.91    71.57   216.11    84.99     0.70
1982.2  11.603707   157.05   251.98    99.99   108.90     0.00   259.62   118.36     0.00   248.89     0.00   120.20     0.00    87.65    71.12   215.37    84.68     0.70
1998.07  11.610476   156.73   251.31    99.77   108.72     0.00   258.90   118.21     0.00   248.52     0.00   119.75     0.00    87.40    70.66   214.63    84.36     0.70
2014.01  11.617329   156.40   250.62    99.55   108.53     0.00   258.20   118.07     0.00   248.17     0.00   119.29     0.00    87.15    70.19   213.88    84.05     0.70
2030.0  11.624259   156.08   249.90    99.33   108.35     0.00   257.49   117.93     0.00   247.83     0.00   118.82     0.00    86.89    69.72   213.12    83.73     0.70
2046.07  11.631281   155.75   249.17    99.11   108.16     0.00   256.80   117.80     0.00   247.51     0.00   118.36     0.00    86.63    69.24   212.36    83.40     0.70
2062.19  11.638383   155.42   248.41    98.89   107.96     0.00   256.11   117.66     0.00   247.20     0.00   117.88     0.00    86.36    68.75   211.59    83.08     0.70
2078.38  11.645575   155.09   247.63    98.67   107.77     0.00   255.43   117.52     0.00   246.90     0.00   117.41     0.00    86.10    68.26   210.82    82.75     0.70
2094.63  11.652855   154.76   246.82    98.46   107.57     0.00   254.75   117.39     0.00   246.63     0.00   116.93     0.00    85.83    67.75   210.03    82.42     0.70
