0.0 0.0 0.0 2.0014536339374445e-07 0.0 0.0 0.0 0.0
10.0 -1.9999608049658946e-06 4.001414439042687e-07 4.0004441075325304e-07 -9.67272159929312e-07 0.0 -0.002763357506804119 0.001411450416774361
20.0 -8.001531710988274e-06 8.001209963551336e-07 7.994814085421353e-07 -4.071247557334441e-06 0.0 -0.024498117221374804 0.0028225540387240046
30.0 -1.8001141594226056e-05 1.1997407799949577e-06 1.1983909880441956e-06 -9.790143838118007e-06 0.0 -0.09094431511282328 0.004232666018316534
40.0 -3.199547058940766e-05 1.5991044641283799e-06 1.5975939495760372e-06 -1.8533795326992514e-05 0.0 -0.2347353118876909 0.00564175608783799
50.0 -4.9983419852850375e-05 1.9985276129790183e-06 1.998441419104324e-06 -3.075800706734938e-05 0.0 -0.4982137958145321 0.007050380209219673
60.0 -7.196757821503752e-05 2.3984185761961786e-06 2.4023919834803565e-06 -4.6976660429033956e-05 0.0 -0.9336386966911937 0.008459420276108763
70.0 -9.795483705943298e-05 2.7992233932162842e-06 2.8108624629652466e-06 -6.772946854406389e-05 0.0 -1.6031030370495056 0.009869912703356873
80.0 -0.00012795659615250088 3.2013922721222483e-06 3.2250906269126745e-06 -9.35682506647874e-05 0.0 -2.5785190202569837 0.011282955665895046
90.0 -0.00016198864259209245 3.605347284394485e-06 3.6459990798931586e-06 -0.0001250448338693366 0.0 -3.94049369962825 0.012699644744695364
100.0 -0.00020007072556182948 4.011454927782709e-06 4.074120097641298e-06 -0.0001626931522777487 0.0 -5.776005618223937 0.0141210170316103
110.0 -0.00024222590283073941 4.420008343535527e-06 4.509591286172565e-06 -0.00020700908270183274 0.0 -8.175450817405524 0.015548003957020738
120.0 -0.00028847976101076256 4.83121961625939e-06 4.952199072327801e-06 -0.00025843272038014335 0.0 -11.229628733565411 0.01698139674273974
130.0 -0.00033885960053936515 5.245219976484387e-06 5.401443975117104e-06 -0.00031733560164550395 0.0 -15.02702223325303 0.018421825938808343
140.0 -0.00039339365078916444 5.6620651659419355e-06 5.85660993035475e-06 -0.0003840133465897179 0.0 -19.651528468824562 0.019869753806330673
150.0 -0.0004521103546508698 6.081743664399458e-06 6.316828527630492e-06 -0.00045868307600017543 0.0 -25.18067556077312 0.02132547688494306
160.0 -0.0005150377427440844 6.5041861608645954e-06 6.781134651490106e-06 -0.0005414845553718493 0.0 -31.68430082392987 0.022789135775458397
170.0 -0.0005822029041375743 6.92927524811269e-06 7.248512924640238e-06 -0.0006324840088486842 0.0 -39.223643157306824 0.024260729482216727
180.0 -0.000653631552410161 7.35685474386613e-06 7.717935494611083e-06 -0.0007316796976932911 0.0 -47.850795890837055 0.025740132206923658
190.0 -0.0007293476817409328 7.786738314063227e-06 8.188392066621475e-06 -0.0008390085484492737 0.0 -57.60846641861511 0.027227111046804073
200.0 -0.0008093733049214791 8.21871723869699e-06 8.65891309267397e-06 -0.0009543532922083909 0.0 -68.52999104684751 0.028721343529900543
210.0 -0.0008937282645504752 8.652567258741098e-06 9.128586972906305e-06 -0.0010775497222310438 0.0 -80.63955637538156 0.03022243429461481
220.0 -0.0009824301080030295 9.088054501271633e-06 9.5965720815272e-06 -0.0012083937918565095 0.0 -93.95258203581567 0.03172993049655147
230.0 -0.0010754940171793237 9.52494051563553e-06 1.0062104371399982e-05 -0.0013466483628557086 0.0 -108.47622373618711 0.03324333572163979
240.0 -0.0011729327844491877 9.962986475639289e-06 1.052450129908067e-05 -0.0014920494816362006 0.0 -124.20996021786434 0.03476212231952658
250.0 -0.001274756826639134 1.0401956616156454e-05 1.0983162756694754e-05 -0.0016443121114759166 0.0 -141.1462327101633 0.03628574216164862
260.0 -0.001380974229956422 1.0841620979986464e-05 1.1437569646233215e-05 -0.001803135286875249 0.0 -159.2711105119825 0.037813635886864774
270.0 -0.0014915908192030258 1.1281757553803184e-05 1.1887280679623301e-05 -0.0019682066840224057 0.0 -178.56496120507245 0.039345240733407734
280.0 -0.001606610245652007 1.1722153871725051e-05 1.2331927906394924e-05 -0.002139206621305109 0.0 -199.00310852038896 0.04087999707600247
290.0 -0.0017260340886018355 1.2162608162247644e-05 1.277121140255133e-05 -0.002315811517509844 0.0 -220.5564649221083 0.04241735379614059
300.0 -0.0018498619664342186 1.2602930109718783e-05 1.3204893483020896e-05 -0.0024976968442196336 0.0 -243.1921294823711 0.04395677261517116
310.0 -0.001978091653583647 1.3042941295793953e-05 1.3632792721018916e-05 -0.0026845396140347338 0.0 -266.87394458564336 0.04549773151654454
320.0 -0.002110719200661748 1.348247537989104e-05 1.4054778004357615e-05 -0.0028760204485804752 0.0 -291.5630074451629 0.0470397273770004
330.0 -0.0022477390552140264 1.3921378070951061e-05 1.4470762799945191e-05 -0.0030718252705162347 0.0 -317.2181343849203 0.04858227791798788
340.0 -0.0023891441813823633 1.4359506936130161e-05 1.4880699738917257e-05 -0.0032716466625929276 0.0 -343.7962773892264 0.05012492307904795
350.0 -0.0025349261769882503 1.4796731085610265e-05 1.5284575604468387e-05 -0.003475184934581804 0.0 -371.2528936125807 0.05166722590491726
360.0 -0.002685075387013569 1.5232930766680642e-05 1.5682406769812474e-05 -0.003682148936205899 0.0 -399.5422694297256 0.053208773028150975
370.0 -0.002839581012676007 1.566799689472497e-05 1.6074235103502586e-05 -0.003892256650910781 0.0 -428.6178012432567 0.054749174819462065
380.0 -0.0029984312155697523 1.6101830543765266e-05 1.6460124339623404e-05 -0.004105235602288775 0.0 -458.43223570392615 0.05628806526884467
390.0 -0.00316161321661923 1.6534342414836124e-05 1.6840156898290104e-05 -0.0043208231014510035 0.0 -488.93787227372786 0.05782510165213536
400.0 -0.0033291133896220515 1.696545229662441e-05 1.7214431122347662e-05 -0.004538766360723741 0.0 -520.0867312135287 0.05935996402989664
410.0 -0.0035009173494984225 1.739508852953708e-05 1.758305890628975e-05 -0.004758822495968144 0.0 -551.8306901286475 0.06089235461852232
420.0 -0.0036770100351084523 1.7823187481576378e-05 1.7946163672455384e-05 -0.004980758437113493 0.0 -584.1215921871584 0.0624219970671893
430.0 -0.0038573757870388192 1.8249693042091466e-05 1.8303878651870775e-05 -0.005204350763956631 0.0 -616.9113290487466 0.06394863566872885
440.0 -0.004041998420337478 1.867455613756323e-05 1.8656345439360678e-05 -0.0054293854820698815 0.0 -650.1519014291189 0.06547203452759184
450.0 -0.004230861292572996 1.9097734272045253e-05 1.9003712772835966e-05 -0.005655657751551343 0.0 -683.7954600807986 0.06699197670383825
460.0 -0.0044239473674352325 1.9519191093653502e-05 1.9346135510112104e-05 -0.005882971579582444 0.0 -717.7943298114072 0.0685082633483903
470.0 -0.00462123927409408 1.9938895987541178e-05 1.968377376559971e-05 -0.006111139486174878 0.0 -752.1010189882738 0.07002071284162831
480.0 -0.00482271936267864 2.035682369507474e-05 2.0016792178267905e-05 -0.0063399821510111585 0.0 -786.6682167991373 0.07152915994473397
490.0 -0.005028369755994078 2.0772953958385244e-05 2.0345359283524544e-05 -0.006569328048132304 0.0 -821.448780360326 0.07303345497090494
500.0 -0.005238172397920238 2.118727118909582e-05 2.066964697053919e-05 -0.0067990130740976686 0.0 -856.395713585328 0.07453346298168034
510.0 -0.005452109098460056 2.1599764159775765e-05 2.098982999960697e-05 -0.007028880174320694 0.0 -891.4621395526177 0.07602906301204569
520.0 -0.005670161575970667 2.2010425716526197e-05 2.1306085564987142e-05 -0.007258778971483459 0.0 -926.6012679425587 0.07752014732670129
530.0 -0.005892311496520364 2.2419252511034523e-05 2.1618592898420276e-05 -0.007488565399229518 0.0 -961.7663589523366 0.07900662070883802
540.0 -0.006118540510644976 2.282624475043167e-05 2.1927532886856226e-05 -0.007718101343705481 0.0 -996.9106849443706 0.08048839978194108
550.0 -0.00634883028776656 2.3231405963330957e-05 2.2233087710965548e-05 -0.00794725429506459 0.0 -1031.9874909353382 0.08196541236448372
560.0 -0.006583162548267296 2.3634742780496572e-05 2.25354404893352e-05 -0.008175897010527242 0.0 -1066.9499549011155 0.08343759685688273
570.0 -0.006821519093506367 2.403626472869862e-05 2.283477492728281e-05 -0.008403907190268765 0.0 -1101.751148738496 0.0849049016597117
580.0 -0.007063881833765606 2.4435984036413117e-05 2.313127497064471e-05 -0.008631167167064907 0.0 -1136.344000611948 0.08636728462189847
590.0 -0.007310232814329964 2.4833915450159184e-05 2.342512445121514e-05 -0.008857563610315892 0.0 -1170.6812592971876 0.08782471251746228
600.0 -0.007560554239844919 2.52300760603763e-05 2.3716506737869735e-05 -0.009082987244922628 0.0 -1204.715461037021 0.08927716054921826
610.0 -0.007814828496865545 2.562448513587857e-05 2.400560438449162e-05 -0.009307332585175718 0.0 -1238.398899327526 0.09072461187784414
620.0 -0.008073038174870817 2.6017163966032346e-05 2.4292598775943474e-05 -0.00953049768375979 0.0 -1271.6835979700727 0.09216705717467549
630.0 -0.008335166085707613 2.6408135709918474e-05 2.457766977794762e-05 -0.00975238389577636 0.0 -1304.5212876466355 0.09360449419663
640.0 -0.008601195281553231 2.6797425251843885e-05 2.4860995385722617e-05 -0.009972895657587334 0.0 -1336.8633862061433 0.09503692738171168
650.0 -0.008871109071474592 2.7185059062661373e-05 2.5142751379370053e-05 -0.010191940280201527 0.0 -1368.6609827868172 0.09646436746361237
660.0 -0.009144891036637404 2.7571065066441138e-05 2.5423110985656196e-05 -0.010409427756830396 0.0 -1399.8648258447638 0.09788683110401324
670.0 -0.009422525044151087 2.795547251211495e-05 2.5702244545477983e-05 -0.010625270584208405 0.0 -1430.425315108498 0.09930434054127918
680.0 -0.009703995259727094 2.8338311849782697e-05 2.598031919021082e-05 -0.010839383597184869 0.0 -1460.2924974352095 0.10071692325433934
690.0 -0.009989286159111543 2.871961461142481e-05 2.625749853404358e-05 -0.011051683816080576 0.0 -1489.4160665096376 0.10212461164064313
700.0 -0.010278382538267294 2.9099413295820765e-05 2.6533942375905895e-05 -0.011262090306303816 0.0 -1517.7453662885416 0.10352744270717534
710.0 -0.010571269522543503 2.9477741257509478e-05 2.680980641702746e-05 -0.011470524049635313 0.0 -1545.229398072326 0.10492545777361839
720.0 -0.010867932574619488 2.985463259967238e-05 2.708524199270812e-05 -0.01167690782664573 0.0 -1571.8168310540339 0.10631870218683481
730.0 -0.011168357501567527 3.0230122070838166e-05 2.7360395823983198e-05 -0.011881166109641843 0.0 -1597.456016185163 0.10770722504593502
740.0 -0.011472530460725494 3.0604244965341896e-05 2.7635409787052367e-05 -0.012083224965632734 0.0 -1622.0950031734528 0.10909107893726779
750.0 -0.011780437964727497 3.097703702748517e-05 2.791042069993921e-05 -0.012283011968653864 0.0 -1645.6815604211804 0.110470319678768
760.0 -0.012092066885486474 3.1348534359357387e-05 2.8185560130822294e-05 -0.012480456120995652 0.0 -1668.1631977000277 0.111845006073136
770.0 -0.012407404457363214 3.171877333229204e-05 2.8460954222175873e-05 -0.012675487782689811 0.0 -1689.4871913531138 0.11321519966941883
780.0 -0.012726438279443641 3.208779050193611e-05 2.873672354226642e-05 -0.012868038608782547 0.0 -1709.6006118092348 0.11458096453259574
790.0 -0.013049156316917276 3.2455622526916904e-05 2.9012982951392986e-05 -0.013058041493837408 0.0 -1728.4503531928267 0.11594236702083846
800.0 -0.013375546901777113 3.282230609109135e-05 2.9289841488733258e-05 -0.013245430523168044 0.0 -1745.9831648128297 0.11729947557015694
810.0 -0.013705598732663304 3.318787782936335e-05 2.9567402283525722e-05 -0.013430140930307964 0.0 -1762.1456843147253 0.11865236048618266
820.0 -0.014039300874017613 3.355237425705416e-05 2.9845762482239026e-05 -0.013612109060242296 0.0 -1776.884472282074 0.12000109374288018
830.0 -0.014376642754562852 3.3915831702804605e-05 3.012501319616945e-05 -0.013791272337974595 0.0 -1790.1460480801513 0.12134574878800122
840.0 -0.014717614165100201 3.4278286244989896e-05 3.0405239469466495e-05 -0.013967569241920668 0.0 -1801.8769267362632 0.12268640035514104
850.0 -0.015062205255720329 3.4639773651616855e-05 3.068652026385621e-05 -0.014140939281803913 0.0 -1812.023656660132 0.12402312428225219
860.0 -0.015410406532392784 3.5000329323672835e-05 3.096892846130572e-05 -0.01431132298059675 0.0 -1820.532858013078 0.12535599733651465
870.0 -0.015762208853061566 3.535998824188912e-05 3.125253088693824e-05 -0.014478661860140685 0.0 -1827.351261542156 0.12668509704546582
880.0 -0.016117603423143834 3.5718784916874856e-05 3.153738834384967e-05 -0.014642898430099945 0.0 -1832.4257477043693 0.128010501534307
890.0 -0.016476581790630718 3.60767533425738e-05 3.1823555665155825e-05 -0.01480397617989852 0.0 -1835.7033859130147 0.12933228936931543
900.0 -0.016839135840680086 3.643392695298819e-05 3.211108178202693e-05 -0.014961839573319072 0.0 -1837.1314737493867 0.13065053940729898
910.0 -0.01720525778982207 3.679033858211311e-05 3.2400009802735495e-05 -0.01511643404547961 0.0 -1836.6575759872676 0.13196533065103294
920.0 -0.017574940179788 3.714602042701419e-05 3.2690377109290125e-05 -0.01526770600186999 0.0 -1834.2295632925902 0.13327674211062823
930.0 -0.017948175870916572 3.7501004013981224e-05 3.298221545957603e-05 -0.015415602819208774 0.0 -1829.7956504647684 0.13458485267077602
940.0 -0.018324958035364602 3.7855320167682225e-05 3.327555110512748e-05 -0.015560072847872173 0.0 -1823.3044340986871 0.13588974096381573
950.0 -0.01870528014989148 3.820899898324216e-05 3.357040492026897e-05 -0.015701065415635613 0.0 -1814.7049295525073 0.137191485248579
960.0 -0.019089135988455297 3.856206980116323e-05 3.386679253534197e-05 -0.015838530832530652 0.0 -1803.9466071180545 0.13849016329495237
970.0 -0.019476519614556764 3.8914561185002426e-05 3.416472448307673e-05 -0.01597242039661924 0.0 -1790.9794272975573 0.1397858522741024
980.0 -0.019867425373362835 3.9266500901719076e-05 3.4464206350826035e-05 -0.016102686400464403 0.0 -1775.7538750995889 0.14107862865430817
990.0 -0.0202618478836456 3.9617915904601494e-05 3.476523893883865e-05 -0.01622928213818168 0.0 -1758.2209932758378 0.14236856810233084
1000.0 -0.02065978202958263 3.996883231868069e-05 3.506781842421702e-05 -0.016352161912831772 0.0 -1738.332414428686 0.14365574539026316
1010.0 -0.021061222952429404 4.031927542853762e-05 3.537193653304627e-05 -0.016471281044087363 0.0 -1716.0403919260104 0.14494023430777786
1020.0 -0.021466166042017676 4.066926966840812e-05 3.567758071447713e-05 -0.01658659587598555 0.0 -1691.297829569491 0.1462221075797048
1030.0 -0.021874606928239615 4.101883861449084e-05 3.598473431534188e-05 -0.01669806378464889 0.0 -1664.0583099674643 0.14750143678885616
1040.0 -0.02228654147246445 4.136800497935733e-05 3.629337676507305e-05 -0.016805643185905553 0.0 -1634.2761215757457 0.14877829230400658
1050.0 -0.022701965758805898 4.1716790608374604e-05 3.660348375600364e-05 -0.016909293542622442 0.0 -1601.9062843661627 0.15005274321295045
1060.0 -0.023120876085531705 4.206521647803513e-05 3.6915027427575356e-05 -0.017008975371764528 0.0 -1566.9045741032676 0.1513248572605263
1070.0 -0.023543268956291996 4.241330269610406e-05 3.72279765532113e-05 -0.017104650251002298 0.0 -1529.22754520245 0.15259470079151982
1080.0 -0.023969141071511046 4.276106850348411e-05 3.7542296723813706e-05 -0.017196280824861784 0.0 -1488.8325521578254 0.1538623386983341
1090.0 -0.02439848931968669 4.310853227770562e-05 3.785795053552476e-05 -0.017283830810319097 0.0 -1445.6777695280534 0.15512783437332034
1100.0 -0.024831310768778536 4.345571153794604e-05 3.817489777109273e-05 -0.017367265001784933 0.0 -1399.7222104775146 0.15639124966565696
1110.0 -0.025267602657716992 4.380262295148781e-05 3.849309558585645e-05 -0.017446549275446803 0.0 -1350.9257438719962 0.15765264484265784
1120.0 -0.025707362387827004 4.414928234152304e-05 3.8812498688400864e-05 -0.01752165059291567 0.0 -1299.249109935105 0.15891207855539097
1130.0 -0.026150587514521817 4.4495704696216535e-05 3.913305951908086e-05 -0.017592537004139156 0.0 -1244.6539344734172 0.16016960780848402
1140.0 -0.026597275738929227 4.484190417893964e-05 3.945472842712405e-05 -0.017659177649559755 0.0 -1187.102741684626 0.1614252879339904
1150.0 -0.02704742489978429 4.518789413959107e-05 3.9777453846490116e-05 -0.01772154276133943 0.0 -1126.558965562876 0.16267917256920017
1160.0 -0.027501032965226102 4.5533687126909224e-05 4.010118246338124e-05 -0.017779603664989697 0.0 -1062.9869599452936 0.163931313638139
1170.0 -0.02795809802502447 4.58792949017436e-05 4.042585938570653e-05 -0.017833332776285026 0.0 -996.3520071323059 0.16518176133709972
1180.0 -0.028418618282600505 4.6224728451105395e-05 4.075142830739509e-05 -0.017882703604227425 0.0 -926.620325300699 0.1664305641230655
1190.0 -0.028882592047470013 4.656999800305213e-05 4.107783166329426e-05 -0.01792769074618368 0.0 -853.7590744891934 0.1676777687061839
1200.0 -0.029350017727704625 4.6915113042228336e-05 4.140501079010761e-05 -0.01796826988623949 0.0 -777.7363613868537 0.1689234200451243
1210.0 -0.029820893822545713 4.7260082326041476e-05 4.173290607312197e-05 -0.018004417791656433 0.0 -698.52124286429 0.17016756134566197
1220.0 -0.030295218915266986 4.760491390139294e-05 4.206145709204634e-05 -0.018036112308521073 0.0 -616.0837283030584 0.17141023406224745
1230.0 -0.03077299166613301 4.794961512189971e-05 4.239060276560736e-05 -0.018063332356648216 0.0 -530.3947807597311 0.17265147790242238
1240.0 -0.03125421080552826 4.829419266554258e-05 4.2720281486019475e-05 -0.01808605792368969 0.0 -441.42631700364046 0.1738913308339482
1250.0 -0.03173887512732776 4.8638652552683104e-05 4.305043124936958e-05 -0.01810427005849555 0.0 -349.1512064646967 0.1751298290945126
1260.0 -0.03222698348239916 4.898300016438976e-05 4.3380989783337046e-05 -0.01811795086370718 0.0 -253.54326913359407 0.1763670072038792
1270.0 -0.0327185347723038 4.9327240261019546e-05 4.3711894669407056e-05 -0.018127083487655484 0.0 -154.5772724548325 0.1776028979783449
1280.0 -0.03321352794316468 4.967137700100288e-05 4.404308345744568e-05 -0.018131652115508302 0.0 -52.2289272525539 0.1788375325473778
1290.0 -0.033711961979776106 5.0015413959780796e-05 4.437449377654445e-05 -0.018131641959796094 0.0 53.52511726499677 0.18007094037229815
1300.0 -0.03421383589985538 5.035935414885041e-05 4.470606344355588e-05 -0.01812703925022923 0.0 162.70727938607655 0.1813031492668825
1310.0 -0.0347191487484686 5.070320003487134e-05 4.5037730561325874e-05 -0.018117831222933648 0.0 275.33905161298765 0.18253418541975752
1320.0 -0.03522789959272998 5.104695355879248e-05 4.536943361390655e-05 -0.01810400610904611 0.0 391.4410081778414 0.18376407341846612
1330.0 -0.035740087516607844 5.139061615495978e-05 4.5701111559814936e-05 -0.018085553122772935 0.0 511.03281331271046 0.18499283627508015
1340.0 -0.03625571161595076 5.173418877016724e-05 4.6032703916232265e-05 -0.018062462448875733 0.0 634.1332302325278 0.1862204954532444
1350.0 -0.03677477099371984 5.2077671882617606e-05 4.636415083787426e-05 -0.018034725229672217 0.0 760.7601307897497 0.18744707089653448
1360.0 -0.03729726475540218 5.242106552075863e-05 4.669539319461791e-05 -0.018002333551525834 0.0 890.9305057582599 0.18867258105801826
1370.0 -0.037823192004587725 5.2764369281967044e-05 4.702637264184517e-05 -0.017965280430911185 0.0 1024.6604757076643 0.1898970429309094
1380.0 -0.03835255183878061 5.310758235104897e-05 4.735703168705641e-05 -0.01792355980002536 0.0 1161.9653024258232 0.191120472080208
1390.0 -0.038885343345317125 5.3450703518535255e-05 4.768731375062174e-05 -0.017877166492032887 0.0 1302.859400853505 0.19234288267522615
1400.0 -0.039421565597560715 5.379373119874276e-05 4.801716322120342e-05 -0.017826096225924057 0.0 1447.3563514887846 0.19356428752289737
1410.0 -0.0399612176512214 5.41366634475842e-05 4.8346525512066305e-05 -0.017770345591071383 0.0 1595.468913226844 0.19478469810177496
1420.0 -0.04050429854082438 5.447949798010366e-05 4.8675347106197366e-05 -0.01770991203143233 0.0 1747.2090365978459 0.1960041245966276
1430.0 -0.041050807276445056 5.482223218772047e-05 4.900357560178037e-05 -0.017644793829534586 0.0 1902.5878773648515 0.1972225759335408
1440.0 -0.041600742840479654 5.516486315516523e-05 4.9331159751808684e-05 -0.01757499009016834 0.0 2061.61581045047 0.19844005981544105
1450.0 -0.04215410418474974 5.550738767709226e-05 4.9658049498191303e-05 -0.017500500723879122 0.0 2224.302444155826 0.19965658275795967
1460.0 -0.04271089022763874 5.58498022743567e-05 4.9984196009233985e-05 -0.017421326430276343 0.0 2390.656634640613 0.20087215012555795
1470.0 -0.043271099851398986 5.619210320994336e-05 5.030955170362006e-05 -0.01733746868115904 0.0 2560.6865006326598 0.20208676616783983
1480.0 -0.043834731899721646 5.653428650453684e-05 5.063407027527944e-05 -0.01724892970351208 0.0 2734.399438334997 0.20330043405597853
1490.0 -0.04440178517534932 5.687634795172595e-05 5.095770671825761e-05 -0.017155712462390046 0.0 2911.8021365038458 0.204513155919192
1500.0 -0.0449722584378911 5.721828313283296e-05 5.128041734412392e-05 -0.01705782064371189 0.0 3092.900591666529 0.20572493288120133
1510.0 -0.04554615040175136 5.756008743136222e-05 5.160215979564953e-05 -0.01695525863698737 0.0 3277.7001234540403 0.20693576509661094
1520.0 -0.04612345973426457 5.790175604706337e-05 5.192289306101827e-05 -0.01684803151800245 0.0 3466.2053900218693 0.2081456517871541
1530.0 -0.046704185053869196 5.8243284009604616e-05 5.2242577482175535e-05 -0.016736145031483265 0.0 3658.420403534073 0.20935459127774864
1540.0 -0.047288324928537406 5.858466619185298e-05 5.256117476193367e-05 -0.01661960557375713 0.0 3854.348545686569 0.21056258103231176
1550.0 -0.04787587787421543 5.89258973227615e-05 5.287864796876818e-05 -0.016498420175451816 0.0 4053.9925832490767 0.21176961768928748
1560.0 -0.0484668423534913 5.9266971999859356e-05 5.3194961537172955e-05 -0.016372596484203226 0.0 4257.354683601812 0.21297569709683983
1570.0 -0.04906121677430875 5.96078847013474e-05 5.3510081269259044e-05 -0.016242142747466156 0.0 4464.436430247014 0.21418081434767194
1580.0 -0.04965899948884456 5.994862979779853e-05 5.382397432978081e-05 -0.016107067795344283 0.0 4675.23883827917 0.21538496381343136
1590.0 -0.05026018879250671 6.028920156346507e-05 5.4136609242583233e-05 -0.01596738102357361 0.0 4889.762369790735 0.21658813917866637
1600.0 -0.05086478292298224 6.062959418719454e-05 5.429260831242288e-05 -0.01582309237657825 0.0 5108.006949200047 0.2177903334742992
