#T volume alpha alpha_xx alpha_yy alpha_zz alpha_yz alpha_zx alpha_xz alpha_zx alpha_xy alpha_yx
0.0  16.250050   0.0000e+00   6.7942e-14   6.7942e-14   6.7942e-14   1.8101e-30   1.8101e-30  -1.8101e-30   1.8101e-30  -1.8101e-30  -1.8101e-30
0.2  16.250050   1.2312e-11   1.2298e-11   1.2298e-11   1.2298e-11  -3.7376e-28  -3.7376e-28   3.7376e-28  -3.7376e-28   3.7376e-28   3.7376e-28
0.51  16.250050   3.1908e-11   3.1908e-11   3.1908e-11   3.1908e-11  -1.3366e-27  -1.3366e-27   1.3366e-27  -1.3366e-27   1.3366e-27   1.3366e-27
0.93  16.250050   6.0703e-11   6.0690e-11   6.0690e-11   6.0690e-11  -1.4302e-27  -1.4302e-27   1.4302e-27  -1.4302e-27   1.4302e-27   1.4302e-27
1.46  16.250050   1.0358e-10   1.0356e-10   1.0356e-10   1.0356e-10   2.6141e-27   2.6141e-27  -2.6141e-27   2.6141e-27  -2.6141e-27  -2.6141e-27
2.1  16.250050   1.7043e-10   1.7041e-10   1.7041e-10   1.7041e-10  -1.1201e-27  -1.1201e-27   1.1201e-27  -1.1201e-27   1.1201e-27   1.1201e-27
2.86  16.250050   2.8056e-10   2.8055e-10   2.8055e-10   2.8055e-10   5.2378e-27   5.2378e-27  -5.2378e-27   5.2378e-27  -5.2378e-27  -5.2378e-27
3.72  16.250050   4.5940e-10   4.5937e-10   4.5937e-10   4.5937e-10  -4.5641e-27  -4.5641e-27   4.5641e-27  -4.5641e-27   4.5641e-27   4.5641e-27
4.7  16.250050   7.5276e-10   7.5271e-10   7.5271e-10   7.5271e-10  -1.4045e-27  -1.4045e-27   1.4045e-27  -1.4045e-27   1.4045e-27   1.4045e-27
5.79  16.250050   1.2172e-09   1.2171e-09   1.2171e-09   1.2171e-09   4.7587e-26   4.7587e-26  -4.7587e-26   4.7587e-26  -4.7587e-26  -4.7587e-26
6.99  16.250050   1.9335e-09   1.9334e-09   1.9334e-09   1.9334e-09   8.0356e-26   8.0356e-26  -8.0356e-26   8.0356e-26  -8.0356e-26  -8.0356e-26
8.3  16.250050   3.0147e-09   3.0145e-09   3.0145e-09   3.0145e-09  -2.4190e-25  -1.3998e-25   4.5164e-25   6.6819e-26   5.5357e-25  -6.6819e-26
9.72  16.250051   4.6204e-09   4.6200e-09   4.6200e-09   4.6200e-09   5.6740e-26   5.6740e-26  -5.6740e-26   5.6740e-26  -5.6740e-26  -5.6740e-26
11.25  16.250051   6.9869e-09   6.9859e-09   6.9859e-09   6.9859e-09   2.2582e-25   3.9638e-25   2.6025e-25  -4.3081e-25   4.3081e-25  -3.9638e-25
12.9  16.250052   1.0516e-08   1.0515e-08   1.0515e-08   1.0515e-08  -3.2432e-25  -3.2432e-25   3.2432e-25  -3.2432e-25   3.2432e-25   3.2432e-25
14.65  16.250053   1.5801e-08   1.5799e-08   1.5799e-08   1.5799e-08   6.3334e-25   6.3334e-25  -6.3334e-25   6.3334e-25  -6.3334e-25  -6.3334e-25
16.52  16.250055   2.3958e-08   2.3956e-08   2.3956e-08   2.3956e-08   1.5726e-24   2.3935e-24   9.4232e-26   5.7023e-24   9.1519e-25   5.8783e-24
18.5  16.250057   3.6571e-08   3.6571e-08   3.6571e-08   3.6571e-08   8.6790e-25   8.6790e-25  -8.6790e-25   8.6790e-25  -8.6790e-25  -8.6790e-25
20.58  16.250062   5.5736e-08   5.5736e-08   5.5736e-08   5.5736e-08   1.2861e-24   1.2861e-24  -1.2861e-24   1.2861e-24  -1.2861e-24  -1.2861e-24
22.78  16.250069   8.4299e-08   8.4302e-08   8.4302e-08   8.4302e-08  -1.4150e-24  -1.4150e-24   1.4150e-24  -1.4150e-24   1.4150e-24   1.4150e-24
25.1  16.250081   1.2526e-07   1.2526e-07   1.2526e-07   1.2526e-07   8.9837e-24   4.6259e-24  -2.6808e-25  -8.6090e-24  -4.6259e-24  -4.6259e-24
27.52  16.250099   1.8096e-07   1.8096e-07   1.8096e-07   1.8096e-07   2.7406e-24   2.7406e-24  -2.7406e-24   2.7406e-24  -2.7406e-24  -2.7406e-24
30.05  16.250126   2.5369e-07   2.5370e-07   2.5370e-07   2.5370e-07   5.4656e-24   5.4656e-24  -5.4656e-24   5.4656e-24  -5.4656e-24  -5.4656e-24
32.7  16.250164   3.4513e-07   3.4514e-07   3.4514e-07   3.4514e-07   7.1757e-24   7.1757e-24  -7.1757e-24   7.1757e-24  -7.1757e-24  -7.1757e-24
35.45  16.250218   4.5486e-07   4.5487e-07   4.5487e-07   4.5487e-07  -2.8455e-25  -2.8455e-25   2.8455e-25  -2.8455e-25   2.8455e-25   2.8455e-25
38.32  16.250290   5.8293e-07   5.8294e-07   5.8294e-07   5.8294e-07   1.2605e-23   1.2605e-23  -1.2605e-23   1.2605e-23  -1.2605e-23  -1.2605e-23
41.3  16.250385   7.2730e-07   7.2730e-07   7.2730e-07   7.2730e-07   4.0675e-23   1.5372e-23   9.9302e-24   1.7419e-22  -1.5372e-23   1.4345e-22
44.39  16.250507   8.8560e-07   8.8560e-07   8.8560e-07   8.8560e-07   4.5881e-24   4.5881e-24  -4.5881e-24   4.5881e-24  -4.5881e-24  -4.5881e-24
47.59  16.250658   1.0550e-06   1.0550e-06   1.0550e-06   1.0550e-06  -1.5505e-23  -1.5505e-23   1.5505e-23  -1.5505e-23   1.5505e-23   1.5505e-23
50.9  16.250843   1.2325e-06   1.2325e-06   1.2325e-06   1.2325e-06   2.2726e-23   2.2726e-23  -2.2726e-23   2.2726e-23  -2.2726e-23  -2.2726e-23
54.32  16.251063   1.4150e-06   1.4150e-06   1.4150e-06   1.4150e-06   4.4399e-23   4.4399e-23  -4.4399e-23   4.4399e-23  -4.4399e-23  -4.4399e-23
57.86  16.251324   1.6002e-06   1.6002e-06   1.6002e-06   1.6002e-06   2.0517e-23   2.0517e-23  -2.0517e-23   2.0517e-23  -2.0517e-23  -2.0517e-23
61.5  16.251624   1.7846e-06   1.7846e-06   1.7846e-06   1.7846e-06  -8.5119e-24  -8.5119e-24   8.5119e-24  -8.5119e-24   8.5119e-24   8.5119e-24
65.26  16.251968   1.9669e-06   1.9669e-06   1.9669e-06   1.9669e-06   7.5828e-23   7.5828e-23  -7.5828e-23   7.5828e-23  -7.5828e-23  -7.5828e-23
69.12  16.252355   2.1444e-06   2.1444e-06   2.1444e-06   2.1444e-06   5.7996e-23   5.7996e-23  -5.7996e-23   5.7996e-23  -5.7996e-23  -5.7996e-23
73.1  16.252788   2.3165e-06   2.3165e-06   2.3165e-06   2.3165e-06  -9.8735e-23  -9.8735e-23   9.8735e-23  -9.8735e-23   9.8735e-23   9.8735e-23
77.19  16.253267   2.4818e-06   2.4818e-06   2.4818e-06   2.4818e-06   7.5579e-23   7.5579e-23  -7.5579e-23   7.5579e-23  -7.5579e-23  -7.5579e-23
81.39  16.253791   2.6395e-06   2.6395e-06   2.6395e-06   2.6395e-06   7.9373e-23   7.9373e-23  -7.9373e-23   7.9373e-23  -7.9373e-23  -7.9373e-23
85.71  16.254363   2.7894e-06   2.7894e-06   2.7894e-06   2.7894e-06   1.8894e-22   9.1906e-23   5.1288e-24  -1.1985e-22  -9.1906e-23  -9.1906e-23
90.13  16.254980   2.9308e-06   2.9308e-06   2.9308e-06   2.9308e-06  -1.0146e-22  -1.0146e-22   1.0146e-22  -1.0146e-22   1.0146e-22   1.0146e-22
94.67  16.255644   3.0641e-06   3.0641e-06   3.0641e-06   3.0641e-06   7.5005e-23   7.5005e-23  -7.5005e-23   7.5005e-23  -7.5005e-23  -7.5005e-23
99.31  16.256352   3.1888e-06   3.1888e-06   3.1888e-06   3.1888e-06   5.4656e-23   5.4656e-23  -5.4656e-23   5.4656e-23  -5.4656e-23  -5.4656e-23
104.07  16.257106   3.3058e-06   3.3058e-06   3.3058e-06   3.3058e-06   4.7666e-23   4.7666e-23  -4.7666e-23   4.7666e-23  -4.7666e-23  -4.7666e-23
108.94  16.257904   3.4151e-06   3.4151e-06   3.4151e-06   3.4151e-06   7.8385e-23   7.8385e-23  -7.8385e-23   7.8385e-23  -7.8385e-23  -7.8385e-23
113.92  16.258746   3.5170e-06   3.5170e-06   3.5170e-06   3.5170e-06  -8.4401e-24  -8.4401e-24   8.4401e-24  -8.4401e-24   8.4401e-24   8.4401e-24
119.01  16.259631   3.6119e-06   3.6119e-06   3.6119e-06   3.6119e-06   1.0560e-22   1.0560e-22  -1.0560e-22   1.0560e-22  -1.0560e-22  -1.0560e-22
124.21  16.260559   3.7002e-06   3.7002e-06   3.7002e-06   3.7002e-06   8.0225e-23   8.0225e-23  -8.0225e-23   8.0225e-23  -8.0225e-23  -8.0225e-23
129.52  16.261528   3.7823e-06   3.7823e-06   3.7823e-06   3.7823e-06   2.1428e-24   2.1428e-24  -2.1428e-24   2.1428e-24  -2.1428e-24  -2.1428e-24
134.95  16.262540   3.8588e-06   3.8588e-06   3.8588e-06   3.8588e-06  -2.2188e-23  -2.2188e-23   2.2188e-23  -2.2188e-23   2.2188e-23   2.2188e-23
140.48  16.263591   3.9298e-06   3.9298e-06   3.9298e-06   3.9298e-06  -2.9828e-22  -4.3496e-22   5.7164e-22  -1.1446e-23   4.3496e-22   1.1446e-23
146.13  16.264684   3.9959e-06   3.9959e-06   3.9959e-06   3.9959e-06  -1.4553e-22  -1.4553e-22   1.4553e-22  -1.4553e-22   1.4553e-22   1.4553e-22
151.89  16.265816   4.0574e-06   4.0574e-06   4.0574e-06   4.0574e-06   1.7195e-22   1.7195e-22  -1.7195e-22   1.7195e-22  -1.7195e-22  -1.7195e-22
157.76  16.266986   4.1147e-06   4.1147e-06   4.1147e-06   4.1147e-06  -1.5835e-22  -1.5835e-22   1.5835e-22  -1.5835e-22   1.5835e-22   1.5835e-22
163.74  16.268195   4.1679e-06   4.1680e-06   4.1680e-06   4.1680e-06   1.0850e-22  -3.6446e-23   1.8139e-22  -3.6446e-23   3.6446e-23  -3.8707e-22
169.83  16.269441   4.2176e-06   4.2176e-06   4.2176e-06   4.2176e-06  -2.0859e-23  -2.0859e-23   2.0859e-23  -2.0859e-23   2.0859e-23   2.0859e-23
176.03  16.270725   4.2639e-06   4.2639e-06   4.2639e-06   4.2639e-06  -2.0164e-22  -2.0164e-22   2.0164e-22  -2.0164e-22   2.0164e-22   2.0164e-22
182.34  16.272045   4.3072e-06   4.3072e-06   4.3072e-06   4.3072e-06  -3.6864e-23  -3.6864e-23   3.6864e-23  -3.6864e-23   3.6864e-23   3.6864e-23
188.77  16.273403   4.3476e-06   4.3476e-06   4.3476e-06   4.3476e-06  -4.4588e-23  -4.4588e-23   4.4588e-23  -4.4588e-23   4.4588e-23   4.4588e-23
195.31  16.274798   4.3855e-06   4.3855e-06   4.3855e-06   4.3855e-06   1.8024e-22   2.7752e-23   1.2474e-22  -3.9576e-22  -2.7752e-23  -4.5127e-22
201.95  16.276225   4.4209e-06   4.4209e-06   4.4209e-06   4.4209e-06  -1.5248e-22  -1.5248e-22   1.5248e-22  -1.5248e-22   1.5248e-22   1.5248e-22
208.71  16.277690   4.4542e-06   4.4542e-06   4.4542e-06   4.4542e-06   1.2443e-22   1.2443e-22  -1.2443e-22   1.2443e-22  -1.2443e-22  -1.2443e-22
215.58  16.279190   4.4854e-06   4.4854e-06   4.4854e-06   4.4854e-06   1.0657e-22   1.0657e-22  -1.0657e-22   1.0657e-22  -1.0657e-22  -1.0657e-22
222.56  16.280724   4.5148e-06   4.5148e-06   4.5148e-06   4.5148e-06   4.2456e-24   4.2456e-24  -4.2456e-24   4.2456e-24  -4.2456e-24  -4.2456e-24
229.65  16.282292   4.5424e-06   4.5424e-06   4.5424e-06   4.5424e-06  -5.9750e-23  -5.9750e-23   5.9750e-23  -5.9750e-23   5.9750e-23   5.9750e-23
236.86  16.283897   4.5685e-06   4.5685e-06   4.5685e-06   4.5685e-06  -1.8294e-22  -1.8294e-22   1.8294e-22  -1.8294e-22   1.8294e-22   1.8294e-22
244.17  16.285533   4.5932e-06   4.5932e-06   4.5932e-06   4.5932e-06  -7.3387e-23  -7.3387e-23   7.3387e-23  -7.3387e-23   7.3387e-23   7.3387e-23
251.6  16.287205   4.6165e-06   4.6165e-06   4.6165e-06   4.6165e-06  -1.6358e-22  -1.6358e-22   1.6358e-22  -1.6358e-22   1.6358e-22   1.6358e-22
259.14  16.288910   4.6386e-06   4.6386e-06   4.6386e-06   4.6386e-06   1.5167e-22   1.5167e-22  -1.5167e-22   1.5167e-22  -1.5167e-22  -1.5167e-22
266.78  16.290645   4.6596e-06   4.6596e-06   4.6596e-06   4.6596e-06   1.3361e-22   1.3361e-22  -1.3361e-22   1.3361e-22  -1.3361e-22  -1.3361e-22
274.54  16.292416   4.6795e-06   4.6795e-06   4.6795e-06   4.6795e-06  -2.9289e-23  -2.9289e-23   2.9289e-23  -2.9289e-23   2.9289e-23   2.9289e-23
282.41  16.294220   4.6985e-06   4.6985e-06   4.6985e-06   4.6985e-06  -1.9608e-22  -1.9608e-22   1.9608e-22  -1.9608e-22   1.9608e-22   1.9608e-22
290.39  16.296057   4.7167e-06   4.7167e-06   4.7167e-06   4.7167e-06   6.3273e-23   6.3273e-23  -6.3273e-23   6.3273e-23  -6.3273e-23  -6.3273e-23
298.49  16.297928   4.7340e-06   4.7340e-06   4.7340e-06   4.7340e-06   2.0962e-22   2.0962e-22  -2.0962e-22   2.0962e-22  -2.0962e-22  -2.0962e-22
306.69  16.299830   4.7505e-06   4.7505e-06   4.7505e-06   4.7505e-06  -3.6566e-22  -5.3076e-22   6.9586e-22  -1.0724e-22   5.3076e-22   1.0724e-22
315.01  16.301766   4.7664e-06   4.7664e-06   4.7664e-06   4.7664e-06  -5.0497e-23  -5.0497e-23   5.0497e-23  -5.0497e-23   5.0497e-23   5.0497e-23
323.43  16.303732   4.7817e-06   4.7817e-06   4.7817e-06   4.7817e-06  -4.0907e-23  -4.0907e-23   4.0907e-23  -4.0907e-23   4.0907e-23   4.0907e-23
331.97  16.305732   4.7964e-06   4.7964e-06   4.7964e-06   4.7964e-06   1.2624e-22   1.2624e-22  -1.2624e-22   1.2624e-22  -1.2624e-22  -1.2624e-22
340.62  16.307765   4.8105e-06   4.8105e-06   4.8105e-06   4.8105e-06  -5.0154e-23  -5.0154e-23   5.0154e-23  -5.0154e-23   5.0154e-23   5.0154e-23
349.38  16.309830   4.8242e-06   4.8242e-06   4.8242e-06   4.8242e-06  -2.9842e-23  -2.9842e-23   2.9842e-23  -2.9842e-23   2.9842e-23   2.9842e-23
358.25  16.311926   4.8374e-06   4.8374e-06   4.8374e-06   4.8374e-06   2.7993e-22   1.1185e-22   5.6228e-23  -3.1167e-22  -1.1185e-22  -1.1185e-22
367.23  16.314055   4.8502e-06   4.8502e-06   4.8502e-06   4.8502e-06  -7.9749e-23  -7.9749e-23   7.9749e-23  -7.9749e-23   7.9749e-23   7.9749e-23
376.33  16.316218   4.8626e-06   4.8626e-06   4.8626e-06   4.8626e-06  -9.0922e-24  -9.0922e-24   9.0922e-24  -9.0922e-24   9.0922e-24   9.0922e-24
385.53  16.318411   4.8746e-06   4.8746e-06   4.8746e-06   4.8746e-06  -3.1704e-22  -4.8639e-22   6.5574e-22  -6.2874e-23   4.8639e-22   6.2874e-23
394.85  16.320638   4.8864e-06   4.8864e-06   4.8864e-06   4.8864e-06   1.6924e-22  -5.0781e-25   1.7026e-22  -4.2402e-22   5.0781e-25  -4.2301e-22
404.27  16.322894   4.8978e-06   4.8978e-06   4.8978e-06   4.8978e-06  -2.7186e-23  -2.7186e-23   2.7186e-23  -2.7186e-23   2.7186e-23   2.7186e-23
413.81  16.325185   4.9089e-06   4.9089e-06   4.9089e-06   4.9089e-06   2.6118e-22   9.0663e-23   7.9855e-23   9.3770e-22  -9.0663e-23   1.1799e-21
423.46  16.327508   4.9199e-06   4.9199e-06   4.9199e-06   4.9199e-06  -1.4077e-22  -1.4077e-22   1.4077e-22  -1.4077e-22   1.4077e-22   1.4077e-22
433.22  16.329863   4.9306e-06   4.9306e-06   4.9306e-06   4.9306e-06   6.0545e-23   6.0545e-23  -6.0545e-23   6.0545e-23  -6.0545e-23  -6.0545e-23
443.09  16.332249   4.9410e-06   4.9410e-06   4.9410e-06   4.9410e-06  -1.9445e-22  -1.9445e-22   1.9445e-22  -1.9445e-22   1.9445e-22   1.9445e-22
453.08  16.334671   4.9513e-06   4.9514e-06   4.9514e-06   4.9514e-06   3.5902e-22   1.8706e-22  -1.5105e-23  -2.3645e-22  -1.8706e-22  -1.8706e-22
463.17  16.337122   4.9615e-06   4.9615e-06   4.9615e-06   4.9615e-06   1.1786e-22   1.1786e-22  -1.1786e-22   1.1786e-22  -1.1786e-22  -1.1786e-22
473.38  16.339607   4.9715e-06   4.9715e-06   4.9715e-06   4.9715e-06  -1.4252e-22  -1.4252e-22   1.4252e-22  -1.4252e-22   1.4252e-22   1.4252e-22
483.69  16.342122   4.9813e-06   4.9813e-06   4.9813e-06   4.9813e-06   1.3789e-22   1.3789e-22  -1.3789e-22   1.3789e-22  -1.3789e-22  -1.3789e-22
494.12  16.344672   4.9910e-06   4.9910e-06   4.9910e-06   4.9910e-06   8.1505e-23   8.1505e-23  -8.1505e-23   8.1505e-23  -8.1505e-23  -8.1505e-23
504.66  16.347254   5.0006e-06   5.0006e-06   5.0006e-06   5.0006e-06  -1.9650e-22  -3.7012e-22   5.4374e-22   5.3396e-23   3.7012e-22  -5.3396e-23
515.31  16.349869   5.0101e-06   5.0101e-06   5.0101e-06   5.0101e-06   7.3640e-23   7.3640e-23  -7.3640e-23   7.3640e-23  -7.3640e-23  -7.3640e-23
526.07  16.352516   5.0195e-06   5.0195e-06   5.0195e-06   5.0195e-06  -1.1742e-22  -2.9168e-22   4.6594e-22   1.3184e-22   2.9168e-22  -1.3184e-22
536.95  16.355197   5.0289e-06   5.0289e-06   5.0289e-06   5.0289e-06   8.1698e-23   8.1698e-23  -8.1698e-23   8.1698e-23  -8.1698e-23  -8.1698e-23
547.93  16.357909   5.0381e-06   5.0381e-06   5.0381e-06   5.0381e-06   9.1572e-23   9.1572e-23  -9.1572e-23   9.1572e-23  -9.1572e-23  -9.1572e-23
559.02  16.360654   5.0473e-06   5.0473e-06   5.0473e-06   5.0473e-06  -5.5689e-23  -5.5689e-23   5.5689e-23  -5.5689e-23   5.5689e-23   5.5689e-23
570.23  16.363434   5.0565e-06   5.0565e-06   5.0565e-06   5.0565e-06   9.6555e-23   9.6555e-23  -9.6555e-23   9.6555e-23  -9.6555e-23  -9.6555e-23
581.55  16.366247   5.0656e-06   5.0656e-06   5.0656e-06   5.0656e-06  -1.9372e-22  -1.9372e-22   1.9372e-22  -1.9372e-22   1.9372e-22   1.9372e-22
592.98  16.369092   5.0747e-06   5.0747e-06   5.0747e-06   5.0747e-06   2.6264e-22   8.6527e-23   8.9592e-23  -3.3699e-22  -8.6527e-23  -8.6527e-23
604.52  16.371971   5.0838e-06   5.0838e-06   5.0838e-06   5.0838e-06   1.6141e-22   1.6141e-22  -1.6141e-22   1.6141e-22  -1.6141e-22  -1.6141e-22
616.17  16.374883   5.0929e-06   5.0929e-06   5.0929e-06   5.0929e-06   2.4127e-23   2.4127e-23  -2.4127e-23   2.4127e-23  -2.4127e-23  -2.4127e-23
627.93  16.377828   5.1019e-06   5.1019e-06   5.1019e-06   5.1019e-06  -1.0685e-22  -1.0685e-22   1.0685e-22  -1.0685e-22   1.0685e-22   1.0685e-22
639.8  16.380806   5.1109e-06   5.1109e-06   5.1109e-06   5.1109e-06   3.5081e-22   1.7348e-22   3.8532e-24  -2.5004e-22  -1.7348e-22  -1.7348e-22
651.79  16.383820   5.1200e-06   5.1200e-06   5.1200e-06   5.1200e-06   5.4684e-23   5.4684e-23  -5.4684e-23   5.4684e-23  -5.4684e-23  -5.4684e-23
663.88  16.386866   5.1291e-06   5.1291e-06   5.1291e-06   5.1291e-06   2.6452e-23   2.6452e-23  -2.6452e-23   2.6452e-23  -2.6452e-23  -2.6452e-23
676.09  16.389948   5.1381e-06   5.1381e-06   5.1381e-06   5.1381e-06  -2.0689e-22  -2.0689e-22   2.0689e-22  -2.0689e-22   2.0689e-22   2.0689e-22
688.41  16.393063   5.1472e-06   5.1472e-06   5.1472e-06   5.1472e-06  -7.4228e-23  -7.4228e-23   7.4228e-23  -7.4228e-23   7.4228e-23   7.4228e-23
700.84  16.396213   5.1563e-06   5.1563e-06   5.1563e-06   5.1563e-06  -1.5741e-22  -1.5741e-22   1.5741e-22  -1.5741e-22   1.5741e-22   1.5741e-22
713.38  16.399397   5.1655e-06   5.1655e-06   5.1655e-06   5.1655e-06  -1.7294e-22  -1.7294e-22   1.7294e-22  -1.7294e-22   1.7294e-22   1.7294e-22
726.03  16.402615   5.1747e-06   5.1747e-06   5.1747e-06   5.1747e-06  -8.2050e-23  -8.2050e-23   8.2050e-23  -8.2050e-23   8.2050e-23   8.2050e-23
738.79  16.405867   5.1839e-06   5.1839e-06   5.1839e-06   5.1839e-06   1.1162e-22   1.1162e-22  -1.1162e-22   1.1162e-22  -1.1162e-22  -1.1162e-22
751.66  16.409154   5.1932e-06   5.1932e-06   5.1932e-06   5.1932e-06   7.4105e-23   7.4105e-23  -7.4105e-23   7.4105e-23  -7.4105e-23  -7.4105e-23
764.65  16.412478   5.2025e-06   5.2025e-06   5.2025e-06   5.2025e-06  -6.6809e-23  -6.6809e-23   6.6809e-23  -6.6809e-23   6.6809e-23   6.6809e-23
777.75  16.415837   5.2119e-06   5.2119e-06   5.2119e-06   5.2119e-06   8.6393e-23   8.6393e-23  -8.6393e-23   8.6393e-23  -8.6393e-23  -8.6393e-23
790.95  16.419228   5.2213e-06   5.2213e-06   5.2213e-06   5.2213e-06   1.7415e-22   1.7415e-22  -1.7415e-22   1.7415e-22  -1.7415e-22  -1.7415e-22
804.27  16.422658   5.2308e-06   5.2308e-06   5.2308e-06   5.2308e-06   9.7512e-23   9.7512e-23  -9.7512e-23   9.7512e-23  -9.7512e-23  -9.7512e-23
817.7  16.426122   5.2403e-06   5.2403e-06   5.2403e-06   5.2403e-06  -8.8698e-23  -8.8698e-23   8.8698e-23  -8.8698e-23   8.8698e-23   8.8698e-23
831.24  16.429622   5.2500e-06   5.2500e-06   5.2500e-06   5.2500e-06   1.5569e-22  -2.6289e-23   2.0826e-22  -4.4981e-22   2.6289e-23  -3.9723e-22
844.9  16.433161   5.2597e-06   5.2597e-06   5.2597e-06   5.2597e-06   1.8106e-22   1.8106e-22  -1.8106e-22   1.8106e-22  -1.8106e-22  -1.8106e-22
858.66  16.436732   5.2694e-06   5.2694e-06   5.2694e-06   5.2694e-06  -7.5509e-25  -1.8338e-22   3.6600e-22   1.0872e-21   1.8338e-22   1.0304e-21
872.53  16.440340   5.2793e-06   5.2793e-06   5.2793e-06   5.2793e-06   1.6702e-22   1.6702e-22  -1.6702e-22   1.6702e-22  -1.6702e-22  -1.6702e-22
886.52  16.443987   5.2892e-06   5.2892e-06   5.2892e-06   5.2892e-06   6.0367e-23   6.0367e-23  -6.0367e-23   6.0367e-23  -6.0367e-23  -6.0367e-23
900.62  16.447670   5.2992e-06   5.2992e-06   5.2992e-06   5.2992e-06  -8.8215e-23  -8.8215e-23   8.8215e-23  -8.8215e-23   8.8215e-23   8.8215e-23
914.82  16.451386   5.3093e-06   5.3093e-06   5.3093e-06   5.3093e-06  -1.9783e-23  -1.9783e-23   1.9783e-23  -1.9783e-23   1.9783e-23   1.9783e-23
929.14  16.455143   5.3195e-06   5.3195e-06   5.3195e-06   5.3195e-06   6.7108e-23   6.7108e-23  -6.7108e-23   6.7108e-23  -6.7108e-23  -6.7108e-23
943.57  16.458936   5.3297e-06   5.3297e-06   5.3297e-06   5.3297e-06   5.4683e-23   5.4683e-23  -5.4683e-23   5.4683e-23  -5.4683e-23  -5.4683e-23
958.12  16.462769   5.3401e-06   5.3401e-06   5.3401e-06   5.3401e-06  -8.0601e-23  -8.0601e-23   8.0601e-23  -8.0601e-23   8.0601e-23   8.0601e-23
972.77  16.466638   5.3506e-06   5.3506e-06   5.3506e-06   5.3506e-06   3.4138e-22   1.5605e-22   2.9274e-23  -2.6747e-22  -1.5605e-22  -1.5605e-22
987.53  16.470543   5.3612e-06   5.3612e-06   5.3612e-06   5.3612e-06   6.6469e-23   6.6469e-23  -6.6469e-23   6.6469e-23  -6.6469e-23  -6.6469e-23
1002.41  16.474489   5.3719e-06   5.3719e-06   5.3719e-06   5.3719e-06  -2.1112e-22  -2.1112e-22   2.1112e-22  -2.1112e-22   2.1112e-22   2.1112e-22
1017.4  16.478474   5.3826e-06   5.3826e-06   5.3826e-06   5.3826e-06   1.4490e-22   1.4490e-22  -1.4490e-22   1.4490e-22  -1.4490e-22  -1.4490e-22
1032.49  16.482494   5.3935e-06   5.3935e-06   5.3935e-06   5.3935e-06   3.1454e-22   1.2779e-22   5.8963e-23  -2.9573e-22  -1.2779e-22  -1.2779e-22
1047.7  16.486555   5.4046e-06   5.4046e-06   5.4046e-06   5.4046e-06  -1.4000e-22  -1.4000e-22   1.4000e-22  -1.4000e-22   1.4000e-22   1.4000e-22
1063.02  16.490654   5.4157e-06   5.4157e-06   5.4157e-06   5.4157e-06  -8.0021e-23  -8.0021e-23   8.0021e-23  -8.0021e-23   8.0021e-23   8.0021e-23
1078.45  16.494793   5.4269e-06   5.4269e-06   5.4269e-06   5.4269e-06   1.4622e-22   1.4622e-22  -1.4622e-22   1.4622e-22  -1.4622e-22  -1.4622e-22
1094.0  16.498974   5.4383e-06   5.4383e-06   5.4383e-06   5.4383e-06  -9.2637e-23  -9.2637e-23   9.2637e-23  -9.2637e-23   9.2637e-23   9.2637e-23
1109.65  16.503192   5.4498e-06   5.4498e-06   5.4498e-06   5.4498e-06  -4.6965e-23  -4.6965e-23   4.6965e-23  -4.6965e-23   4.6965e-23   4.6965e-23
1125.41  16.507449   5.4614e-06   5.4614e-06   5.4614e-06   5.4614e-06   2.0855e-22   2.0855e-22  -2.0855e-22   2.0855e-22  -2.0855e-22  -2.0855e-22
1141.29  16.511749   5.4732e-06   5.4732e-06   5.4732e-06   5.4732e-06  -3.8694e-22  -5.7633e-22   7.6573e-22  -1.5282e-22   5.7633e-22   1.5282e-22
1157.28  16.516090   5.4851e-06   5.4851e-06   5.4851e-06   5.4851e-06   1.2320e-22  -6.6592e-23   2.5639e-22  -4.9011e-22   6.6592e-23  -3.5692e-22
1173.38  16.520471   5.4971e-06   5.4971e-06   5.4971e-06   5.4971e-06  -9.9863e-23  -9.9863e-23   9.9863e-23  -9.9863e-23   9.9863e-23   9.9863e-23
1189.59  16.524893   5.5093e-06   5.5093e-06   5.5093e-06   5.5093e-06   2.0392e-22   1.3323e-23   1.7727e-22  -4.1019e-22  -1.3323e-23  -4.3684e-22
1205.91  16.529356   5.5216e-06   5.5216e-06   5.5216e-06   5.5216e-06  -4.2747e-22  -6.1848e-22   8.0948e-22  -1.9496e-22   6.1848e-22   1.9496e-22
1222.34  16.533860   5.5341e-06   5.5341e-06   5.5341e-06   5.5341e-06   1.9548e-22   4.0613e-24   1.8736e-22  -4.1946e-22  -4.0613e-24  -4.2758e-22
1238.88  16.538406   5.5467e-06   5.5467e-06   5.5467e-06   5.5467e-06  -1.0187e-22  -1.0187e-22   1.0187e-22  -1.0187e-22   1.0187e-22   1.0187e-22
1255.54  16.542997   5.5595e-06   5.5595e-06   5.5595e-06   5.5595e-06   1.5414e-22   1.5414e-22  -1.5414e-22   1.5414e-22  -1.5414e-22  -1.5414e-22
1272.3  16.547627   5.5724e-06   5.5724e-06   5.5724e-06   5.5724e-06   1.4466e-22  -4.8030e-23   2.4072e-22  -4.7155e-22   4.8030e-23  -3.7549e-22
1289.18  16.552303   5.5855e-06   5.5855e-06   5.5855e-06   5.5855e-06   1.4760e-22   1.4760e-22  -1.4760e-22   1.4760e-22  -1.4760e-22  -1.4760e-22
1306.17  16.557021   5.5988e-06   5.5988e-06   5.5988e-06   5.5988e-06   1.2911e-22   1.2911e-22  -1.2911e-22   1.2911e-22  -1.2911e-22  -1.2911e-22
1323.27  16.561783   5.6122e-06   5.6122e-06   5.6122e-06   5.6122e-06  -8.9450e-23  -8.9450e-23   8.9450e-23  -8.9450e-23   8.9450e-23   8.9450e-23
1340.48  16.566589   5.6258e-06   5.6258e-06   5.6258e-06   5.6258e-06   3.7534e-23   3.7534e-23  -3.7534e-23   3.7534e-23  -3.7534e-23  -3.7534e-23
1357.8  16.571438   5.6396e-06   5.6396e-06   5.6396e-06   5.6396e-06  -2.7907e-23  -2.7907e-23   2.7907e-23  -2.7907e-23   2.7907e-23   2.7907e-23
1375.23  16.576332   5.6535e-06   5.6535e-06   5.6535e-06   5.6535e-06  -6.2649e-23  -6.2649e-23   6.2649e-23  -6.2649e-23   6.2649e-23   6.2649e-23
1392.77  16.581270   5.6677e-06   5.6677e-06   5.6677e-06   5.6677e-06  -1.4693e-23  -1.4693e-23   1.4693e-23  -1.4693e-23   1.4693e-23   1.4693e-23
1410.43  16.586256   5.6820e-06   5.6820e-06   5.6820e-06   5.6820e-06   8.4433e-23   8.4433e-23  -8.4433e-23   8.4433e-23  -8.4433e-23  -8.4433e-23
1428.2  16.591287   5.6965e-06   5.6965e-06   5.6965e-06   5.6965e-06  -1.6303e-22  -3.5984e-22   5.5665e-22   6.3673e-23   3.5984e-22  -6.3673e-23
1446.07  16.596361   5.7112e-06   5.7112e-06   5.7112e-06   5.7112e-06   1.2603e-22   1.2603e-22  -1.2603e-22   1.2603e-22  -1.2603e-22  -1.2603e-22
1464.06  16.601484   5.7262e-06   5.7262e-06   5.7262e-06   5.7262e-06   1.4554e-22  -5.2259e-23   2.5005e-22  -4.7578e-22   5.2259e-23  -3.7126e-22
1482.16  16.606654   5.7413e-06   5.7413e-06   5.7413e-06   5.7413e-06   2.6751e-23   2.6751e-23  -2.6751e-23   2.6751e-23  -2.6751e-23  -2.6751e-23
1500.37  16.611870   5.7566e-06   5.7566e-06   5.7566e-06   5.7566e-06   1.6414e-22  -3.4662e-23   2.3347e-22  -4.5818e-22   3.4662e-23  -3.8885e-22
1518.69  16.617134   5.7722e-06   5.7722e-06   5.7722e-06   5.7722e-06   1.3246e-24   1.3246e-24  -1.3246e-24   1.3246e-24  -1.3246e-24  -1.3246e-24
1537.13  16.622448   5.7879e-06   5.7879e-06   5.7879e-06   5.7879e-06  -1.9628e-22  -1.9628e-22   1.9628e-22  -1.9628e-22   1.9628e-22   1.9628e-22
1555.67  16.627807   5.8039e-06   5.8039e-06   5.8039e-06   5.8039e-06   1.1409e-23   1.1409e-23  -1.1409e-23   1.1409e-23  -1.1409e-23  -1.1409e-23
1574.33  16.633218   5.8202e-06   5.8202e-06   5.8202e-06   5.8202e-06  -4.1001e-24  -4.1001e-24   4.1001e-24  -4.1001e-24   4.1001e-24   4.1001e-24
1593.09  16.638675   5.8366e-06   5.8366e-06   5.8366e-06   5.8366e-06   4.5671e-23   4.5671e-23  -4.5671e-23   4.5671e-23  -4.5671e-23  -4.5671e-23
1611.97  16.644184   5.8533e-06   5.8533e-06   5.8533e-06   5.8533e-06   1.1263e-22   1.1263e-22  -1.1263e-22   1.1263e-22  -1.1263e-22  -1.1263e-22
1630.96  16.649744   5.8703e-06   5.8703e-06   5.8703e-06   5.8703e-06   8.3863e-23   8.3863e-23  -8.3863e-23   8.3863e-23  -8.3863e-23  -8.3863e-23
1650.06  16.655353   5.8875e-06   5.8875e-06   5.8875e-06   5.8875e-06   1.3025e-22   1.3025e-22  -1.3025e-22   1.3025e-22  -1.3025e-22  -1.3025e-22
1669.27  16.661014   5.9049e-06   5.9049e-06   5.9049e-06   5.9049e-06  -1.2262e-22  -1.2262e-22   1.2262e-22  -1.2262e-22   1.2262e-22   1.2262e-22
1688.6  16.666728   5.9227e-06   5.9227e-06   5.9227e-06   5.9227e-06  -1.0491e-22  -1.0491e-22   1.0491e-22  -1.0491e-22   1.0491e-22   1.0491e-22
1708.03  16.672492   5.9406e-06   5.9406e-06   5.9406e-06   5.9406e-06   1.7093e-22   1.7093e-22  -1.7093e-22   1.7093e-22  -1.7093e-22  -1.7093e-22
1727.58  16.678311   5.9589e-06   5.9589e-06   5.9589e-06   5.9589e-06  -4.2728e-23  -4.2728e-23   4.2728e-23  -4.2728e-23   4.2728e-23   4.2728e-23
1747.23  16.684180   5.9775e-06   5.9775e-06   5.9775e-06   5.9775e-06   1.7189e-22   1.7189e-22  -1.7189e-22   1.7189e-22  -1.7189e-22  -1.7189e-22
1767.0  16.690105   5.9963e-06   5.9963e-06   5.9963e-06   5.9963e-06  -2.0147e-22  -2.0147e-22   2.0147e-22  -2.0147e-22   2.0147e-22   2.0147e-22
1786.88  16.696084   6.0155e-06   6.0155e-06   6.0155e-06   6.0155e-06  -1.2927e-22  -1.2927e-22   1.2927e-22  -1.2927e-22   1.2927e-22   1.2927e-22
1806.87  16.702118   6.0349e-06   6.0349e-06   6.0349e-06   6.0349e-06  -6.3539e-23  -6.3539e-23   6.3539e-23  -6.3539e-23   6.3539e-23   6.3539e-23
1826.97  16.708207   6.0547e-06   6.0547e-06   6.0547e-06   6.0547e-06   1.4979e-22   1.4979e-22  -1.4979e-22   1.4979e-22  -1.4979e-22  -1.4979e-22
1847.18  16.714352   6.0747e-06   6.0747e-06   6.0747e-06   6.0747e-06   1.1747e-22  -9.1890e-23   3.0125e-22  -5.1541e-22   9.1890e-23  -3.3163e-22
1867.51  16.720556   6.0951e-06   6.0951e-06   6.0951e-06   6.0951e-06  -1.4015e-22  -1.4015e-22   1.4015e-22  -1.4015e-22   1.4015e-22   1.4015e-22
1887.94  16.726814   6.1159e-06   6.1159e-06   6.1159e-06   6.1159e-06  -1.3355e-23  -1.3355e-23   1.3355e-23  -1.3355e-23   1.3355e-23   1.3355e-23
1908.49  16.733133   6.1369e-06   6.1370e-06   6.1370e-06   6.1370e-06  -1.7274e-22  -1.7274e-22   1.7274e-22  -1.7274e-22   1.7274e-22   1.7274e-22
1929.14  16.739507   6.1584e-06   6.1584e-06   6.1584e-06   6.1584e-06   5.6105e-23   5.6105e-23  -5.6105e-23   5.6105e-23  -5.6105e-23  -5.6105e-23
1949.91  16.745943   6.1802e-06   6.1802e-06   6.1802e-06   6.1802e-06  -5.2997e-24  -5.2997e-24   5.2997e-24  -5.2997e-24   5.2997e-24   5.2997e-24
1970.79  16.752439   6.2023e-06   6.2023e-06   6.2023e-06   6.2023e-06   1.7520e-22   1.7520e-22  -1.7520e-22   1.7520e-22  -1.7520e-22  -1.7520e-22
1991.78  16.758995   6.2248e-06   6.2249e-06   6.2249e-06   6.2249e-06  -1.2236e-22  -1.2236e-22   1.2236e-22  -1.2236e-22   1.2236e-22   1.2236e-22
2012.89  16.765615   6.2478e-06   6.2478e-06   6.2478e-06   6.2478e-06   2.5253e-23   2.5253e-23  -2.5253e-23   2.5253e-23  -2.5253e-23  -2.5253e-23
2034.1  16.772294   6.2711e-06   6.2711e-06   6.2711e-06   6.2711e-06  -4.7871e-23  -4.7871e-23   4.7871e-23  -4.7871e-23   4.7871e-23   4.7871e-23
2055.42  16.779035   6.2948e-06   6.2948e-06   6.2948e-06   6.2948e-06   1.2215e-22   1.2215e-22  -1.2215e-22   1.2215e-22  -1.2215e-22  -1.2215e-22
2076.86  16.785843   6.3189e-06   6.3189e-06   6.3189e-06   6.3189e-06   1.7072e-22   1.7072e-22  -1.7072e-22   1.7072e-22  -1.7072e-22  -1.7072e-22
2098.4  16.792712   6.3435e-06   6.3435e-06   6.3435e-06   6.3435e-06   1.8257e-22   1.8257e-22  -1.8257e-22   1.8257e-22  -1.8257e-22  -1.8257e-22
2120.06  16.799649   6.3685e-06   6.3685e-06   6.3685e-06   6.3685e-06   4.1633e-22   6.2073e-22   2.1898e-23  -2.2630e-22   2.2630e-22  -1.9722e-22
2141.83  16.806651   6.3939e-06   6.3939e-06   6.3939e-06   6.3939e-06   4.2891e-24   4.2891e-24  -4.2891e-24   4.2891e-24  -4.2891e-24  -4.2891e-24
2163.71  16.813721   6.4198e-06   6.4198e-06   6.4198e-06   6.4198e-06   4.5705e-23   4.5705e-23  -4.5705e-23   4.5705e-23  -4.5705e-23  -4.5705e-23
2185.7  16.820858   6.4461e-06   6.4462e-06   6.4462e-06   6.4462e-06   1.2292e-22   1.2292e-22  -1.2292e-22   1.2292e-22  -1.2292e-22  -1.2292e-22
2207.81  16.828066   6.4730e-06   6.4730e-06   6.4730e-06   6.4730e-06   2.0026e-22   2.0026e-22  -2.0026e-22   2.0026e-22  -2.0026e-22  -2.0026e-22
2230.02  16.835341   6.5003e-06   6.5003e-06   6.5003e-06   6.5003e-06  -1.8972e-22  -1.8972e-22   1.8972e-22  -1.8972e-22   1.8972e-22   1.8972e-22
2252.34  16.842686   6.5281e-06   6.5281e-06   6.5281e-06   6.5281e-06   7.3784e-23   7.3784e-23  -7.3784e-23   7.3784e-23  -7.3784e-23  -7.3784e-23
2274.78  16.850106   6.5565e-06   6.5565e-06   6.5565e-06   6.5565e-06  -1.7852e-22  -1.7852e-22   1.7852e-22  -1.7852e-22   1.7852e-22   1.7852e-22
2297.33  16.857598   6.5853e-06   6.5854e-06   6.5854e-06   6.5854e-06  -4.3478e-23  -4.3478e-23   4.3478e-23  -4.3478e-23   4.3478e-23   4.3478e-23
2319.99  16.865163   6.6147e-06   6.6148e-06   6.6148e-06   6.6148e-06  -2.0499e-23  -2.0499e-23   2.0499e-23  -2.0499e-23   2.0499e-23   2.0499e-23
2342.76  16.872802   6.6447e-06   6.6447e-06   6.6447e-06   6.6447e-06  -2.0828e-22  -2.0828e-22   2.0828e-22  -2.0828e-22   2.0828e-22   2.0828e-22
2365.64  16.880517   6.6752e-06   6.6752e-06   6.6752e-06   6.6752e-06   3.6248e-22   5.5669e-22   9.6124e-23  -2.9034e-22   2.9034e-22  -5.5669e-22
2388.63  16.888309   6.7063e-06   6.7063e-06   6.7063e-06   6.7063e-06  -6.5925e-23  -6.5925e-23   6.5925e-23  -6.5925e-23   6.5925e-23   6.5925e-23
2411.73  16.896178   6.7380e-06   6.7380e-06   6.7380e-06   6.7380e-06   6.3534e-23   6.3534e-23  -6.3534e-23   6.3534e-23  -6.3534e-23  -6.3534e-23
2434.95  16.904129   6.7703e-06   6.7703e-06   6.7703e-06   6.7703e-06  -6.3089e-24  -6.3089e-24   6.3089e-24  -6.3089e-24   6.3089e-24   6.3089e-24
2458.27  16.912157   6.8032e-06   6.8032e-06   6.8032e-06   6.8032e-06   2.0207e-22   2.0207e-22  -2.0207e-22   2.0207e-22  -2.0207e-22  -2.0207e-22
2481.71  16.920270   6.8367e-06   6.8367e-06   6.8367e-06   6.8367e-06  -8.3654e-23  -8.3654e-23   8.3654e-23  -8.3654e-23   8.3654e-23   8.3654e-23
2505.26  16.928465   6.8709e-06   6.8709e-06   6.8709e-06   6.8709e-06   1.9675e-22   3.8446e-22   2.7485e-22  -4.6257e-22   4.6257e-22  -3.8446e-22
2528.92  16.936744   6.9058e-06   6.9058e-06   6.9058e-06   6.9058e-06   1.9268e-24   1.9268e-24  -1.9268e-24   1.9268e-24  -1.9268e-24  -1.9268e-24
2552.69  16.945108   6.9413e-06   6.9413e-06   6.9413e-06   6.9413e-06   7.8302e-23   2.6368e-22   3.9797e-22  -5.8335e-22   5.8335e-22  -2.6368e-22
2576.57  16.953558   6.9776e-06   6.9776e-06   6.9776e-06   6.9776e-06  -1.9955e-22  -1.9955e-22   1.9955e-22  -1.9955e-22   1.9955e-22   1.9955e-22
2600.56  16.962097   7.0145e-06   7.0145e-06   7.0145e-06   7.0145e-06   1.2559e-22   1.2559e-22  -1.2559e-22   1.2559e-22  -1.2559e-22  -1.2559e-22
2624.67  16.970728   7.0522e-06   7.0522e-06   7.0522e-06   7.0522e-06   1.9742e-22   1.9742e-22  -1.9742e-22   1.9742e-22  -1.9742e-22  -1.9742e-22
2648.88  16.979446   7.0906e-06   7.0906e-06   7.0906e-06   7.0906e-06   8.4225e-23   8.4225e-23  -8.4225e-23   8.4225e-23  -8.4225e-23  -8.4225e-23
2673.21  16.988260   7.1298e-06   7.1298e-06   7.1298e-06   7.1298e-06   1.8334e-22   3.6245e-22   3.0546e-22  -4.8458e-22   4.8458e-22  -3.6245e-22
2697.64  16.997164   7.1698e-06   7.1698e-06   7.1698e-06   7.1698e-06   1.0049e-22   1.0049e-22  -1.0049e-22   1.0049e-22  -1.0049e-22  -1.0049e-22
2722.19  17.006168   7.2106e-06   7.2106e-06   7.2106e-06   7.2106e-06  -6.8695e-23  -6.8695e-23   6.8695e-23  -6.8695e-23   6.8695e-23   6.8695e-23
2746.85  17.015268   7.2522e-06   7.2522e-06   7.2522e-06   7.2522e-06   5.8357e-23   5.8357e-23  -5.8357e-23   5.8357e-23  -5.8357e-23  -5.8357e-23
2771.62  17.024467   7.2946e-06   7.2946e-06   7.2946e-06   7.2946e-06  -5.2354e-23  -5.2354e-23   5.2354e-23  -5.2354e-23   5.2354e-23   5.2354e-23
2796.51  17.033770   7.3380e-06   7.3380e-06   7.3380e-06   7.3380e-06  -1.4467e-22  -1.4467e-22   1.4467e-22  -1.4467e-22   1.4467e-22   1.4467e-22
2821.5  17.043171   7.3822e-06   7.3822e-06   7.3822e-06   7.3822e-06   1.9507e-22   1.9507e-22  -1.9507e-22   1.9507e-22  -1.9507e-22  -1.9507e-22
2846.61  17.052681   7.4273e-06   7.4273e-06   7.4273e-06   7.4273e-06   9.6080e-23   9.6080e-23  -9.6080e-23   9.6080e-23  -9.6080e-23  -9.6080e-23
2871.82  17.062292   7.4733e-06   7.4733e-06   7.4733e-06   7.4733e-06   2.0333e-22   2.0333e-22  -2.0333e-22   2.0333e-22  -2.0333e-22  -2.0333e-22
2897.15  17.072015   7.5203e-06   7.5203e-06   7.5203e-06   7.5203e-06  -2.1909e-23  -2.1909e-23   2.1909e-23  -2.1909e-23   2.1909e-23   2.1909e-23
2922.59  17.081847   7.5682e-06   7.5682e-06   7.5682e-06   7.5682e-06   4.0205e-23   4.0205e-23  -4.0205e-23   4.0205e-23  -4.0205e-23  -4.0205e-23
2948.14  17.091791   7.6172e-06   7.6172e-06   7.6172e-06   7.6172e-06  -8.9817e-23  -8.9817e-23   8.9817e-23  -8.9817e-23   8.9817e-23   8.9817e-23
2973.8  17.101849   7.6671e-06   7.6671e-06   7.6671e-06   7.6671e-06   1.3835e-23  -2.4840e-22   5.1063e-22   1.4457e-21   2.4840e-22   1.9425e-21
2999.57  17.112023   7.7181e-06   7.7181e-06   7.7181e-06   7.7181e-06   2.6364e-22  -2.8884e-25   2.6421e-22   1.6938e-21   2.8884e-25   1.6944e-21
3025.45  17.122314   7.7702e-06   7.7702e-06   7.7702e-06   7.7702e-06  -3.2857e-22  -3.2857e-22   3.2857e-22  -3.2857e-22   3.2857e-22   3.2857e-22
3051.45  17.132730   7.8234e-06   7.8234e-06   7.8234e-06   7.8234e-06   9.2249e-24   9.2249e-24  -9.2249e-24   9.2249e-24  -9.2249e-24  -9.2249e-24
3077.55  17.143265   7.8777e-06   7.8777e-06   7.8777e-06   7.8777e-06   1.2925e-22   1.2925e-22  -1.2925e-22   1.2925e-22  -1.2925e-22  -1.2925e-22
3103.77  17.153929   7.9332e-06   7.9332e-06   7.9332e-06   7.9332e-06  -1.2569e-22  -1.2569e-22   1.2569e-22  -1.2569e-22   1.2569e-22   1.2569e-22
3130.1  17.164720   7.9899e-06   7.9899e-06   7.9899e-06   7.9899e-06   1.4564e-22   1.4564e-22  -1.4564e-22   1.4564e-22  -1.4564e-22  -1.4564e-22
3156.53  17.175637   8.0477e-06   8.0477e-06   8.0477e-06   8.0477e-06   6.9283e-22   4.1798e-22  -1.4312e-22  -4.2906e-22  -4.1798e-22  -4.1798e-22
3183.08  17.186690   8.1069e-06   8.1068e-06   8.1068e-06   8.1068e-06   2.6662e-22   2.6662e-22  -2.6662e-22   2.6662e-22  -2.6662e-22  -2.6662e-22
3209.75  17.197883   8.1673e-06   8.1673e-06   8.1673e-06   8.1673e-06   1.9812e-22   1.9812e-22  -1.9812e-22   1.9812e-22  -1.9812e-22  -1.9812e-22
3236.52  17.209210   8.2290e-06   8.2290e-06   8.2290e-06   8.2290e-06   1.5964e-22   1.5964e-22  -1.5964e-22   1.5964e-22  -1.5964e-22  -1.5964e-22
3263.4  17.220677   8.2921e-06   8.2920e-06   8.2920e-06   8.2920e-06  -2.6114e-23  -3.0906e-22   5.9202e-22  -3.0906e-22   3.0906e-22  -5.3797e-22
3290.4  17.232292   8.3565e-06   8.3565e-06   8.3565e-06   8.3565e-06   2.5296e-22   2.5296e-22  -2.5296e-22   2.5296e-22  -2.5296e-22  -2.5296e-22
3317.5  17.244049   8.4224e-06   8.4223e-06   8.4223e-06   8.4223e-06   8.7416e-24   8.7416e-24  -8.7416e-24   8.7416e-24  -8.7416e-24  -8.7416e-24
3344.72  17.255961   8.4897e-06   8.4897e-06   8.4897e-06   8.4897e-06   2.6263e-22   2.6263e-22  -2.6263e-22   2.6263e-22  -2.6263e-22  -2.6263e-22
3372.05  17.268025   8.5586e-06   8.5585e-06   8.5585e-06   8.5585e-06   2.2025e-22   2.2025e-22  -2.2025e-22   2.2025e-22  -2.2025e-22  -2.2025e-22
3399.49  17.280245   8.6290e-06   8.6289e-06   8.6289e-06   8.6289e-06   5.5483e-22   2.6072e-22   3.3388e-23   1.9548e-21  -2.6072e-22   2.2804e-21
3427.04  17.292625   8.7009e-06   8.7009e-06   8.7009e-06   8.7009e-06   3.1942e-22   3.1942e-22  -3.1942e-22   3.1942e-22  -3.1942e-22  -3.1942e-22
3454.7  17.305167   8.7745e-06   8.7745e-06   8.7745e-06   8.7745e-06   6.1529e-23   6.1529e-23  -6.1529e-23   6.1529e-23  -6.1529e-23  -6.1529e-23
3482.47  17.317876   8.8498e-06   8.8498e-06   8.8498e-06   8.8498e-06   1.6453e-22   1.6453e-22  -1.6453e-22   1.6453e-22  -1.6453e-22  -1.6453e-22
3510.36  17.330760   8.9268e-06   8.9268e-06   8.9268e-06   8.9268e-06  -3.1475e-22  -3.1475e-22   3.1475e-22  -3.1475e-22   3.1475e-22   3.1475e-22
3538.35  17.343813   9.0056e-06   9.0056e-06   9.0056e-06   9.0056e-06  -2.3546e-23  -3.3012e-22   6.3669e-22  -3.3012e-22   3.3012e-22  -5.1692e-22
3566.46  17.357048   9.0862e-06   9.0862e-06   9.0862e-06   9.0862e-06   1.3463e-23  -2.9577e-22   6.0501e-22   2.2453e-21   2.9577e-22   1.9898e-21
3594.68  17.370466   9.1688e-06   9.1687e-06   9.1687e-06   9.1687e-06  -1.3909e-22  -1.3909e-22   1.3909e-22  -1.3909e-22   1.3909e-22   1.3909e-22
3623.01  17.384069   9.2532e-06   9.2532e-06   9.2532e-06   9.2532e-06  -2.2468e-22  -2.2468e-22   2.2468e-22  -2.2468e-22   2.2468e-22   2.2468e-22
3651.45  17.397863   9.3397e-06   9.3396e-06   9.3396e-06   9.3396e-06  -2.0279e-22  -2.0279e-22   2.0279e-22  -2.0279e-22   2.0279e-22   2.0279e-22
3680.0  17.411852   9.4282e-06   9.4282e-06   9.4282e-06   9.4282e-06   8.5574e-23   8.5574e-23  -8.5574e-23   8.5574e-23  -8.5574e-23  -8.5574e-23
