#T= 0.0
14.57228914152272 0.034450780857156436 0.0 0.0 0.0
15.112016098584371 0.032556942890599676 0.0 0.0 0.0
15.65173380031923 0.030755411217745235 0.0 0.0 0.0
16.191438398643058 0.029030811611697745 0.0 0.0 0.0
16.73116341194605 0.027333532558091195 0.0 0.0 0.0
17.27088007394677 0.02573118867633078 0.0 0.0 0.0
17.810580745687005 0.024117366185540355 0.0 0.0 0.0


#T= 1.47
14.57228914152272 0.03445078077009812 -1.0223349278248861e-08 2.3689337265349e-10 1.390917788909038e-08
15.112016098584371 0.032556942793362124 -1.027343543569259e-08 2.645919842243482e-10 1.3977602529423432e-08
15.65173380031923 0.030755411110727954 -1.0405852179928843e-08 2.9120347819865165e-10 1.4157996720445929e-08
16.191438398643058 0.02903081151186552 -1.0583107723505236e-08 2.71652314095537e-10 1.4398586642669097e-08
16.73116341194605 0.0273335324276876 -1.0901221259018712e-08 3.5483970657922357e-10 1.4831519631589995e-08
17.27088007394677 0.025731188511648278 -1.0885344181588152e-08 4.4811565650573613e-10 1.481017738101257e-08
17.810580745687005 0.02411736600806053 -1.1044246406299862e-08 4.829383092255703e-10 1.502603463580314e-08


#T= 4.71
14.57228914152272 0.0344507716935586 -1.049533615571363e-07 7.774900939821661e-09 4.456613651300602e-08
15.112016098584371 0.03255693268634477 -1.0546946782596933e-07 8.636440306679846e-09 4.478537896791054e-08
15.65173380031923 0.030755399987807772 -1.0683047335646734e-07 9.508176937075476e-09 4.536337629010066e-08
16.191438398643058 0.029030800900563813 -1.0864629018669802e-07 9.243242862896738e-09 4.613424643545699e-08
16.73116341194605 0.027333518748102862 -1.1191294646550887e-07 1.1773639108065937e-08 4.752139832846675e-08
17.27088007394677 0.025731171480860657 -1.117517243187649e-07 1.4482291404822186e-08 4.7453017226651416e-08
17.810580745687005 0.024117347609315422 -1.1338073946376426e-07 1.5687892455688777e-08 4.814464049072909e-08


#T= 9.74
14.57228914152272 0.03445061295171221 -4.488198470653515e-07 6.928985342294523e-08 9.216010155780904e-08
15.112016098584371 0.03255675766704017 -4.510286295555943e-07 7.62271809030159e-08 9.261425636677035e-08
15.65173380031923 0.030755206552662777 -4.5684840443982466e-07 8.442290850914843e-08 9.380876783790311e-08
16.191438398643058 0.02903059984159436 -4.6461223845994937e-07 8.994176041639037e-08 9.54029476392963e-08
16.73116341194605 0.02733327449719081 -4.785821481334551e-07 1.0735334732254142e-07 9.827167870070632e-08
17.27088007394677 0.025730883650936693 -4.778929536541909e-07 1.2455587190674425e-07 9.812992399723986e-08
17.810580745687005 0.02411703099956336 -4.848585213323986e-07 1.3812038152010782e-07 9.956022934075386e-08


#T= 16.54
14.57228914152272 0.03444934416423649 -1.2942718754516136e-06 3.566178409253153e-07 1.5650258629139573e-07
15.112016098584371 0.0325553589976685 -1.3006665717796295e-06 3.9455801449878303e-07 1.572814426701457e-07
15.65173380031923 0.030753647603579907 -1.3174241217939198e-06 4.420670596052664e-07 1.5930187824255144e-07
16.191438398643058 0.02902888399403579 -1.3398153448918038e-06 4.941178219257928e-07 1.6201021842485524e-07
16.73116341194605 0.027331256026830317 -1.380116362525996e-06 5.810411776517223e-07 1.668883835857713e-07
17.27088007394677 0.025728556267332253 -1.3781049190697559e-06 6.737755012073416e-07 1.666377657720061e-07
17.810580745687005 0.02411436773454209 -1.3981920794492453e-06 7.891657857542063e-07 1.6906631538826743e-07


#T= 25.13
14.57228914152272 0.03444249490322882 -2.9877450877791034e-06 1.4165789749396063e-06 2.3778877047929174e-07
15.112016098584371 0.032547658375562054 -3.0026517414682985e-06 1.6110893767445908e-06 2.389949803837401e-07
15.65173380031923 0.030744866003711752 -3.041177858875699e-06 1.858751759757766e-06 2.420391974666784e-07
16.191438398643058 0.02901878997011377 -3.092887631339636e-06 2.1687329719654998e-06 2.4615717647197894e-07
16.73116341194605 0.027319197205735515 -3.1861148563905317e-06 2.614625095754515e-06 2.536113170984335e-07
17.27088007394677 0.0257142117063654 -3.1812012792897804e-06 3.14826528357803e-06 2.531744167532182e-07
17.810580745687005 0.02409687174272199 -3.227514969950107e-06 3.89536339192537e-06 2.5684589050018385e-07


#T= 35.49
14.57228914152272 0.0344130893895637 -5.959152389323208e-06 4.729775176560834e-06 3.358475810621072e-07
15.112016098584371 0.0325136892171158 -5.989330695399531e-06 5.500277444238704e-06 3.3759381985755694e-07
15.65173380031923 0.03070516480522678 -6.065678242350714e-06 6.455811839794223e-06 3.4184708688100826e-07
16.191438398643058 0.028971912644623416 -6.168853531107743e-06 7.641131989259796e-06 3.4766490356305613e-07
16.73116341194605 0.027262516844789687 -6.355755054698875e-06 9.21269103146788e-06 3.583090724548553e-07
17.27088007394677 0.025645798678382552 -6.34471535221337e-06 1.1076917166708988e-05 3.575444916919162e-07
17.810580745687005 0.02401247832944171 -6.436512798302374e-06 1.355771019805499e-05 3.626343404467315e-07


#T= 47.63
14.57228914152272 0.03431218951058319 -1.0734074365359447e-05 1.265770210879523e-05 4.5080553645363596e-07
15.112016098584371 0.03239633877359024 -1.0789442988823339e-05 1.4681035139866855e-05 4.5321393838969885e-07
15.65173380031923 0.030567927034684063 -1.0925899601943456e-05 1.7082842932304977e-05 4.5885988578502524e-07
16.191438398643058 0.02881061078607608 -1.111190658420469e-05 1.9935831579220304e-05 4.666994924010231e-07
16.73116341194605 0.027070537297187284 -1.145104717892309e-05 2.3479630088630112e-05 4.811317425335643e-07
17.27088007394677 0.025418244075597635 -1.142780624618922e-05 2.7519019609364058e-05 4.798745544885916e-07
17.810580745687005 0.023739233097831144 -1.1590657056359532e-05 3.257987731406326e-05 4.864581248511355e-07


#T= 61.55
14.57228914152272 0.034042491967306715 -1.7927159888131428e-05 2.6887026558572516e-05 5.826983050770908e-07
15.112016098584371 0.03208615340825484 -1.8021506274834564e-05 3.070193037146723e-05 5.858941043359854e-07
15.65173380031923 0.03021078660282845 -1.8247548503325106e-05 3.5051086295180556e-05 5.931168307642492e-07
16.191438398643058 0.02839898123488607 -1.8559601464573916e-05 4.001163621074981e-05 6.034246374364811e-07
16.73116341194605 0.02659310260788906 -1.9129019264596536e-05 4.588211509094827e-05 6.220219344851882e-07
17.27088007394677 0.024867324578008138 -1.9084290201476506e-05 5.233733917309392e-05 6.202105015895847e-07
17.810580745687005 0.023098617489291803 -1.9349394282386356e-05 6.006687527931906e-05 6.282819735229962e-07


#T= 77.24
14.57228914152272 0.03346464900608624 -2.8236655907676322e-05 4.733068310567851e-05 7.314702443880411e-07
15.112016098584371 0.031432878085832804 -2.83882518523626e-05 5.308805369883637e-05 7.355747124197084e-07
15.65173380031923 0.02947304822205032 -2.8741452272385004e-05 5.94460568793684e-05 7.445585422162432e-07
16.191438398643058 0.027566591123839232 -2.9239091496435776e-05 6.647471587663086e-05 7.579700203591226e-07
16.73116341194605 0.025650844587986294 -3.0133707152657507e-05 7.451356749068768e-05 7.807074733266902e-07
17.27088007394677 0.023806054856359563 -3.005720192916783e-05 8.312023644739803e-05 7.785346955522148e-07
17.810580745687005 0.021897321802940906 -3.046062878198086e-05 9.311031781061198e-05 7.880638006443512e-07


#T= 94.72
14.57228914152272 0.03241813650967082 -4.2472433637641416e-05 7.264117191737423e-05 8.973656187023055e-07
15.112016098584371 0.030269522098150127 -4.27047314346396e-05 8.017831443961657e-05 9.024967133550067e-07
15.65173380031923 0.028182340164741485 -4.323201983780223e-05 8.83078217327432e-05 9.134295576634171e-07
16.191438398643058 0.02613685751916863 -4.3997433071041314e-05 9.709380399636855e-05 9.307246170244365e-07
16.73116341194605 0.024064179336015533 -4.532346530439213e-05 0.00010690830448988064 9.571912898207217e-07
17.27088007394677 0.022053112879610242 -4.520947717523427e-05 0.00011722066007564295 9.551907484200732e-07
17.810580745687005 0.019953607640970667 -4.579237544177772e-05 0.00012894267581948688 9.661745452495825e-07


#T= 113.98
14.57228914152272 0.030744721258655756 -6.151762173800535e-05 0.00010107541438247933 1.0803681706812828e-06
15.112016098584371 0.028435985918398406 -6.18597369665963e-05 0.00011008843155213025 1.086642896312403e-06
15.65173380031923 0.026177703853425785 -6.261818566599686e-05 0.00011964601374669187 1.0997128738478222e-06
16.191438398643058 0.023948924434596897 -6.376114723138926e-05 0.0001298112754889985 1.1216746566635967e-06
16.73116341194605 0.02167331156530292 -6.562833394241352e-05 0.00014098370834455252 1.1512456388768816e-06
17.27088007394677 0.01945052977303825 -6.548430947361794e-05 0.0001525714147960952 1.1502774634317256e-06
17.810580745687005 0.0171122242695037 -6.629331838325925e-05 0.00016555874315346233 1.1627634592443404e-06


#T= 135.01
14.57228914152272 0.028300488393083197 -8.634143678065698e-05 0.0001311198094301179 1.2804881129799626e-06
15.112016098584371 0.0257893304318437 -8.682877570365122e-05 0.00014129129222764054 1.2880274982309169e-06
15.65173380031923 0.02331781028673218 -8.788657458325133e-05 0.00015194709804364917 1.3034266056899062e-06
16.191438398643058 0.020863625486154645 -8.954715337949892e-05 0.00016315308531488566 1.3307107535006458e-06
16.73116341194605 0.018341786036442122 -9.206378869919263e-05 0.00017533171009930778 1.3627804003086401e-06
17.27088007394677 0.015864873204088293 -9.191994977086893e-05 0.00018784975804499157 1.3639284289427417e-06
17.810580745687005 0.013243226567996143 -9.300851339233418e-05 0.00020174565866222519 1.3780319453355338e-06


#T= 157.82
14.57228914152272 0.024956577921248852 -0.00011802872435495715 0.00016169839272438843 1.497956046019473e-06
15.112016098584371 0.022202714398398174 -0.00011870388718904223 0.00017275525325652618 1.5068893500143265e-06
15.65173380031923 0.019478126510394423 -0.00012014184352793222 0.0001842380988701721 1.5248268416336074e-06
16.191438398643058 0.016758959198824343 -0.00012249093263250188 0.0001962173014476766 1.5578962458381965e-06
16.73116341194605 0.013950362427526928 -0.00012576377239525982 0.00020913401777415127 1.592058854096754e-06
17.27088007394677 0.011179704125951397 -0.00012568182862793265 0.00022232710847282006 1.596488361651637e-06
17.810580745687005 0.008233150959684347 -0.00012711264960074686 0.00023687512615201358 1.612412710847965e-06


#T= 182.42
14.57228914152272 0.020599363748151564 -0.00015776872797701458 0.0001921053880514663 1.7330405317146806e-06
15.112016098584371 0.017564781048697402 -0.00015868243656314007 0.000203831730672141 1.7435065241797536e-06
15.65173380031923 0.014549644489495838 -0.0001605957415087289 0.00021593330376388044 1.764225742224902e-06
16.191438398643058 0.011528306611052001 -0.00016383327683300308 0.0002284853894855882 1.803342352124094e-06
16.73116341194605 0.008394872305421828 -0.0001679709885102909 0.00024194403813206387 1.8394745052638616e-06
17.27088007394677 0.005293226351256878 -0.00016805053512669588 0.0002556289580498107 1.848295224708906e-06
17.810580745687005 0.001982614092202606 -0.00016989884385054665 0.00027064849413328313 1.866347337122003e-06


#T= 208.79
14.57228914152272 0.015134876732290773 -0.0002067994733181422 0.000221878015953468 1.9857704775645136e-06
15.112016098584371 0.011784025758040977 -0.00020801123561398072 0.00023410943683668497 1.9979167460524173e-06
15.65173380031923 0.008443303983940567 -0.0002105111538419635 0.00024667417565627333 2.0217068490095226e-06
16.191438398643058 0.0050850163720648055 -0.00021486192769515355 0.00025965210992503286 2.0669563245709695e-06
16.73116341194605 0.0015910795440711547 -0.00021998014193513882 0.00027351098428440553 2.1052118138041847e-06
17.27088007394677 -0.0018764937871378112 -0.00022036162670957538 0.00028755712249231265 2.119373375410377e-06
17.810580745687005 -0.005587995619512355 -0.000222718805847677 0.0003029210832322551 2.139964441900573e-06


#T= 236.94
14.57228914152272 0.008475680187837413 -0.0002665072141070368 0.00025078147349068725 2.2565188126070346e-06
15.112016098584371 0.004774824907429009 -0.0002680866857787123 0.00026339565160946634 2.2705062240001904e-06
15.65173380031923 0.0010752139629076308 -0.0002713040074624473 0.0002763093756322814 2.297712168161057e-06
16.191438398643058 -0.0026531547272881867 -0.0002770154809823566 0.0002896065297174396 2.3490600710636285e-06
16.73116341194605 -0.006541666785147416 -0.000283245053207537 0.0003037639931349024 2.3898151207076966e-06
17.27088007394677 -0.010408639302193129 -0.0002841102937480855 0.00031807853425381123 2.4100668043646933e-06
17.810580745687005 -0.01455643802596334 -0.00028708913844255335 0.00033369741300504855 2.4337027518756292e-06


#T= 266.87
14.57228914152272 0.0005454196248145722 -0.0003383679559938457 0.0002786909160194881 2.545628715417758e-06
15.112016098584371 -0.0035375861907128714 -0.00034039611889369326 0.00029159719412292536 2.561635465747887e-06
15.65173380031923 -0.007627890935543157 -0.0003444842755335742 0.00030477610572332835 2.5926527432393054e-06
16.191438398643058 -0.011758059793560505 -0.00035182345625628386 0.0003183149021520122 2.6499913743523215e-06
16.73116341194605 -0.016073863558699216 -0.0003593170546203339 0.0003326975954301481 2.6937666955506565e-06
17.27088007394677 -0.02037246108535599 -0.0003608876462450894 0.0003472139934254475 2.720659507406066e-06
17.810580745687005 -0.024990755720691156 -0.00036462714063034696 0.0003630240312676265 2.7479167185026915e-06


#T= 298.57
14.57228914152272 -0.008721552202438336 -0.0004239382634523281 0.0003055500515332802 2.8534152980684677e-06
15.112016098584371 -0.01321743534717575 -0.00042650879568029154 0.0003186810994254971 2.8716426819743084e-06
15.65173380031923 -0.017728905047510457 -0.0004316469051950378 0.00033206341168505915 2.9069032761769974e-06
16.191438398643058 -0.02229133821709316 -0.0004408976917282814 0.00034578701532130576 2.9700921878188334e-06
16.73116341194605 -0.027065941750349327 -0.0004498351489061747 0.0003603415076915029 3.017480053278192e-06
17.27088007394677 -0.031827274850130906 -0.0004523698450178415 0.0003750115320466189 3.051402913843967e-06
17.810580745687005 -0.03694917289938895 -0.00045703953878373227 0.00039096673830658625 3.0828989075588797e-06


#T= 332.06
14.57228914152272 -0.019393563973433982 -0.0005249711110124622 0.00033137395526335425 3.180551728205601e-06
15.112016098584371 -0.024332277319762133 -0.0005281928411982051 0.0003446796758495106 3.201233514469371e-06
15.65173380031923 -0.029294694128135842 -0.0005345899293587308 0.00035821966306507085 3.2411932714384364e-06
16.191438398643058 -0.034319245939106326 -0.0005460538261488068 0.00037208621281235133 3.3100981057466173e-06
16.73116341194605 -0.039583613472601024 -0.0005566480032541676 0.0003867733215830823 3.3617128956241343e-06
17.27088007394677 -0.04483832977774126 -0.0005604417150451013 0.0004015617322966942 3.402955046378678e-06
17.810580745687005 -0.050496534226763916 -0.0005662467980975805 0.00041762862231135655 3.4393267259449755e-06


#T= 367.32
14.57228914152272 -0.03152162003414897 -0.0006432243898473189 0.0003561723592642751 3.5273783018383033e-06
15.112016098584371 -0.03693202336883666 -0.0006472229384506534 0.0003696150172906402 3.5507844268171407e-06
15.65173380031923 -0.04237414040854309 -0.0006551193513786302 0.0003832783792608965 3.595901522693945e-06
16.191438398643058 -0.047889691008447276 -0.0006691127550446652 0.0003972565886620478 3.6704123226914864e-06
16.73116341194605 -0.05367383850422874 -0.0006816109603597909 0.0004120471268921494 3.726854747687929e-06
17.27088007394677 -0.05945169952917567 -0.0006869925503671936 0.00042692774753039925 3.7756549859348895e-06
17.810580745687005 -0.06567802956310413 -0.0006941761645329336 0.00044308151618844773 3.817533933136255e-06


#T= 404.37
14.57228914152272 -0.04516569079456956 -0.0007807084848607815 0.0003799996696103394 3.894667993620554e-06
15.112016098584371 -0.051076245691862525 -0.0007856299256836508 0.0003935507402092713 3.921112083178834e-06
15.65173380031923 -0.0570264808337944 -0.0007953013324915048 0.0004073116306107994 3.971840600625211e-06
16.191438398643058 -0.06306163315799945 -0.0008121590273901802 0.00042137799014644656 4.051897453378258e-06
16.73116341194605 -0.06939535153318462 -0.0008268476541566372 0.0004362500818346426 4.11374746019762e-06
17.27088007394677 -0.07572594820008602 -0.000834182237500869 0.00045120333483883186 4.170352754525933e-06
17.810580745687005 -0.08255210143382723 -0.0008430300294044457 0.0004674254686021911 4.218361079293505e-06


#T= 443.19
14.57228914152272 -0.06036791615679745 -0.000939422294074177 0.00040289082775651235 4.282818022217092e-06
15.112016098584371 -0.06680627809372831 -0.0009454354458178216 0.000416528450452711 4.312655802886766e-06
15.65173380031923 -0.07329228772785536 -0.0009571930415468444 0.0004303671110241606 4.369432979525455e-06
16.191438398643058 -0.0798749199512118 -0.0009772668618275304 0.0004445036884629712 4.4550334406977085e-06
16.73116341194605 -0.08678728910969025 -0.0009944713372682656 0.0004594406809358378 4.52284492274362e-06
17.27088007394677 -0.09369954245035944 -0.001004160516128394 0.00047445168847983014 4.587538512817356e-06
17.810580745687005 -0.10115654074676422 -0.0010150017619814378 0.0004907281410908392 4.642281383948352e-06


#T= 483.79
14.57228914152272 -0.07717828815150327 -0.0011216085039436052 0.00042490329739104085 4.692518363977151e-06
15.112016098584371 -0.08417181307067106 -0.001128909202876116 0.000438610632803996 4.726148662907936e-06
15.65173380031923 -0.09122099703542703 -0.0011431028837876056 0.00045251187333404154 4.7893976948892505e-06
16.191438398643058 -0.09837876951016962 -0.001166766482590731 0.00046670490616911665 4.880610049866484e-06
16.73116341194605 -0.10589868453955957 -0.001186855225718375 0.00048169403909353067 4.9549222292159754e-06
17.27088007394677 -0.11342136665995914 -0.0011993421757736655 0.0004967514159533739 5.028052140984158e-06
17.810580745687005 -0.12154011190242853 -0.0012125539267024976 0.0005130714522925906 5.0901292450776194e-06


#T= 526.17
14.57228914152272 -0.09564057147538667 -0.001329612584925144 0.0004460880495454215 5.1243328625716145e-06
15.112016098584371 -0.10321626194351895 -0.0013384271836649475 0.0004598519905251422 5.162192775773759e-06
15.65173380031923 -0.11085570066159056 -0.0013554467723260188 0.0004738040060833861 5.232323374186726e-06
16.191438398643058 -0.11861598383249414 -0.0013830980903577483 0.00048804281373948357 5.329289263146111e-06
16.73116341194605 -0.12677207059417847 -0.0014064843784886705 0.0005030741967979743 5.410634452779994e-06
17.27088007394677 -0.13493371306709182 -0.0014222579440001937 0.0005181691278498827 5.4926209186284675e-06
17.810580745687005 -0.14374488005154307 -0.0014382677585125236 0.0005345244446576432 5.562636465476781e-06


#T= 570.33
14.57228914152272 -0.11579619953952737 -0.0015659205092575235 0.0004664946703816499 5.578777332794036e-06
15.112016098584371 -0.12398076868466681 -0.0015765096751749752 0.00048030492673455105 5.6213363315019005e-06
15.65173380031923 -0.13223728144907695 -0.001596786634561198 0.0004942984612209818 5.698748861906571e-06
16.191438398643058 -0.14062720914818494 -0.0016288517140559122 0.0005085746785567975 5.801683326273648e-06
16.73116341194605 -0.1494478741012537 -0.0016559964312641284 0.0005236405734364268 5.890595554412007e-06
17.27088007394677 -0.15827681272785532 -0.0016755963936958551 0.0005387661675188226 5.9819311235498216e-06
17.810580745687005 -0.1678108916468928 -0.0016948860519505615 0.0005551502791401267 6.060507779080699e-06


#T= 616.27
14.57228914152272 -0.13768454668580812 -0.0018331600036098905 0.00048617046538661045 6.056303271425571e-06
15.112016098584371 -0.14650446915740992 -0.0018458224724930972 0.0005000188914758766 6.104056312130708e-06
15.65173380031923 -0.155404660434703 -0.0018698317475269732 0.0005140466253915733 6.18914656121732e-06
16.191438398643058 -0.16445117209781585 -0.001906768992583352 0.0005283536434770177 6.298334778032436e-06
16.73116341194605 -0.17396464166410236 -0.0019381837203482633 0.0005434479415436551 6.395356765537207e-06
17.27088007394677 -0.18348905176308192 -0.001962206441952219 0.0005585987625545836 6.496600542778725e-06
17.810580745687005 -0.19377638163055783 -0.0019853163866159207 0.000575006556208465 6.584393232546367e-06


#T= 663.98
14.57228914152272 -0.16133810093407283 -0.002134035073478202 0.000505156171986198 6.5571813755776235e-06
15.112016098584371 -0.17081951493154712 -0.0021491107389444153 0.0005190362628165411 6.610640614140529e-06
15.65173380031923 -0.18038967080143026 -0.0021773718391990826 0.0005330923558702654 6.703802538257549e-06
16.191438398643058 -0.190119401799841 -0.002219675417613587 0.000547424905331739 6.819592963057579e-06
16.73116341194605 -0.20035360250421622 -0.0022559247985256548 0.0005625427394234539 6.925279611562172e-06
17.27088007394677 -0.2106013752217452 -0.002285027894810554 0.0005777144585349808 7.037046601031899e-06
17.810580745687005 -0.22167200610086016 -0.002312561494772325 0.00059414186510663 7.134752309008661e-06


#T= 713.48
14.57228914152272 -0.18680267384360996 -0.0024715821112160086 0.0005235014014360171 7.081917083680521e-06
15.112016098584371 -0.19697183014989447 -0.0024894570082061307 0.0005374079397498873 7.141608996953063e-06
15.65173380031923 -0.20723836949810379 -0.0025225389199192705 0.0005514877110576774 7.2432435875347575e-06
16.191438398643058 -0.2176781079103847 -0.0025707469088018797 0.0005658415711798242 7.366045728965829e-06
16.73116341194605 -0.22866114480873348 -0.002612455461065366 0.0005809790449240451 7.480973836940512e-06
17.27088007394677 -0.23966036451657402 -0.0026473668471105327 0.0005961681983486591 7.603933004038002e-06
17.810580745687005 -0.2515445713507453 -0.002679999257996002 0.000612611963336579 7.712306129863206e-06


#T= 764.75
14.57228914152272 -0.21410239260136593 -0.00284871388495489 0.0005412374508513897 7.63051297894013e-06
15.112016098584371 -0.2249851261180518 -0.0028698212844027182 0.000555166202883255 7.696968113468622e-06
15.65173380031923 -0.2359740625294512 -0.0029083411292347705 0.0005692658561708738 7.807479828653454e-06
16.191438398643058 -0.24715019772036972 -0.0029630357294010423 0.0005836376056545647 7.937752545546116e-06
16.73116341194605 -0.25890976998391724 -0.0030108876642209736 0.0005987915621504079 8.062517323924304e-06
17.27088007394677 -0.2706881255282719 -0.0030524068530191073 0.0006139953445849961 8.197375663932515e-06
17.810580745687005 -0.28341576813428404 -0.0030908878663531425 0.0006304528331909581 8.3172256830477e-06


#T= 817.81
14.57228914152272 -0.24328095547907017 -0.0032687636748747195 0.0005584071723606839 8.20332099428847e-06
15.112016098584371 -0.25490326310845624 -0.003293589548306386 0.0005723546951017148 8.277075382845342e-06
15.65173380031923 -0.26664078754726067 -0.003338219254260366 0.0005864711446355439 8.39688215867411e-06
16.191438398643058 -0.2785799019683501 -0.0034000366659654446 0.0006008580037271757 8.535134619866013e-06
16.73116341194605 -0.2911439247338156 -0.0034547849082713356 0.0006160258790379111 8.670361448228303e-06
17.27088007394677 -0.30372933158291004 -0.0035037937481909864 0.0006312420128472589 8.817868801429488e-06
17.810580745687005 -0.3173305261431826 -0.0035489595745481495 0.0006477110865433029 8.95007275539206e-06


#T= 872.64
14.57228914152272 -0.2743591810607083 -0.003734893069246681 0.0005750373277481587 8.800194527452334e-06
15.112016098584371 -0.2867466824140582 -0.003763976365984689 0.0005890007903914264 8.881782503072416e-06
15.65173380031923 -0.2992586153158127 -0.003815441076820747 0.0006031315001641881 9.011312339053263e-06
16.191438398643058 -0.31198692417711704 -0.0038850713766116485 0.0006175311851607855 9.158095314528239e-06
16.73116341194605 -0.32538293584978345 -0.003947537395831091 0.0006327108735879765 9.304436963516913e-06
17.27088007394677 -0.3388029399370433 -0.004005000599757835 0.0006479374887289859 9.465375449087669e-06
17.810580745687005 -0.35330741199483356 -0.00405777708399313 0.0006644163921583445 9.610871055575087e-06


#T= 929.25
14.57228914152272 -0.30737316013056915 -0.004250629203678358 0.0005911619858225476 9.421252299138302e-06
15.112016098584371 -0.32055153026057137 -0.004284566828964387 0.0006051390553296325 9.51121092809573e-06
15.65173380031923 -0.33386375789515943 -0.004343651455556596 0.0006192819359908682 9.650911629271193e-06
16.191438398643058 -0.3474075524019541 -0.00442184791352318 0.0006336925659849813 9.806821655295103e-06
16.73116341194605 -0.3616631804513651 -0.004492930919106186 0.0006488823337127191 9.96497038695298e-06
17.27088007394677 -0.37594542424092775 -0.004559906465143371 0.0006641178907668689 1.014016382812745e-05
17.810580745687005 -0.39138301179010127 -0.004621321395820388 0.0006806051792467471 1.0299958488430105e-05


#T= 987.64
14.57228914152272 -0.342352516024392 -0.004819551296002089 0.000606809558831221 1.006645981461713e-05
15.112016098584371 -0.3563473582732058 -0.0048590004551698485 0.0006207982987234814 1.0165330112611144e-05
15.65173380031923 -0.3704857026541158 -0.00492655213058768 0.0006349516165768681 1.0315673414613503e-05
16.191438398643058 -0.3848712161372075 -0.005014135616534077 0.0006493716312424277 1.0481353686671364e-05
16.73116341194605 -0.4000140346604407 -0.0050948173149265585 0.000664570040308778 1.0652047050852029e-05
17.27088007394677 -0.41518611321033294 -0.005172461843265808 0.0006798132627958719 1.0842364517120637e-05
17.810580745687005 -0.431586609739926 -0.0052436529747872385 0.0006963077386318144 1.10175362931494e-05


#T= 1047.81
14.57228914152272 -0.3793258937874258 -0.00544536451240063 0.000622006326986007 1.0735750293337686e-05
15.112016098584371 -0.3941627498925294 -0.005491045959921337 0.0006360051212233229 1.0844082053878154e-05
15.65173380031923 -0.4091529778520913 -0.005567978150619268 0.0006501674298239217 1.1005571168987929e-05
16.191438398643058 -0.42440639395745916 -0.005665843391888359 0.0006645955276530773 1.1181716701416935e-05
16.73116341194605 -0.44046393124490724 -0.005757194804637322 0.0006798013788620639 1.136574710245026e-05
17.27088007394677 -0.4565533989369182 -0.005846771127284711 0.000695051202437337 1.1572112482822355e-05
17.810580745687005 -0.4739465597580389 -0.005928996155944333 0.0007115518671421443 1.1763815836393604e-05


#T= 1109.75
14.57228914152272 -0.41831466038620874 -0.006131783742276298 0.0006367742943004151 1.1428926425773916e-05
15.112016098584371 -0.43401887886257806 -0.00618448426083873 0.0006507817860382459 1.154728366793452e-05
15.65173380031923 -0.4498865679410781 -0.006271779867876859 0.0006649518712024102 1.1720460822016396e-05
16.191438398643058 -0.46603388312460325 -0.0063809005898853854 0.0006793869598871929 1.1907824586909316e-05
16.73116341194605 -0.4830334758581467 -0.006484087902190794 0.0006945992469748737 1.2106048652273986e-05
17.27088007394677 -0.5000676994628657 -0.006586971342958492 0.0007098547786624715 1.2329451214598976e-05
17.810580745687005 -0.5184830819302662 -0.0066816167718712904 0.0007263607946337686 1.2538923393388102e-05


#T= 1173.48
14.57228914152272 -0.4593582925975091 -0.006882982323975995 0.0006511407481890614 1.2146122869080538e-05
15.112016098584371 -0.475955455997671 -0.006943562441978912 0.0006651557963134976 1.2275098057329677e-05
15.65173380031923 -0.4927264258567631 -0.007042284629815043 0.0006793326370974895 1.2460561658375293e-05
16.191438398643058 -0.50979388812638 -0.007163727066934911 0.0006937737983249343 1.2659970898833735e-05
16.73116341194605 -0.5277631429994539 -0.007280026507022086 0.0007089916754435671 1.2873330530234413e-05
17.27088007394677 -0.5457697640100139 -0.007397721406810831 0.000724252164718631 1.3114850437317866e-05
17.810580745687005 -0.5652372270877483 -0.007506320904077768 0.0007407628280573801 1.3343433831697682e-05


#T= 1238.98
14.57228914152272 -0.5024700082829654 -0.007702798280092793 0.0006651220435869341 1.2887035493140743e-05
15.112016098584371 -0.5199853789226833 -0.007772192629012409 0.0006791436795826996 1.30272545646565e-05
15.65173380031923 -0.5376851299442036 -0.007883484796249007 0.0006933264096087041 1.3225665222273814e-05
16.191438398643058 -0.5556986663245507 -0.008018409458003362 0.0007077728642077746 1.343802778349928e-05
16.73116341194605 -0.5746648560422741 -0.008149209968991045 0.0007229956137670193 1.366755767636777e-05
17.27088007394677 -0.5936711844441617 -0.008283352512020059 0.0007382604239792164 1.3928375919003357e-05
17.810580745687005 -0.6142202322131792 -0.008407592478402393 0.0007547751376507471 1.4177524818978605e-05


#T= 1306.27
14.57228914152272 -0.5476883160746164 -0.008595678819304453 0.0006787418276562363 1.3651835551285886e-05
15.112016098584371 -0.5661474017074493 -0.008674907485570316 0.0006927692296336106 1.3803978568136243e-05
15.65173380031923 -0.5848016866133676 -0.00880000902171929 0.0007069571137907811 1.4016082823511922e-05
16.191438398643058 -0.6037874848877767 -0.008949689538276573 0.0007214082007270964 1.4242411564364515e-05
16.73116341194605 -0.6237781606596217 -0.009096513818267482 0.0007366352140056853 1.4489268688029973e-05
17.27088007394677 -0.6438117887060193 -0.009248895733254159 0.0007519038051455521 1.4770703625406025e-05
17.810580745687005 -0.6654722339415171 -0.009390640628325286 0.0007684220627891604 1.504201985697394e-05


#T= 1375.33
14.57228914152272 -0.5950244239459798 -0.009565679726950549 0.0006920140467027447 1.444027899277781e-05
15.112016098584371 -0.6144524212520833 -0.009655850158804213 0.0007060465110997366 1.4605089350269955e-05
15.65173380031923 -0.6340866816963718 -0.009796098521768215 0.0007202389201908339 1.4831729843972597e-05
16.191438398643058 -0.6540706160618603 -0.009961925890124235 0.0007346940737337706 1.5073154074514302e-05
16.73116341194605 -0.6751130019311877 -0.01012643590489759 0.0007499248298247575 1.5338630306196286e-05
17.27088007394677 -0.6962011964276599 -0.010299010715215218 0.0007651967398240881 1.564215410058493e-05
17.810580745687005 -0.7190025027112966 -0.010460311903088382 0.0007817181081992046 1.5937401944352988e-05


#T= 1446.17
14.57228914152272 -0.6445089700697642 -0.01061737828696252 0.0007049575141403098 1.525251473042857e-05
15.112016098584371 -0.6649311890784305 -0.01071969878810819 0.0007189944384467538 1.543082294538972e-05
15.65173380031923 -0.6855709845086103 -0.010876547630772393 0.0007331908337042744 1.5672964955774927e-05
16.191438398643058 -0.7065790520122472 -0.011060051746213162 0.00074764956947799 1.5930758924859085e-05
16.73116341194605 -0.7287005043437728 -0.011244073118003683 0.0007628836224223866 1.6216314252054004e-05
17.27088007394677 -0.7508706670832115 -0.011438984028583121 0.00077815845572434 1.6543593460801735e-05
17.810580745687005 -0.7748424465820131 -0.011622109507413825 0.0007946825639785113 1.6864740937716095e-05


#T= 1518.79
14.57228914152272 -0.6961653146351122 -0.011755354754317437 0.0007175878194604761 1.6088644614773316e-05
15.112016098584371 -0.7176070416914807 -0.01187114422407376 0.0007316286850681856 1.6281387354805975e-05
15.65173380031923 -0.7392779103715427 -0.012046175805991766 0.0007458286027949965 1.6540139419699e-05
16.191438398643058 -0.761336089011467 -0.012249041020218954 0.0007602905039507384 1.6815745112368253e-05
16.73116341194605 -0.7845639466284442 -0.012454581106766227 0.0007755274699906627 1.712303309106827e-05
17.27088007394677 -0.8078434638423175 -0.012674181886868752 0.0007908048862317187 1.7475959370182114e-05
17.810580745687005 -0.8330153141315231 -0.012881639549775059 0.000807331415278739 1.78252091193499e-05


#T= 1593.19
14.57228914152272 -0.7500162245074977 -0.012984327169473175 0.0007299195028375239 1.6948850963738247e-05
15.112016098584371 -0.7725027250152717 -0.013115028551695218 0.0007439638617459035 1.715709394343145e-05
15.65173380031923 -0.7952301864810231 -0.013309970829492812 0.0007581669014106058 1.743373238983721e-05
16.191438398643058 -0.8183644374161301 -0.013534056663996097 0.0007726316079106614 1.7728786408772107e-05
16.73116341194605 -0.8427260236366391 -0.01376332836415628 0.0007878711556120936 1.8059683958621626e-05
17.27088007394677 -0.8671422678025223 -0.0140102108799951 0.00080315086085285 1.8440408979924687e-05
17.810580745687005 -0.8935437735614741 -0.014244778406954595 0.0008196795351437577 1.88202335802956e-05


#T= 1669.37
14.57228914152272 -0.8060839039001151 -0.014309159031270724 0.0007419661426509763 1.783341065577507e-05
15.112016098584371 -0.8296404246930668 -0.014456355416715638 0.0007560136065212073 1.805837339048434e-05
15.65173380031923 -0.8534499818747369 -0.014673102170213781 0.0007702194209587939 1.8354368370163133e-05
16.191438398643058 -0.877686251334571 -0.014920467425675099 0.000784686620757298 1.8670730250950596e-05
16.73116341194605 -0.9032088757312503 -0.01517591678168273 0.0007999284628826947 1.902736842914634e-05
17.27088007394677 -0.9287892071346615 -0.015452942923410262 0.0008152102023933249 1.9438338784651814e-05
17.810580745687005 -0.9564499416119856 -0.01571770215803525 0.0008317407831472846 1.9851515757346126e-05


#T= 1747.32
14.57228914152272 -0.8643824852024953 -0.01573468141366874 0.0007537389583101783 1.874259209015064e-05
15.112016098584371 -0.8890341160995323 -0.015900112707196712 0.0007677891890811099 1.8985671702765795e-05
15.65173380031923 -0.9139511150800141 -0.016140743852673722 0.0007819974760939278 1.9302711390949284e-05
16.191438398643058 -0.9393151913269022 -0.01641367104435787 0.0007964668975796396 1.964248943346957e-05
16.73116341194605 -0.9660259988139913 -0.016698005100238333 0.0008117107841249679 2.0027280423908378e-05
17.27088007394677 -0.9927976140670081 -0.017008338921399968 0.0008269943362053872 2.047126676970397e-05
17.810580745687005 -1.021746975028011 -0.01730671046123078 0.0008435266156123692 2.092090678365064e-05


#T= 1827.06
14.57228914152272 -0.9249480894766634 -0.017266444861181895 0.0007652528523192146 1.9677135601355822e-05
15.112016098584371 -0.9507201865545926 -0.017452037291654676 0.0007793055557238896 1.9939940939265956e-05
15.65173380031923 -0.9767702443980509 -0.0177188552893206 0.0007935160522781037 2.02799669295071e-05
16.191438398643058 -1.003288193231008 -0.01801989240801305 0.0008079874590520313 2.06455559259962e-05
16.73116341194605 -1.0312146226901293 -0.018336126479802317 0.0008232331724346248 2.1061233492368293e-05
17.27088007394677 -1.0592050143996583 -0.018683288524925956 0.000838518344143258 2.1541374069358292e-05
17.810580745687005 -1.0894727211842916 -0.019019088690193087 0.0008550521413568929 2.2030964553127366e-05


#T= 1908.57
14.57228914152272 -0.9877862089153748 -0.018909429848740444 0.0007765160675964184 2.063744805663288e-05
15.112016098584371 -1.0147038340679422 -0.019117312223055904 0.0007905709855532361 2.092181735034981e-05
15.65173380031923 -1.0419122718913318 -0.019412860348445804 0.0008047834609721661 2.128704010001477e-05
16.191438398643058 -1.069609859131065 -0.019744843221609187 0.0008192566457258559 2.1681136070515984e-05
16.73116341194605 -1.0987790348179678 -0.020096325929095826 0.0008345039951463711 2.2130767628607617e-05
17.27088007394677 -1.128015381274828 -0.020484221561478222 0.000849790617297932 2.2650577127011167e-05
17.810580745687005 -1.1596308144735676 -0.02086169292513418 0.0008663257737444553 2.3183987157115008e-05


#T= 1991.87
14.57228914152272 -1.052932478684638 -0.020669600336532312 0.0007875418188060338 2.1624551871049027e-05
15.112016098584371 -1.0810209630934562 -0.020902144422326074 0.0008015987253412485 2.1932589669160325e-05
15.65173380031923 -1.1094133757054057 -0.021229255427652305 0.0008158129776561854 2.2325525623312372e-05
16.191438398643058 -1.1383166471468655 -0.0215953626665204 0.00083028775888852 2.27511640948375e-05
16.73116341194605 -1.1687559895295658 -0.021985837547120468 0.0008455365773061036 2.3238190247990542e-05
17.27088007394677 -1.199265767011057 -0.02241882700662856 0.0008608245017871157 2.3801599506327144e-05
17.810580745687005 -1.2322586306567336 -0.022842711107621483 0.0008773608786471822 2.438311841415257e-05


#T= 2076.94
14.57228914152272 -1.1203910367211611 -0.022552308001028365 0.0007983372722046653 2.2639151562740454e-05
15.112016098584371 -1.1496754198646466 -0.022812150918674945 0.0008123959680124634 2.29732428947097e-05
15.65173380031923 -1.1792771083447804 -0.02317397147683309 0.0008266118190974562 2.3396724303573256e-05
16.191438398643058 -1.2094118117994295 -0.02357775316516708 0.0008410880367399699 2.385728691237886e-05
16.73116341194605 -1.2411484285571395 -0.02401138985647222 0.0008563381768440022 2.4385522702713857e-05
17.27088007394677 -1.2729588006542678 -0.024494322486059872 0.0008716272730394186 2.499687254536611e-05
17.810580745687005 -1.3073584615585463 -0.024969895510182027 0.0008881647478975334 2.5631197718787234e-05


#T= 2163.79
14.57228914152272 -1.1901890069156495 -0.024563766899458273 0.0008089130076729538 2.3682468633341844e-05
15.112016098584371 -1.2206944592956797 -0.02485385770843962 0.000822973317122654 2.4045310164220877e-05
15.65173380031923 -1.2515308583339326 -0.025253902764728053 0.0008371906100169963 2.4502514210713645e-05
16.191438398643058 -1.282922878692992 -0.02569934116730721 0.000851668123025618 2.5001756504115987e-05
16.73116341194605 -1.315984022935551 -0.026180802499244038 0.0008669194550175775 2.557541744484069e-05
17.27088007394677 -1.349122299860389 -0.026719091665402317 0.0008822096078426765 2.6239480521622632e-05
17.810580745687005 -1.3849582843329475 -0.027252241453073367 0.0008987480728414191 2.693173615504695e-05


#T= 2252.42
14.57228914152272 -1.2623453438950984 -0.026710240207844294 0.0008192777141974709 2.4755772708266922e-05
15.112016098584371 -1.2940970274208474 -0.02703387889892994 0.0008333394819294107 2.515038945042003e-05
15.65173380031923 -1.3261935640270415 -0.027476075054853055 0.0008475580777933926 2.564485007080087e-05
16.191438398643058 -1.3588687792797591 -0.027967633092142563 0.0008620367614113138 2.6186909004254124e-05
16.73116341194605 -1.3932816977647828 -0.028502127472666672 0.0008772891704845513 2.681061284260813e-05
17.27088007394677 -1.4277751840968431 -0.02910180751114666 0.000892580278149412 2.7532586535021205e-05
17.810580745687005 -1.4650770131681536 -0.029699091538489597 0.0009091196378934065 2.8288310720249864e-05


#T= 2342.82
14.57228914152272 -1.3368703207070123 -0.028998011550818603 0.0008294384800850915 2.5860378136099625e-05
15.112016098584371 -1.3698932488897277 -0.029358890432355622 0.0008435015681976446 2.6290134724743877e-05
15.65173380031923 -1.4032752009340816 -0.029847621250187473 0.000857721343797118 2.6825747865190835e-05
16.191438398643058 -1.4372593380340035 -0.030390292429252952 0.0008722010872932649 2.74151412804517e-05
16.73116341194605 -1.4730511192440727 -0.030983627008602355 0.0008874544715508076 2.8093900479572303e-05
17.27088007394677 -1.508926961552549 -0.03165140996783933 0.0009027464437134194 2.887938879017774e-05
17.810580745687005 -1.5477239860802685 -0.0323201123101029 0.0009192866135377693 2.970450908008931e-05


#T= 2435.01
14.57228914152272 -1.413798622547066 -0.031434433045710364 0.0008394052800530723 2.6998131615688683e-05
15.112016098584371 -1.4481180831131446 -0.031836698520173456 0.0008534695662509681 2.746675458638339e-05
15.65173380031923 -1.4828110065636806 -0.03237687404081768 0.0008676904123012931 2.8047796364572452e-05
16.191438398643058 -1.518130076400002 -0.032976258322673146 0.0008821711174812467 2.868943708462633e-05
16.73116341194605 -1.5553281086772677 -0.033634921105822 0.000897425386564642 2.9428668473948094e-05
17.27088007394677 -1.5926137547529822 -0.03437828579801305 0.0009127181431145818 3.0283683679330662e-05
17.810580745687005 -1.6329356520702756 -0.035126507296691756 0.0009292590479443927 3.118451491763855e-05


#T= 2528.98
14.57228914152272 -1.4931398961522955 -0.03402643357377144 0.0008491842682423798 2.8170673469719204e-05
15.112016098584371 -1.5287810298268831 -0.034474726474829964 0.0008632496434430734 2.868224484604102e-05
15.65173380031923 -1.5648103327607314 -0.03507182466967507 0.0008774714624692093 2.9313356362668153e-05
16.191438398643058 -1.6014901963094228 -0.03573417273718249 0.0008919530417517179 3.001252789822905e-05
16.73116341194605 -1.6401217107543211 -0.03646537736202049 0.0009072081150704257 3.081801812156105e-05
17.27088007394677 -1.6788444512942036 -0.037292613935317576 0.0009225015845586046 3.1748931769264245e-05
17.810580745687005 -1.7207207294205233 -0.03812931501441241 0.0009390431574370171 3.273211950163844e-05


#T= 2624.72
14.57228914152272 -1.5749030506703094 -0.036781252774773066 0.0008587813632251805 2.9379788632599282e-05
15.112016098584371 -1.611890851711608 -0.0372807619690505 0.0008728477299451076 2.993874377476114e-05
15.65173380031923 -1.6492817947926797 -0.037940885652187006 0.0008870704348388021 3.0624921466639974e-05
16.191438398643058 -1.6873481635458651 -0.03867315919169556 0.0009015528099587963 3.1387260326173544e-05
16.73116341194605 -1.7274402344123716 -0.03948490716927111 0.0009168086154962066 3.226513985406941e-05
17.27088007394677 -1.7676272033699916 -0.04040518062730314 0.0009321027340759343 3.3278644500078735e-05
17.810580745687005 -1.8110872013396753 -0.04134024317102458 0.0009486449151714189 3.435112142239496e-05


#T= 2722.24
14.57228914152272 -1.659113653008469 -0.03970707704397114 0.0008682041521456657 3.06276498449807e-05
15.112016098584371 -1.6974732510351873 -0.04026360700524023 0.0008822714232799252 3.123878016753472e-05
15.65173380031923 -1.7362512324153572 -0.04099355668730453 0.0008964949362086263 3.1985372452006946e-05
16.191438398643058 -1.7757299584306598 -0.04180350547303746 0.0009109780372363813 3.2816858085439874e-05
16.73116341194605 -1.8173098086122847 -0.04270466685189689 0.0009262345106468533 3.3773584745337576e-05
17.27088007394677 -1.85898828940824 -0.04372810057274634 0.0009415292212729913 3.4876667474817106e-05
17.810580745687005 -1.9040615084216053 -0.04477241040049407 0.0009580719571285741 3.604562380414093e-05


#T= 2821.55
14.57228914152272 -1.7457973333161814 -0.04281255293198072 0.00087745973334902 3.19165573215825e-05
15.112016098584371 -1.7855539938090044 -0.04343258472487932 0.0008915278308898625 3.258499912435588e-05
15.65173380031923 -1.8257445495763458 -0.044239922041736435 0.0009057520821511252 3.339768763326684e-05
16.191438398643058 -1.866661625879721 -0.04513614969893709 0.0009202358464625901 3.4304615247232835e-05
16.73116341194605 -1.909756627280281 -0.04613652976103921 0.0009354929301236733 3.534693898375379e-05
17.27088007394677 -1.9529540531309797 -0.04727427158606545 0.0009507881817121448 3.6546834617416634e-05
17.810580745687005 -1.9996701568624864 -0.04843978206746158 0.00096733142445756 3.781966768672289e-05


#T= 2922.63
14.57228914152272 -1.834953183282864 -0.046105820070788894 0.000886552106651499 3.3248522630924355e-05
15.112016098584371 -1.8761318859645661 -0.046796551783685914 0.0009006209603738169 3.397972097209752e-05
15.65173380031923 -1.9177602637939388 -0.04768963697694417 0.0009148458872203709 3.4864474059087535e-05
16.191438398643058 -1.9601413902065823 -0.0486816367592624 0.0009293302584412586 3.585339666097207e-05
16.73116341194605 -2.0047786063404662 -0.049792007441283204 0.000944587900481867 3.6988290738138085e-05
17.27088007394677 -2.0495221016779204 -0.05105625403462 0.000959883647047915 3.8292398762334613e-05
17.810580745687005 -2.0979104202388457 -0.05235600499096549 0.0009764273535919129 3.967662524556816e-05


#T= 3025.49
14.57228914152272 -1.9266061403948744 -0.04959641182054142 0.0008954877843773774 3.4626025383081735e-05
15.112016098584371 -1.969232001630765 -0.05036583742848677 0.0009095573311644685 3.5425727065285324e-05
15.65173380031923 -2.012323587830912 -0.05135391274124146 0.0009237828772014319 3.638878801806383e-05
16.191438398643058 -2.056194605769374 -0.05245215354884536 0.0009382678046653795 3.7466499089799704e-05
16.73116341194605 -2.1024012497383704 -0.05368434194669902 0.0009535259584670042 3.870113876057403e-05
17.27088007394677 -2.1487180893021254 -0.055088427923887906 0.000968822158682837 4.0116995698807754e-05
17.810580745687005 -2.198808115757522 -0.056536632952578714 0.000985366290298508 4.1620224735956446e-05


#T= 3130.13
14.57228914152272 -2.020772175962331 -0.053294041264749126 0.000904272050857843 3.6051472361923e-05
15.112016098584371 -2.0648703084235125 -0.05415100393629402 0.0009183422338077185 3.692569132266634e-05
15.65173380031923 -2.1094504860022103 -0.05524424502904779 0.0009325683481938253 3.7973535955118086e-05
16.191438398643058 -2.1548372339172346 -0.05646022089430858 0.0009470537862245582 3.914701832068563e-05
16.73116341194605 -2.202640516094147 -0.05782715518034465 0.0009623124097606114 4.048872256179771e-05
17.27088007394677 -2.25055797220438 -0.05938559231431739 0.0009776090263695979 4.20239343997451e-05
17.810580745687005 -2.3023791973521113 -0.06099767308751325 0.0009941535481453217 4.365379914327612e-05


#T= 3236.54
14.57228914152272 -2.117457857953782 -0.05720855379662382 0.0009129091311730923 3.752716128843218e-05
15.112016098584371 -2.1630532302124217 -0.0581627944433869 0.0009269798988442631 3.8482137434993645e-05
15.65173380031923 -2.2091472368808667 -0.059372355637751895 0.0009412065356177748 3.962142563505499e-05
16.191438398643058 -2.256075405641628 -0.060718627445773166 0.0009556924429233349 4.0897794895361635e-05
16.73116341194605 -2.305502381303635 -0.06223437357889594 0.0009709514982016429 4.235396376083576e-05
17.27088007394677 -2.3550475710897056 -0.06396287891881869 0.0009862484975239792 4.401613562854095e-05
17.810580745687005 -2.4086293181977196 -0.06575548775590434 0.0010027933779001125 4.578022324704221e-05


#T= 3344.74
14.57228914152272 -2.2166967917821427 -0.061351432125576366 0.0009214054267853356 3.905581208308241e-05
15.112016098584371 -2.2638146507027646 -0.062413673259175795 0.0009354767327456444 4.009799744448515e-05
15.65173380031923 -2.3114480059144253 -0.0637517744463203 0.0009497038504210545 4.133555689977685e-05
16.191438398643058 -2.3599435736011847 -0.06524205764333146 0.0009641901897313303 4.272204235776324e-05
16.73116341194605 -2.4110216008997782 -0.0669219083253978 0.0009794496424605096 4.4300137450607705e-05
17.27088007394677 -2.4622219453860037 -0.06883749151700158 0.0009947469940973716 4.609685292806533e-05
17.810580745687005 -2.5175938667034963 -0.07082859700794586 0.001011292204588939 4.800268798855546e-05


#T= 3454.71
14.57228914152272 -2.318485813236598 -0.06573320005970729 0.0009297639147758215 4.06395636111604e-05
15.112016098584371 -2.3671511213938072 -0.06691516086893756 0.0009438357168561082 4.1775551554385435e-05
15.65173380031923 -2.416349057500982 -0.06839509198080052 0.0009580632777571943 4.3118298416213306e-05
16.191438398643058 -2.4664377101683077 -0.07004425137892412 0.0009725500152246432 4.462215450807127e-05
16.73116341194605 -2.519193839950664 -0.07190470892521716 0.0009878098342626304 4.63296036646671e-05
17.27088007394677 -2.5720764523391257 -0.07402563814227037 0.00100310751060724 4.826832192180304e-05
17.810580745687005 -2.6292678674538887 -0.07623448228450158 0.0010196530253457287 5.0323263717667054e-05


#T= 3566.47
14.57228914152272 -2.422858363937593 -0.07036650153888857 0.000937990450207368 4.22810790422125e-05
15.112016098584371 -2.4730963626917846 -0.07168098985818361 0.000952062710221806 4.351759622005518e-05
15.65173380031923 -2.523884394230002 -0.07331720663887609 0.0009662906802316301 4.497252768880904e-05
16.191438398643058 -2.575592105539778 -0.07514135307854986 0.0009807777852065822 4.660102730542559e-05
16.73116341194605 -2.63005369189201 -0.07720022842104868 0.000996037942353815 4.844522119785444e-05
17.27088007394677 -2.684645989603028 -0.07954612857510313 0.0010113359184080355 5.053327707995472e-05
17.810580745687005 -2.7436865473870764 -0.08199332469351361 0.0010278817139694819 5.274452582674773e-05


#T= 3680.0
14.57228914152272 -2.5298104579877037 -0.07526292097807996 0.0009460876928974505 4.3982368758248966e-05
15.112016098584371 -2.5816461048173505 -0.07672383410191941 0.0009601603760575829 4.532619802026505e-05
15.65173380031923 -2.6340494595855763 -0.07853194591999113 0.000974388724094882 4.6900308715057595e-05
16.191438398643058 -2.6874019115016186 -0.08054841176752703 0.0009888761686550767 4.866065274912183e-05
16.73116341194605 -2.743596001507018 -0.08282478602055576 0.0010041366382215798 5.064885026006584e-05
17.27088007394677 -2.7999250944059857 -0.0854165808659566 0.0010194348912121096 5.289335554657109e-05
17.810580745687005 -2.860844111320441 -0.0881240465680122 0.00103598094625742 5.5267854944793845e-05


