#T= 0.0
10.269834575961296 0.3980416575635439 0.0 0.0 0.0
10.650210858302513 0.3846572649209639 0.0 0.0 0.0
11.030572839889972 0.3719672379878695 0.0 0.0 0.0
11.41093583872433 0.3598422160195778 0.0 0.0 0.0
11.791306372361905 0.34840908483758676 0.0 0.0 0.0
12.171655222042864 0.33748088566579015 0.0 0.0 0.0
12.552031082966437 0.32696964438011566 0.0 0.0 0.0


#T= 1.6
10.269834575961296 0.3980416575621093 -6.791367468395038e-11 3.5867397335039377e-12 8.640752187085015e-11
10.650210858302513 0.38465726491943814 1.3847483160134288e-09 3.814455836081969e-12 6.9107525955962e-11
11.030572839889972 0.3719672379862494 1.8666241885512136e-09 4.050225219143273e-12 8.953428839263545e-11
11.41093583872433 0.35984221601781696 -1.1144152267661411e-10 4.401957921361207e-12 8.482719117455822e-11
11.791306372361905 0.34840908483559124 4.3380055103625637e-10 4.988881156733133e-12 3.086054456658689e-11
12.171655222042864 0.33748088566350215 2.738431703619426e-10 5.720124301101533e-12 6.229231895456477e-11
12.552031082966437 0.3269696443775715 5.072422482044203e-10 6.360482238050563e-12 1.400301889228119e-11


#T= 5.12
10.269834575961296 0.3980416574131052 -3.914806256943848e-10 1.17530287587457e-10 1.0638599356954031e-10
10.650210858302513 0.38465726476097406 1.111104097617499e-09 1.2499208883673394e-10 9.834055070824286e-11
11.030572839889972 0.37196723781799074 1.5195666946965503e-09 1.3271777998088677e-10 1.2051858290601055e-10
11.41093583872433 0.3598422158349463 -4.3355896650609793e-10 1.44243357167164e-10 1.079592137692487e-10
11.791306372361905 0.3484090846283379 2.353743866478908e-10 1.6347565774383132e-10 9.769169709319342e-11
12.171655222042864 0.3374808854258708 -3.694822225952521e-12 1.87437033098495e-10 1.1191489781434702e-10
12.552031082966437 0.32696964411333773 3.1462832339457236e-10 2.0842028197644087e-10 1.0492798010051285e-10


#T= 10.59
10.269834575961296 0.3980416548101791 -1.227803636538738e-09 1.0399867261696394e-09 2.0384708573230565e-10
10.650210858302513 0.3846572619927926 2.9669422474398743e-10 1.106013742795371e-09 2.0017369822086216e-10
11.030572839889972 0.3719672348787095 5.409646064435947e-10 1.1743758340088935e-09 2.3966649336884503e-10
11.41093583872433 0.3598422126404098 -1.2894503242932842e-09 1.2763618627272574e-09 2.0853888753203347e-10
11.791306372361905 0.3484090810078664 -6.278924047364853e-10 1.446542143266052e-09 2.1512643278367194e-10
12.171655222042864 0.3374808812747302 -9.567315828462597e-10 1.6585684457719096e-09 2.3516125978001847e-10
12.552031082966437 0.3269696390902314 -6.053255674487446e-10 2.0199022672674684e-09 2.2800822009424974e-10


#T= 17.98
10.269834575961296 0.39804162928654213 -3.2635654179102858e-09 6.403628273011033e-09 3.472721498665668e-10
10.650210858302513 0.3846572346857224 -1.6901253729884047e-09 6.839956287275868e-09 3.370071566013045e-10
11.030572839889972 0.3719672057375032 -1.8396804080111906e-09 7.289784806916019e-09 4.0409264509527114e-10
11.41093583872433 0.3598421812967401 -3.361222411513154e-09 7.832091655766301e-09 3.5191154607060077e-10
11.791306372361905 0.348409047184437 -2.7820590275950963e-09 8.44928930631621e-09 3.680344304824761e-10
12.171655222042864 0.3374808447528945 -3.2919871273406898e-09 9.12154041250758e-09 3.964337603686042e-10
12.552031082966437 0.32696960003594533 -2.871246351787704e-09 9.857279828578827e-09 3.8486503138794307e-10


#T= 27.31
10.269834575961296 0.3980415039421419 -7.3487456120346906e-09 2.268150909625923e-08 5.282305424437187e-10
10.650210858302513 0.3846571009032202 -5.623974175250623e-09 2.4200992482689425e-08 5.055590385577638e-10
11.030572839889972 0.371967063210131 -6.557300480380945e-09 2.5780040166547125e-08 6.05980254542731e-10
11.41093583872433 0.3598420283653436 -7.480196018150309e-09 2.764670012843489e-08 5.306352111674075e-10
11.791306372361905 0.3484088826558421 -7.119041356418165e-09 2.970875678938451e-08 5.615703023505803e-10
12.171655222042864 0.3374806677178373 -7.929230605441262e-09 3.192383311408664e-08 5.971102816897956e-10
12.552031082966437 0.32696940904208394 -7.3756893925747136e-09 3.4415837180030116e-08 5.802462404395776e-10


#T= 38.57
10.269834575961296 0.3980410405606072 -1.451377329431125e-08 6.441782943361018e-08 7.436790186889312e-10
10.650210858302513 0.3846566065678757 -1.243959957264451e-08 6.871673673907354e-08 7.043427812226963e-10
11.030572839889972 0.3719665366079891 -1.4705278772453312e-08 7.320654959906139e-08 8.39309534493553e-10
11.41093583872433 0.35984146386170934 -1.4655427094112383e-08 7.846173895032314e-08 7.43284930820409e-10
11.791306372361905 0.3484082765674227 -1.4748479770787526e-08 8.420979082917939e-08 7.929086955900882e-10
12.171655222042864 0.33748001704854 -1.5995837543414382e-08 9.036827781688316e-08 8.347274996411387e-10
12.552031082966437 0.3269687079644148 -1.521765113920992e-08 9.734660211094807e-08 8.117642519929591e-10


#T= 51.77
10.269834575961296 0.3980396352000049 -2.5960176230910292e-08 1.5796417996936882e-07 9.891328394935892e-10
10.650210858302513 0.3846551073916185 -2.3250393610396713e-08 1.685164898293739e-07 9.329487774081841e-10
11.030572839889972 0.37196493917544804 -2.7508846756063576e-08 1.7959145418232717e-07 1.0979979455587055e-09
11.41093583872433 0.35983975187253403 -2.608777549539809e-08 1.9247166577725134e-07 9.87968153981192e-10
11.791306372361905 0.3484064395243335 -2.6969033228851913e-08 2.0652033405958627e-07 1.057157146555744e-09
12.171655222042864 0.3374780459733936 -2.8808230467802787e-08 2.2158587793022253e-07 1.1048504974714734e-09
12.552031082966437 0.3269665848162869 -2.7684421866069897e-08 2.386902866378664e-07 1.0756745568060616e-09


#T= 66.9
10.269834575961296 0.39803592764131435 -4.298040323647001e-08 3.5000163829506546e-07 1.2584677615449129e-09
10.650210858302513 0.3846511516577209 -3.9314883792940236e-08 3.734715208601455e-07 1.1895324369488879e-09
11.030572839889972 0.3719607220850301 -4.624794769370055e-08 3.982558458035929e-07 1.3759137925983629e-09
11.41093583872433 0.35983523171292764 -4.3110830461046135e-08 4.269372195493265e-07 1.2607702032088272e-09
11.791306372361905 0.3484015888717775 -4.517725926689309e-08 4.5821623643135295e-07 1.3472860127290333e-09
12.171655222042864 0.3374728404183483 -4.778381423875544e-08 4.918459750293523e-07 1.4009443473869682e-09
12.552031082966437 0.326960976069839 -4.6177390800039575e-08 5.300700707053138e-07 1.3667529675449952e-09


#T= 83.96
10.269834575961296 0.3980270430554114 -6.692408760500257e-08 7.250863281745885e-07 1.5455919412484933e-09
10.650210858302513 0.38464166999102484 -6.201726421295461e-08 7.738691288314709e-07 1.4702377332586932e-09
11.030572839889972 0.3719506071865907 -7.22410788966954e-08 8.257827850601002e-07 1.6677510316179158e-09
11.41093583872433 0.3598243859479235 -6.716291522934625e-08 8.855803771428633e-07 1.556769497138879e-09
11.791306372361905 0.3483899456473422 -7.082461195295764e-08 9.508578857027434e-07 1.6561632513439873e-09
12.171655222042864 0.33746033803533854 -7.44003756381062e-08 1.0213061181811588e-06 1.716040357981427e-09
12.552031082966437 0.3269474963220185 -7.218481812287791e-08 1.1015078028758663e-06 1.679390662179085e-09


#T= 102.96
10.269834575961296 0.3980071161241508 -9.916776377849601e-08 1.4326742316114473e-06 1.8449774036301543e-09
10.650210858302513 0.38462040440436507 -9.281934865157382e-08 1.5286550347392393e-06 1.7695645190592236e-09
11.030572839889972 0.37192791031129335 -1.0682668971639941e-07 1.631651179338281e-06 1.9688836516444978e-09
11.41093583872433 0.35980004481613154 -9.974982617677597e-08 1.7497340055891495e-06 1.8705685446078197e-09
11.791306372361905 0.3483638079730645 -1.0538002470639185e-07 1.8788590097740646e-06 1.9773062772272886e-09
12.171655222042864 0.3374322563014391 -1.101539197634338e-07 2.018904292217272e-06 2.043408138778109e-09
12.552031082966437 0.3269171982953612 -1.0724585308707901e-07 2.178757942052349e-06 2.007758995849728e-09


#T= 123.89
10.269834575961296 0.3979648582772735 -1.4103019907452108e-07 2.702883731763422e-06 2.151304913892268e-09
10.650210858302513 0.38457533715497416 -1.3314972591160767e-07 2.881248021604789e-06 2.080964525078924e-09
11.030572839889972 0.3718798144729876 -1.5128104280393018e-07 3.0742174982024852e-06 2.274777405002028e-09
11.41093583872433 0.3597484845365689 -1.4234430523174524e-07 3.294618116035515e-06 2.1960573620837306e-09
11.791306372361905 0.348308453658855 -1.5023694288629486e-07 3.5363146812388486e-06 2.3046186224119076e-09
12.171655222042864 0.3373727728600799 -1.5645693451915577e-07 3.8001193316635175e-06 2.376498237664196e-09
12.552031082966437 0.32685299291680814 -1.5284589949260408e-07 4.102236887316917e-06 2.3454843181793158e-09


#T= 146.75
10.269834575961296 0.39788033243083903 -1.9378701665573317e-07 4.832345631071558e-06 2.460067245200867e-09
10.650210858302513 0.3844852953825595 -1.8439300220052246e-07 5.144864564177525e-06 2.398322407385274e-09
11.030572839889972 0.37178377868390783 -2.0684031198925368e-07 5.485665503215676e-06 2.581612140465763e-09
11.41093583872433 0.3596456116856494 -1.9638015658074437e-07 5.8740683487223355e-06 2.5273255898317455e-09
11.791306372361905 0.3481980679792801 -2.0673019207606558e-07 6.3015595379174265e-06 2.6331576811964e-09
12.171655222042864 0.33725415645569873 -2.146519904044908e-07 6.771245348352167e-06 2.7099165143310375e-09
12.552031082966437 0.32672493777054645 -2.1041672937371914e-07 7.310234462949644e-06 2.6866579312816076e-09


#T= 171.55
10.269834575961296 0.39772164174768454 -2.5866744124414254e-07 8.146645408795757e-06 2.7678080488794006e-09
10.650210858302513 0.3843164382294878 -2.4787284758076567e-07 8.665143833259912e-06 2.7166971069770896e-09
11.030572839889972 0.3716037906806074 -2.7470198915580113e-07 9.234551956721406e-06 2.886667184726527e-09
11.41093583872433 0.35945294880568457 -2.6323229462832387e-07 9.88245324209375e-06 2.859450545698081e-09
11.791306372361905 0.3479914320442679 -2.7613906183887593e-07 1.0597423779337963e-05 2.9595072258084568e-09
12.171655222042864 0.3370321266537082 -2.860131615989303e-07 1.1386439610512356e-05 3.039923162406533e-09
12.552031082966437 0.3264852517121112 -2.8132265583735716e-07 1.2290437822674895e-05 3.0266188405319568e-09


#T= 198.28
10.269834575961296 0.39744245843006093 -3.3677729049941263e-07 1.2958875550523926e-05 3.0722559035785014e-09
10.650210858302513 0.3840195677418879 -3.247711504172912e-07 1.3777817972688107e-05 3.0326409484158717e-09
11.030572839889972 0.37128744333193736 -3.5595299152646476e-07 1.4681223030398566e-05 3.188551497958134e-09
11.41093583872433 0.359114471783213 -3.441315499230768e-07 1.570607351245245e-05 3.189091715283286e-09
11.791306372361905 0.347628532831301 -3.5961581090759864e-07 1.6836522925405735e-05 3.2818217811507586e-09
12.171655222042864 0.3366422605121981 -3.7167328059695137e-07 1.808452496865852e-05 3.364504076340366e-09
12.552031082966437 0.3260645783427389 -3.667759784775626e-07 1.9505883109415938e-05 3.3623046946958116e-09


#T= 226.94
10.269834575961296 0.3969801188788916 -4.2919540987895743e-07 1.954779230591854e-05 3.373113753760979e-09
10.650210858302513 0.383528024119191 -4.1622131163876475e-07 2.0782860641716753e-05 3.3449891025374735e-09
11.030572839889972 0.370763661117581 -4.516774652074673e-07 2.2146210680901494e-05 3.4877619610857064e-09
11.41093583872433 0.3585542197312667 -4.402652820090225e-07 2.3684138560348344e-05 3.515234887077051e-09
11.791306372361905 0.3470281311872057 -4.582935986263692e-07 2.537350584803558e-05 3.600080259985119e-09
12.171655222042864 0.3359976103617978 -4.727357207912064e-07 2.7231534883475013e-05 3.683541724147693e-09
12.552031082966437 0.3253697775598743 -4.6793893204721826e-07 2.932775726041037e-05 3.6925642851120146e-09


#T= 257.54
10.269834575961296 0.3962544201394327 -5.37032676106719e-07 2.8142560342108487e-05 3.6716716275198383e-09
10.650210858302513 0.3827564431334089 -5.233671771520676e-07 2.992239061972071e-05 3.6543121935692537e-09
11.030572839889972 0.36994150557303834 -5.630125627931193e-07 3.188068623684976e-05 3.7858045218259865e-09
11.41093583872433 0.35767525267934613 -5.528326880721579e-07 3.4071717465613504e-05 3.838179721971737e-09
11.791306372361905 0.3460869853813705 -5.733323433787518e-07 3.646122471261539e-05 3.914903491417384e-09
12.171655222042864 0.3349883136692364 -5.903198569967572e-07 3.9071393958865746e-05 3.997536080308034e-09
12.552031082966437 0.3242840507999199 -5.859625247239819e-07 4.198285780206641e-05 4.016899581038321e-09


#T= 290.07
10.269834575961296 0.3951682841649094 -6.613616676531819e-07 3.889729532961732e-05 3.969250657911916e-09
10.650210858302513 0.38160170185626713 -6.472892408737607e-07 4.134903740015389e-05 3.961192981690066e-09
11.030572839889972 0.3687115166151072 -6.910536711757231e-07 4.402969748001401e-05 4.083320664784252e-09
11.41093583872433 0.35636150530141963 -6.829452132706137e-07 4.699945025253207e-05 4.157480830704561e-09
11.791306372361905 0.34468231970117624 -7.058025630612974e-07 5.020905736300063e-05 4.2257147669223445e-09
12.171655222042864 0.3334847722729146 -7.254410121504407e-07 5.3685273959105854e-05 4.305801521700944e-09
12.552031082966437 0.322670913207448 -7.218600188707569e-07 5.751677100799567e-05 4.333726035883954e-09


#T= 324.54
10.269834575961296 0.3936079549867439 -8.033489535819172e-07 5.188717736795196e-05 4.266036668212808e-09
10.650210858302513 0.3799435258460188 -7.891295865647407e-07 5.512172361094902e-05 4.265077734694232e-09
11.030572839889972 0.3669468039806338 -8.369607940039714e-07 5.862967542400904e-05 4.3791300418539005e-09
11.41093583872433 0.3544794200787474 -8.317303894500583e-07 6.247503152661048e-05 4.4710660493224865e-09
11.791306372361905 0.34267402908764644 -8.567839557827028e-07 6.659057939510092e-05 4.530244418947517e-09
12.171655222042864 0.33134044340252217 -8.791140828634525e-07 7.100757344490921e-05 4.606111408449904e-09
12.552031082966437 0.32037755640431176 -8.766102865820358e-07 7.582007564808547e-05 4.640197394504548e-09


#T= 360.93
10.269834575961296 0.3914474097039215 -9.6399547544479e-07 6.70844695444703e-05 4.559726970348029e-09
10.650210858302513 0.37764959419834976 -9.498294701870691e-07 7.118426244899585e-05 4.563087184154774e-09
11.030572839889972 0.3645088792247689 -1.0016709239835109e-06 7.559124291979412e-05 4.669518321303695e-09
11.41093583872433 0.35188452137392556 -1.00004329794956e-06 8.037167230378469e-05 4.774709155348597e-09
11.791306372361905 0.3399119784402304 -1.027075896331553e-06 8.543874204902739e-05 4.824317084425444e-09
12.171655222042864 0.32839983767961844 -1.0520676738678958e-06 9.08285867767861e-05 4.894593694422611e-09
12.552031082966437 0.3172435001951575 -1.0508773158335316e-06 9.663881387300632e-05 4.932237659488479e-09


#T= 399.27
10.269834575961296 0.3885472245697599 -1.1443883636275132e-06 8.43961957071076e-05 4.846429931315549e-09
10.650210858302513 0.3745746398319826 -1.1303865221634624e-06 8.941086882150644e-05 4.8511337819002165e-09
11.030572839889972 0.36124693481074654 -1.186158996802078e-06 9.475341267541435e-05 4.949770338887068e-09
11.41093583872433 0.3484207964808161 -1.1887481861094784e-06 0.0001004915188580218 5.063767727058275e-09
11.791306372361905 0.3362353955491239 -1.2174940593467909e-06 0.00010651854707455695 5.103626875107135e-09
12.171655222042864 0.32449782807185806 -1.2450575042066703e-06 0.0001128762433846807 5.167464626329211e-09
12.552031082966437 0.313099702096805 -1.2453402291612292e-06 0.00011966473048641608 5.206296106576268e-09


#T= 439.53
10.269834575961296 0.3847652118066374 -1.34512424665445e-06 0.00010363367054332281 5.120921056438729e-09
10.650210858302513 0.3705718559227418 -1.3312920401631345e-06 0.00010957889932074469 5.124243491336102e-09
11.030572839889972 0.35700998757672275 -1.3908710769783283e-06 0.00011585933674894145 5.214713417910643e-09
11.41093583872433 0.3439335432771303 -1.3981617001945779e-06 0.00012254393333112546 5.333659722704411e-09
11.791306372361905 0.33148637549453097 -1.4283193365827174e-06 0.00012950712961471545 5.3641065331860165e-09
12.171655222042864 0.3194737711253037 -1.458317342439841e-06 0.00013679714546515435 5.421276164049918e-09
12.552031082966437 0.3077832640184514 -1.4601552749127222e-06 0.00014451620573923817 5.459453528656638e-09


#T= 481.73
10.269834575961296 0.37995204701292995 -1.566775324590708e-06 0.00012458291277618353 5.378813152406697e-09
10.650210858302513 0.36548819908661795 -1.553015039235106e-06 0.00013144597372797106 5.378634856665446e-09
11.030572839889972 0.3516417530079836 -1.6162339022685046e-06 0.00013863960280935633 5.46072340571138e-09
11.41093583872433 0.3382637042362433 -1.6285955268813268e-06 0.0001462342979562528 5.5816896156779465e-09
11.791306372361905 0.3255035777417308 -1.6598516623389514e-06 0.0001540872284502804 5.603539156514019e-09
12.171655222042864 0.31316447339277836 -1.6921252523616204e-06 0.00016225388933236243 5.654357052317032e-09
12.552031082966437 0.3011295674588314 -1.6955379322780573e-06 0.00017083857478403824 5.690679052767099e-09


#T= 525.86
10.269834575961296 0.3739610711752028 -1.809510948191928e-06 0.00014699031905086803 5.616921079831358e-09
10.650210858302513 0.3591745797003761 -1.7956384112949308e-06 0.00015473584084120046 5.611884836650389e-09
11.030572839889972 0.3449911906589523 -1.8622953916747065e-06 0.00016279754127113653 5.685729001411399e-09
11.41093583872433 0.33125874456044896 -1.8800024861320708e-06 0.00017124798755738612 5.806777975837372e-09
11.791306372361905 0.31813341606004614 -1.9120526957294715e-06 0.0001799291064762675 5.821181324226345e-09
12.171655222042864 0.30541568268928293 -1.946440335132138e-06 0.0001889042716774009 5.866354190816656e-09
12.552031082966437 0.2929840696928982 -1.9514024245381734e-06 0.00019827999094205337 5.900211699780462e-09


#T= 571.93
10.269834575961296 0.3666455750252936 -2.073397695312451e-06 0.0001706061227964171 5.83391144509687e-09
10.650210858302513 0.35148273788290524 -2.0591669738223572e-06 0.0001791833328323464 5.823386219037704e-09
11.030572839889972 0.336908915724544 -2.1290437501875203e-06 0.00018805508077872986 5.8894847646347165e-09
11.41093583872433 0.32276854670691874 -2.1523073883145116e-06 0.0001972965773195261 6.009545880017304e-09
11.791306372361905 0.3092254004091437 -2.1848734803597836e-06 0.00020673662509992382 6.01780116644107e-09
12.171655222042864 0.2960768446723456 -2.221228754706317e-06 0.00021644682799307067 6.058242070282187e-09
12.552031082966437 0.283196442939542 -2.227689847700276e-06 0.00022653609388474902 6.089483088547592e-09


#T= 619.92
10.269834575961296 0.3578680887630215 -2.3581826127383465e-06 0.00019517383629850688 6.029871731440689e-09
10.650210858302513 0.34227475015975345 -2.343312232255812e-06 0.00020452219814563863 6.013804710864067e-09
11.030572839889972 0.32725691689188885 -2.4161892184793032e-06 0.00021413858871651207 6.0729318202486715e-09
11.41093583872433 0.31265534345440055 -2.445181223720283e-06 0.0002241013693302419 6.191585176417184e-09
11.791306372361905 0.29864229092751476 -2.478021201568481e-06 0.00023422824904974145 6.194984642633657e-09
12.171655222042864 0.28501148969902995 -2.5162225369967928e-06 0.0002445991568327084 6.231664005794543e-09
12.552031082966437 0.2716312155714525 -2.5241223511329736e-06 0.00025532555229780177 6.260441348035346e-09


#T= 669.86
10.269834575961296 0.34748771000510353 -2.66382448899094e-06 0.00022048086148618033 6.20622428004025e-09
10.650210858302513 0.3314094814314453 -2.6480188353161793e-06 0.0002305358958980367 6.1849471009334304e-09
11.030572839889972 0.3158941026196364 -2.7236925177476223e-06 0.00024082959561949895 6.238021305882464e-09
11.41093583872433 0.3007783271670453 -2.7585742259361723e-06 0.00025144385672569734 6.3552742050975256e-09
11.791306372361905 0.28624375975429767 -2.7914869491496574e-06 0.00026218712305166173 6.354995573603029e-09
12.171655222042864 0.2720799319805183 -2.831445002016153e-06 0.0002731475300334259 6.388833508709622e-09
12.552031082966437 0.2581494872376253 -2.8407265517671476e-06 0.0002844391765279268 6.41546840668573e-09


#T= 721.72
10.269834575961296 0.3353815873102894 -2.9898889408741525e-06 0.00024630788645100307 6.364816134464667e-09
10.650210858302513 0.31876489801398605 -2.972855668303964e-06 0.00025700400266006625 6.338881013469697e-09
11.030572839889972 0.302699476939782 -3.0511448017023213e-06 0.0002679081970551308 6.3868629684177576e-09
11.41093583872433 0.2870177328052014 -3.0920758860020214e-06 0.00027910614051352285 6.502968401746458e-09
11.791306372361905 0.2719114108394345 -3.124900715079093e-06 0.00029039860797470604 6.5000280321400375e-09
12.171655222042864 0.257165263913488 -3.166557519307389e-06 0.000301881648403026 6.5318408123429715e-09
12.552031082966437 0.24263594892300572 -3.177172970936226e-06 0.0003136720149250774 6.556726813537143e-09


#T= 775.52
10.269834575961296 0.3214229916469935 -3.33625338555521e-06 0.00027248684444602234 6.507933503191701e-09
10.650210858302513 0.30421494125110166 -3.317713094475039e-06 0.0002837606271972376 6.477979016249983e-09
11.030572839889972 0.28754779507434514 -3.3984667595632345e-06 0.00029521187026043937 6.5217870156754435e-09
11.41093583872433 0.2712492478744786 -3.445621416631184e-06 0.00030693012749645883 6.6371110454961306e-09
11.791306372361905 0.2555219397002665 -3.478235299780863e-06 0.0003187098557087056 6.632345670584232e-09
12.171655222042864 0.24014525085827795 -3.5215646221331554e-06 0.0003306546089101916 6.662819732891495e-09
12.552031082966437 0.2249694860201327 -3.533480679607237e-06 0.0003428837482548142 6.686356115023136e-09


#T= 831.25
10.269834575961296 0.3054987410340477 -3.7026358370439993e-06 0.0002988606111925337 6.637762516879635e-09
10.650210858302513 0.2876476254404993 -3.6823286393428134e-06 0.0003106520821367557 6.604430903431366e-09
11.030572839889972 0.2703283645657988 -3.7654264559705553e-06 0.0003225912185189963 6.644897748813174e-09
11.41093583872433 0.25336355338867295 -3.81899548074216e-06 0.0003347714527187883 6.759835856280494e-09
11.791306372361905 0.2369674371195803 -3.851308605362647e-06 0.00034698205010722774 6.753912430093421e-09
12.171655222042864 0.2209134258597093 -3.896312037454663e-06 0.0003593335860958198 6.7836043870899814e-09
12.552031082966437 0.20504510132439668 -3.909510681410211e-06 0.00037194793477769245 6.806160110891707e-09


#T= 888.92
10.269834575961296 0.2874966916258559 -4.088924328016219e-06 0.0003253060276403368 6.75637675554619e-09
10.650210858302513 0.26895190268079666 -4.066611538178222e-06 0.0003375597737067601 6.7202629610374045e-09
11.030572839889972 0.2509312842237369 -4.151963992171659e-06 0.00034993276669339926 6.758113640523275e-09
11.41093583872433 0.23325193253879373 -4.212159495864398e-06 0.0003625222271906664 6.873041837748457e-09
11.791306372361905 0.21614037357843238 -4.244110257900502e-06 0.0003751131561633816 6.866476423396e-09
12.171655222042864 0.19936344949185242 -4.290814175078594e-06 0.0003878226306394727 6.895823294643211e-09
12.552031082966437 0.18275764369443254 -4.30529306072458e-06 0.00040077490923406473 6.917718636861186e-09


#T= 948.52
10.269834575961296 0.26731686296146906 -4.494918542263804e-06 0.00035171272441064395 6.865566980744282e-09
10.650210858302513 0.248029177963871 -4.470383288435187e-06 0.00036437813536080064 6.827195703248253e-09
11.030572839889972 0.22925936541278322 -4.557928903636821e-06 0.00037713609183685873 6.863044518386847e-09
11.41093583872433 0.2108186174527061 -4.624982253176313e-06 0.00039008744962781334 6.978295010621778e-09
11.791306372361905 0.192946382413215 -4.656532468061414e-06 0.0004030137036454741 6.971476530021386e-09
12.171655222042864 0.17540234313678632 -4.704983695091869e-06 0.00041603790167757203 7.000811874693464e-09
12.552031082966437 0.15801550949054385 -4.7207545321725775e-06 0.0004292865371610898 7.0223130096346255e-09


#T= 1010.05
10.269834575961296 0.24486235658726985 -4.920527061358371e-06 0.00037799465099013966 6.966887122470023e-09
10.650210858302513 0.22478382801335198 -4.893572736364149e-06 0.00039102607646598913 6.926704536081317e-09
11.030572839889972 0.2052182548443972 -4.983275601944115e-06 0.000404125234107167 6.961060500700762e-09
11.41093583872433 0.18597051607169324 -5.057437618916083e-06 0.00041739642109009107 7.076912365220867e-09
11.791306372361905 0.16729359683394848 -5.088568059363752e-06 0.00043061824323458576 7.070125597176183e-09
12.171655222042864 0.14893943768620435 -5.138830502460223e-06 0.0004439191979238234 7.099696553110704e-09
12.552031082966437 0.13072920035864852 -5.155917733645765e-06 0.00045742785329535787 7.121016782453523e-09


#T= 1073.52
10.269834575961296 0.22003762459089235 -5.3657697520748115e-06 0.0004040866472887354 7.061653429028262e-09
10.650210858302513 0.19912141479984105 -5.336217270723864e-06 0.0004174432783152728 7.020028911024016e-09
11.030572839889972 0.17871460131878605 -5.428064341117533e-06 0.00043084476736956773 7.0533066523144585e-09
11.41093583872433 0.1586153393642835 -5.509604818598746e-06 0.0004443986359579692 7.16998552758753e-09
11.791306372361905 0.13909074452852124 -5.540311050822311e-06 0.00045788110138923863 7.163432143616831e-09
12.171655222042864 0.11988444113444925 -5.592462755998895e-06 0.0004714256127926289 7.193415844160408e-09
12.552031082966437 0.10080936884193681 -5.6109019368477675e-06 0.00048516265055915497 7.21472072557692e-09


#T= 1138.92
10.269834575961296 0.19275965418978402 -5.830562770370307e-06 0.00042992951773832076 7.150924525677347e-09
10.650210858302513 0.1709602428921375 -5.798249063104777e-06 0.0004435749807968965 7.108157998471021e-09
11.030572839889972 0.14966799308509576 -5.892246420557967e-06 0.00045724434673194403 7.140690961516086e-09
11.41093583872433 0.12867392837215566 -5.981449803016403e-06 0.00047104813304796485 7.2583729158655865e-09
11.791306372361905 0.10825986684866962 -6.011739017708351e-06 0.00048476057527917026 7.2521894074659736e-09
12.171655222042864 0.08816055547506779 -6.065868674909325e-06 0.0004985196059719711 7.282707335830334e-09
12.552031082966437 0.06818034205272286 -6.085704214342513e-06 0.000512457457901874 7.30412137050637e-09


#T= 1206.25
10.269834575961296 0.16294647789700167 -6.314921805028462e-06 0.00045548048484399245 7.235580331679729e-09
10.650210858302513 0.14021946816526373 -6.27969690469854e-06 0.0004693825394238197 7.191910838995813e-09
11.030572839889972 0.11799866708037249 -6.375867144470249e-06 0.0004832893851947565 7.2239637955572575e-09
11.41093583872433 0.09606756224556735 -6.473031845644073e-06 0.0004973143061464287 7.342781567508139e-09
11.791306372361905 0.07472323000143857 -6.502919788431427e-06 0.0005112298865497787 7.337054182967942e-09
12.171655222042864 0.05369099099337948 -6.559124585692189e-06 0.0005251781086376119 7.368184540016383e-09
12.552031082966437 0.032766234861158115 -6.580408268064275e-06 0.000539292804325881 7.3897981118902875e-09


#T= 1275.52
10.269834575961296 0.13051549505461146 -6.8189615234359735e-06 0.0004807103874335209 7.316347219747083e-09
10.650210858302513 0.10681739780682672 -6.780685779972373e-06 0.0004948405645501639 7.271962137422728e-09
11.030572839889972 0.08362579164835726 -6.879065821863151e-06 0.0005089581560941053 7.303742965468347e-09
11.41093583872433 0.06071622725402338 -6.984503443163703e-06 0.0005231789888066019 7.423792870456573e-09
11.791306372361905 0.03840158355027404 -7.014011998762726e-06 0.0005372742646637881 7.418569856860886e-09
12.171655222042864 0.016397216787785808 -7.072395916907226e-06 0.0005513896184632614 7.4503579043971876e-09
12.552031082966437 -0.005510805363216064 -7.095185594607756e-06 0.0005656603371106227 7.472233925671942e-09


#T= 1346.72
10.269834575961296 0.09539703439308511 -7.3426731290737735e-06 0.0005055909416398199 7.393791584297238e-09
10.650210858302513 0.07068547030436449 -7.301216015775935e-06 0.000519924083906949 7.348835647705569e-09
11.030572839889972 0.046481866242613745 -7.401854063004976e-06 0.000534228879210718 7.380505843669219e-09
11.41093583872433 0.022553441516715175 -7.515885343423179e-06 0.0005486234826745045 7.501853926234587e-09
11.791306372361905 -0.0007705917813227085 -7.5450407166499645e-06 0.0005628779338620169 7.497155153486249e-09
12.171655222042864 -0.023785366319016583 -7.605712127656261e-06 0.0005771411582634338 7.529621373329696e-09
12.552031082966437 -0.04671449484912131 -7.630070058439742e-06 0.0005915497635008958 7.551801137103515e-09


#T= 1419.86
10.269834575961296 0.057515306436945836 -7.886211335517146e-06 0.0005301078373824371 7.468391838254505e-09
10.650210858302513 0.03174864819493571 -7.841448635304005e-06 0.0005446217900294013 7.422974843428032e-09
11.030572839889972 0.006492556342040289 -7.944402867110512e-06 0.0005590931189296682 7.454658392857259e-09
11.41093583872433 -0.018494470985205475 -8.067358564289862e-06 0.0005736421059420442 7.577346687197403e-09
11.791306372361905 -0.04286636531300945 -8.096189588968628e-06 0.0005880378082948481 7.573171554538937e-09
12.171655222042864 -0.06692926247290622 -8.159260588058714e-06 0.0006024321151795019 7.606318565392814e-09
12.552031082966437 -0.09091681139507038 -8.185252710291024e-06 0.0006169628314284764 7.628826938786895e-09


#T= 1494.92
10.269834575961296 0.016813363892683154 -8.449521345710309e-06 0.000554242343982126 7.540506550793377e-09
10.650210858302513 -0.01004890355718057 -8.401334909535763e-06 0.0005689175368204271 7.494710407798279e-09
11.030572839889972 -0.03639691033011344 -8.506670837959973e-06 0.0005835371889007821 7.526501305490504e-09
11.41093583872433 -0.06248126083601978 -8.638886797029954e-06 0.0005982235204473252 7.650552472801003e-09
11.791306372361905 -0.0879385197644467 -8.66742372807039e-06 0.000612744754748356 7.646885842993838e-09
12.171655222042864 -0.11308632606950925 -8.73300812997968e-06 0.0006272554493343438 7.68070351442522e-09
12.552031082966437 -0.13816871384243704 -8.76070252786576e-06 0.000641894493006414 7.703553163592549e-09


#T= 1571.93
10.269834575961296 -0.026789809505008404 -9.032934045194452e-06 0.0005779964083972129 7.610470937342704e-09
10.650210858302513 -0.05478788712859712 -8.981208182490263e-06 0.0005928156514595434 7.564355249917139e-09
11.030572839889972 -0.08226696748072262 -9.088998794481995e-06 0.0006075676673025701 7.596323860075441e-09
11.41093583872433 -0.10948713646939694 -9.230820964489794e-06 0.0006223764412659114 7.721746550921624e-09
11.791306372361905 -0.13606708142942753 -9.25909442628381e-06 0.0006370094850048816 7.718563978118032e-09
12.171655222042864 -0.1623364383531117 -9.32730849001473e-06 0.000651623760054029 7.753034243650891e-09
12.552031082966437 -0.18854997573249516 -9.356775905189352e-06 0.0006663591365912899 7.776229642933844e-09


#T= 1650.86
10.269834575961296 -0.07333931332248392 -9.63633640083117e-06 0.0006013567217266619 7.678506798342681e-09
10.650210858302513 -0.10251227286159843 -9.580959414279278e-06 0.0006163048023058503 7.632114097305195e-09
11.030572839889972 -0.13116050312632777 -9.691282130575019e-06 0.0006311750871714354 7.66431232745474e-09
11.41093583872433 -0.15955394080703933 -9.843058208502953e-06 0.0006460931671098131 7.791104012570207e-09
11.791306372361905 -0.18729289815775152 -9.871098640701348e-06 0.0006608259438943339 7.78837542735678e-09
12.171655222042864 -0.21471948745694208 -9.942058568412904e-06 0.0006755325451939545 7.823475634302278e-09
12.552031082966437 -0.24209955292243465 -9.973370481475285e-06 0.0006903537292510318 7.847016604272612e-09


#T= 1731.73
10.269834575961296 -0.12290621879217649 -1.0260000863127061e-05 0.0006243282726506353 7.74483590242845e-09
10.650210858302513 -0.1532928010036964 -1.0200861922271542e-05 0.0006393917974142577 7.698195755612038e-09
11.030572839889972 -0.18314796796805952 -1.0313799137406932e-05 0.0006543679640825791 7.730661894332464e-09
11.41093583872433 -0.21275187310970303 -1.047588415303835e-05 0.0006693838234672593 7.858813592345333e-09
11.791306372361905 -0.24168595618611613 -1.05037213131709e-05 0.0006842057521197847 7.856507794849291e-09
12.171655222042864 -0.27030527879838695 -1.0577544585999021e-05 0.0006989948314396548 7.89221577126335e-09
12.552031082966437 -0.29888710146083536 -1.0610774310748639e-05 0.0007138926236681403 7.916103373279341e-09


#T= 1814.53
10.269834575961296 -0.17554177629251622 -1.0903975876885852e-05 0.0006469094356650118 7.809618973374923e-09
10.650210858302513 -0.20718000076453125 -1.0840965558145399e-05 0.0006620765587991756 7.762752448424368e-09
11.030572839889972 -0.2382792110902147 -1.0956603190948044e-05 0.0006771476686742588 7.795516277693853e-09
11.41093583872433 -0.26913013654440054 -1.112935528624348e-05 0.000692251143608379 7.925017297893722e-09
11.791306372361905 -0.2992948535352515 -1.1157018136032093e-05 0.0007071529058779724 7.92310848783633e-09
12.171655222042864 -0.3291418357362006 -1.1233822789336045e-05 0.0007220158003743271 7.959411328073179e-09
12.552031082966437 -0.3589600957728609 -1.1269045245398956e-05 0.0007369821174575673 7.983660695825006e-09


#T= 1899.27
10.269834575961296 -0.2313076411640717 -1.1568468437417323e-05 0.00066910600728751 7.873008805597518e-09
10.650210858302513 -0.2642351582200236 -1.1501477658271142e-05 0.000684366263269812 7.82593463666886e-09
11.030572839889972 -0.29661518605600906 -1.1619905379234297e-05 0.0006995226657797183 7.85902608463712e-09
11.41093583872433 -0.3287493848845514 -1.1803688650502409e-05 0.0007147048005129171 7.989875290973429e-09
11.791306372361905 -0.36017997819620245 -1.1831206364831814e-05 0.0007296781950920853 7.988359099124646e-09
12.171655222042864 -0.39128930805170414 -1.1911113105611548e-05 0.0007446072879825 8.025276676925396e-09
12.552031082966437 -0.42237847328479744 -1.194840778850903e-05 0.0007596350294361888 8.049952331459056e-09


#T= 1985.93
10.269834575961296 -0.29024370669750804 -1.225345357624974e-05 0.0006909174146710216 7.935128505941679e-09
10.650210858302513 -0.32449738703045755 -1.2182375328961825e-05 0.0007062615155155401 7.8878763202662e-09
11.030572839889972 -0.358194264133982 -1.2303686673931225e-05 0.0007214946567082414 7.921345189040755e-09
11.41093583872433 -0.3916472766306269 -1.2498869025989734e-05 0.000736747522239353 8.05357857116461e-09
11.791306372361905 -0.4243783133305701 -1.2526274147717231e-05 0.0007517852955277333 8.052514713740433e-09
12.171655222042864 -0.4567840302527009 -1.2609410475761251e-05 0.0007667738563294938 8.090163009489293e-09
12.552031082966437 -0.48917794074415577 -1.2648868789710832e-05 0.0007818567532813566 8.115474385551905e-09


#T= 2074.54
10.269834575961296 -0.352421981998106 -1.2959306701532114e-05 0.0007123568433028352 7.996165730556931e-09
10.650210858302513 -0.38803872348801743 -1.2884035925253556e-05 0.0007277765791826022 7.94880928005404e-09
11.030572839889972 -0.42308853824236503 -1.3008333738184774e-05 0.000743078906320373 7.982776702640851e-09
11.41093583872433 -0.45789598994818886 -1.3215299603075437e-05 0.0007583955086723073 8.11654208969513e-09
11.791306372361905 -0.4919621466208077 -1.3242638232213721e-05 0.0007734912681527095 8.11616773352619e-09
12.171655222042864 -0.5256984218862842 -1.332915545049218e-05 0.0007885333700628748 8.154925348933787e-09
12.552031082966437 -0.5594310734804354 -1.337090466790869e-05 0.0008036659063210211 8.18147370066597e-09


#T= 2165.07
10.269834575961296 -0.417871384926271 -1.3685939507013245e-05 0.0007334235116687016 8.056382569416857e-09
10.650210858302513 -0.45488723048182284 -1.3606383660658139e-05 0.0007489115665340215 8.009125561543362e-09
11.030572839889972 -0.49132525001466276 -1.3733790083847452e-05 0.0007642763559317418 8.04391425070379e-09
11.41093583872433 -0.5275219705707141 -1.395295025474752e-05 0.0007796504745744661 8.17965695887193e-09
11.791306372361905 -0.5629571626324194 -1.3980309788053091e-05 0.0007947985393555898 8.180668990332551e-09
12.171655222042864 -0.5980574297472584 -1.4070421627820906e-05 0.0008098889192128096 8.2215847663635e-09
12.552031082966437 -0.6331620970680478 -1.411468443279773e-05 0.0008250661996330545 8.250958314269212e-09


#T= 2257.54
10.269834575961296 -0.4866544903863034 -1.4433695781690403e-05 0.0007541293269281538 8.116408210550134e-09
10.650210858302513 -0.525105432082109 -1.4349793559631507e-05 0.0007696792080184166 8.069795812533621e-09
11.030572839889972 -0.5629668984234532 -1.4480484210821487e-05 0.000785100497882844 8.106246843880331e-09
11.41093583872433 -0.6005877166035305 -1.4712329516441969e-05 0.0008005266215874946 8.245155543167893e-09
11.791306372361905 -0.6374258801565847 -1.473991032696631e-05 0.0008157219621688485 8.249375248406812e-09
12.171655222042864 -0.6739236123630569 -1.4833998690733097e-05 0.0008308559632823823 8.295111114742272e-09
12.552031082966437 -0.7104336293525141 -1.4881246130471482e-05 0.0008460736593939206 8.331235885605285e-09


#T= 2351.94
10.269834575961296 -0.5588108712223069 -1.5202767798427885e-05 0.0007744796179480147 8.177690927700938e-09
10.650210858302513 -0.598732418552783 -1.5114545050209927e-05 0.0007900855342723017 8.133103129950884e-09
11.030572839889972 -0.6380521183548693 -1.5248829740244219e-05 0.0008055580114840671 8.173299296135463e-09
11.41093583872433 -0.6771314295733415 -1.549404268530452e-05 0.000821031232278429 8.318303311771172e-09
11.791306372361905 -0.7154060934993856 -1.5522331793249577e-05 0.0008362693726373252 8.330141336538858e-09
12.171655222042864 -0.7533343758925373 -1.562119258835537e-05 0.0008514428531925824 8.387008421189653e-09
12.552031082966437 -0.7912827037975707 -1.5672498363983323e-05 0.0008666971172331297 8.439003527584605e-09


#T= 2448.28
10.269834575961296 -0.6343938452431584 -1.5993734919561575e-05 0.0007944844271443775 8.24365532711262e-09
10.650210858302513 -0.6758213644818638 -1.5901435233445227e-05 0.0008101412167305857 8.204393190204322e-09
11.030572839889972 -0.7166339638457414 -1.6039952612345587e-05 0.0008256601486891627 8.253218339395229e-09
11.41093583872433 -0.7572060633864062 -1.629967893279627e-05 0.0008411760977125124 8.411091554176859e-09
11.791306372361905 -0.7969506760461142 -1.6329846204143905e-05 0.000856453055829358 8.440573856835553e-09
12.171655222042864 -0.8363425295591629 -1.643524305450228e-05 0.0008716623330502925 8.522629023372965e-09
12.552031082966437 -0.8757620812659366 -1.6493062005906722e-05 0.0008869497453868723 8.61037469868491e-09


#T= 2546.55
10.269834575961296 -0.7134399950372537 -1.6807550792918846e-05 0.0008141497614610869 8.3220288770709e-09
10.650210858302513 -0.7564084228944888 -1.6711936140723083e-05 0.0008298528056500405 8.295561922751015e-09
11.030572839889972 -0.798748181863887 -1.685608508239511e-05 0.0008454139606597843 8.363843766585493e-09
11.41093583872433 -0.8408469777802475 -1.7132517115214796e-05 0.0008609687337935007 8.549324536749769e-09
11.791306372361905 -0.8820946228488306 -1.7167262001294148e-05 0.0008762809531495674 8.617832986433882e-09
12.171655222042864 -0.9229827200096112 -1.7283077056617913e-05 0.0008915227393526713 8.754325068522179e-09
12.552031082966437 -0.9639060729643057 -1.735281792036858e-05 0.000906840248585264 8.918030333427426e-09


#T= 2646.75
10.269834575961296 -0.7959922825923922 -1.764646928847924e-05 0.0008334839199078075 8.429489806267747e-09
10.650210858302513 -0.8405363051384859 -1.7549462597798993e-05 0.0008492290845477396 8.431792907444706e-09
11.030572839889972 -0.8844372536314019 -1.7702307445688348e-05 0.0008648286770672763 8.542142294508282e-09
11.41093583872433 -0.9280964412607637 -1.7999879759145188e-05 0.0008804187836883231 8.785248186407009e-09
11.791306372361905 -0.9708800083071479 -1.804510472425136e-05 0.0008957630859799004 8.935119200990767e-09
12.171655222042864 -1.0132968419405908 -1.8179528083805963e-05 0.0009110344443670579 9.18193947512374e-09
12.552031082966437 -1.0557564065674434 -1.82724000694634e-05 0.0009263793258639599 9.495178996706546e-09


#T= 2748.89
10.269834575961296 -0.88210110254464 -1.8515445546540832e-05 0.0008524970519083017 8.600119649965614e-09
10.650210858302513 -0.9282553342445174 -1.842142172847616e-05 0.0008682806341461809 8.663266347410431e-09
11.030572839889972 -0.9737514480230272 -1.8589446767691697e-05 0.000883915275371788 8.859633638038026e-09
11.41093583872433 -1.0190046844822263 -1.8917060316425705e-05 0.0008995375922015072 9.216635416940032e-09
11.791306372361905 -1.0633570394875376 -1.8984828756174466e-05 0.0009149111348390905 9.523769442937638e-09
12.171655222042864 -1.1073350913258382 -1.9153979266661736e-05 0.0009302094398321681 9.975764461859963e-09
12.552031082966437 -1.151363279327801 -1.9291310792368677e-05 0.0009455792585848537 1.0555321747383097e-08


#T= 2852.96
10.269834575961296 -0.9717991445445523 -1.9424548895585758e-05 0.0008711954867190042 8.899089945916481e-09
10.650210858302513 -1.0195978324813277 -1.934270358106005e-05 0.0008870141576001382 9.082465773007159e-09
11.030572839889972 -1.0667227388403595 -1.9538851134370816e-05 0.0009026808024099546 9.44236482056351e-09
11.41093583872433 -1.1136033476663731 -1.9913469159860142e-05 0.0009183325241749809 1.0007225371849779e-08
11.791306372361905 -1.1595570412233638 -2.0026372425263617e-05 0.0009337327550174909 1.0589803711479078e-08
12.171655222042864 -1.2051284905114361 -2.0259060519833838e-05 0.0009490556501514864 1.138342430968812e-08
12.552031082966437 -1.2507574210729733 -2.047719361542022e-05 0.0009644482214639462 1.2382933637406314e-08


#T= 2958.96
10.269834575961296 -1.065126268767893 -2.039382621887853e-05 0.000889587435351448 9.440759732472711e-09
10.650210858302513 -1.1146034670753575 -2.0341974874327207e-05 0.0009054382009364353 9.842642079842564e-09
11.030572839889972 -1.1633906165189867 -2.0590072381310165e-05 0.0009211341118749623 1.0485376721801177e-08
11.41093583872433 -1.211931758138725 -2.1041407848088056e-05 0.0009368127177523974 1.139210477131042e-08
11.791306372361905 -1.259519192249689 -2.123740549109243e-05 0.0009522373442723523 1.2403358997466083e-08
12.171655222042864 -1.3067160808723521 -2.1579506508828672e-05 0.0009675827134717331 1.3700296872771799e-08
12.552031082966437 -1.3539777456891846 -2.1933325967893325e-05 0.0009829960761091295 1.5286901830270686e-08


#T= 3066.9
10.269834575961296 -1.162130493997325 -2.1460179624455122e-05 0.0009076826381123269 1.040290145762305e-08
10.650210858302513 -1.2133202384373747 -2.146967281646539e-05 0.0009235628041522357 1.1162660805794678e-08
11.030572839889972 -1.2638030764524188 -2.1809312414688975e-05 0.0009392855187711711 1.2242246035107236e-08
11.41093583872433 -1.3140379187125408 -2.2384163841593363e-05 0.0009549887420112752 1.3650009279931327e-08
11.791306372361905 -1.3632915136176136 -2.2719991250141902e-05 0.0009704357034209691 1.5255247159899815e-08
12.171655222042864 -1.4121459112349208 -2.3236776428348094e-05 0.0009858016450678365 1.7220097409883785e-08
12.552031082966437 -1.4610723395338792 -2.3801084168439957e-05 0.0010012340370442493 1.9558778100251622e-08


#T= 3176.77
10.269834575961296 -1.262841171564815 -2.2685061750848945e-05 0.0009254872837557234 1.201981911127601e-08
10.650210858302513 -1.3157771767762523 -2.2805256975289012e-05 0.0009413944168055247 1.3301784014987496e-08
11.030572839889972 -1.3679888430531528 -2.329523140076617e-05 0.0009571417118498371 1.498466440151484e-08
11.41093583872433 -1.419950259828393 -2.405989049236723e-05 0.000972867506579223 1.705720976376927e-08
11.791306372361905 -1.4709021566565195 -2.461226529248961e-05 0.0009883349434628502 1.9418501482697243e-08
12.171655222042864 -1.5214458641363962 -2.5389222813032575e-05 0.001003719742220657 2.2215150251457462e-08
12.552031082966437 -1.5720688240388787 -2.625967465519352e-05 0.0010191695745570826 2.5476482147666047e-08


#T= 3288.57
10.269834575961296 -1.3672955395276563 -2.41609517672714e-05 0.000943009158966667 1.4548152188250023e-08
10.650210858302513 -1.422011370219147 -2.4461540832021456e-05 0.0009589410604256404 1.6518394152632395e-08
11.030572839889972 -1.4759848672870612 -2.518114077076916e-05 0.0009747109278790062 1.89681848650164e-08
11.41093583872433 -1.529705606082972 -2.6222432282452246e-05 0.0009904574468583326 2.187000290359195e-08
11.791306372361905 -1.5823878309879988 -2.7088887321724542e-05 0.0010059436807942123 2.5153677963551244e-08
12.171655222042864 -1.6346525430317491 -2.8233345730654946e-05 0.0010213457886755135 2.896016890273604e-08
12.552031082966437 -1.6870037042256825 -2.9529057613331133e-05 0.001036811627745578 3.3338272284873536e-08


#T= 3402.31
10.269834575961296 -1.4755396540908823 -2.6013719576667427e-05 0.0009602573596103948 1.82323009214635e-08
10.650210858302513 -1.532068896408274 -2.6585330857642475e-05 0.0009762120420162279 2.1052371908765874e-08
11.030572839889972 -1.587837258409385 -2.7635189340458055e-05 0.0009920026672570817 2.4436197037705785e-08
11.41093583872433 -1.6433501080763748 -2.9062191060802434e-05 0.001007768241624348 2.8345524397194695e-08
11.791306372361905 -1.6977947364605364 -3.0363528793486694e-05 0.0010232717566473152 3.273959489484472e-08
12.171655222042864 -1.75181220429768 -3.200825766214166e-05 0.0010386897758083188 3.7764213558889383e-08
12.552031082966437 -1.8059233007638484 -3.387641805829844e-05 0.001054170327309186 4.349024859001316e-08


#T= 3517.98
10.269834575961296 -1.5875999591210905 -2.840215948651803e-05 0.0009772377095567386 2.330090212788893e-08
10.650210858302513 -1.6459759127263947 -2.9357380853411996e-05 0.000993213369886493 2.714082558072785e-08
11.030572839889972 -1.7035718998644982 -3.0861714307661714e-05 0.0010090231071643 3.164561324391515e-08
11.41093583872433 -1.7609093847734605 -3.280915224479486e-05 0.0010248062237581273 3.676887773715753e-08
11.791306372361905 -1.8171482398759844 -3.4693724956014194e-05 0.0010403256456600325 4.2496014524095995e-08
12.171655222042864 -1.872949970921657 -3.700208229417967e-05 0.0010557583092316153 4.8986808320240716e-08
12.552031082966437 -1.9288524987758258 -3.962382851341317e-05 0.0010712524003629413 5.633597077419656e-08


#T= 3635.59
10.269834575961296 -1.7035213811800032 -3.151994101813216e-05 0.0009939588244550525 2.999105176974724e-08
10.650210858302513 -1.7637773880712375 -3.2996347428593253e-05 0.0010099538281591238 3.5046014505868504e-08
11.030572839889972 -1.8232338113536346 -3.510721293764618e-05 0.0010257811858885428 4.0891675498112156e-08
11.41093583872433 -1.88242851496055 -3.774057611849457e-05 0.0010415804736161787 4.747291070183829e-08
11.791306372361905 -1.9404934854583333 -4.039011656686853e-05 0.0010571145574751596 5.4797762243496954e-08
12.171655222042864 -1.9981110586446433 -4.356249492332154e-05 0.0010725607179919681 6.304792582798188e-08
12.552031082966437 -2.0558365922270454 -4.7159948778130456e-05 0.0010880672866793568 7.234378936324958e-08


#T= 3755.12
10.269834575961296 -1.8233185131651195 -3.559851477064058e-05 0.0010104248733008771 3.8568374621435514e-08
10.650210858302513 -1.8854874869358016 -3.776328223636938e-05 0.0010264377319338521 4.506911006799127e-08
11.030572839889972 -1.9468367417088497 -4.066599316843167e-05 0.0010422813521862452 5.251531742712409e-08
11.41093583872433 -2.0079208402937123 -4.418746004830609e-05 0.0010580955630915103 6.084076265060784e-08
11.791306372361905 -2.067843421315772 -4.782353919097204e-05 0.0010736431760165718 7.007340187486879e-08
12.171655222042864 -2.1273080302172924 -5.21042867376309e-05 0.0010891017894586576 8.042409917774519e-08
12.552031082966437 -2.1868877629425136 -5.694797977184862e-05 0.0011046198695359426 9.204119158306109e-08


#T= 3876.6
10.269834575961296 -1.9470553180981995 -4.0916111714750514e-05 0.0010266467341260468 4.934442336655585e-08
10.650210858302513 -2.0111705521527337 -4.397224937235933e-05 0.0010426760974512476 5.7563284884054185e-08
11.030572839889972 -2.0744454172293447 -4.789220324141752e-05 0.0010585347486548465 6.691393411998527e-08
11.41093583872433 -2.1374514770224033 -5.254790629294348e-05 0.0010743627511285818 7.73159015346783e-08
11.791306372361905 -2.1992635533805696 -5.7439733851083474e-05 0.0010899228660300694 8.881539235993482e-08
12.171655222042864 -2.26060678455735 -6.312549048459459e-05 0.001105392986027973 1.0165944624299058e-07
12.552031082966437 -2.3220723098455402 -6.954331591657592e-05 0.0011209217018272677 1.1602717178580292e-07


#T= 4000.0
10.269834575961296 -2.0747345117320575 -4.780146640825933e-05 0.0010426269401192913 6.267256347005764e-08
10.650210858302513 -2.140828725961467 -5.1994168103419725e-05 0.0010586715738519327 7.292573759188934e-08
11.030572839889972 -2.2060614198283646 -5.720359781946627e-05 0.0010745441304319619 8.453064959116695e-08
11.41093583872433 -2.271021454454527 -6.329070289723404e-05 0.0010903848904552376 9.73891838153569e-08
11.791306372361905 -2.3347543735236886 -6.976265007097027e-05 0.0011059565689801232 1.1156512374690883e-07
12.171655222042864 -2.398007284308257 -7.721032720553467e-05 0.0011214373310581916 1.2734869396386146e-07
12.552031082966437 -2.4613896694232964 -8.559604982849578e-05 0.0011369758828014705 1.4495312690109585e-07


