0.0 0.0 0.0 2.7388428414099053e-07 0.0 0.0 0.0 0.0
10.0 -2.738867873830486e-06 5.477710714587044e-07 5.474145213568704e-07 -7.661833229198768e-07 0.0 -0.003024519558511626 0.0019321991293242045
20.0 -1.0954092651616065e-05 1.0951191539978048e-06 1.0930081129956192e-06 -3.5074283786680967e-06 0.0 -0.03258624162977479 0.0038635760093204243
30.0 -2.463690470122515e-05 1.6411969933917267e-06 1.6356723580912557e-06 -9.7103459633332e-06 0.0 -0.14532649858884575 0.005791767092794005
40.0 -4.3773314203576774e-05 2.185876294808761e-06 2.1764008977243066e-06 -2.0445658620181862e-05 0.0 -0.40615412121083194 0.00771564989603399
50.0 -6.835110280434264e-05 2.729562517206657e-06 2.7172986824197665e-06 -3.6084056161288235e-05 0.0 -0.8734668589350726 0.009635674718860256
60.0 -9.836322576006751e-05 3.27284894993385e-06 3.2605796752349646e-06 -5.673203477837465e-05 0.0 -1.6071932240307494 0.011553060398848266
70.0 -0.00013380893874170852 3.816393647179012e-06 3.808459595866509e-06 -8.25179269391295e-05 0.0 -2.6806040959752098 0.013469328389984768
80.0 -0.00017469426819616274 4.360889641876394e-06 4.363142702779044e-06 -0.00011371088339568768 0.0 -4.188365228916725 0.015386122316772968
90.0 -0.00022103225353120592 4.907041379408635e-06 4.926647064884548e-06 -0.0001507390094396459 0.0 -6.248882612066805 0.017305140447006553
100.0 -0.00027284288416851155 5.455527286215751e-06 5.500554133242019e-06 -0.0001941549230619142 0.0 -9.001462481234777 0.019228085580055503
110.0 -0.0003301526212347028 6.006956131971052e-06 6.085803996036532e-06 -0.00024457963764586225 0.0 -12.599888718957684 0.02115660374450668
120.0 -0.0003929935004798324 6.561828540437486e-06 6.682596496432325e-06 -0.0003026435280815208 0.0 -17.204227986435118 0.02309221495158338
130.0 -0.00046140190765697753 7.120510698965102e-06 7.290402247406291e-06 -0.000368934722619963 0.0 -22.97240450670142 0.025036247735135297
140.0 -0.0005354171624532 7.683222369822736e-06 7.908057671102143e-06 -0.00044395960969221865 0.0 -30.052637225163995 0.026989787351202596
150.0 -0.0006150800496342868 8.250037908429099e-06 8.533909204899714e-06 -0.0005281165656393583 0.0 -38.57737483035626 0.02895364279527534
160.0 -0.0007004314131258127 8.82089729091323e-06 9.165974807245903e-06 -0.0006216819225512308 0.0 -48.65898237820719 0.030928333458449572
170.0 -0.0007915108961853434 9.395623699781573e-06 9.802099062028446e-06 -0.0007248061453352624 0.0 -60.38715628528449 0.03291409328680307
180.0 -0.0008883558766470401 9.973944507269687e-06 1.0440087224417027e-05 -0.0008375178202744597 0.0 -73.82787057909304 0.034910888756500336
190.0 -0.0009910006182636266 1.0555513134359132e-05 1.1077811288906503e-05 -0.000959733110463479 0.0 -89.02356925517569 0.03691844650903579
200.0 -0.0010994756371864867 1.1139929988114385e-05 1.1713286835579595e-05 -0.0010912686171878562 0.0 -105.99429467845523 0.038936286725569744
210.0 -0.001213807268317879 1.1726761344261709e-05 1.2344722989077183e-05 -0.0012318559703916663 0.0 -124.73945819427041 0.04096375893131951
220.0 -0.0013340174074691902 1.2315555580395423e-05 1.2970549689228505e-05 -0.0013811568719546026 0.0 -145.23999832179777 0.043000077674617394
230.0 -0.001460123401702873 1.2905856562884369e-05 1.358942712847977e-05 -0.0015387776839113786 0.0 -167.4607207113139 0.04504435627036191
240.0 -0.0015921380595003143 1.3497214259532918e-05 1.4200242078743486e-05 -0.0017042829660680661 0.0 -191.35266359312533 0.04709563745195707
250.0 -0.0017300697541635657 1.4089192813994056e-05 1.4802095270560756e-05 -0.0018772076159932244 0.0 -216.85537752590372 0.049152920305004656
260.0 -0.001873922596537625 1.4681376402844076e-05 1.5394283246017436e-05 -0.002057067451616266 0.0 -243.89904635031434 0.05121518325555001
270.0 -0.0020236966567104275 1.5273373225798748e-05 1.5976277328277887e-05 -0.0022433682101824803 0.0 -272.40640663744136 0.05328140316782369
280.0 -0.0021793882177121304 1.5864817973129804e-05 1.6547701664038073e-05 -0.002435613026608676 0.0 -302.2944459459587 0.05535057079085094
290.0 -0.0023409900475961365 1.6455373086664103e-05 1.710831168004745e-05 -0.002633308509337287 0.0 -333.4758767728695 0.05742170290137543
300.0 -0.0025084916793289835 1.7044729092318086e-05 1.765797383033174e-05 -0.0028359695611689865 0.0 -365.8603943385173 0.059493851542165826
310.0 -0.002681879690264566 1.763260424002509e-05 1.819664713806901e-05 -0.0030431231038097455 0.0 -399.3557334241861 0.06156611076683832
320.0 -0.0028611379754686084 1.8218743645613262e-05 1.872436676766398e-05 -0.003254310863981846 0.0 -433.86854340997724 0.06363762128832011
330.0 -0.0030462480106088208 1.8802918091228672e-05 1.924122968812725e-05 -0.0034690913701740968 0.0 -469.3051023250453 0.06570757339828143
340.0 -0.0032371891016715892 1.9384922607540038e-05 1.974738235652751e-05 -0.003687041296038795 0.0 -505.5718908173163 0.06777520848668983
350.0 -0.003433938619778587 1.9964574932587745e-05 2.0243010273190975e-05 -0.003907756271263568 0.0 -542.5760460285081 0.06983981944927257
360.0 -0.0036364722203536815 2.0541713918638665e-05 2.0728329233143937e-05 -0.004130851264983455 0.0 -580.2257138287362 0.0719007502295343
370.0 -0.0038447640462706545 2.1116197939358737e-05 2.1203578075912334e-05 -0.0043559606316640785 0.0 -618.4303160150146 0.0739573947031445
380.0 -0.004058786915226875 2.168790333447326e-05 2.1669012726377446e-05 -0.00458273789521455 0.0 -657.1007471173995 0.07600919507719231
390.0 -0.004278512491911357 2.2256722917258206e-05 2.2124901349762637e-05 -0.004810855334447259 0.0 -696.1495135170333 0.07805563994549962
400.0 -0.0045039114455853735 2.2822564561131056e-05 2.2571520442760117e-05 -0.005040003421744605 0.0 -735.4908257513546 0.08009626211403645
410.0 -0.004734953593981572 2.338534987476808e-05 2.3009151707675813e-05 -0.0052698901572100455 0.0 -775.0406532051446 0.08213063628728656
420.0 -0.004971608034427533 2.394501297011926e-05 2.3438079578141922e-05 -0.005500240332281376 0.0 -814.7167488912922 0.08415837668691305
430.0 -0.005213843263103257 2.4501499324042533e-05 2.3858589277558906e-05 -0.00573079474987358 0.0 -854.4386507111565 0.0861791346578499
440.0 -0.005461627283381176 2.5054764731710622e-05 2.4270965315409397e-05 -0.005961309422330691 0.0 -894.1276644526353 0.08819259630360587
450.0 -0.005714927704154604 2.5604774348215544e-05 2.4675490336534268e-05 -0.0061915547637009195 0.0 -933.7068328148794 0.09019848018170934
460.0 -0.005973711828993089 2.615150181368911e-05 2.507244425729027e-05 -0.0064213147889285345 0.0 -973.1008939329759 0.09219653508147552
470.0 -0.006237946736916911 2.6694928456611935e-05 2.5462103624285247e-05 -0.006650386329414191 0.0 -1012.2362321947757 0.09418653789928859
480.0 -0.006507599355661142 2.723504256968498e-05 2.5844741158032037e-05 -0.0068785782718047365 0.0 -1051.0408235755785 0.09616829162108984
490.0 -0.006782636527908892 2.777183875256844e-05 2.6220625438178047e-05 -0.0071057108248760445 0.0 -1089.4441772540008 0.09814162341745264
500.0 -0.007063025071396112 2.8305317315900485e-05 2.6590020696382055e-05 -0.007331614817717982 0.0 -1127.3772748937176 0.1001063828533261
510.0 -0.007348731833246802 2.8835483741222685e-05 2.6953186698541742e-05 -0.0075561310312146955 0.0 -1164.7725086691416 0.10206244021201001
520.0 -0.007639723739170989 2.9362348191717403e-05 2.731037868581865e-05 -0.00777910956376102 0.0 -1201.56361887383 0.10400968493107648
530.0 -0.007935967838076152 2.9885925069001414e-05 2.766184736646693e-05 -0.008000409231499545 0.0 -1237.68563174675 0.10594802414659371
540.0 -0.008237431342383417 3.040623261154903e-05 2.80078389414129e-05 -0.00821989700271422 0.0 -1273.074798008092 0.10787738134108282
550.0 -0.008544081664549452 3.092329253067707e-05 2.8348595151683754e-05 -0.008437447465635515 0.0 -1307.6685324705295 0.10979769509002055
560.0 -0.008855886450113815 3.143712968036027e-05 2.868435334058006e-05 -0.008652942328621694 0.0 -1341.4053550016135 0.11170891790133233
570.0 -0.009172813607627006 3.1947771757476045e-05 2.9015346525085305e-05 -0.008866269951470678 0.0 -1374.224833041616 0.11361101514214864
580.0 -0.009494831335658205 3.2455249029388e-05 2.9341803468874162e-05 -0.009077324906442162 0.0 -1406.067525828625 0.11550396404707908
590.0 -0.009821908147266356 3.295959408606746e-05 2.966394875354439e-05 -0.009286007567581765 0.0 -1436.8749304411338 0.11738775280232189
600.0 -0.010154012892076736 3.346084161422474e-05 2.998200284540786e-05 -0.009492223726798539 0.0 -1466.5894297402504 0.11926237970010871
610.0 -0.01049111477619391 3.3959028191170614e-05 3.029618215624197e-05 -0.009695884235236152 0.0 -1495.1542422697614 0.12112785235818374
620.0 -0.010833183380157152 3.445419209635659e-05 3.060669909533686e-05 -0.009896904668459505 0.0 -1522.5133741582956 0.12298418699927778
630.0 -0.011180188675087521 3.4946373138754054e-05 3.0913762111062226e-05 -0.010095205013990048 0.0 -1548.6115730553108 0.12483140778582114
640.0 -0.01153210103718294 3.543561249842086e-05 3.121757572515094e-05 -0.0102907093798587 0.0 -1573.3942841240078 0.12666954620541296
650.0 -0.011888891260678491 3.5921952580781694e-05 3.151834055472591e-05 -0.010483345722826961 0.0 -1596.807608106948 0.12849864050287563
660.0 -0.012250530569417606 3.6405436882301055e-05 3.181625332349114e-05 -0.0106730455950155 0.0 -1618.7982614776774 0.13031873515500716
670.0 -0.012616990627172697 3.68861098663761e-05 3.211150686741604e-05 -0.01085974390776158 0.0 -1639.3135386836063 0.13212988038443216
680.0 -0.012988243546661948 3.736401684839924e-05 3.240429012780765e-05 -0.011043378711609732 0.0 -1658.3012764851248 0.13393213170921903
690.0 -0.01336426189759976 3.7839203889065314e-05 3.269478813585636e-05 -0.011223890991327064 0.0 -1675.7098203886278 0.1357255495252172
700.0 -0.013745018713599677 3.831171769509376e-05 3.298318199274064e-05 -0.011401224475018332 0.0 -1691.4879931708306 0.13751019871828818
710.0 -0.014130487498196231 3.8781605526631414e-05 3.326964884173833e-05 -0.011575325456542324 0.0 -1705.585065487107 0.13928614830383285
720.0 -0.014520642229932434 3.9248915110737134e-05 3.355436183305471e-05 -0.011746142629173024 0.0 -1717.9507285381683 0.1410534710914993
730.0 -0.014915457366598162 3.9713694560234614e-05 3.383749008705195e-05 -0.011913626933377632 0.0 -1728.5350688187589 0.14281224337218526
740.0 -0.01531490784873668 4.0175992297671956e-05 3.411919865232704e-05 -0.012077731411776852 0.0 -1737.2885448607565 0.1445625446266192
750.0 -0.01571896910236248 4.0635856983706356e-05 3.4399648460237134e-05 -0.012238411076809565 0.0 -1744.1619660110005 0.146304457252492
760.0 -0.016127617041004072 4.109333744967165e-05 3.4678996281378714e-05 -0.012395622786686343 0.0 -1749.106473174211 0.14803806630927804
770.0 -0.01654082806708601 4.154848263393871e-05 3.495739467673786e-05 -0.012549325130308611 0.0 -1752.0735215006498 0.14976345927902085
780.0 -0.01695857907268561 4.2001341521751424e-05 3.523499195292601e-05 -0.012699478321348514 0.0 -1753.014864989402 0.1514807258416212
790.0 -0.01738084743977808 4.245196308845975e-05 3.551193211652759e-05 -0.012846044095429674 0.0 -1751.8825428811313 0.15318995766444504
800.0 -0.017807611039771132 4.290039624547991e-05 3.57883548311122e-05 -0.01298898562318535 0.0 -1748.6288679938993 0.1548912482027095
810.0 -0.018238848232666527 4.334668978937338e-05 3.606439537673367e-05 -0.013128267421223642 0.0 -1743.2064166831183 0.15658469251291157
820.0 -0.018674537865653207 4.379089235341244e-05 3.634018461173838e-05 -0.013263855274269485 0.0 -1735.568020577849 0.1582703870758751
830.0 -0.019114659271242118 4.423305236169185e-05 3.6615848939725024e-05 -0.013395716161742333 0.0 -1725.66675994001 0.1599484296297912
840.0 -0.01955919226497116 4.467321798560734e-05 3.6891510280057104e-05 -0.013523818189989491 0.0 -1713.4559586044893 0.16161891901223957
850.0 -0.020008117142637616 4.511143710258799e-05 3.716728604388209e-05 -0.013648130529624738 0.0 -1698.8891804360042 0.1632819550105778
860.0 -0.020461414677189538 4.554775725698405e-05 3.7443289113703315e-05 -0.013768623357684442 0.0 -1681.9202272331124 0.1649376382201099
870.0 -0.020919066115190788 4.5982225623021617e-05 3.771962782970206e-05 -0.013885267804234696 0.0 -1662.503138010397 0.16658606990951774
880.0 -0.021381053172966347 4.641488896974627e-05 3.7996405981921556e-05 -0.013998035903176059 0.0 -1640.5921895871443 0.1682273518930775
890.0 -0.021847358032342612 4.684579362788457e-05 3.8273722807247165e-05 -0.014106900546959464 0.0 -1616.1418984115348 0.16986158640923826
900.0 -0.02231796333614966 4.727498545856354e-05 3.855167299260387e-05 -0.014211835444946187 0.0 -1589.107023544793 0.1714888760051817
910.0 -0.02279285218335758 4.770250982383026e-05 3.8830346686147264e-05 -0.014312815085160748 0.0 -1559.4425707325197 0.1731093234270195
920.0 -0.023272008123925048 4.8128411558918236e-05 3.910982951076392e-05 -0.014409814699241498 0.0 -1527.1037974909 0.1747230315153126
930.0 -0.023755415153438264 4.8552734946217436e-05 3.939020258609815e-05 -0.014502810230325876 0.0 -1492.046219129359 0.17633010310563957
940.0 -0.02424305770744084 4.897552369089736e-05 3.967154255821725e-05 -0.014591778303710109 0.0 -1454.2256156421483 0.17793064093395372
950.0 -0.024734920655532733 4.939682089814693e-05 3.995392163052003e-05 -0.01467669620005927 0.0 -1413.5980393901184 0.1795247475465055
960.0 -0.025230989295295103 4.981666905198558e-05 4.023740760423777e-05 -0.014757541830998464 0.0 -1370.1198235062088 0.18111252521411908
970.0 -0.02573124934595228 5.023510999561046e-05 4.052206392497481e-05 -0.01483429371692809 0.0 -1323.747590950374 0.18269407585063338
980.0 -0.02623568694186318 5.065218491324006e-05 4.0807949729781964e-05 -0.014906930966880776 0.0 -1274.4382641466796 0.18426950093533784
990.0 -0.026744288625895507 5.10679343134161e-05 4.109511990382231e-05 -0.014975433260279643 0.0 -1222.1490751354538 0.18583890143924273
1000.0 -0.02725704134254059 5.1482398013729376e-05 4.138362514236604e-05 -0.015039780830464648 0.0 -1166.837576173304 0.1874023777550402
1010.0 -0.027773932430964265 5.18956151269298e-05 4.1673512015272254e-05 -0.01509995444982326 0.0 -1108.4616507190583 0.18896002963062358
1020.0 -0.028294949617858833 5.230762404838603e-05 4.1964823035556266e-05 -0.01515593541643992 0.0 -1046.9795247433772 0.1905119561060392
1030.0 -0.028820081010255905 5.271846244485707e-05 4.225759673222029e-05 -0.015207705542116945 0.0 -982.3497783025704 0.19205825545375754
1040.0 -0.029349315088182948 5.31281672445384e-05 4.255186773161057e-05 -0.015255247141656077 0.0 -914.5313573202981 0.19359902512215735
1050.0 -0.02988264069718838 5.3536774628347324e-05 4.2847666837353414e-05 -0.015298543023305751 0.0 -843.4835855208632 0.19513436168212117
1060.0 -0.03042004704086665 5.394432002240677e-05 4.314502111171237e-05 -0.015337576480276475 0.0 -769.1661764652486 0.19666436077664654
1070.0 -0.030961523673301627 5.4350838091693856e-05 4.3443953967425844e-05 -0.015372331283220578 0.0 -691.5392456359158 0.198189117073386
1080.0 -0.031507060491364314 5.475636273481219e-05 4.3744485256702605e-05 -0.015402791673584318 0.0 -610.5633225261704 0.19970872422002875
1090.0 -0.03205664772709227 5.51609270798515e-05 4.4046631364480504e-05 -0.015428942357779266 0.0 -526.1993626884346 0.2012232748024418
1100.0 -0.03261027593990207 5.556456348129591e-05 4.435040530257339e-05 -0.01545076850206098 0.0 -438.40875969876 0.20273286030549353
1110.0 -0.033167936008918986 5.596730351794267e-05 4.46558168071931e-05 -0.015468255728065051 0.0 -347.15335699834344 0.20423757107648377
1120.0 -0.03372961912513972 5.6369177991792266e-05 4.496287243931363e-05 -0.015481390108921808 0.0 -252.39545957515645 0.20573749629110588
1130.0 -0.03429531678371234 5.677021692787309e-05 4.527157568166018e-05 -0.015490158165890748 0.0 -154.09784544937432 0.2072327239218722
1140.0 -0.03486502077615583 5.7170449574961124e-05 4.5581927043159e-05 -0.015494546865454536 0.0 -52.22377693156824 0.2087233407089305
1150.0 -0.03543872318258323 5.756990440715614e-05 4.589392415894622e-05 -0.015494543616826319 0.0 53.26298837552216 0.21020943213320442
1160.0 -0.03601641636400288 5.7968609126278915e-05 4.6207561893396584e-05 -0.015490136269794496 0.0 162.39818686323085 0.21169108239179388
1170.0 -0.036598092954591266 5.836659066504813e-05 4.652283244439559e-05 -0.015481313112887862 0.0 275.21703851088665 0.21316837437556518
1180.0 -0.03718374585401918 5.876387519100395e-05 4.683972544636816e-05 -0.015468062871792776 0.0 391.75423681713994 0.21464138964887103
1190.0 -0.03777336821980981 5.916048811113681e-05 4.715822807277448e-05 -0.015450374707993788 0.0 512.0439390832888 0.21611020843133322
1200.0 -0.03836695345980701 5.955645407718991e-05 4.747832513913863e-05 -0.015428238217588486 0.0 636.1197570745481 0.21757490958162917
1210.0 -0.038964495224604434 5.995179699159325e-05 4.779999920891953e-05 -0.015401643430260587 0.0 764.0147480678459 0.21903557058321413
1220.0 -0.039565987400081326 6.0346540014001785e-05 4.812323069192104e-05 -0.015370580808355851 0.0 895.7614063112329 0.22049226753192586
1230.0 -0.04017142410006258 6.0740705568395116e-05 4.8447997946254874e-05 -0.015335041246035642 0.0 1031.3916548999307 0.22194507512540396
1240.0 -0.04078079965895398 6.113431535070932e-05 4.877427738190221e-05 -0.0152950160685039 0.0 1170.93683808343 0.22339406665426664
1250.0 -0.041394108624508874 6.15273903369673e-05 4.910204355805803e-05 -0.015250497031241067 0.0 1314.4277140162474 0.22483931399498697
1260.0 -0.04201134575066945 6.191995079187164e-05 4.943126928100838e-05 -0.0152014763192636 0.0 1461.8944479542138 0.22628088760440554
1270.0 -0.04263250599052526 6.231201627783238e-05 4.976192570183002e-05 -0.015147946546354955 0.0 1613.3666059091354 0.22771885651582513
1280.0 -0.043257584489303724 6.27036056643955e-05 5.0093982412136026e-05 -0.015089900754270842 0.0 1768.8731487631883 0.22915328833662765
1290.0 -0.04388657657750983 6.309473713804261e-05 5.0427407538577995e-05 -0.015027332411885879 0.0 1928.4424268474002 0.2305842492473561
1300.0 -0.044519477764136894 6.348542821233383e-05 5.0762167834506045e-05 -0.014960235414280485 0.0 2092.102174988262 0.2320118040022064
1310.0 -0.04515628372999814 6.387569573836217e-05 5.109822876949721e-05 -0.014888604081740009 0.0 2259.8795080204723 0.23343601593087104
1320.0 -0.045796990321161246 6.426555591548904e-05 5.1435554623502355e-05 -0.014812433158328838 0.0 2431.8009167843024 0.23485694694168552
1330.0 -0.046441593542422055 6.465502430236621e-05 5.177410856749276e-05 -0.014731717812083907 0.0 2607.892264507786 0.23627465752599622
1340.0 -0.04709008955106597 6.504411582813561e-05 5.2113852749968716e-05 -0.014646453631678664 0.0 2788.1787838139776 0.2376892067637637
1350.0 -0.04774247465052994 6.543284480389274e-05 5.245474837813902e-05 -0.014556636626462824 0.0 2972.685074024522 0.2391006523302549
1360.0 -0.04839874528439836 6.58212249342617e-05 5.279675581189025e-05 -0.014462263222403775 0.0 3161.4350991102133 0.24050905050384352
1370.0 -0.04905889803017871 6.620926932930067e-05 5.313983462809091e-05 -0.014363330266734343 0.0 3354.452185661494 0.2419144561748361
1380.0 -0.04972292959367408 6.659699051625656e-05 5.348394369377729e-05 -0.01425983501756241 0.0 3551.75902203385 0.24331692285528428
1390.0 -0.050390836803057226 6.698440045172317e-05 5.382904125994514e-05 -0.014151775148095897 0.0 3753.3776572100937 0.24471650268973125
1400.0 -0.05106261660325373 6.73715105337243e-05 5.41750850175049e-05 -0.014039148742116302 0.0 3959.3295005140167 0.24611324646683402
1410.0 -0.05173826605045306 6.775833161392973e-05 5.4522032174020295e-05 -0.013921954292096252 0.0 4169.63532161296 0.2475072036318279
1420.0 -0.052417782306648064 6.814487400991944e-05 5.486983952032176e-05 -0.013800190696771913 0.0 4384.315250954756 0.24889842229977746
1430.0 -0.053101162634408894 6.853114751748535e-05 5.521846349498816e-05 -0.013673857258559371 0.0 4603.3887806095945 0.2502869492695702
1440.0 -0.05378840439171739 6.891716142295588e-05 5.556786025167071e-05 -0.013542953680816943 0.0 4826.8747655106945 0.25167283003860763
1450.0 -0.054479505026883146 6.930292451552496e-05 5.591798571487061e-05 -0.013407480064970752 0.0 5054.7914250804115 0.253056108818152
1460.0 -0.05517446207372245 6.968844509956133e-05 5.6268795645841865e-05 -0.013267436907167873 0.0 5287.156345249198 0.25443682854926897
1470.0 -0.055873273146666236 7.007373100694595e-05 5.662024568913182e-05 -0.013122825096621077 0.0 5523.9864807456215 0.25581503091940894
1480.0 -0.05657593593623389 7.045878960922369e-05 5.697229144043803e-05 -0.012973645908779734 0.0 5765.29815800308 0.25719075637932876
1490.0 -0.057282448204293956 7.084362782996349e-05 5.732488848781969e-05 -0.012819901007211212 0.0 6011.107077948174 0.2585640441608413
1500.0 -0.057992807779886135 7.122825215670813e-05 5.7677992462323854e-05 -0.012661592433838723 0.0 6261.428319723607 0.25993493229455067
1510.0 -0.05870701255470934 7.161266865318522e-05 5.803155909962498e-05 -0.012498722610133678 0.0 6516.276344151063 0.2613034576284635
1520.0 -0.05942506047906804 7.199688297120745e-05 5.8385544268091395e-05 -0.012331294330922138 0.0 6775.664997883544 0.2626696558466649
1530.0 -0.06014694955775468 7.238090036255907e-05 5.873990402296414e-05 -0.01215931076082579 0.0 7039.607517709562 0.2640335614884517
1540.0 -0.060872677846148804 7.276472569076282e-05 5.909459464561451e-05 -0.01198277543014812 0.0 7308.116535167681 0.26539520796775434
1550.0 -0.06160224344635168 7.314836344272683e-05 5.9449572683334395e-05 -0.011801692230607976 0.0 7581.2040814339825 0.2667546275928258
1560.0 -0.06233564450352702 7.353181774026881e-05 5.980479498717273e-05 -0.011616065410974825 0.0 7858.881592473281 0.2681118515861737
1570.0 -0.06307287920224525 7.391509235150405e-05 6.0160218747995486e-05 -0.011425899572589137 0.0 8141.159914436951 0.2694669101046965
1580.0 -0.06381394576305865 7.429819070209638e-05 6.0515801529348324e-05 -0.011231199664776967 0.0 8428.049309303527 0.2708198322600017
1590.0 -0.06455884243910504 7.468111588635855e-05 6.0871501301384966e-05 -0.011031970980165728 0.0 8719.559460740416 0.2721706461388697
1600.0 -0.06530756751284272 7.506387067820177e-05 6.104937520774456e-05 -0.010828219149901253 0.0 9015.699480184547 0.27351937882384003
