#Found quasiharmonic mode : None
#T(K), volume, F(eV), S(J/K), H(J/K), a(-6/K), Cp(J/mol), Cv, Cpion, Bt(GPa), T_ph-D(K), T-D(K), F_el_atom, S_el_atom, C_el_atom, M_el, Seebeck_coefficients(μV/K), Lorenz_number(WΩK^{−2}), Q_el, Q_p, Q_e, C_mu, W_p, W_e, Y_p, Y_e
0.0 9.16102013293358 -6.541061528607024 0.0 -631116.4940050036 0.0 0.0 0.0 0.0 168.8560269699008 400.0 400.0 0.0 0.0 0.0 0.0 0.0 2.443004551768e-08 0.0 0.0 0.0 0.0 0.0 0.0 0.0 0.0 0.0
0.22 9.161020132933603 -6.541061528607017 5.591860488739347e-09 -631116.4940050017 1.46628051954877e-14 1.6775581466218438e-08 1.677558146621804e-08 1.6775581466218438e-08 168.85602696989758 1072.5357881279226 400.0 0.0 0.0 0.0 0.0 0.0 2.443004551768e-08 0.0 0.0 0.0 0.0 7.319400431212556e-15 0.0 0.0 0.0 0.0
0.55 9.161020132934425 -6.541061528607123 8.737282013658284e-08 -631116.4940049652 2.2106998602454723e-13 2.621184604099739e-07 2.6211846040974853e-07 2.621184604099739e-07 168.8560269696702 1072.5357881277976 400.0 0.0 0.0 0.0 0.0 0.0 2.443004551768e-08 0.0 0.0 0.0 0.0 2.1975180977192005e-13 0.0 0.0 0.0 0.0
1.01 9.161020132943076 -6.541061528608381 5.410686939736879e-07 -631116.4940045881 1.3677169867002672e-12 1.6232060819369045e-06 1.623206081921064e-06 1.6232060819369045e-06 168.85602696728677 1072.5357881264833 400.0 0.0 0.0 0.0 0.0 0.0 2.443004551768e-08 0.0 0.0 0.0 0.0 1.3689829809209608e-12 0.0 0.0 0.0 0.0
1.59 9.161020132991878 -6.541061528615437 2.1109583187520556e-06 -631116.4940024589 5.33531740094603e-12 6.3328749566356315e-06 6.3328749562561675e-06 6.3328749566356315e-06 168.8560269538214 1072.5357881190698 400.0 0.0 0.0 0.0 0.0 0.0 2.443004551768e-08 0.0 0.0 0.0 0.0 5.306565405780459e-12 0.0 0.0 0.0 0.0
2.29 9.161020133184376 -6.541061528643304 6.306591952100033e-06 -631116.4939940621 1.593956760935956e-11 1.8919775861178106e-05 1.89197758563001e-05 1.8919775861178106e-05 168.8560269007079 1072.5357880898264 400.0 0.0 0.0 0.0 0.0 0.0 2.443004551768e-08 0.0 0.0 0.0 0.0 1.6028636907016178e-11 0.0 0.0 0.0 0.0
3.11 9.161020133786694 -6.54106152873058 1.5796812103871712e-05 -631116.4939677969 3.992537153907315e-11 4.7390436353178646e-05 4.739043631161514e-05 4.7390436353178646e-05 168.85602673452868 1072.5357879983255 400.0 0.0 0.0 0.0 0.0 0.0 2.443004551768e-08 0.0 0.0 0.0 0.0 3.951858397338023e-11 0.0 0.0 0.0 0.0
4.05 9.161020135387139 -6.541061528962338 3.488617502223829e-05 -631116.4938979972 8.81725193714257e-11 0.00010465852533069751 0.00010465852506671488 0.00010465852533069751 168.85602629298378 1072.535787755195 400.0 0.0 0.0 0.0 0.0 0.0 2.443004551768e-08 0.0 0.0 0.0 0.0 8.975208891232964e-11 0.0 0.0 0.0 0.0
5.11 9.161020139331928 -6.5410615295142875 7.007304447765981e-05 -631116.493734468 1.8544821338020226e-10 0.00021021913490637726 0.00021021913343297944 0.00021021913490637726 168.85602525449818 1072.535787155925 400.0 0.0 0.0 0.0 0.0 0.0 2.443004551768e-08 0.0 0.0 0.0 0.0 1.8932279573722476e-10 0.0 0.0 0.0 0.0
6.29 9.161020147716465 -6.541061530824479 0.00014440722287838062 -631116.493310634 3.4510709199043987e-10 0.00045536769366593457 0.0004553676873851742 0.00045536769366593457 168.8560237305159 1020.3399266701103 400.0 0.0 0.0 0.0 0.0 0.0 2.443004551768e-08 0.0 0.0 0.0 0.0 3.2777858668594384e-10 0.0 0.0 0.0 0.0
7.6 9.161020163243757 -6.54106153346666 0.00026183510013169214 -631116.4924839404 5.707135474284929e-10 0.0008211457967913912 0.0008211457760372983 0.0008211457967913912 168.85602045870647 1012.8733357229216 400.0 0.0 0.0 0.0 0.0 0.0 2.443004551768e-08 0.0 0.0 0.0 0.0 5.614012166307246e-10 0.0 0.0 0.0 0.0
9.02 9.161020192307998 -6.541061538494624 0.00044734626164817334 -631116.4909239487 9.389815356620749e-10 0.0013947656877730573 0.0013947656210963062 0.0013947656877730573 168.8560152008532 1007.5217435056676 400.0 0.0 0.0 0.0 0.0 0.0 2.443004551768e-08 0.0 0.0 0.0 0.0 9.415193897862177e-10 0.0 0.0 0.0 0.0
10.57 9.161020243507773 -6.5410615476576055 0.0007326271031480058 -631116.4880992369 1.4939985248534608e-09 0.0022746379817505193 0.0022746377839492414 0.0022746379817505193 168.85600663547834 1003.0422013189908 400.0 0.0 0.0 0.0 0.0 0.0 2.443004551768e-08 0.0 0.0 0.0 0.0 1.4932248668899073e-09 0.0 0.0 0.0 0.0
12.23 9.16102032919236 -6.5410615633736455 0.00115172753816829 -631116.4832738449 2.3027709524647825e-09 0.0035689697869129545 0.003568969243184977 0.0035689697869129545 168.85599314499896 998.7585059483393 400.0 0.0 0.0 0.0 0.0 0.0 2.443004551768e-08 0.0 0.0 0.0 0.0 2.3028767734804523e-09 0.0 0.0 0.0 0.0
14.02 9.161020469918869 -6.541061589597895 0.0017586297740054895 -631116.4752337387 3.475320212339122e-09 0.005451677668034973 0.005451676248352057 0.005451677668034973 168.85597190989688 994.1523975095496 400.0 0.0 0.0 0.0 0.0 0.0 2.443004551768e-08 0.0 0.0 0.0 0.0 3.475141676396851e-09 0.0 0.0 0.0 0.0
15.93 9.161020694035365 -6.541061631706526 0.0026140362035944995 -631116.4623109966 5.141950472079019e-09 0.008124431985431986 0.008124428454208778 0.008124431985431986 168.85593893403583 988.9320965317476 400.0 0.0 0.0 0.0 0.0 0.0 2.443004551768e-08 0.0 0.0 0.0 0.0 5.141813285739075e-09 0.0 0.0 0.0 0.0
17.95 9.161021041146059 -6.5410616970287805 0.00379145461562266 -631116.4421986224 7.469006667669045e-09 0.01183964601490833 0.011839637619464707 0.01183964601490833 168.85588835506718 982.8787689302816 400.0 0.0 0.0 0.0 0.0 0.0 2.443004551768e-08 0.0 0.0 0.0 0.0 7.468730156074415e-09 0.0 0.0 0.0 0.0
20.1 9.161021574191563 -6.5410617969284175 0.005404203661042378 -631116.4112695889 1.0719334670747617e-08 0.01699403503480867 0.016994015671255816 0.01699403503480867 168.85581039929073 975.6911285465985 400.0 0.0 0.0 0.0 0.0 0.0 2.443004551768e-08 0.0 0.0 0.0 0.0 1.0718973649854726e-08 0.0 0.0 0.0 0.0
22.37 9.161022376730696 -6.541061945942445 0.007577337288232287 -631116.3647667152 1.520839621910486e-08 0.024054673751969853 0.02405463037233621 0.024054673751969853 168.85569123791396 967.1222892622164 400.0 0.0 0.0 0.0 0.0 0.0 2.443004551768e-08 0.0 0.0 0.0 0.0 1.520779123351446e-08 0.0 0.0 0.0 0.0
24.77 9.161023575306146 -6.5410621653571965 0.0104919359661558 -631116.2955568016 2.1411139107387188e-08 0.03372425405207551 0.033724158847417134 0.03372425405207551 168.8555087631678 956.813445325253 400.0 0.0 0.0 0.0 0.0 0.0 2.443004551768e-08 0.0 0.0 0.0 0.0 2.1410438016596203e-08 0.0 0.0 0.0 0.0
27.28 9.161025331724938 -6.541062480901957 0.014341919243741267 -631116.1946399395 2.988994180572106e-08 0.04682649555464344 0.04682629121787356 0.04682649555464344 168.8552324642508 944.5597109425198 400.0 0.0 0.0 0.0 0.0 0.0 2.443004551768e-08 0.0 0.0 0.0 0.0 2.988903708179516e-08 0.0 0.0 0.0 0.0
29.91 9.161027893088331 -6.541062930615354 0.019422889830024177 -631116.0483396081 4.149934354113143e-08 0.06462553018704849 0.06462509832013658 0.06462553018704849 168.8548141743931 930.1742497045655 400.0 0.0 0.0 0.0 0.0 0.0 2.443004551768e-08 0.0 0.0 0.0 0.0 4.149848554460522e-08 0.0 0.0 0.0 0.0
32.66 9.161031601722847 -6.541063564943478 0.026107068910149397 -631115.8378247321 5.733699562324956e-08 0.08875161293808578 0.08875071274501116 0.08875161293808578 168.85418479054823 913.7776536694007 400.0 0.0 0.0 0.0 0.0 0.0 2.443004551768e-08 0.0 0.0 0.0 0.0 5.733616511700008e-08 0.0 0.0 0.0 0.0
35.54 9.1610369558543 -6.541064455584554 0.03490938589443901 -631115.535735828 7.887610291901166e-08 0.12140915764783224 0.12140730387818505 0.12140915764783224 168.85324316386243 895.7443840022269 400.0 0.0 0.0 0.0 0.0 0.0 2.443004551768e-08 0.0 0.0 0.0 0.0 7.887585781649235e-08 0.0 0.0 0.0 0.0
38.53 9.161044571083588 -6.541065688190258 0.04637813970917551 -631115.1083940504 1.0764306760813519e-07 0.16489516089530523 0.16489141793340356 0.16489516089530523 168.85186354324946 876.8952730316724 400.0 0.0 0.0 0.0 0.0 0.0 2.443004551768e-08 0.0 0.0 0.0 0.0 1.07643043404379e-07 0.0 0.0 0.0 0.0
41.65 9.161055372091322 -6.541067393822637 0.0613418308628922 -631114.5050250245 1.4575260325552076e-07 0.22241561612385918 0.2224081981161493 0.22241561612385918 168.84986354175615 857.9164590523418 400.0 0.0 0.0 0.0 0.0 0.0 2.443004551768e-08 0.0 0.0 0.0 0.0 1.4575324962556398e-07 0.0 0.0 0.0 0.0
44.89 9.16107047415143 -6.541069730945416 0.08066403976228889 -631113.6644016027 1.9521223037792575e-07 0.29703782207108004 0.29702348050058475 0.29703782207108004 168.84702919092803 839.642770408162 400.0 0.0 0.0 0.0 0.0 0.0 2.443004551768e-08 0.0 0.0 0.0 0.0 1.9521331545604597e-07 0.0 0.0 0.0 0.0
48.25 9.161091313309822 -6.541072909637997 0.10538087316392834 -631112.5074804268 2.581842666481606e-07 0.39208978135686423 0.39206281757547623 0.39208978135686423 168.84309673182713 822.6908264042119 400.0 0.0 0.0 0.0 0.0 0.0 2.443004551768e-08 0.0 0.0 0.0 0.0 2.581858394445716e-07 0.0 0.0 0.0 0.0
51.72 9.161119562081636 -6.541077183662175 0.13655257450716204 -631110.9419890457 3.365506910518725e-07 0.5105041882072644 0.5104550780785735 0.5105041882072644 168.837774789172 807.5119562663932 400.0 0.0 0.0 0.0 0.0 0.0 2.443004551768e-08 0.0 0.0 0.0 0.0 3.36552492508762e-07 0.0 0.0 0.0 0.0
55.32 9.161157493000418 -6.5410829120405225 0.1756151836621162 -631108.8421607264 4.3275188375167886e-07 0.6560873306050898 0.6560004835204601 0.6560873306050898 168.83068307036672 794.2250544508104 400.0 0.0 0.0 0.0 0.0 0.0 2.443004551768e-08 0.0 0.0 0.0 0.0 4.32753960421289e-07 0.0 0.0 0.0 0.0
59.04 9.161207505828248 -6.541090495699535 0.223816359077257 -631106.0747867052 5.483431384478165e-07 0.8313392276817883 0.8311904201437298 0.8313392276817883 168.8214491510711 782.911636644668 400.0 0.0 0.0 0.0 0.0 0.0 2.443004551768e-08 0.0 0.0 0.0 0.0 5.483453634305998e-07 0.0 0.0 0.0 0.0
62.89 9.161272613002085 -6.541100460738704 0.2826878131844976 -631102.4721480878 6.851526943695486e-07 1.0392067209189197 1.0389592621999308 1.0392067209189197 168.80962585283814 773.4583940517349 400.0 0.0 0.0 0.0 0.0 0.0 2.443004551768e-08 0.0 0.0 0.0 0.0 6.851548565883011e-07 0.0 0.0 0.0 0.0
66.85 9.161355643106202 -6.541113346635385 0.35329512976303146 -631097.8759052551 8.435463260236797e-07 1.2804471287197712 1.2800484421404545 1.2804471287197712 168.79484298865276 765.7442807574416 400.0 0.0 0.0 0.0 0.0 0.0 2.443004551768e-08 0.0 0.0 0.0 0.0 8.4354839348241e-07 0.0 0.0 0.0 0.0
70.93 9.161460218192465 -6.541129866013009 0.4371174852440805 -631092.0828190879 1.0245140287303056e-06 1.556795489852814 1.5561715593537406 1.556795489852814 168.77663523216938 759.534720813719 400.0 0.0 0.0 0.0 0.0 0.0 2.443004551768e-08 0.0 0.0 0.0 0.0 1.0245160682154531e-06 0.0 0.0 0.0 0.0
75.14 9.16159041825803 -6.5411508677208445 0.5356782904764924 -631084.8630523256 1.2287743505292274e-06 1.8696074626994634 1.868656780975985 1.8696074626994634 168.75451282909899 754.6040140262439 400.0 0.0 0.0 0.0 0.0 0.0 2.443004551768e-08 0.0 0.0 0.0 0.0 1.228775823464483e-06 0.0 0.0 0.0 0.0
79.46 9.16174959628554 -6.541177154327428 0.6496915602194405 -631076.0256996634 1.4551192176826596e-06 2.2173106327200127 2.2159010027599324 2.2173106327200127 168.728163083819 750.7697200629289 400.0 0.0 0.0 0.0 0.0 0.0 2.443004551768e-08 0.0 0.0 0.0 0.0 1.455120720579879e-06 0.0 0.0 0.0 0.0
83.91 9.161942637722074 -6.541209860552883 0.7807486401158256 -631065.2932436717 1.7039180950749008e-06 2.6007671708878 2.5987263745057754 2.6007671708878 168.69707183991673 747.8274972283501 400.0 0.0 0.0 0.0 0.0 0.0 2.443004551768e-08 0.0 0.0 0.0 0.0 1.703918815493119e-06 0.0 0.0 0.0 0.0
88.47 9.162172926585663 -6.541249958278641 0.9291827488886819 -631052.4699066567 1.9729755911190667e-06 3.0168958504007524 3.01401151290263 3.0168958504007524 168.6610221152351 745.6286150870977 400.0 0.0 0.0 0.0 0.0 0.0 2.443004551768e-08 0.0 0.0 0.0 0.0 1.9729762903994207e-06 0.0 0.0 0.0 0.0
93.16 9.162445781375412 -6.541298850323734 1.096410595346569 -631037.2504585972 2.2620303653571837e-06 3.4655948897981164 3.4616033627818896 3.4655948897981164 168.61954091471554 744.024961662094 400.0 0.0 0.0 0.0 0.0 0.0 2.443004551768e-08 0.0 0.0 0.0 0.0 2.262030438714108e-06 0.0 0.0 0.0 0.0
97.97 9.162765036357941 -6.541357786883303 1.2827205409261395 -631019.4104517892 2.5687607258352605e-06 3.943557747787043 3.9381458830314466 3.943557747787043 168.5724348719213 742.9058057614809 400.0 0.0 0.0 0.0 0.0 0.0 2.443004551768e-08 0.0 0.0 0.0 0.0 2.568760473944928e-06 0.0 0.0 0.0 0.0
102.9 9.163134925541211 -6.5414281951907185 1.4885378712505684 -630998.701405157 2.891183198465926e-06 4.44796649790872 4.440767795534154 4.44796649790872 168.51948661982283 742.1745670583432 400.0 0.0 0.0 0.0 0.0 0.0 2.443004551768e-08 0.0 0.0 0.0 0.0 2.8911825847476322e-06 0.0 0.0 0.0 0.0
107.95 9.16355956172743 -6.541511592586808 1.7141146934290232 -630974.8798964126 3.227144663974305e-06 4.9756973571758225 4.966291133606374 4.9756973571758225 168.4605302315163 741.7516284231968 400.0 0.0 0.0 0.0 0.0 0.0 2.443004551768e-08 0.0 0.0 0.0 0.0 3.2271437521390962e-06 0.0 0.0 0.0 0.0
113.12 9.16404289002081 -6.541609578984669 1.9595341659864038 -630947.7103228528 3.574388941012237e-06 5.523415759632962 5.511327775228072 5.523415759632962 168.39545051874066 741.5716367446583 400.0 0.0 0.0 0.0 0.0 0.0 2.443004551768e-08 0.0 0.0 0.0 0.0 3.574387796310438e-06 0.0 0.0 0.0 0.0
118.41 9.164588648521425 -6.5417238286048445 2.224718526086236 -630916.9673195826 3.93061951724059e-06 6.087668512344122 6.072373025963682 6.087668512344122 168.32418086192658 741.5811013111826 400.0 0.0 0.0 0.0 0.0 0.0 2.443004551768e-08 0.0 0.0 0.0 0.0 3.930618162265929e-06 0.0 0.0 0.0 0.0
123.82 9.165200336711528 -6.541856081221908 2.50944018975226 -630882.4377936424 4.293556073909965e-06 6.664969454080449 6.64589258906939 6.664969454080449 168.24669988929546 741.7363219998473 400.0 0.0 0.0 0.0 0.0 0.0 2.443004551768e-08 0.0 0.0 0.0 0.0 4.2935547224608526e-06 0.0 0.0 0.0 0.0
129.36 9.165882473408365 -6.542008423989564 2.813895712815658 -630843.8499710611 4.661643266805263e-06 7.25293246612547 7.229448259585909 7.25293246612547 168.16287212662215 742.0022053686426 400.0 0.0 0.0 0.0 0.0 0.0 2.443004551768e-08 0.0 0.0 0.0 0.0 4.661641629908502e-06 0.0 0.0 0.0 0.0
135.01 9.166635555322685 -6.542182152450323 3.1364991225415735 -630801.1590221716 5.03143928983026e-06 7.8460971052793145 7.817557242128929 7.8460971052793145 168.07305670169725 742.3487090061184 400.0 0.0 0.0 0.0 0.0 0.0 2.443004551768e-08 0.0 0.0 0.0 0.0 5.031437853942722e-06 0.0 0.0 0.0 0.0
140.79 9.167464918787637 -6.54237976786181 3.477797312348403 -630754.0456737097 5.402273242411232e-06 8.443382658644007 8.409088713054066 8.443382658644007 167.97702438034523 742.7533491252257 400.0 0.0 0.0 0.0 0.0 0.0 2.443004551768e-08 0.0 0.0 0.0 0.0 5.402271650260335e-06 0.0 0.0 0.0 0.0
146.68 9.168370073456362 -6.54260250019594 3.8359277674200696 -630702.5212756225 5.771045752884407e-06 9.039754765662389 8.999002469592345 9.039754765662389 167.87522200437087 743.1955359671822 400.0 0.0 0.0 0.0 0.0 0.0 2.443004551768e-08 0.0 0.0 0.0 0.0 5.7710443613346184e-06 0.0 0.0 0.0 0.0
152.7 9.169356182264426 -6.542853043161543 4.211349221042452 -630646.275855741 6.137364737918242e-06 9.634502962229488 9.586546974615333 9.634502962229488 167.76744085060233 743.6612012701424 400.0 0.0 0.0 0.0 0.0 0.0 2.443004551768e-08 0.0 0.0 0.0 0.0 6.137363358291934e-06 0.0 0.0 0.0 0.0
158.84 9.17042356677561 -6.543132989717243 4.6026457520734 -630585.2753669374 6.4991332693573815e-06 10.224123469758819 10.168216300490753 10.224123469758819 167.6540049789227 744.1370417525802 400.0 0.0 0.0 0.0 0.0 0.0 2.443004551768e-08 0.0 0.0 0.0 0.0 6.4991320026226895e-06 0.0 0.0 0.0 0.0
165.09 9.171571877223073 -6.543443780444385 5.008303900460113 -630519.5254737979 6.854516172425857e-06 10.805491345280474 10.740893530761452 10.805491345280474 167.53527427131314 744.6122184975515 400.0 0.0 0.0 0.0 0.0 0.0 2.443004551768e-08 0.0 0.0 0.0 0.0 6.854515048020682e-06 0.0 0.0 0.0 0.0
171.47 9.1728060690988 -6.543788367297594 5.428734835255853 -630448.7287794997 7.203556630126841e-06 11.3785303478567 11.304474078827383 11.3785303478567 167.4110451038107 745.080217856888 400.0 0.0 0.0 0.0 0.0 0.0 2.443004551768e-08 0.0 0.0 0.0 0.0 7.203555616717241e-06 0.0 0.0 0.0 0.0
177.97 9.174125394063447 -6.544168226774069 5.862389622567965 -630372.9153283191 7.544756031268928e-06 11.940624759700551 11.856360446202581 11.940624759700551 167.281687539181 745.5338993815474 400.0 0.0 0.0 0.0 0.0 0.0 2.443004551768e-08 0.0 0.0 0.0 0.0 7.544755137693139e-06 0.0 0.0 0.0 0.0
184.6 9.175532837539267 -6.544585953469813 6.3090330352995005 -630291.9018101055 7.877851876529839e-06 12.49117688992669 12.395947481923708 12.49117688992669 167.14718266530923 745.9689102082812 400.0 0.0 0.0 0.0 0.0 0.0 2.443004551768e-08 0.0 0.0 0.0 0.0 7.877851126837897e-06 0.0 0.0 0.0 0.0
191.34 9.177024765010447 -6.545042213779531 6.766408231356652 -630205.8871849504 8.201239757015736e-06 13.02736082624169 12.920455905236699 13.02736082624169 167.00812303255296 746.3800868959008 400.0 0.0 0.0 0.0 0.0 0.0 2.443004551768e-08 0.0 0.0 0.0 0.0 8.201239113997652e-06 0.0 0.0 0.0 0.0
198.2 9.178603680727766 -6.545539519959895 7.234289223241184 -630114.7183638695 8.514975092364483e-06 13.549089624314748 13.42979953143209 13.549089624314748 166.86449287217926 746.7651928471598 400.0 0.0 0.0 0.0 0.0 0.0 2.443004551768e-08 0.0 0.0 0.0 0.0 8.514974576019475e-06 0.0 0.0 0.0 0.0
205.18 9.180269845963611 -6.546079753897409 7.711797650788874 -630018.3724968105 8.818726959246378e-06 14.055640190458169 13.923274876100335 14.055640190458169 166.7164746374519 747.1220777317228 400.0 0.0 0.0 0.0 0.0 0.0 2.443004551768e-08 0.0 0.0 0.0 0.0 8.818726509576522e-06 0.0 0.0 0.0 0.0
212.29 9.18202588394256 -6.546665620435668 8.198763964686945 -629916.691064258 9.112680809495597e-06 14.547156161134517 14.401027635698336 14.547156161134517 166.56403130168874 747.4496515014085 400.0 0.0 0.0 0.0 0.0 0.0 2.443004551768e-08 0.0 0.0 0.0 0.0 9.11268052010482e-06 0.0 0.0 0.0 0.0
219.51 9.183866835356408 -6.5472972993877505 8.692991372686933 -629809.9558835877 9.39589294083695e-06 15.021897537239818 14.861379807904687 15.021897537239818 166.40776543399465 747.7459761768054 400.0 0.0 0.0 0.0 0.0 0.0 2.443004551768e-08 0.0 0.0 0.0 0.0 9.395892669561082e-06 0.0 0.0 0.0 0.0
226.86 9.18579766182841 -6.547978338523187 9.195052506096431 -629697.8750954425 9.669119180676021e-06 15.480976859967205 15.305428435437035 15.480976859967205 166.24741269966958 748.0112704092938 400.0 0.0 0.0 0.0 0.0 0.0 2.443004551768e-08 0.0 0.0 0.0 0.0 9.66911902871941e-06 0.0 0.0 0.0 0.0
234.33 9.187815614607452 -6.548709655129478 9.703499913832472 -629580.60489781 9.93200353154721e-06 15.923652832455485 15.73247681712885 15.923652832455485 166.08335123061337 748.2448305763043 400.0 0.0 0.0 0.0 0.0 0.0 2.443004551768e-08 0.0 0.0 0.0 0.0 9.93200342528857e-06 0.0 0.0 0.0 0.0
241.92 9.18992037101532 -6.549492982361926 10.217607622966124 -629458.1619846518 1.0184656336480366e-05 16.34997552071623 16.142600103183103 16.34997552071623 165.9157373163825 748.4466554607799 400.0 0.0 0.0 0.0 0.0 0.0 2.443004551768e-08 0.0 0.0 0.0 0.0 1.018465632960078e-05 0.0 0.0 0.0 0.0
249.62 9.192108662207136 -6.550328906771384 10.73601633427312 -629330.7356677123 1.0426935163392179e-05 16.759577580289765 16.535477726613998 16.759577580289765 165.7449430006568 748.6167560748273 400.0 0.0 0.0 0.0 0.0 0.0 2.443004551768e-08 0.0 0.0 0.0 0.0 1.0426935147549625e-05 0.0 0.0 0.0 0.0
257.45 9.194385722007649 -6.551221263614202 11.259422937496053 -629198.020976164 1.065967559849503e-05 17.15375660310981 16.91238820717839 17.15375660310981 165.57066786758196 748.7559481266846 400.0 0.0 0.0 0.0 0.0 0.0 2.443004551768e-08 0.0 0.0 0.0 0.0 1.0659675626029321e-05 0.0 0.0 0.0 0.0
265.41 9.1967512453483 -6.552171845616662 11.787200017593909 -629060.0358749675 1.0883068603934859e-05 17.532733666386036 17.273575370566366 17.532733666386036 165.39304697548178 748.8646076167772 400.0 0.0 0.0 0.0 0.0 0.0 2.443004551768e-08 0.0 0.0 0.0 0.0 1.0883068721096792e-05 0.0 0.0 0.0 0.0
273.48 9.199198749009888 -6.553179859987637 12.317446678795566 -628917.1599152853 1.1096823014442992e-05 17.895919769554933 17.618517748209015 17.895919769554933 165.2126576822826 748.943061627106 400.0 0.0 0.0 0.0 0.0 0.0 2.443004551768e-08 0.0 0.0 0.0 0.0 1.1096823116328477e-05 0.0 0.0 0.0 0.0
281.67 9.20173060647885 -6.554248034230305 12.850291461814006 -628769.256783519 1.130151800616389e-05 18.244212563672907 17.948112562524525 18.244212563672907 165.02940213931 748.9921357305227 400.0 0.0 0.0 0.0 0.0 0.0 2.443004551768e-08 0.0 0.0 0.0 0.0 1.1301518151139129e-05 0.0 0.0 0.0 0.0
289.98 9.204346229515256 -6.555377894960458 13.3852330624746 -628616.3634839099 1.1497459064742176e-05 18.578055779332903 18.262824204956313 18.578055779332903 164.84339979747045 749.0125477037984 400.0 0.0 0.0 0.0 0.0 0.0 2.443004551768e-08 0.0 0.0 0.0 0.0 1.1497459186087801e-05 0.0 0.0 0.0 0.0
298.42 9.207048242810862 -6.556572378282006 13.922437777863996 -628458.3296056874 1.1685177845032157e-05 18.898288557679347 18.563488038480923 18.898288557679347 164.6545411429589 749.00502218286 400.0 0.0 0.0 0.0 0.0 0.0 2.443004551768e-08 0.0 0.0 0.0 0.0 1.1685178045224976e-05 0.0 0.0 0.0 0.0
306.97 9.209829630262094 -6.557830114015047 14.460199346244622 -628295.5691439627 1.1864551685662596e-05 19.204642351742592 18.849900174543844 19.204642351742592 164.4633830439578 748.97034595263 400.0 0.0 0.0 0.0 0.0 0.0 2.443004551768e-08 0.0 0.0 0.0 0.0 1.1864551824982283e-05 0.0 0.0 0.0 0.0
315.65 9.212696278278896 -6.559155472167674 14.999374203816776 -628127.7416913788 1.2036325678550768e-05 19.49833788905239 19.123251784872497 19.49833788905239 164.26958321853124 748.9092159386641 400.0 0.0 0.0 0.0 0.0 0.0 2.443004551768e-08 0.0 0.0 0.0 0.0 1.2036325890509096e-05 0.0 0.0 0.0 0.0
324.44 9.215640965994169 -6.560546795468888 15.538349384674634 -627955.2743752536 1.2200427822354732e-05 19.779207331012646 19.383437748269788 19.779207331012646 164.0736886502261 748.8225458694768 400.0 0.0 0.0 0.0 0.0 0.0 2.443004551768e-08 0.0 0.0 0.0 0.0 1.2200427979819231e-05 0.0 0.0 0.0 0.0
333.36 9.21866977971448 -6.5620086152663575 16.078009400051997 -627777.8154046745 1.2357553048124599e-05 20.04840169921163 19.631576700456524 20.04840169921163 163.87535024088535 748.7109050735729 400.0 0.0 0.0 0.0 0.0 0.0 2.443004551768e-08 0.0 0.0 0.0 0.0 1.235755323915161e-05 0.0 0.0 0.0 0.0
342.4 9.221778785653678 -6.563540712687718 16.61742254421479 -627595.600067677 1.2507825957675744e-05 20.30610239643707 19.867887063612276 20.30610239643707 163.67488414186403 748.5751299939259 400.0 0.0 0.0 0.0 0.0 0.0 2.443004551768e-08 0.0 0.0 0.0 0.0 1.2507826138679534e-05 0.0 0.0 0.0 0.0
351.56 9.224967387406162 -6.565144394657146 17.156300250310238 -627408.668418252 1.2651556426527893e-05 20.552813591363822 20.09288542540804 20.552813591363822 163.47238009296655 748.4159532048034 400.0 0.0 0.0 0.0 0.0 0.0 2.443004551768e-08 0.0 0.0 0.0 0.0 1.2651556608814466e-05 0.0 0.0 0.0 0.0
360.84 9.228235001538481 -6.566820940021778 17.69437832092601 -627217.0598972489 1.2789046121037174e-05 20.78903067220243 20.307078534042486 20.78903067220243 163.26792480565098 748.2340846533223 400.0 0.0 0.0 0.0 0.0 0.0 2.443004551768e-08 0.0 0.0 0.0 0.0 1.2789046299468419e-05 0.0 0.0 0.0 0.0
370.24 9.231581059349763 -6.568571600476275 18.23141540818514 -627020.813185227 1.2920587510380525e-05 21.015238031605712 20.51096114177339 21.015238031605712 163.06160224660115 748.0302093748336 400.0 0.0 0.0 0.0 0.0 0.0 2.443004551768e-08 0.0 0.0 0.0 0.0 1.2920587682265262e-05 0.0 0.0 0.0 0.0
379.76 9.235005008268704 -6.5703976014864125 18.767191541607858 -626819.9660800269 1.3046463133310528e-05 21.231907322490528 20.70501432221331 21.231907322490528 162.85349390445214 747.8049859259906 400.0 0.0 0.0 0.0 0.0 0.0 2.443004551768e-08 0.0 0.0 0.0 0.0 1.3046463305333278e-05 0.0 0.0 0.0 0.0
389.4 9.238506312928166 -6.572300143205172 19.30150671099858 -626614.5553962118 1.3166945080266301e-05 21.439496120077454 20.889704195317435 21.439496120077454 162.6436790397539 747.5590454017138 400.0 0.0 0.0 0.0 0.0 0.0 2.443004551768e-08 0.0 0.0 0.0 0.0 1.3166945226698665e-05 0.0 0.0 0.0 0.0
399.17 9.24208813866039 -6.5742824579251895 19.834721048503265 -626404.4008026709 1.328240959091749e-05 21.638645272251757 21.065655604544098 21.638645272251757 162.43201879474995 747.2927121456153 400.0 0.0 0.0 0.0 0.0 0.0 2.443004551768e-08 0.0 0.0 0.0 0.0 1.3282409765733476e-05 0.0 0.0 0.0 0.0
409.05 9.245742653348374 -6.576341639864463 20.365578947052995 -626189.9671886162 1.3392870960201628e-05 21.829374399908414 21.23294264550913 21.829374399908414 162.21902198573142 747.0071005381759 400.0 0.0 0.0 0.0 0.0 0.0 2.443004551768e-08 0.0 0.0 0.0 0.0 1.3392871092241082e-05 0.0 0.0 0.0 0.0
419.06 9.249476772130992 -6.578482986431126 20.89500715246015 -625970.8540942668 1.349879294451942e-05 22.012481569382306 21.392322235576337 22.012481569382306 162.00433145284097 746.7021881271194 400.0 0.0 0.0 0.0 0.0 0.0 2.443004551768e-08 0.0 0.0 0.0 0.0 1.3498793104340096e-05 0.0 0.0 0.0 0.0
429.18 9.25328257252157 -6.580703326894877 21.421814828413666 -625747.5315905827 1.3600192501915096e-05 22.18799548450449 21.543876152525144 22.18799548450449 161.78844869822422 746.3791020757434 400.0 0.0 0.0 0.0 0.0 0.0 2.443004551768e-08 0.0 0.0 0.0 0.0 1.3600192625425681e-05 0.0 0.0 0.0 0.0
439.43 9.257167131649268 -6.583008135454268 21.94692403352747 -625519.589469914 1.3697488218259582e-05 22.356641846613766 21.68828784424436 22.356641846613766 161.57101845163223 746.0376981628307 400.0 0.0 0.0 0.0 0.0 0.0 2.443004551768e-08 0.0 0.0 0.0 0.0 1.3697488352622836e-05 0.0 0.0 0.0 0.0
449.8 9.26112627784782 -6.5853963114071306 22.46970384899607 -625287.2774566615 1.3790784877122198e-05 22.518605345053484 21.82577027240208 22.518605345053484 161.3523249590541 745.6787569825623 400.0 0.0 0.0 0.0 0.0 0.0 2.443004551768e-08 0.0 0.0 0.0 0.0 1.3790784997481145e-05 0.0 0.0 0.0 0.0
460.29 9.265159604048787 -6.587868901182535 22.99005993830025 -625050.6242046162 1.3880279730131956e-05 22.67423241679181 21.956673986927722 22.67423241679181 161.1324376255425 745.3027214773202 400.0 0.0 0.0 0.0 0.0 0.0 2.443004551768e-08 0.0 0.0 0.0 0.0 1.3880279857202056e-05 0.0 0.0 0.0 0.0
470.89 9.269262838075647 -6.590424494779121 23.50742476992743 -624809.8849406356 1.396608098655725e-05 22.823715948990877 22.081219073746944 22.823715948990877 160.91163269665998 744.9103856436305 400.0 0.0 0.0 0.0 0.0 0.0 2.443004551768e-08 0.0 0.0 0.0 0.0 1.3966081091072404e-05 0.0 0.0 0.0 0.0
481.62 9.27344335221146 -6.593068923956729 24.022701119541335 -624564.6315048225 1.4048527529398775e-05 22.96765237820741 22.199958234319357 22.96765237820741 160.6895614532098 744.5014032840277 400.0 0.0 0.0 0.0 0.0 0.0 2.443004551768e-08 0.0 0.0 0.0 0.0 1.4048527628848409e-05 0.0 0.0 0.0 0.0
492.48 9.277700867799718 -6.595803341624034 24.535801555661187 -624314.8844646688 1.412777508588844e-05 23.106321240519136 22.313174129508397 23.106321240519136 160.4662953300843 744.0761140022037 400.0 0.0 0.0 0.0 0.0 0.0 2.443004551768e-08 0.0 0.0 0.0 0.0 1.4127775193446391e-05 0.0 0.0 0.0 0.0
503.45 9.282027207823118 -6.598623687775234 25.045725767494805 -624061.1274122475 1.4203836426829888e-05 23.23975228082591 22.420946081448793 23.23975228082591 160.2423124094038 743.6356515584725 400.0 0.0 0.0 0.0 0.0 0.0 2.443004551768e-08 0.0 0.0 0.0 0.0 1.4203836518336453e-05 0.0 0.0 0.0 0.0
514.54 9.286425961547133 -6.601533413541208 25.55290249150497 -623803.1534588218 1.4276936156433144e-05 23.368346903321047 22.523654483413846 23.368346903321047 160.01747291140134 743.1799588381608 400.0 0.0 0.0 0.0 0.0 0.0 2.443004551768e-08 0.0 0.0 0.0 0.0 1.427693624743401e-05 0.0 0.0 0.0 0.0
525.75 9.290896825785216 -6.604533463499095 26.057291357469666 -623540.9837921745 1.4347215598427723e-05 23.4923619599283 22.62155842050555 23.4923619599283 159.7918430376942 742.7093454656439 400.0 0.0 0.0 0.0 0.0 0.0 2.443004551768e-08 0.0 0.0 0.0 0.0 1.4347215675721425e-05 0.0 0.0 0.0 0.0
537.09 9.295443532378318 -6.607627521872658 26.55929773113399 -623274.4027547212 1.4414866236210396e-05 23.61214438063577 22.714983654721884 23.61214438063577 159.56528973623557 742.2236699382128 400.0 0.0 0.0 0.0 0.0 0.0 2.443004551768e-08 0.0 0.0 0.0 0.0 1.4414866322325503e-05 0.0 0.0 0.0 0.0
548.54 9.300057788600975 -6.610811047246944 27.0580086697547 -623003.8994004793 1.4479894501743763e-05 23.727714227157925 22.803998629698892 23.727714227157925 159.3382784143226 741.7240622064675 400.0 0.0 0.0 0.0 0.0 0.0 2.443004551768e-08 0.0 0.0 0.0 0.0 1.4479894570228982e-05 0.0 0.0 0.0 0.0
560.12 9.304747393471692 -6.614090501612498 27.554273477968817 -622729.0190593394 1.454253262825297e-05 23.839492994830316 22.888980228265705 23.839492994830316 159.11047831736462 741.2099066035858 400.0 0.0 0.0 0.0 0.0 0.0 2.443004551768e-08 0.0 0.0 0.0 0.0 1.454253270020353e-05 0.0 0.0 0.0 0.0
571.82 9.309508079242562 -6.617464018520174 28.047636431246186 -622450.0141549536 1.4602834200173015e-05 23.947585717197445 22.970058373729376 23.947585717197445 158.88215422273277 740.6818767450837 400.0 0.0 0.0 0.0 0.0 0.0 2.443004551768e-08 0.0 0.0 0.0 0.0 1.4602834265133256e-05 0.0 0.0 0.0 0.0
583.64 9.314339610593137 -6.620932473281378 28.538237509046166 -622166.8116888672 1.4660904351515732e-05 24.052114604976968 23.047356873392904 24.052114604976968 158.65337188074653 740.1556916826307 400.0 0.0 0.0 0.0 0.0 0.0 2.443004551768e-08 0.0 0.0 0.0 0.0 1.4660904417252512e-05 0.0 0.0 0.0 0.0
595.57 9.319237649676356 -6.624493718695131 29.02603524541112 -621879.4407640442 1.4716796149151672e-05 24.1530088740459 23.120829445695737 24.1530088740459 158.42438821177538 739.6711284578963 400.0 0.0 0.0 0.0 0.0 0.0 2.443004551768e-08 0.0 0.0 0.0 0.0 1.4716796203641606e-05 0.0 0.0 0.0 0.0
607.63 9.32421019609519 -6.628154576598892 29.51131645085068 -621587.7344508116 1.4770696028886102e-05 24.250879758221817 23.191042863446373 24.250879758221817 158.19488519542583 739.1745611977664 400.0 0.0 0.0 0.0 0.0 0.0 2.443004551768e-08 0.0 0.0 0.0 0.0 1.4770696081644076e-05 0.0 0.0 0.0 0.0
619.82 9.329257100134837 -6.631916038014545 29.994062010148035 -621291.702004658 1.4822684844785693e-05 24.34588390855471 23.258155431202884 24.34588390855471 157.96493377991396 738.6661370935938 400.0 0.0 0.0 0.0 0.0 0.0 2.443004551768e-08 0.0 0.0 0.0 0.0 1.4822684900140589e-05 0.0 0.0 0.0 0.0
632.12 9.334369889350567 -6.635772760671614 30.4734833507507 -620991.8403905735 1.4872759160952486e-05 24.43802315773041 23.322216243225643 24.43802315773041 157.73497741173972 738.1468437999717 400.0 0.0 0.0 0.0 0.0 0.0 2.443004551768e-08 0.0 0.0 0.0 0.0 1.4872759208137996e-05 0.0 0.0 0.0 0.0
644.54 9.339552513046401 -6.639728624025047 30.949985914213137 -620687.9175545804 1.4921039309832038e-05 24.527525974050704 23.383432380419453 24.527525974050704 157.5048929386045 737.6164104827446 400.0 0.0 0.0 0.0 0.0 0.0 2.443004551768e-08 0.0 0.0 0.0 0.0 1.4921039356273869e-05 0.0 0.0 0.0 0.0
657.08 9.344804797292511 -6.6437844368010595 31.423578573273925 -620379.9429095106 1.4967597148744185e-05 24.614533166592558 23.441946206145065 24.614533166592558 157.27474688199092 737.0749716215403 400.0 0.0 0.0 0.0 0.0 0.0 2.443004551768e-08 0.0 0.0 0.0 0.0 1.4967597188240457e-05 0.0 0.0 0.0 0.0
669.75 9.350130787092338 -6.647944305557846 31.89464147174819 -620067.6781113083 1.5012534640114884e-05 24.699243472364067 23.49793541825622 24.699243472364067 157.0444250743449 736.5222146180231 400.0 0.0 0.0 0.0 0.0 0.0 2.443004551768e-08 0.0 0.0 0.0 0.0 1.5012534683893003e-05 0.0 0.0 0.0 0.0
682.53 9.35552191603775 -6.652202453238537 32.36244448836745 -619751.6237935537 1.5055843891866074e-05 24.78164905998261 23.551439186698357 24.78164905998261 156.8143580820145 735.9591298892819 400.0 0.0 0.0 0.0 0.0 0.0 2.443004551768e-08 0.0 0.0 0.0 0.0 1.5055843926201646e-05 0.0 0.0 0.0 0.0
695.44 9.360986467809063 -6.656566323425977 32.82773527408867 -619431.2922755507 1.5097651742481218e-05 24.861998024893733 23.602662114535296 24.861998024893733 156.58425312948935 735.3849466791883 400.0 0.0 0.0 0.0 0.0 0.0 2.443004551768e-08 0.0 0.0 0.0 0.0 1.5097651781293037e-05 0.0 0.0 0.0 0.0
708.46 9.36651583018599 -6.6610299272882365 33.28981012149415 -619107.1859169912 1.513794851797208e-05 24.940278265349207 23.651639042555406 24.940278265349207 156.3545342016923 734.8006574932219 400.0 0.0 0.0 0.0 0.0 0.0 2.443004551768e-08 0.0 0.0 0.0 0.0 1.5137948549101279e-05 0.0 0.0 0.0 0.0
721.61 9.372118355017609 -6.665600883983988 33.74939765444952 -618778.8122291333 1.5176847652998768e-05 25.01671634455153 23.698553436338646 25.01671634455153 156.1249162291703 734.2054612104189 400.0 0.0 0.0 0.0 0.0 0.0 2.443004551768e-08 0.0 0.0 0.0 0.0 1.5176847684970903e-05 0.0 0.0 0.0 0.0
734.88 9.37778966512999 -6.670276543553637 34.20616052870041 -618446.424387687 1.5214365618279413e-05 25.091351606861934 23.743469192829146 25.091351606861934 155.89564465297988 733.5998947278377 400.0 0.0 0.0 0.0 0.0 0.0 2.443004551768e-08 0.0 0.0 0.0 0.0 1.5214365647680298e-05 0.0 0.0 0.0 0.0
748.27 9.383529627384997 -6.67505765239958 34.66012026287989 -618110.0263228159 1.5250547271045498e-05 25.16427896333383 23.786483353802733 25.16427896333383 155.66678785834412 732.9840421365053 400.0 0.0 0.0 0.0 0.0 0.0 2.443004551768e-08 0.0 0.0 0.0 0.0 1.5250547298546575e-05 0.0 0.0 0.0 0.0
761.78 9.389338112232341 -6.679944949296722 35.11129945902735 -617769.621274313 1.528543437887422e-05 25.23558802906028 23.827687784896913 25.23558802906028 155.43841452013123 732.3579818696112 400.0 0.0 0.0 0.0 0.0 0.0 2.443004551768e-08 0.0 0.0 0.0 0.0 1.5285434404674538e-05 0.0 0.0 0.0 0.0
775.41 9.395214993136575 -6.6849391656403405 35.55972167415458 -617425.2118154478 1.531906579090372e-05 25.305363406230782 23.867169466009695 25.305363406230782 155.21059360521826 731.72178704983 400.0 0.0 0.0 0.0 0.0 0.0 2.443004551768e-08 0.0 0.0 0.0 0.0 1.531906581571595e-05 0.0 0.0 0.0 0.0
789.16 9.401160146014227 -6.690041025682536 36.005411302304914 -617076.799876078 1.5351477599581376e-05 25.373684951661943 23.905010765653316 25.373684951661943 154.98339437327346 731.0755258187525 400.0 0.0 0.0 0.0 0.0 0.0 2.443004551768e-08 0.0 0.0 0.0 0.0 1.535147762278857e-05 0.0 0.0 0.0 0.0
803.03 9.40717344868393 -6.695251246757966 36.44839346629882 -616724.3867650445 1.538270329375517e-05 25.440628029566195 23.941289700006347 25.440628029566195 154.75688637599487 730.4192616492439 400.0 0.0 0.0 0.0 0.0 0.0 2.443004551768e-08 0.0 0.0 0.0 0.0 1.5382703313718824e-05 0.0 0.0 0.0 0.0
817.03 9.41325913286408 -6.700574364471748 36.88900634975363 -616367.7180928753 1.541279490155823e-05 25.50631001649572 23.976104426010213 25.50631001649572 154.5309790691774 729.7525759455839 400.0 0.0 0.0 0.0 0.0 0.0 2.443004551768e-08 0.0 0.0 0.0 0.0 1.5412794924035204e-05 0.0 0.0 0.0 0.0
831.14 9.419408384526074 -6.7060034783398415 37.32664687018318 -616007.3035258108 1.544173817155389e-05 25.570704217258644 24.009475295079042 25.570704217258644 154.30606532218195 729.0764761934904 400.0 0.0 0.0 0.0 0.0 0.0 2.443004551768e-08 0.0 0.0 0.0 0.0 1.5441738188894767e-05 0.0 0.0 0.0 0.0
845.38 9.425629799571313 -6.711546980949542 37.761962311457786 -615642.6317970398 1.5469600719306957e-05 25.63396531254073 24.04151612275956 25.63396531254073 154.08189677697888 728.3900554350241 400.0 0.0 0.0 0.0 0.0 0.0 2.443004551768e-08 0.0 0.0 0.0 0.0 1.546960073882453e-05 0.0 0.0 0.0 0.0
859.73 9.431914520015644 -6.717197778043911 38.194368467764306 -615274.2141275018 1.549636787951597e-05 25.696064146279365 24.07224486979326 25.696064146279365 153.85885897889304 727.6943254126818 400.0 0.0 0.0 0.0 0.0 0.0 2.443004551768e-08 0.0 0.0 0.0 0.0 1.549636789525404e-05 0.0 0.0 0.0 0.0
874.21 9.438271183959822 -6.722964430440973 38.62449562768255 -614901.5355793675 1.5522099511858275e-05 25.75714361040404 24.101764141726697 25.75714361040404 153.63671206027385 726.9883609096013 400.0 0.0 0.0 0.0 0.0 0.0 2.443004551768e-08 0.0 0.0 0.0 0.0 1.5522099528149473e-05 0.0 0.0 0.0 0.0
888.81 9.444695294647119 -6.728843701985092 39.052068228076955 -614524.8506078048 1.5546797237043875e-05 25.81721299357728 24.130108725471292 25.81721299357728 153.41568371277612 726.27268675416 400.0 0.0 0.0 0.0 0.0 0.0 2.443004551768e-08 0.0 0.0 0.0 0.0 1.5546797251861052e-05 0.0 0.0 0.0 0.0
903.53 9.45118672801784 -6.734836266309891 39.47711438499404 -614144.1567684569 1.557048003205709e-05 25.876322332007955 24.1573324355791 25.876322332007955 153.1958454506612 725.5473414293655 400.0 0.0 0.0 0.0 0.0 0.0 2.443004551768e-08 0.0 0.0 0.0 0.0 1.557048004656232e-05 0.0 0.0 0.0 0.0
918.36 9.457740933643617 -6.740938654898766 39.89937957950036 -613759.7106878237 1.5593150329706435e-05 25.934479966302955 24.183469123819933 25.934479966302955 152.97741528638045 724.8128572242447 400.0 0.0 0.0 0.0 0.0 0.0 2.443004551768e-08 0.0 0.0 0.0 0.0 1.5593150342569714e-05 0.0 0.0 0.0 0.0
933.32 9.464366622137078 -6.747159760609094 40.31946153707662 -613370.9905272839 1.5614854456034e-05 25.991808613640384 24.20860245515796 25.991808613640384 152.7601706123325 724.0682768442147 400.0 0.0 0.0 0.0 0.0 0.0 2.443004551768e-08 0.0 0.0 0.0 0.0 1.5614854468105707e-05 0.0 0.0 0.0 0.0
948.41 9.471063689600815 -6.753500371659111 40.73737691996138 -612977.9906874123 1.5635604409674946e-05 26.048347330301453 24.23277601655325 26.048347330301453 152.5441898757094 723.3136240233915 400.0 0.0 0.0 0.0 0.0 0.0 2.443004551768e-08 0.0 0.0 0.0 0.0 1.5635604421754236e-05 0.0 0.0 0.0 0.0
963.61 9.477823124572172 -6.759952736921338 41.15260022697246 -612581.2278326454 1.5655385623585854e-05 26.104060383810364 24.25600147189113 26.104060383810364 152.32983176067347 722.5499278588837 400.0 0.0 0.0 0.0 0.0 0.0 2.443004551768e-08 0.0 0.0 0.0 0.0 1.5655385634551563e-05 0.0 0.0 0.0 0.0
978.93 9.484649221623696 -6.76652168446766 41.565438608745225 -612180.4372057852 1.5674223837320806e-05 26.159022450409104 24.27833669703337 26.159022450409104 152.1170246967587 721.776716321778 400.0 0.0 0.0 0.0 0.0 0.0 2.443004551768e-08 0.0 0.0 0.0 0.0 1.5674223848071267e-05 0.0 0.0 0.0 0.0
994.37 9.49154183750397 -6.773207857411091 41.97592027001849 -611775.6138012044 1.5692129435195897e-05 26.21326805514936 24.299821089059854 26.21326805514936 151.90584146933227 720.9940144994323 400.0 0.0 0.0 0.0 0.0 0.0 2.443004551768e-08 0.0 0.0 0.0 0.0 1.569212944424002e-05 0.0 0.0 0.0 0.0
1009.94 9.49850530066446 -6.780016288076883 42.38433386451092 -611366.4891909835 1.5709122222610754e-05 26.266863649872352 24.320505063930444 26.266863649872352 151.69622147383973 720.201335657127 400.0 0.0 0.0 0.0 0.0 0.0 2.443004551768e-08 0.0 0.0 0.0 0.0 1.570912223249306e-05 0.0 0.0 0.0 0.0
1025.62 9.505530513177622 -6.786938864680536 42.79018278371214 -610953.5831702064 1.5725188522196253e-05 26.31977074213324 24.34039765806132 26.31977074213324 151.48850708570745 719.3997199871877 400.0 0.0 0.0 0.0 0.0 0.0 2.443004551768e-08 0.0 0.0 0.0 0.0 1.572518853010359e-05 0.0 0.0 0.0 0.0
1041.43 9.512626276763212 -6.793985045979003 43.19401263499268 -610536.3630011373 1.5740355973158243e-05 26.372085259402507 24.359558135729817 26.372085259402507 151.28250662299953 718.5881657059763 400.0 0.0 0.0 0.0 0.0 0.0 2.443004551768e-08 0.0 0.0 0.0 0.0 1.5740355981270284e-05 0.0 0.0 0.0 0.0
1057.36 9.519787949975786 -6.801151062594688 43.59559066071778 -610115.0853317229 1.5754620190307556e-05 26.423799733401317 24.37800576671112 26.423799733401317 151.07842703064188 717.7672024813653 400.0 0.0 0.0 0.0 0.0 0.0 2.443004551768e-08 0.0 0.0 0.0 0.0 1.5754620197718284e-05 0.0 0.0 0.0 0.0
1073.41 9.527015361518297 -6.80843753478821 43.99494444905362 -609689.7434412559 1.57679864604197e-05 26.47493900494601 24.39577122543747 26.47493900494601 150.87634179764598 716.936848703897 400.0 0.0 0.0 0.0 0.0 0.0 2.443004551768e-08 0.0 0.0 0.0 0.0 1.5767986468069174e-05 0.0 0.0 0.0 0.0
1089.57 9.534303819809397 -6.815840477176986 44.39185731934251 -609260.5961379248 1.578045181007829e-05 26.525495227297185 24.412873346486077 26.525495227297185 150.67644708181382 716.0976420623174 400.0 0.0 0.0 0.0 0.0 0.0 2.443004551768e-08 0.0 0.0 0.0 0.0 1.5780451816518933e-05 0.0 0.0 0.0 0.0
1105.86 9.541662160506393 -6.823369664056103 44.786847556186515 -608827.1049755015 1.579203530025322e-05 26.575552506192384 24.429361048494528 26.575552506192384 150.47856910839948 715.2485604596068 400.0 0.0 0.0 0.0 0.0 0.0 2.443004551768e-08 0.0 0.0 0.0 0.0 1.5792035306167878e-05 0.0 0.0 0.0 0.0
1122.28 9.549090211795818 -6.8310258260823655 45.179932668963765 -608389.2607141298 1.5802738035985488e-05 26.6251292289924 24.445259416364564 26.6251292289924 150.28278825023114 714.3896140069473 400.0 0.0 0.0 0.0 0.0 0.0 2.443004551768e-08 0.0 0.0 0.0 0.0 1.5802738042237878e-05 0.0 0.0 0.0 0.0
1138.81 9.556578726057259 -6.8388002419711 45.57066047803278 -607947.5887899294 1.5812549192767977e-05 26.674183593715576 24.46057427360467 26.674183593715576 150.0894166876573 713.5218641249568 400.0 0.0 0.0 0.0 0.0 0.0 2.443004551768e-08 0.0 0.0 0.0 0.0 1.5812549197932937e-05 0.0 0.0 0.0 0.0
1155.46 9.564132015874568 -6.846698154542905 45.95929817928189 -607501.8146922302 1.5821477140506996e-05 26.72276323734417 24.475339490222822 26.72276323734417 149.89840777061687 712.6448032784074 400.0 0.0 0.0 0.0 0.0 0.0 2.443004551768e-08 0.0 0.0 0.0 0.0 1.5821477145530077e-05 0.0 0.0 0.0 0.0
1172.23 9.571749865031007 -6.854720160531846 46.34587174266279 -607051.9300456733 1.5829522834594758e-05 26.77088401456261 24.489577902595954 26.77088401456261 149.7098351889423 711.7584456739437 400.0 0.0 0.0 0.0 0.0 0.0 2.443004551768e-08 0.0 0.0 0.0 0.0 1.582952283925557e-05 0.0 0.0 0.0 0.0
1189.13 9.57943659985643 -6.862871696225802 46.73063309533854 -606597.6571746344 1.583669063860832e-05 26.818588515806606 24.503319228629767 26.818588515806606 149.5236635800579 710.8622740439017 400.0 0.0 0.0 0.0 0.0 0.0 2.443004551768e-08 0.0 0.0 0.0 0.0 1.5836690643632154e-05 0.0 0.0 0.0 0.0
1206.14 9.587182889623557 -6.871143704177877 47.11315228207142 -606139.524848352 1.5842971956877306e-05 26.865833682691328 24.516567960800426 26.865833682691328 149.34018687264174 709.9573625965631 400.0 0.0 0.0 0.0 0.0 0.0 2.443004551768e-08 0.0 0.0 0.0 0.0 1.5842971960397656e-05 0.0 0.0 0.0 0.0
1223.28 9.594997598692009 -6.879546495868928 47.493904195671824 -605676.9853644143 1.5848373596493803e-05 26.912687328997134 24.529359485774126 26.912687328997134 149.15926287507602 709.0426608956159 400.0 0.0 0.0 0.0 0.0 0.0 2.443004551768e-08 0.0 0.0 0.0 0.0 1.5848373600680067e-05 0.0 0.0 0.0 0.0
1240.53 9.602871355574422 -6.888070848734862 47.8724692750847 -605210.5691964526 1.585288822753193e-05 26.959105928542147 24.5416977462862 26.959105928542147 148.9811761262916 708.1192496924883 400.0 0.0 0.0 0.0 0.0 0.0 2.443004551768e-08 0.0 0.0 0.0 0.0 1.5852888231065102e-05 0.0 0.0 0.0 0.0
1257.91 9.61081302631686 -6.896727224617827 48.2493108958834 -604739.7261392563 1.5856519667164967e-05 27.005153412630854 24.553615065897446 27.005153412630854 148.8057934587316 707.1860718418517 400.0 0.0 0.0 0.0 0.0 0.0 2.443004551768e-08 0.0 0.0 0.0 0.0 1.5856519670337475e-05 0.0 0.0 0.0 0.0
1275.41 9.618817775734955 -6.905511276500432 48.62253892253755 -604266.8766043558 1.5859263254634534e-05 27.050704556991736 24.565014120012428 27.050704556991736 148.63329244703144 706.3448621172149 400.0 0.0 0.0 0.0 0.0 0.0 2.443004551768e-08 0.0 0.0 0.0 0.0 1.5859263257700787e-05 0.0 0.0 0.0 0.0
1293.03 9.626885320226268 -6.9144235761037605 48.992902521056635 -603791.1624119276 1.586111688265065e-05 27.095820911273286 24.575964715387613 27.095820911273286 148.46374609420843 705.552447538317 400.0 0.0 0.0 0.0 0.0 0.0 2.443004551768e-08 0.0 0.0 0.0 0.0 1.586111688546323e-05 0.0 0.0 0.0 0.0
1310.77 9.635015365564097 -6.9234646918768625 49.36136828982287 -603311.3895035814 1.5862078147458338e-05 27.14057077287451 24.586543575818844 27.14057077287451 148.29722720939594 704.7525400060342 400.0 0.0 0.0 0.0 0.0 0.0 2.443004551768e-08 0.0 0.0 0.0 0.0 1.5862078150041964e-05 0.0 0.0 0.0 0.0
1328.63 9.643207606654796 -6.932635189039345 49.72795958973463 -602827.5497315511 1.586214438148174e-05 27.184960209838213 24.596765361188975 27.184960209838213 148.1338083843261 703.9451576790813 400.0 0.0 0.0 0.0 0.0 0.0 2.443004551768e-08 0.0 0.0 0.0 0.0 1.586214438393141e-05 0.0 0.0 0.0 0.0
1346.61 9.651461727302658 -6.941935629621825 50.09269942099484 -602339.6348124172 1.586131268479475e-05 27.22899446987274 24.606644072385848 27.22899446987274 147.9735619694331 703.1303244373023 400.0 0.0 0.0 0.0 0.0 0.0 2.443004551768e-08 0.0 0.0 0.0 0.0 1.5861312686795045e-05 0.0 0.0 0.0 0.0
1364.71 9.659777399987341 -6.951366572503505 50.45561042233515 -601847.6363364018 1.5859579955675655e-05 27.27267801782225 24.61619308433881 27.27267801782225 147.81656004993255 702.3080482760116 400.0 0.0 0.0 0.0 0.0 0.0 2.443004551768e-08 0.0 0.0 0.0 0.0 1.5859579957587476e-05 0.0 0.0 0.0 0.0
1382.94 9.66815888487208 -6.960933840260198 50.81691192067065 -601351.27327128 1.5856941229471318e-05 27.316038184263153 24.62543014313678 27.316038184263153 147.6627912692034 701.4778983999927 400.0 0.0 0.0 0.0 0.0 0.0 2.443004551768e-08 0.0 0.0 0.0 0.0 1.5856941231500182e-05 0.0 0.0 0.0 0.0
1401.28 9.676596635697374 -6.970627489275962 51.176229482125 -600851.0815388808 1.585339598667668e-05 27.35903040913226 24.634357337217352 27.35903040913226 147.51249581655333 700.6408055763308 400.0 0.0 0.0 0.0 0.0 0.0 2.443004551768e-08 0.0 0.0 0.0 0.0 1.5853395987832245e-05 0.0 0.0 0.0 0.0
1419.75 9.68509949068515 -6.980458639777135 51.53397659170585 -600346.5069427459 1.5848936837679242e-05 27.401703914650728 24.64299609857337 27.401703914650728 147.36558094920912 699.7958775823045 400.0 0.0 0.0 0.0 0.0 0.0 2.443004551768e-08 0.0 0.0 0.0 0.0 1.5848936839471865e-05 0.0 0.0 0.0 0.0
1438.33 9.693657867583292 -6.990417192723032 51.88978709076302 -599838.0870309827 1.5843564991542257e-05 27.444014174914077 24.651348245845373 27.444014174914077 147.2222765403483 698.9440505727836 400.0 0.0 0.0 0.0 0.0 0.0 2.443004551768e-08 0.0 0.0 0.0 0.0 1.5843564992724664e-05 0.0 0.0 0.0 0.0
1457.04 9.702280591194253 -7.000514410934282 52.24406490275036 -599325.265623937 1.5837270990094928e-05 27.486007806703796 24.659433467219518 27.486007806703796 147.08249873695377 698.0844295675249 400.0 0.0 0.0 0.0 0.0 0.0 2.443004551768e-08 0.0 0.0 0.0 0.0 1.5837270991130686e-05 0.0 0.0 0.0 0.0
1475.87 9.71096265625664 -7.0107454932029185 52.59663802538062 -598808.3071579584 1.5830053775933907e-05 27.52766236133331 24.667257418370564 27.52766236133331 146.94639587507598 697.2174952213788 400.0 0.0 0.0 0.0 0.0 0.0 2.443004551768e-08 0.0 0.0 0.0 0.0 1.5830053776715813e-05 0.0 0.0 0.0 0.0
1494.82 9.71970364986748 -7.021110976681137 52.94752668782429 -598287.2025929636 1.582190962549736e-05 27.568977768544656 24.674829898605473 27.568977768544656 146.81403751377292 696.3432709859923 400.0 0.0 0.0 0.0 0.0 0.0 2.443004551768e-08 0.0 0.0 0.0 0.0 1.5821909626425076e-05 0.0 0.0 0.0 0.0
1513.88 9.728498531335719 -7.031605871269882 53.296568639543764 -597762.218494384 1.5812839813651015e-05 27.60993209640643 24.682156516972245 27.60993209640643 146.68555893547813 695.462243798594 400.0 0.0 0.0 0.0 0.0 0.0 2.443004551768e-08 0.0 0.0 0.0 0.0 1.5812839814163087e-05 0.0 0.0 0.0 0.0
1533.07 9.737356091005548 -7.042241720890634 53.64414962530524 -597232.7948433865 1.5802831142082593e-05 27.650567211701485 24.68925393565985 27.650567211701485 146.5608939251126 694.5735142551766 400.0 0.0 0.0 0.0 0.0 0.0 2.443004551768e-08 0.0 0.0 0.0 0.0 1.580283114259084e-05 0.0 0.0 0.0 0.0
1552.39 9.746275881256036 -7.053019162208788 53.99028285338132 -596698.9211156785 1.5791878623366e-05 27.690880600845606 24.696130326290394 27.690880600845606 146.4401179168212 693.6771057130333 400.0 0.0 0.0 0.0 0.0 0.0 2.443004551768e-08 0.0 0.0 0.0 0.0 1.579187862396452e-05 0.0 0.0 0.0 0.0
1571.82 9.75524820362169 -7.063927563924469 54.334628847103616 -596161.1407624206 1.5779990055034276e-05 27.730828499651487 24.702786811374985 27.730828499651487 146.32342349873244 692.7739730289968 400.0 0.0 0.0 0.0 0.0 0.0 2.443004551768e-08 0.0 0.0 0.0 0.0 1.577999005524218e-05 0.0 0.0 0.0 0.0
1591.37 9.764277196768411 -7.074973009168918 54.67738620859691 -595619.168438924 1.5767156551003375e-05 27.770429467698268 24.70923490922963 27.770429467698268 146.21081392237699 691.863680469334 400.0 0.0 0.0 0.0 0.0 0.0 2.443004551768e-08 0.0 0.0 0.0 0.0 1.576715655112855e-05 0.0 0.0 0.0 0.0
1611.04 9.773362369805639 -7.0861560178293885 55.01857305834762 -595072.9948944849 1.575337478827746e-05 27.809680641950607 24.715482181011176 27.809680641950607 146.1023555920511 690.9462568274046 400.0 0.0 0.0 0.0 0.0 0.0 2.443004551768e-08 0.0 0.0 0.0 0.0 1.5753374788022343e-05 0.0 0.0 0.0 0.0
1630.84 9.78250783746039 -7.0974828451602345 55.358377887072066 -594522.3325379352 1.5738633921576823e-05 27.84859828724931 24.721538876131227 27.84859828724931 145.99806285947787 690.0212643593645 400.0 0.0 0.0 0.0 0.0 0.0 2.443004551768e-08 0.0 0.0 0.0 0.0 1.573863392169608e-05 0.0 0.0 0.0 0.0
1650.75 9.791703844166554 -7.108942564059172 55.69647492193416 -593967.7283378708 1.5722945820139656e-05 27.887139496938993 24.727405828634605 27.887139496938993 145.89810623197368 689.0896682460074 400.0 0.0 0.0 0.0 0.0 0.0 2.443004551768e-08 0.0 0.0 0.0 0.0 1.572294581984667e-05 0.0 0.0 0.0 0.0
1670.79 9.800959096064034 -7.120547197085017 56.03322096073608 -593408.6159378948 1.5706291888469177e-05 27.925339060298242 24.733095604706882 27.925339060298242 145.80244980028533 688.1505646152588 400.0 0.0 0.0 0.0 0.0 0.0 2.443004551768e-08 0.0 0.0 0.0 0.0 1.570629188824449e-05 0.0 0.0 0.0 0.0
1690.95 9.810268429208932 -7.132291514181121 56.368462153787405 -592845.2644434765 1.5688677151545194e-05 27.963173234579074 24.738611605782317 27.963173234579074 145.7112088236914 687.2044540415405 400.0 0.0 0.0 0.0 0.0 0.0 2.443004551768e-08 0.0 0.0 0.0 0.0 1.568867715127594e-05 0.0 0.0 0.0 0.0
1711.23 9.819631285160686 -7.144176020697392 56.702215032532074 -592277.6646506081 1.5670099185311556e-05 28.000637493953846 24.74395997488444 28.000637493953846 145.6244464120429 686.2513706624909 400.0 0.0 0.0 0.0 0.0 0.0 2.443004551768e-08 0.0 0.0 0.0 0.0 1.5670099184975063e-05 0.0 0.0 0.0 0.0
1731.62 9.829042477188075 -7.156195307326277 57.03433375327872 -591706.0879291088 1.5650565584077826e-05 28.037709008855362 24.749144109989196 28.037709008855362 145.5422640105519 685.2918206474244 400.0 0.0 0.0 0.0 0.0 0.0 2.443004551768e-08 0.0 0.0 0.0 0.0 1.5650565583513337e-05 0.0 0.0 0.0 0.0
1752.14 9.838510651506821 -7.168361663347055 57.365159942984704 -591129.964501815 1.5630055237391803e-05 28.074419099913303 24.754174750150263 28.074419099913303 145.46464262856747 684.3248991836197 400.0 0.0 0.0 0.0 0.0 0.0 2.443004551768e-08 0.0 0.0 0.0 0.0 1.563005523586032e-05 0.0 0.0 0.0 0.0
1772.79 9.848035204763264 -7.180675688538146 57.69470421812173 -590549.2839637687 1.5608565219109042e-05 28.110761626057005 24.759057058744123 28.110761626057005 145.39165054910123 683.3506420409778 400.0 0.0 0.0 0.0 0.0 0.0 2.443004551768e-08 0.0 0.0 0.0 0.0 1.560856522127386e-05 0.0 0.0 0.0 0.0
1793.55 9.857606300166974 -7.193125950622047 58.02266267544453 -589964.5996852154 1.5586114936264898e-05 28.146695914098018 24.763791524284645 28.146695914098018 145.3234185157606 682.3700315728182 400.0 0.0 0.0 0.0 0.0 0.0 2.443004551768e-08 0.0 0.0 0.0 0.0 1.558611492556007e-05 0.0 0.0 0.0 0.0
1814.43 9.867227925979254 -7.205718887194017 58.349210650786404 -589375.6217131652 1.556269306823117e-05 28.182234046546952 24.76838556170365 28.182234046546952 145.25996916562508 681.3826362068053 400.0 0.0 0.0 0.0 0.0 0.0 2.443004551768e-08 0.0 0.0 0.0 0.0 1.556269310454958e-05 0.0 0.0 0.0 0.0
1835.43 9.876899444025211 -7.21845498694865 58.67436277324727 -588782.3411441096 1.5538298799820955e-05 28.21737019361338 24.772843981118836 28.21737019361338 145.20136088161485 680.3884970812504 400.0 0.0 0.0 0.0 0.0 0.0 2.443004551768e-08 0.0 0.0 0.0 0.0 1.5538298660064855e-05 0.0 0.0 0.0 0.0
1856.56 9.886624804190612 -7.231340850894938 58.998285910855785 -588184.4659808632 1.551291942567248e-05 28.25211467609981 24.77717341690317 28.25211467609981 145.1476269908997 679.387182434862 400.0 0.0 0.0 0.0 0.0 0.0 2.443004551768e-08 0.0 0.0 0.0 0.0 1.551291994378321e-05 0.0 0.0 0.0 0.0
1877.8 9.896394136801096 -7.244364765342379 59.32068750890495 -587582.5533782636 1.5486578801251245e-05 28.28642849893354 24.78137421456083 28.28642849893354 145.09887499126017 678.3796836348045 400.0 0.0 0.0 0.0 0.0 0.0 2.443004551768e-08 0.0 0.0 0.0 0.0 1.548657686001958e-05 0.0 0.0 0.0 0.0
