#Found quasiharmonic mode : None
#T(K), volume, F(eV), S(J/K), H(J/K), a(-6/K), Cp(J/mol), Cv, Cpion, Bt(GPa), T_ph-D(K), T-D(K), F_el_atom, S_el_atom, C_el_atom, M_el, Seebeck_coefficients(μV/K), Lorenz_number(WΩK^{−2}), Q_el, Q_p, Q_e, C_mu, W_p, W_e, Y_p, Y_e
0.0 14.542211051069065 -7.934651769467422 0.0 -765577.51123361 0.0 0.0 0.0 0.0 212.45165057270668 400.0 400.0 0.0 0.0 0.0 0.0 0.0 2.443004551768e-08 0.0 0.0 0.0 0.0 0.0 0.0 0.0 0.0 0.0
0.28 14.542211050029806 -7.934651770065642 0.0004588148461105791 -765577.5111628613 5.749928901538551e-10 0.00046188344657406886 0.00046188344502394305 4.6029111366721615e-06 212.4516503195954 210.06910691748638 400.0 -6.632931844890058e-10 0.00045728054291506367 0.0004572805354373967 -1.904853792026829e-09 -0.01360386789510156 2.443004468923232e-08 1.6717450542708274e-05 8.33879672738739e-06 8.353426633390367e-06 0.0004572805425167727 5.749928901538551e-10 8.358154240487958e-06 8.359296302220314e-06 1.158766653205229e-05 1.1587666320100986e-05
0.8 14.542211079292402 -7.934651774675643 0.0013423004777561342 -765577.5106622865 1.6727116044444623e-09 0.0014138650968998723 0.0014138650594184474 0.00010735664116639565 212.45165112517032 210.06903395026364 400.0 -5.4162108438066445e-09 0.0013065146543447899 0.0013065084557334768 -1.5522617471238363e-08 -0.038648947268305395 2.4429916793957615e-08 4.776412539805993e-05 2.3860474682559768e-05 2.387842347083796e-05 0.0013065086199033494 1.6727116044444623e-09 2.3877409673962267e-05 2.3886715724097666e-05 3.3107577294057664e-05 3.310757701479248e-05
1.56 14.542211142699724 -7.934651789732811 0.0028130131242953 -765577.5088006223 2.3176159783004313e-09 0.003343548413100819 0.0033435482727898844 0.000795981902498479 212.45165071009313 210.07378454829148 400.0 -2.0595665623514624e-08 0.0025476717280524877 0.00254756651060234 -5.804885891883805e-08 -0.0727034442206248 2.4428899487165488e-08 9.313935399662329e-05 4.6542945068694834e-05 4.657118167807238e-05 0.0025475676848715203 2.3176159783004313e-09 4.655230550417913e-05 4.658704849244418e-05 6.455941788840167e-05 6.455941767668611e-05
2.56 14.542211304879167 -7.934651828998909 0.005351407970995279 -765577.5032779209 5.782438251238011e-09 0.0076790494748163515 0.007679048041487169 0.0034988935506633685 212.4516495331945 210.44797451210792 400.0 -5.5462858875520193e-08 0.004180642482973234 0.004180155924152982 -1.5181134865408453e-07 -0.11469907368274529 2.442679806634396e-08 0.0001528401771492502 7.63821151851816e-05 7.643283471541268e-05 0.004180160898310927 5.766032771143213e-09 7.637474767164803e-05 7.646542947760214e-05 0.0001059416063356591 0.00010594160612190405
3.8 14.542211800412703 -7.9346519238352755 0.009981395436633124 -765577.4881985409 1.2603474818797406e-08 0.017268026218695234 0.017268016111091845 0.011064369191845325 212.45165675751463 212.82524716100167 400.0 -1.2220123314488432e-07 0.0062052126884390045 0.006203657026849908 -3.271447081550824e-07 -0.16887852603600642 2.4423048844849682e-08 0.00022686081834355528 0.00011337143787806524 0.00011346415321959854 0.006203672813493925 1.2603474818797406e-08 0.00011333288834114952 0.00011352793000240575 0.00015725093644354418 0.00015725093623137137
5.29 14.542212969794317 -7.934652140106891 0.01845772428437702 -765577.4493535208 2.4709883672787404e-08 0.036603778408592996 0.03660372432305796 0.027970443064738417 212.4516674872727 217.4892557237944 400.0 -2.3680718353152923e-07 0.008637321301126181 0.008633335343854577 -6.315434367623305e-07 -0.24099630057921903 2.4417145082764783e-08 0.0003157877796037175 0.000157798394219744 0.00015796415814043181 0.008633376660546017 2.4564551233453303e-08 0.00015770631375278292 0.0001580814658509346 0.00021889543396506287 0.0002188954337543677
7.01 14.542215512173525 -7.934652601365059 0.03318647884959338 -765577.358862313 4.355212375139015e-08 0.07244842510404131 0.07244820245502445 0.06101306491945008 212.45164610431175 222.22482389543183 400.0 -4.1579763831116874e-07 0.011443782051141578 0.011435360184591235 -1.1236605387329509e-06 -0.33244237034956636 2.4409425922864416e-08 0.00041841175345695274 0.00020905138276889454 0.00020933514344177476 0.011435451875343595 4.355212375139015e-08 0.00020887411238636042 0.0002095376410705923 0.00029003900719633155 0.00029003900698642605
8.98 14.542220355234184 -7.934653541780136 0.05819241303835792 -765577.1596679217 7.046681078572894e-08 0.13675064471393186 0.13674989804274187 0.12210958119681743 212.45144631906035 225.8961948720708 400.0 -6.822551068658467e-07 0.014656585671491857 0.014641063517114422 -1.887683272391826e-06 -0.444166706618877 2.440031236931164e-08 0.0005359062615793611 0.00026770749003593116 0.0002681735442828935 0.014641243276501254 7.046681078572894e-08 0.0002674000067281811 0.00026850625485118 0.0003714977536103023 0.00037149775339755553
11.19 14.542228984533784 -7.934655364124268 0.09901646824173349 -765576.75007099 1.1020020098020592e-07 0.2451914713218484 0.24518919581784035 0.22695854883287478 212.45079202006224 228.9440888960802 400.0 -1.059225097036615e-06 0.018258717813090127 0.01823292248897364 -3.0128034386900394e-06 -0.5747143100942724 2.4390316524980367e-08 0.0006676524425194215 0.0003334473650180465 0.00033417985020314843 0.01823324085544348 1.1025859524598368e-07 0.0003329506533019888 0.00033470178921743275 0.0004628452322514015 0.00046284523203886336
13.64 14.542243670361252 -7.934658740942808 0.16303551186247028 -765575.960074346 1.6675617942326102e-07 0.4164929710478649 0.4164866198119079 0.39428322909728697 212.4492368406341 232.13353725386446 400.0 -1.5735388449682033e-06 0.02224946990949887 0.02220974195057793 -4.602092139754841e-06 -0.7230730042211769 2.437977053312133e-08 0.0008136272617290505 0.0004062481855829097 0.0004073538487678473 0.022210262589676615 1.6675617942326102e-07 0.0004054869982040217 0.0004081402635250289 0.0005640679115248262 0.0005640679113124033
16.34 14.542267804202941 -7.934664749885343 0.2595810619987294 -765574.5220989911 2.4634228334673123e-07 0.6722705064430933 0.6722539027659525 0.6456842426542623 212.44609495262839 235.84252200001814 400.0 -2.2576738910980503e-06 0.026644392680734597 0.02658626378883096 -6.778038944957801e-06 -0.8888338993695937 2.4368585354364818e-08 0.0009744029364860796 0.0004863826845169738 0.00048799502443980057 0.026587064209779555 2.4634228334673123e-07 0.00048526240644708506 0.0004891405300389944 0.0006755649532088537 0.0006755649529979652
19.27 14.542306055951444 -7.93467490141316 0.3981421054934899 -765572.0709287042 3.5646483316919474e-07 1.032153363484584 1.0321123639459204 1.0008255454675103 212.4404342618319 240.0177637048858 400.0 -3.1391993815468027e-06 0.03141013427196942 0.0313278180170738 -9.647627284513965e-06 -1.0695460430727237 2.435624903706066e-08 0.0011487653675437406 0.0005732324206899339 0.0005755077190623861 0.03132898613927935 3.5645462284928455e-07 0.0005716416781182846 0.000577123689425456 0.0007964967800304361 0.0007964967798140288
22.45 14.542365532455534 -7.9346914562486575 0.5908036318216913 -765568.0768843439 5.064595045040722e-07 1.5194176446667076 1.5193212280325488 1.4829542283571304 212.43090586779445 244.4581727019911 400.0 -4.259681942704536e-06 0.03657825237996204 0.03646341630957729 -1.3361203490871116e-05 -1.2648721088757646 2.4341748076680612e-08 0.0013378800733491057 0.0006673639491995864 0.000670490895924927 0.03646505619039388 5.064595045040722e-07 0.0006651675011230422 0.0006727125722260634 0.0009276747382098864 0.0009276747379994559
25.87 14.542455408252863 -7.9347173428296855 0.8486614929109836 -765561.8832284246 7.046444356657275e-07 2.1500530917001086 2.1498380342165904 2.1080805561929674 212.41585244219166 248.87711106007242 400.0 -5.654813549573588e-06 0.04213126094679773 0.041972535507140835 -1.8045962505402478e-05 -1.4723003136206103 2.4324242781292276e-08 0.001541123591022327 0.0007684522787331642 0.0007726460833825133 0.04197476714036896 7.046444356657275e-07 0.0007654947941849779 0.0007756287968373485 0.0010686706764229238 0.0010686706762117588
29.53 14.542587619607392 -7.9347563889122625 1.182733546009989 -765552.6793538779 9.584535192042424e-07 2.9335052435507047 2.933051112153516 2.885655058163466 212.3933270868927 253.05359898379248 400.0 -7.365899948177972e-06 0.04806770426682502 0.04785018538723864 -2.3840922597313893e-05 -1.6897862702582587 2.4303120178074266e-08 0.001758462790921802 0.0008764665350837763 0.0008819710258999452 0.04785315125621824 9.584088399071149e-07 0.0008725705893851259 0.0008858922015366758 0.001219467680172418 0.0012194676799565215
33.43 14.542776703510901 -7.9348133684200945 1.6025067193312175 -765539.5313626016 1.270529349591374e-06 3.86822906598663 3.867325787046265 3.8141381912997674 212.36129109023426 256.8500560543613 400.0 -9.43709111168815e-06 0.05438592217806397 0.054090874686862626 -3.088642435203388e-05 -1.9153449389371129 2.4278018536267583e-08 0.001989859251097124 0.0009913734131565197 0.0009984606065000054 0.05409474523080885 1.270529349591374e-06 0.0009863391970359142 0.00100352005406121 0.0013800472672824413 0.0013800472670654606
37.58 14.54303959747602 -7.934894234210816 2.1162217186902574 -765521.3779127153 1.638635848779444e-06 4.942904166678512 4.941215451351352 4.882199744383992 212.317683623149 260.2129598047112 400.0 -1.1921706467482523e-05 0.061100239131306626 0.06070442229452092 -3.9344819385152144e-05 -2.147741049367309 2.4248615589192545e-08 0.0022358618950823845 0.0011134312353356143 0.0011224054261918931 0.06070940147792588 1.638635848779444e-06 0.0011070329500983795 0.0011288289449840057 0.001550800759754051 0.0015508007595381758
41.96 14.543392110996583 -7.935005242166341 2.7249956425239716 -765497.2753472001 2.0542842590183892e-06 6.127080540764556 6.124117851978029 6.059428540999445 212.26107146536242 263.1202852073377 400.0 -1.4857620915504185e-05 0.06817625748086922 0.06765199976511062 -4.931640782176059e-05 -2.3843069203412655 2.421477702182808e-08 0.0024952367450727583 0.001242014219424673 0.00125319728923667 0.0676583143319641 2.0542535792980796e-06 0.0012340100686040437 0.001261226676468714 0.0017308837630786089 0.0017308837628634865
46.59 14.543852766568067 -7.935154347946138 3.43153584630034 -765466.1274299661 2.507261649960818e-06 7.3930249398591386 7.388126138801411 7.318067798087639 212.18999152704956 265.61240550436554 400.0 -1.8310937483189212e-05 0.07564399594132902 0.07495714177149956 -6.0987914729737604e-05 -2.6247675968921715 2.417595824411653e-08 0.0027691145005503664 0.0013776697777255877 0.0013914194826640546 0.07496504349787564 2.507261649960818e-06 0.0013677880854120607 0.001401326415138306 0.001921095126971164 0.00192109512675647
51.46 14.54443613929938 -7.935349407589371 4.230968684683814 -765427.0974309919 2.9823304046955737e-06 8.70168233262212 8.694029538087259 8.619088157328235 212.10380438596584 267.7249235249496 400.0 -2.23308383729258e-05 0.08348463873915932 0.08259417529388445 -7.44787341925948e-05 -2.867310001011823 2.413170707495014e-08 0.003056841839392832 0.0015200612733563255 0.0015367553211179487 0.08260391652354412 2.9821849685885648e-06 0.0015080114323761191 0.0015488304070167124 0.0021209967568050995 0.0021209967566218186
56.57 14.545155434010677 -7.935598935251448 5.116829945553021 -765379.4397688345 3.466436438294081e-06 10.017836121673334 10.006475428939167 9.927284613963677 212.002203179879 269.5056153524891 400.0 -2.697558227657081e-05 0.09169507646479866 0.09055150770965707 -8.992863929967061e-05 -3.1106549723953645 2.408138883726366e-08 0.003358348399763453 0.0016691418304054313 0.0016891813185718229 0.09056332431633383 3.466475769676304e-06 0.0016546111638285888 0.001703737235934864 0.0023305570634932025 0.002330557063259111
61.92 14.546021428992596 -7.935911691751244 6.08053843564455 -765322.5683136748 3.9469425153522315e-06 11.310679614084252 11.294566075149715 11.21186400325901 211.88526105477817 271.00104166406544 400.0 -3.230611643337997e-05 0.10027162766199449 0.09881561082524179 -0.00010747467932419932 -3.353409160411834 2.4024318088677265e-08 0.0036735510798720596 0.001824859128154635 0.001848666693875948 0.09882970113542747 3.9469425153522315e-06 0.0018075134932497244 0.0018660375866223354 0.002549737801815048 0.0025497378016006563
67.52 14.547043837526443 -7.9362972467610575 7.114091804958744 -765255.9321781115 4.414467318080184e-06 12.557764016549422 12.535796200747773 12.45037773343756 211.75304955244837 272.25566901798635 400.0 -3.8397344854531065e-05 0.10922589522367021 0.10738628311186263 -0.0001272853984012376 -3.5944101441277323 2.3959711026840235e-08 0.004002937669889071 0.0019874436954374353 0.0020154687083021577 0.10740279387862342 4.414210052922811e-06 0.0019669225967688412 0.0020360150731202308 0.002778900680066841 0.002778900680108875
73.35 14.548224596506211 -7.936762986589031 8.203397112260022 -765179.4935405815 4.8599194646438434e-06 13.736818911410834 13.707912724474266 13.620603105200036 211.6065637893038 273.302358728199 400.0 -4.5293646818337547e-05 0.11852079725024735 0.11621580621079747 -0.00014941404741515503 -3.8310039606559143 2.3887229131806646e-08 0.0043452124652629265 0.0021562474245938944 0.0021889397649609305 0.11623480772197804 4.8599194646438434e-06 0.0021321826185127404 0.002213029846750186 0.0030171695788551037 0.003017169578578149
79.43 14.549570966264945 -7.937319086715007 9.341854138594597 -765092.844749884 5.2795373362234235e-06 14.840450158987318 14.803533772796708 14.715134095162542 211.44590954772397 274.17686871928754 400.0 -5.308728063335999e-05 0.12818233252942846 0.12531606382477659 -0.00017404907805912813 -4.061999643665778 2.380621941823387e-08 0.004701407610043627 0.002331772782400656 0.002369609541088619 0.12533756461218087 5.2795373362234235e-06 0.0023037666844438684 0.0023976409255997587 0.0032652918297407445 0.0032652918295180506
85.75 14.551082318005683 -7.937973113728475 10.517786245089605 -764996.072067206 5.6699003642284556e-06 15.860561595134213 15.814629573114633 15.725908903709795 211.27196509074082 274.90447143534135 400.0 -6.183785912663073e-05 0.13818787534546764 0.1346526914244168 -0.00020125138282445874 -4.284808090337568 2.3716620870579263e-08 0.005070768925157061 0.002513643618184651 0.0025571000083149118 0.13467663362684618 5.669887843300268e-06 0.0024812897278702105 0.002589479197286849 0.0035227749503607127 0.003522774949925878
92.31 14.552758671894154 -7.938733052521997 11.722195998164178 -764889.2192720157 6.029837761088636e-06 16.79550107965415 16.73962101812465 16.6512945429663 211.0853685220995 275.50803876207874 400.0 -7.161853979982922e-05 0.14853006857339954 0.14420653668784938 -0.00023110011566537526 -4.497157229411705 2.361851967442132e-08 0.005453105068007226 0.00270176439208822 0.0027513153639304347 0.14423281799073198 6.029837761088636e-06 0.0026646442795430136 0.0027884607884642127 0.003789521650760541 0.0037895216505506382
99.11 14.55459882726101 -7.939606529587962 12.947052246261185 -764772.3905612882 6.359319720961124e-06 17.646792904458533 17.58011504558653 17.49283370246934 210.88670343262794 276.0066675823555 400.0 -8.250455226676088e-05 0.1592009447954167 0.15395920198919053 -0.0002636525844775847 -4.696740734766058 2.351229663039899e-08 0.005848199671487027 0.002896030536800818 0.0029521438081806938 0.15398769873079005 6.359270596380149e-06 0.002853717175437158 0.0029944824960498697 0.004065420465044083 0.004065420464834715
106.16 14.556603823701291 -7.940602281730577 14.187075374610025 -764645.548463836 6.660017349592829e-06 18.419169688273932 18.340902344411866 18.2552618134964 210.67620689174527 276.41677094024953 400.0 -9.459079651470813e-05 0.17020764536900493 0.16390787477753024 -0.00029899265244920717 -4.881533968541661 2.3398473932398788e-08 0.006256390945436027 0.003096613512759256 0.0031597520904961436 0.1639384672312714 6.660043116790867e-06 0.0030486668377238896 0.003207724107712137 0.004350750641639769 0.0043507506414331215
113.44 14.558765615361136 -7.941724380028575 15.432724069592567 -764509.2261941036 6.932726791119414e-06 19.115519858481996 19.024977561099096 18.94150991481644 210.45495471595427 276.750426834558 400.0 -0.00010792203095923698 0.18151021986425192 0.17400994366555755 -0.00033702540045313064 -5.048827934603349 2.327836208388491e-08 0.006676259978728842 0.0033028253040541253 0.0033734093157621013 0.1740425217802482 6.932726791119414e-06 0.0032488204520564495 0.0034274395266723923 0.0046445651587157044 0.004644565158509327
120.97 14.561087414507062 -7.942982445795252 16.68232770212824 -764363.2381237585 7.18015630233302e-06 19.743592562035392 19.64012304642046 19.559310556454694 210.22275231623962 277.0195974187547 400.0 -0.00012261567043964227 0.19313089222869156 0.1842820055807008 -0.00037783094813599393 -5.197014398387245 2.315290426518494e-08 0.007108681345681646 0.0035151087252416786 0.0035935472437544956 0.18431647969762102 7.180090917412121e-06 0.0034546078702894006 0.0036540734753922437 0.004947522354770638 0.004947522354566806
128.74 14.563563530509319 -7.9443812037313535 17.929906362906255 -764207.9627847446 7.404097757406389e-06 20.308491739852457 20.191515585990366 20.113788850688884 209.98026437609275 277.23297163397365 400.0 -0.00013873643841330784 0.20504539305341415 0.19470288916357126 -0.0004213023667534133 -5.323906674037514 2.302379280151546e-08 0.007552784973210197 0.0037330539368205535 0.00381970564097729 0.19473915979331155 7.40414328887752e-06 0.0036656358295900898 0.003887149143620108 0.005259060164745054 0.005259060164541115
136.75 14.566191169794054 -7.945926535639273 19.171971373319366 -764043.5937069749 7.606732260086363e-06 20.816305351000675 20.6852909547756 20.61103531683611 209.7278027212238 277.3982197718851 400.0 -0.0001563683113036988 0.21724538459618362 0.20527003416456469 -0.00046735094540573417 -5.427677668962472 2.289277282432926e-08 0.008008270771141803 0.003956535518286496 0.0040517098378277236 0.20530794852814457 7.606732260086363e-06 0.0038817923657246383 0.004126478405417164 0.005579014112436796 0.005579014112236301
145.01 14.568970908902713 -7.9476261450852235 20.407159134460418 -763870.106028055 7.79034167797091e-06 21.27339362458272 21.127832520401586 21.057394735656533 209.46530049436393 277.52187503306294 400.0 -0.00017562069827580665 0.2297381893834084 0.2159988889261861 -0.0005159125427524424 -5.506660496000226 2.2761605279902923e-08 0.008475400355192501 0.004185708195477165 0.004289666724226171 0.21603817205563736 7.79029031940333e-06 0.00410324161715597 0.004372158738036532 0.00590761273094861 0.005907612730747898
153.5 14.571893455523849 -7.9494812264606765 21.630212541093265 -763688.0986917055 7.956509987239369e-06 21.68413835738148 21.523587938933588 21.457266849915676 209.19362156923083 277.60900160458743 400.0 -0.0001965339082658096 0.24248663875061008 0.2268715074658045 -0.0005667095890078892 -5.558963022673599 2.2632646447029633e-08 0.008952744910937428 0.004419902142458784 0.004532817311796523 0.22691166700724094 7.956535649459363e-06 0.00432935707698975 0.004623387833947677 0.006243891295589143 0.006243891295387452
162.24 14.574963204957848 -7.951501202022314 22.8422279400946 -763497.3112687013 8.107498153025793e-06 22.054578051507946 21.878584576733342 21.81665087452678 208.91231070130192 277.66431621444565 400.0 -0.00021924558950001398 0.25551487856783234 0.23792717698116955 -0.0006196628329006372 -5.583008051981981 2.2507699767292404e-08 0.009441142030467243 0.004659564490929715 0.0047815520609463 0.23796740575509684 8.107498153025793e-06 0.004560597734726499 0.004880544295740744 0.006588475161412226 0.006588475161212417
171.22 14.578174443422899 -7.953688769271537 24.040357857326867 -763298.1124099469 8.244711718978053e-06 22.388813215078343 22.196963231138287 22.13964095992275 208.6218393658085 277.69149186957196 400.0 -0.00024382165252097583 0.26880318299684475 0.24917225515559194 -0.0006744730604238485 -5.576982558624319 2.238903782057421e-08 0.009939758796342634 0.004904328093734526 0.005035405201480224 0.24921132356883507 8.24468253010503e-06 0.004796643497334572 0.005143115299008065 0.006940806282527993 0.006940806282332842
180.43 14.581521401578726 -7.9560459139168245 25.222302577718335 -763090.8723121361 8.369641874158062e-06 22.690707044357506 22.482615100916963 22.430088165558345 208.32266115459896 277.69373881432625 400.0 -0.00027032400113987916 0.2823336510447299 0.2606188787991619 -0.0007307961823643555 -5.539155156437608 2.2278839670011577e-08 0.010447801116632863 0.0051538500350443136 0.005293925557383381 0.2606550484017572 8.369714534396528e-06 0.005037205999746729 0.005410595116886138 0.007300343361866676 0.007300343361669861
189.9 14.585013226031165 -7.958584908828584 26.391077664390078 -762875.0424850782 8.484042935348607e-06 22.96491623720201 22.7401540221652 22.69258269652435 208.01391324458984 277.6737282668688 400.0 -0.00029893409290431526 0.2961484577770999 0.2723335406776607 -0.0007884869696029462 -5.467503464825103 2.21787241080588e-08 0.010966705138130146 0.005408889001155589 0.005557790589135938 0.27236448113108486 8.484042935348607e-06 0.005283067343155157 0.005683637794974989 0.007668115031965046 0.007668115031769388
199.6 14.588637082959362 -7.9613021233794825 27.542378434910948 -762651.4207463225 8.588730577579766e-06 23.213844275097085 22.97204438604265 22.929531820697484 207.69663912872326 277.63378623126954 400.0 -0.00032965817959779674 0.3102035299727502 0.2843124543995997 -0.0008469851764521535 -5.360310842062274 2.2090825318376887e-08 0.01149464427867334 0.005668606932066364 0.005826011774712777 0.28433524330349386 8.588622222216573e-06 0.00553347953895546 0.0059611647397178795 0.008042828564374173 0.008042828564181252
209.54 14.592395255922689 -7.964204250123203 28.67712574839837 -762419.8872153334 8.685070137046243e-06 23.440764828093975 23.18153750332611 23.14416020251317 207.37059891329665 277.5758420890218 400.0 -0.0003626223428296175 0.3245149975617525 0.2966046255808048 -0.0009059251460203158 -5.215627651677765 2.2016612491323036e-08 0.012032032985679727 0.00593327325096544 0.006098734138372597 0.2966157595026583 8.685070137046243e-06 0.0057887718915984624 0.006243261094081264 0.008424767026421764 0.008424767026230108
219.73 14.596290234458749 -7.967298303096186 29.79621412813136 -762180.3007429737 8.773850705329892e-06 23.64847638219702 23.371431210497718 23.339215047420925 207.03551329118798 277.50147267931044 400.0 -0.00039796064668682783 0.33910023723480565 0.3092613347760922 -0.0009648849592560952 -5.031415980249586 2.1957363663596722e-08 0.01257931591222828 0.006203180132021874 0.006376110159055743 0.3092568096138137 8.773724622291523e-06 0.006049306292380884 0.006530009619847393 0.008814225058370519 0.0088142250581814
230.16 14.600316975838485 -7.970585197974316 30.898428551162525 -761932.9777019722 8.856115734568963e-06 23.839083228193054 23.543829617474348 23.516772950490328 206.69173241934212 277.4121517441368 400.0 -0.0004357415955885352 0.35394949197213926 0.3223102777027302 -0.0010232714876308561 -4.806088296213063 2.1914201872895786e-08 0.013135907728402459 0.00647811895843325 0.0066577631237267395 0.3222857828261628 8.856128480261077e-06 0.006314973006116196 0.006820934722286264 0.009210752508842825 0.009210752508655386
240.83 14.604474785712924 -7.974068594267862 31.98382133266465 -761677.9929740507 8.932826442385194e-06 24.014658281971233 23.700788332938096 23.678866794061616 206.33932428193262 277.3090790885267 400.0 -0.00047606856067198725 0.36906893389980927 0.3357914879096168 -0.0010804993823136416 -4.538138883685815 2.1887852536872593e-08 0.01370181569857133 0.006758179314213326 0.006943610712791119 0.3357426429616452 8.932826442385194e-06 0.006585960474775679 0.007115855223795653 0.009614308201054616 0.009614308200871597
251.74 14.608762559814037 -7.977752024430714 33.052524226918464 -761415.4111993153 9.003811957359873e-06 24.176958536002516 23.844120229596854 23.82721466719647 205.978267457226 277.19330382959487 400.0 -0.0005190474956864372 0.38446603055089956 0.349743868806048 -0.0011359306697246588 -4.2263467633249725 2.1878716667041304e-08 0.014277095301990686 0.007043480838364774 0.007233588766554993 0.3496665499818124 9.003811957359873e-06 0.0068624956425619756 0.007414599659428708 0.010024873643998964 0.01002487364381418
262.89 14.613179623315899 -7.981638920828459 34.10473458418783 -761145.2884632152 9.070855138088302e-06 24.32767265727422 23.975423575572737 23.963468500895537 205.6085669552114 277.06571586787453 400.0 -0.0005647872133707847 0.400149416588753 0.3642041563786878 -0.0011888787120163486 -3.8698636348287527 2.1886866317623342e-08 0.014861851081411241 0.007334172946384567 0.007527652412323038 0.36409489693355285 9.070827156871335e-06 0.007144844055280531 0.007717007026130713 0.010442454529420523 0.0104424545292388
274.29 14.61772969311857 -7.985736270769507 35.14159435771786 -760867.4283915478 9.133977945952343e-06 24.46829394779431 24.096207449008027 24.089074679186346 205.22992265282215 276.9269442688411 400.0 -0.0006134431078914815 0.4161427091386773 0.3792192686079687 -0.001238653508555758 -3.4679156842664973 2.191208302180739e-08 0.015456755044735891 0.00763069278416593 0.007826036512132182 0.3790756932019601 9.133977945952343e-06 0.007433560721535703 0.008023194323200186 0.010867452208151794 0.010867452207972271
285.93 14.622408245042092 -7.990043879211612 36.162433553805215 -760582.112713066 9.19354248847473e-06 24.599928742416424 24.207592748281577 24.205122591393632 204.84262732907987 276.77776619017504 400.0 -0.0006650901461809342 0.43244217840232124 0.39480615102279526 -0.001284431659556672 -3.02090162643894 2.195381774160039e-08 0.016061475837768818 0.007932981803421004 0.008128468260150241 0.39462755184548526 9.193490525975131e-06 0.007728727087145218 0.008332748750623604 0.011299542615509878 0.011299542615333044
297.81 14.627215116480164 -7.994564905092034 37.167573926307085 -760289.3748317077 9.250238409595982e-06 24.723704622044064 24.310675909027665 24.3127144803231 204.44667650254067 276.6187440971824 400.0 -0.0007198469418280817 0.44905872013186565 0.41099014172096504 -0.001325405462583327 -2.5294604985910945 2.2011247659835116e-08 0.01667624769958553 0.008241264560304128 0.008434957339350166 0.4107779945522188 9.250238409595982e-06 0.008030706277161678 0.008645541422423854 0.011738798533887882 0.011738798533714621
309.93 14.632150192247746 -7.9993024290070025 38.157358425737655 -759989.2414941746 9.304366549367874e-06 24.84059076373832 24.40642210105238 24.412799061835827 204.04204751240658 276.4503641584624 400.0 -0.0007778356841148758 0.4660035312214949 0.42779170190248905 -0.001360740377499613 -1.9947929087102534 2.208331318138472e-08 0.017301339064391186 0.008555783474363522 0.008745529764442251 0.4275502145580251 9.304364540737487e-06 0.008339884504610429 0.008961454559780757 0.012185311816845191 0.012185311816696794
322.29 14.637213479922977 -8.00425946014721 39.13214507405862 -759681.7333510371 9.356347922267534e-06 24.95145572416798 24.49568084329975 24.50622949935359 203.62871050033323 276.2730438272989 400.0 -0.000839182287301426 0.48328790308537367 0.44522622481438884 -0.0013895833449739346 -1.4186614847630725 2.2168758631500044e-08 0.017937047377265983 0.008876794652448524 0.009060226873712093 0.4449628643013285 9.356347922267534e-06 0.008656665488677981 0.009280381888587999 0.012639191444708663 0.012639191444743809
334.89 14.642405130060409 -8.009438942419422 40.092301813841374 -759366.8654997622 9.406438554751633e-06 25.057055033190196 24.57919980698527 24.593750989449624 203.20663499309066 276.0871399996044 400.0 -0.0009040165124495167 0.500923027665231 0.463304043740572 -0.0014110715937942207 -0.8033704144556372 2.2266176686321388e-08 0.01858369343952891 0.009204563404233123 0.009379104158860853 0.46303001561516594 9.406438554751633e-06 0.008981464471919734 0.009602228967609174 0.013100561268703997 0.013100561268357788
347.74 14.647729513505382 -8.014848014993191 41.03892642221524 -759044.3963438798 9.45504159595816e-06 25.158145644931 24.65769573617985 24.676100320063554 202.77544052690394 275.89280686901134 400.0 -0.0009725263088567044 0.5189338490596572 0.48204532486744966 -0.0014243484682523832 -0.151209740632031 2.2374141462602512e-08 0.01924212751831413 0.009539620688669117 0.00970248092810971 0.48177599034070523 9.455026809411989e-06 0.009314962512101878 0.009927165006212253 0.013569922330378025 0.013569922330152879
360.82 14.653178755602683 -8.020481084294659 41.97092222141681 -758714.8330244164 9.502324314444095e-06 25.25516419923775 24.73162619132386 24.753742355221178 202.33576554640823 275.69060551124704 400.0 -0.0010447428015926202 0.5373028362795117 0.5014218440165723 -0.001428538054429495 0.5335506518846168 2.2490910995565902e-08 0.019911675025385423 0.00988171510898325 0.010029933990094124 0.5011770159747628 9.50233149405752e-06 0.009657060596192844 0.010254614429192581 0.014046690466682827 0.01404669046646945
374.15 14.658761640977232 -8.02634953124462 42.89009165161947 -758377.67244189 9.548598775803302e-06 25.34878740812999 24.801615427226942 24.827327278818075 201.88688903004126 275.4804488510848 400.0 -0.0011209182650282184 0.5560680385312936 0.5214601293119148 -0.0014228083915918829 1.2483220209489545 2.2615072092994722e-08 0.020593716238714463 0.010231635667180322 0.010362054620804369 0.5212643202008367 9.54860591670604e-06 0.010008695436136805 0.010585020802577658 0.014531748615212888 0.01453174861493765
387.72 14.66447460534909 -8.03245181574718 43.796085576630205 -758033.1628804927 9.59406362141357e-06 25.43940987362229 24.868055536521283 24.89727094584047 201.4291019818302 275.26267576146523 400.0 -0.0012011444361894553 0.5752247577635919 0.5421389277818209 -0.0014063399091721 1.98865263155928 2.274496917575105e-08 0.021288096623078182 0.010589378951076487 0.010698691697283108 0.5420213793643146 9.59406362141357e-06 0.010370008158011014 0.01091808846506717 0.015024891138304478 0.015024891138155349
401.54 14.670322549591702 -8.038795244415581 44.689911045035 -757681.0421210906 9.63888226765183e-06 25.527502295981915 24.93138844782846 24.964037877303095 200.96201214814084 275.03727828315925 400.0 -0.001285633566302426 0.5947958076713917 0.5634644186788216 -0.0013783291141919133 2.750948805291629 2.2879190730611088e-08 0.02199568192048146 0.010955456212630619 0.011040199709623635 0.5634591533507826 9.63888226765183e-06 0.010741653478840372 0.011254028441641086 0.015526643069396813 0.015526643069251495
415.59 14.67629777811491 -8.045373263762258 45.57063951315829 -757321.8093081964 9.683275318200423e-06 25.61332090517709 24.9918738264536 25.027926621857198 200.4862419110926 274.8047112649081 400.0 -0.001374417634240082 0.6147607634644042 0.5853942833198935 -0.0013380777582701821 3.529834100368975 2.3016122154550927e-08 0.022715793707220353 0.01132956843812999 0.011386199247933632 0.5855396702091656 9.683244005996256e-06 0.011123456663702791 0.01159233704351756 0.016036441441805584 0.016036441441629246
429.89 14.682409715621775 -8.052197822670763 46.4398839990223 -756954.9394839898 9.727386579600876e-06 25.6973090811691 25.049908975102763 25.0893622352014 200.00107099991675 274.56474574101577 400.0 -0.0014677814224505945 0.6351552063412936 0.607946845967699 -0.0012848358975384377 4.322103557404723 2.3154649946806955e-08 0.02344979134927113 0.011712461595791106 0.011737303710005467 0.6082856829263126 9.727486638592828e-06 0.01151629951714976 0.011933491832121376 0.01655517452933853 0.016555174529150358
444.42 14.688650802536456 -8.05926192486487 47.2967787203941 -756580.92906374 9.771333836650247e-06 25.779649651543128 25.105688231018462 25.148572715570563 199.50713014725844 274.31779834474736 400.0 -0.0015657567846991797 0.6559570416318599 0.6310769359725639 -0.0012180365158831216 5.122385788234783 2.3293403733262104e-08 0.024196967821114128 0.012103794108211037 0.01209314764781911 0.6316555610482903 9.771333836650247e-06 0.011919943046463507 0.012277024774650624 0.01708227693464 0.017082276934443884
459.2 14.695030490020185 -8.06657779797709 48.1428450281786 -756199.2434726981 9.815270495788883e-06 25.860716519513588 25.159533561197236 25.20591393204143 199.0036418764408 274.0635998986994 400.0 -0.0016686450880401033 0.6772006348074848 0.6548025874721612 -0.0011370005214807373 5.927636655116342 2.3431538729038458e-08 0.024958654570686217 0.01250427795973341 0.012454350525003972 0.655670995419953 9.815196193874096e-06 0.012335223696047682 0.012623430874638535 0.01761863070609813 0.017618630705914615
474.22 14.701545806989639 -8.074143105085852 48.977819213832525 -755810.1176510329 9.859336054287313e-06 25.940699481489577 25.21162435169236 25.26160495323185 198.49092925607738 273.8023571437448 400.0 -0.0017765506112289804 0.6988768022107539 0.6790945282577299 -0.0010412391564556987 6.733345038381866 2.3568069121412027e-08 0.025734623615142668 0.01291379712643812 0.01282080038271468 0.6803053431666306 9.859336054287313e-06 0.012762115714871241 0.012972507900271433 0.018164025752850387 0.0181640257526711
489.48 14.708197904395103 -8.081960287547815 49.80202624757201 -755413.5267170402 9.903581754208457e-06 26.019807724897046 25.2621563329915 25.315867560179882 197.96892068512838 273.5341023113279 400.0 -0.0018896479642800982 0.7209900620156038 0.7039401647171645 -0.0009302801121202946 7.535797233581139 2.370225276079364e-08 0.026525141732411984 0.013332482789419715 0.013192632817848774 0.7055482012303541 9.903536840308057e-06 0.013200838470678464 0.013324303261733516 0.018718609389142816 0.018718609388973136
504.99 14.714992485463009 -8.090037008567322 50.616299928458375 -755009.1823338373 9.948265896006156e-06 26.098309678075143 25.311336318642873 25.368965153711354 197.4372199576212 273.258671385859 400.0 -0.0020081933651482776 0.7435590094410879 0.729344524363792 -0.000803623161235533 8.332076339240777 2.3833573107548197e-08 0.027330977419806703 0.013760722549356669 0.01357022872709069 0.731406492307386 9.948265896006156e-06 0.013651873292393011 0.013679104127413693 0.019282887645055338 0.019282887644893443
520.73 14.721922233625765 -8.09836523995665 51.41989793847428 -754597.5763527792 9.99310983016207e-06 26.176236348134285 25.359259427571253 25.420971440638 196.89647311385852 272.9764185467506 400.0 -0.0021322166043587715 0.7665581270849433 0.7552649074962888 -0.0006610748589740587 9.118054257727671 2.396139576017374e-08 0.028151321506805212 0.014198055246317013 0.013953240099933756 0.7578379197383283 9.99310983016207e-06 0.014114797998251966 0.014036523508553249 0.0198562694335723 0.019856269433421305
536.72 14.728997158033541 -8.106957911828943 52.214139684487606 -754178.153554219 1.0038599431288619e-05 26.25390862178844 25.406130137415055 25.47218269428705 196.3458703780035 272.68698742864194 400.0 -0.0022620619241904556 0.7900198602613836 0.7817259275013898 -0.0005021535400895253 9.891970941080565 2.408554170531979e-08 0.02898742852785708 0.0146451091386122 0.014342293212551932 0.7848681604202009 1.0038519514813404e-05 0.01459033199360977 0.014397096534247306 0.020439614111191617 0.02043961411105183
552.95 14.736214690872554 -8.115812115169973 52.99879933465973 -753751.1412635945 1.008466705507268e-05 26.33141358559157 25.452047970660843 25.522709003593423 195.78577580667073 272.39051890958234 400.0 -0.002397842486889003 0.8139325889179996 0.8087045819981488 -0.00032669790185660934 10.650919342074314 2.420569745101005e-08 0.029838974677372038 0.01510166360876332 0.014737284876898758 0.8124737880382616 1.008466705507268e-05 0.015078287881213194 0.014760686796158846 0.021032683758680965 0.021032683758549667
569.42 14.743576281168973 -8.124930151859843 53.7741582618416 -753316.5029565411 1.0131242857593216e-05 26.408869859826662 25.497131902941398 25.572673828563833 195.21609156460042 272.08699004889934 400.0 -0.0025397530271967033 0.838299055732132 0.8361960312628304 -0.00013451172490084844 11.392855987414794 2.4321729452884854e-08 0.030706141124743368 0.01556776002778678 0.015138354891402387 0.8406493712816588 1.0131241105959633e-05 0.015578745642064046 0.01512739548267932 0.021635599116944265 0.021635599116822224
586.14 14.751088144275434 -8.134319963230979 54.54094268751689 -752873.9350758261 1.0178588314066696e-05 26.486486984434173 25.541516938748167 25.622273049784646 194.63642272841906 271.7761715303113 400.0 -0.0026880823656868684 0.8631367575391139 0.8642139346495263 7.468307528299802e-05 12.11651358557734 2.443365182457753e-08 0.031589625441147955 0.016043712764749203 0.015545886458213167 0.8694080238502073 1.0178588314066696e-05 0.016092074173804795 0.015497551267343155 0.02224884383713751 0.02224884383702232
603.09 14.758743001569794 -8.143972579314607 55.298500697815214 -752423.9263054975 1.0226628929696512e-05 26.56428376333772 25.585249889148958 25.67156051513158 194.04739326427347 271.4583867720049 400.0 -0.0028428560413919224 0.8884185174482819 0.892723248206138 0.0003007406295718181 12.819671794169711 2.4541347668733755e-08 0.03248852762397901 0.01652897082668841 0.015959530567745083 0.8987124702399387 1.0226551403134237e-05 0.016617701277409563 0.015870826346569448 0.02287179700773151 0.022871797007628026
620.29 14.766551746360172 -8.153901633289053 56.04798437643722 -751965.9029328445 1.0275625731900403e-05 26.64249937299229 25.628474347637944 25.72074182499002 193.44826312396552 271.1332004968523 400.0 -0.0030044638796179234 0.9141766797133022 0.9217575480022698 0.0005439911353737188 13.5021227295275 2.4645015515134656e-08 0.03340405572709493 0.017024116772209413 0.01637991271527718 0.928595605475541 1.0275625731900403e-05 0.017156273219322164 0.016247782507772774 0.02350530323175814 0.023505303231663777
637.72 14.774507342748151 -8.16409781109266 56.78877236989405 -751500.3528477115 1.0325171486689161e-05 26.721075356408626 25.671224752933693 25.769791039906263 192.83972253893867 270.8009176894565 400.0 -0.0031729293764428896 0.9403838348286168 0.9512843165023647 0.0008041784937319486 14.162327751243714 2.4744647574514623e-08 0.03433528501673466 0.017528578725283458 0.016806680043123395 0.9590221053503689 1.0325171486689161e-05 0.017707176968206454 0.01662810804852821 0.024148732934362916 0.024148732934275174
655.4 14.782620458638357 -8.1745750018261 57.52195574969069 -751026.6941926936 1.0375646990714696e-05 26.800259634016584 25.713628359585474 25.818919876563754 192.22087511768424 270.4611007801244 400.0 -0.003348661569705222 0.9670726397968398 0.9813397574528291 0.0010815921731713429 14.800560512154393 2.484050060251319e-08 0.03528341745012289 0.01804293465984589 0.017240456534593537 0.9900272409588469 1.0375646990714696e-05 0.018271046619198466 0.017012370830924432 0.024802929192921534 0.024802929192840904
673.32 14.790888992787085 -8.185329600550375 58.247341450079446 -750545.1450756025 1.042733728133528e-05 26.88016622175487 25.75573276388453 25.868255972522817 191.59215074150305 270.1138402898774 400.0 -0.003531785484496138 0.994230796553396 1.01191024923205 0.0013760485760712577 15.416187475515585 2.4932678636683593e-08 0.036248049998813106 0.018566893242756122 0.017681130494411623 1.0215948412483646 1.0427252628722344e-05 0.018847562198578496 0.01740048780023461 0.025467627651076182 0.025467627651000725
691.49 14.799319529024176 -8.196369887751814 58.96554810041985 -750055.3839421417 1.047989482781545e-05 26.960846969201523 25.797627721006048 25.917830042090884 190.95308040805082 269.7588587829558 400.0 -0.003722632389584595 1.021876357594872 1.0430169271106378 0.001687654552256152 16.009480937704033 2.5021402487869082e-08 0.03722985121103601 0.019100745167706337 0.018129079777134086 1.0537445424545837 1.0479963657701853e-05 0.019437037478051006 0.017792813732984997 0.02614330405378443 0.026143304053712915
709.89 14.807905314742879 -8.207685886542606 59.67600862675882 -749557.8969356503 1.0533606103930265e-05 27.04237216514031 25.83932910946691 25.967742048974685 190.3044409470532 269.39643651173117 400.0 -0.003921221804087293 1.0499818573993773 1.0746301161656253 0.0020159742743520817 16.579916781285075 2.5106751895129666e-08 0.03822786725760717 0.01964390020355599 0.018583940784736228 1.08644344902693 1.0533606103930265e-05 0.0200388093682009 0.018189057889406265 0.026829318725336497 0.026829318725272167
728.54 14.81665748521072 -8.219292022314164 60.37970970287735 -749052.0868573143 1.0588101526601561e-05 27.12481054514884 25.880939572418292 26.018021477320307 189.64530020642403 269.02609638259895 400.0 -0.004128003946255218 1.0785809342205468 1.1067890678285328 0.0023612445010738523 17.128382437277477 2.518899431964478e-08 0.03924330946565845 0.020196947604983542 0.019046335589677034 1.1197299496651756 1.0588029630177095e-05 0.020653514348639455 0.018589795117019012 0.027526521621947943 0.027526521621892026
747.43 14.825573948987644 -8.231184325105943 61.0764716673971 -748538.1661304224 1.0643923905233033e-05 27.20832580301827 25.92248938546825 26.068844010922867 188.97604127026912 268.64791559424924 400.0 -0.004343111801752194 1.1076616184783945 1.1394817920954008 0.00272314920671787 17.654944023342406 2.5268250795172788e-08 0.04027576554078572 0.02075959554092398 0.019516143728622017 1.1535894920553922 1.0643923905233033e-05 0.0212808073759681 0.018994958164817624 0.02823464671342305 0.02823464671337192
766.56 14.834657168294044 -8.24336491912041 61.766498787127006 -748016.0746974297 1.0700757322154834e-05 27.292916516178263 25.964027657395143 26.120202983700885 188.29663153133535 268.2617761028705 400.0 -0.004566789929552856 1.1372273483741295 1.1727135324773768 0.0031015247190604714 18.160071229142748 2.5344679684506376e-08 0.041325367342230745 0.021331850802057052 0.01999349027012972 1.188025410834249 1.0700721348023805e-05 0.02192066910635599 0.019404698235874755 0.028953802208435797 0.028953802208389685
785.93 14.843909501557166 -8.255835909453197 62.44998883349041 -747485.7499279089 1.075883785464986e-05 27.378709505676344 26.00559975799503 26.172220001887947 187.6069612522576 267.86756114910474 400.0 -0.004799288163702448 1.1672817282151322 1.2064895037883956 0.0034961848527877344 18.644294651931272 2.541842679206729e-08 0.042392250549048514 0.02191372503843852 0.02047849924318929 1.223041087825483 1.0758902772858885e-05 0.022573081006766922 0.0198191695422816 0.02968409877365356 0.029684098773611164
805.54 14.853333810033327 -8.268599412988607 63.12713561524984 -746947.1277059345 1.0818152870042355e-05 27.465771094529682 26.04724766143197 26.224956237922328 186.90710999258303 267.4651292938347 400.0 -0.005040861876981105 1.1978285557063493 1.2408148566073562 0.003906923229076199 19.108186854381078 2.5489624648420527e-08 0.04347655632584517 0.022505235879482215 0.020971294182976066 1.2586399198484681 1.0818152870042355e-05 0.023238026875484236 0.02023852945036094 0.030425650554456864 0.03042565055442132
825.39 14.86293235433991 -8.281657502360787 63.79812502478557 -746400.1402051626 1.0878688420897455e-05 27.55416145250921 26.089010054714777 26.27846692964955 186.19684226877456 267.05436191772156 400.0 -0.005291772038875087 1.2288717793589627 1.2756945228596597 0.004333507929732681 19.552337770193496 2.5558390777158852e-08 0.04457843088580115 0.023106406411347914 0.021471998216486377 1.294825147068396 1.0878609374159158e-05 0.023915491682899793 0.020662939202901357 0.031178574823754017 0.031178574823725727
845.49 14.872713143303967 -8.295018966184017 64.46346842483962 -745844.4419754463 1.094058032564026e-05 27.644018310099895 26.130943552581595 26.332867333083257 185.47593930057147 266.63489055774494 400.0 -0.0055524169490645285 1.2604312955579826 1.3111509770166379 0.004775909275820316 19.977550868834076 2.5624861623915553e-08 0.04569858647359766 0.023717571460750052 0.021980988761658753 1.331618283227453 1.094058032564026e-05 0.024605808474270723 0.021092777999326934 0.03194337477698619 0.03194337477696213
865.83 14.882673988624877 -8.308679326843247 65.12300160733902 -745280.2358473665 1.1003756274721617e-05 27.735346758867774 26.17306011539944 26.388175545189117 184.74461361095368 266.2067807833799 400.0 -0.0058229450290103344 1.292495823581568 1.3471712136786569 0.005233633968915462 20.384183101479227 2.568909178831852e-08 0.04683662973311376 0.02433846496872464 0.022498138521293495 1.3690040719246432 1.1003726218167844e-05 0.025308627033500418 0.02152800269961335 0.032719798127447165 0.03271979812742953
886.41 14.892817942114453 -8.32264066354233 65.77689855130396 -744707.4478924376 1.106833630931705e-05 27.82824155436632 26.21539038233919 26.444481975121995 184.00289741150897 265.76987107136773 400.0 -0.006103635922096678 1.3250698984693494 1.3837595792443276 0.005706374917696227 20.772801806813145 2.5751158902732898e-08 0.04799272994960396 0.024969130155035185 0.023023573560832577 1.4069852872363269 1.106833630931705e-05 0.026023940277395824 0.021968789672208135 0.03350797682871402 0.033507976828701234
907.23 14.903147947062747 -8.336905038323323 66.42532799308853 -744126.0011603575 1.113425552375841e-05 27.922742805967832 26.257962690329492 26.50182260163669 183.25071790936977 265.32400166997854 400.0 -0.006394775910519712 1.3581582474073959 1.4209202043311475 0.006193794033570644 21.1439432424945 2.581112878513127e-08 0.049167065068227066 0.025609616816982844 0.023557422028075238 1.4455644878278298 1.1134240148841304e-05 0.02675174304466066 0.02241532202356642 0.0343080484551889 0.034308048455182344
928.29 14.913667114024658 -8.351474513033622 67.06845467759183 -743535.8162891027 1.1201626928307001e-05 28.018941781450003 26.300803332313084 26.560284714868764 182.48804524607806 264.8690026613209 400.0 -0.006696658253231538 1.3917658141463263 1.4586570665812364 0.006695520591707306 21.498107058100125 2.5869057122118057e-08 0.05035982280722843 0.026259981605263046 0.02409981499050305 1.4847440622942498 1.1201631453877124e-05 0.027492032154177524 0.022867790653050897 0.03512015700420825 0.03512015700420562
949.6 14.924383724458524 -8.366358165288688 67.70673606527824 -742936.5296451647 1.1270497072233557e-05 28.116946940348864 26.34395697829726 26.619954877672605 181.7145116334644 264.40447678587816 400.0 -0.007009732223232459 1.4259138302876728 1.4969920626762614 0.007211391612802653 21.835905129523308 2.5925016554388507e-08 0.05157177130200392 0.026920598574901165 0.024651146528413697 1.5245449701194866 1.1270497072233557e-05 0.02824516036132095 0.023326610940682974 0.035944841166521455 0.03594484116652171
971.15 14.935296048303886 -8.381551160398061 68.34002097889206 -742328.3360181274 1.13408441421605e-05 28.21677240366185 26.387426100078198 26.680861275835337 180.9304241658864 263.9304572667286 400.0 -0.0073341646256597755 1.4605917899765715 1.535911127826513 0.00774072268254695 22.157578477358484 2.597901875039981e-08 0.05280255485001239 0.027591229647697807 0.02521129901736939 1.564950777437525 1.1340832955352875e-05 0.029010776323003685 0.023791778527008704 0.036781874662441615 0.03678187466244665
992.93 14.946402382497807 -8.397048403035456 68.9681774382277 -741711.4315708522 1.1412694355184534e-05 28.31844692132259 26.431212084376362 26.743046967785222 180.13614206554936 263.44697494627496 400.0 -0.007670115782703974 1.4957891919946487 1.5753999535373682 0.00828277146798752 22.463359123328924 2.6031074552351654e-08 0.05405182041551479 0.02827163882134063 0.025780155423833707 1.6059447261948212 1.1412694355184534e-05 0.029788522268683056 0.024263298146831737 0.03763103392691014 0.037631033926920035
1014.97 14.957721571966706 -8.41287338592005 69.59231247122177 -741084.7733350892 1.14861611173194e-05 28.422165044120025 26.475388234826728 26.806648033152406 179.33055557313276 262.9644768922973 400.0 -0.008018378941259247 1.5315606113410456 1.6155170109676171 0.008837748892875783 22.75397706714207 2.6081283890432088e-08 0.05532152734533695 0.028962848906384113 0.02635865228398249 1.6475855155943386 1.1486157751408341e-05 0.03057946752852241 0.024742059816814543 0.0384936669420652 0.03849366694207791
1037.24 14.969241840700303 -8.429006713258786 70.2120802761429 -740448.7340248572 1.1561188638182182e-05 28.527832600910184 26.51988891464951 26.871620938520543 178.51473957277193 262.52517736280606 400.0 -0.008378816167657448 1.5678633053670277 1.6562116623896372 0.009404393470144068 23.029364705802568 2.612960788212163e-08 0.05661018039369325 0.029664005644566466 0.026946148610178716 1.6898186441974579 1.1561211764797502e-05 0.03138247285278391 0.025227707540909337 0.03936877232334746 0.03936877232336273
1059.75 14.980972029386692 -8.445457583301106 70.82745268364569 -739803.3868486864 1.1637839836249006e-05 28.63559676880041 26.564785463031026 26.93809145133151 177.68834616633674 262.07701926339496 400.0 -0.008751914003708349 1.604718420336785 1.6975053174689025 0.009982608776154077 23.29011540840641 2.617610823785909e-08 0.057918547030019384 0.030375498413670987 0.027543022494069452 1.7326647362018426 1.1637839836249006e-05 0.032197869626909396 0.025720677403109998 0.04025688139889811 0.04025688139891755
1082.51 14.992921109034839 -8.46223543879782 71.4388345305893 -739148.3440223334 1.1716176065222927e-05 28.74556989115339 26.610113663013166 27.0061503499075 176.8509147017133 261.6196173187814 400.0 -0.009138180196782746 1.6421473151132742 1.7394195412458902 0.010572329273856814 23.53678753197226 2.622084118297412e-08 0.05924740285770894 0.0310977232622385 0.0281496534905149 1.7761446162766166 1.1716146910893215e-05 0.033026021728536456 0.026221381129172473 0.041158529074336384 0.041158529074358165
1105.5 15.005082564034392 -8.479327593100408 72.04582482964098 -738484.079625405 1.179616747093652e-05 28.8577259852948 26.655848695346506 27.075805325426295 176.0032570488343 261.15317667474824 400.0 -0.009537618297166584 1.6801220824823653 1.7819206598685038 0.01117270753001538 23.769595910851006 2.6263802752236748e-08 0.06059577549823724 0.03183012758034171 0.028765621830902158 1.8202218104296548 1.1796170192664683e-05 0.03386620255587947 0.026729572942357768 0.04207306369152217 0.04207306369154435
1128.74 15.017470970502702 -8.49675096431207 72.64908477812425 -737809.9107801205 1.1877911126037251e-05 28.972228766936492 26.702044566337477 27.14717991559236 175.1446296432769 260.6770916289168 400.0 -0.009950925802207904 1.718680831382362 1.825048851344131 0.011783931949614943 23.989154326349773 2.630506435805481e-08 0.06196503765152819 0.032573433990748184 0.02939157759240248 1.8649364449184762 1.1877913992026381e-05 0.03471914542436345 0.02724589222716474 0.043001423956476076 0.04300142395650084
1152.22 15.030085168479047 -8.5145001999783 73.2484785374014 -737126.0176903481 1.1961406339211307e-05 29.089098895404643 26.74869491957019 27.220309924724315 174.27539531541962 260.1913570392086 400.0 -0.01037828820947113 1.7578122568211907 1.8687889706803262 0.012405404769162198 24.195751317408924 2.634464026381505e-08 0.06335480849141747 0.03332741350294616 0.03002736893935467 1.910271270576739 1.196140953457589e-05 0.03558448974365482 0.027770318747762642 0.04394335869980736 0.04394335869983404
1175.94 15.042929389796702 -8.53257735477257 73.84413392791411 -736432.2890636313 1.2046685739520654e-05 29.208406132796764 26.795812730197525 27.2952616630946 173.39556357433923 259.6957582688971 400.0 -0.010820070033148603 1.7975216450061728 1.9131444697021645 0.013036785258212322 24.389764394999847 2.6382563822135107e-08 0.06476529709850329 0.03409215848719225 0.03067311258209905 1.9562283319576141 1.2046685739520654e-05 0.03646224580467764 0.028303051293825623 0.044899016503786804 0.04489901650381205
1199.91 15.05601345880089 -8.550992199609198 74.43642134620944 -735728.3159972926 1.2133815388526307e-05 29.330271029668015 26.843430367817646 27.372133235592955 172.50477257169536 259.18986123643595 400.0 -0.011276835985198817 1.8378312530256051 1.9581377940750626 0.013677998102534493 24.57163061344398 2.6418883537443026e-08 0.0661973161758872 0.03486808902957736 0.0313292011376534 2.002829350915115 1.2133807912993117e-05 0.037352797011891536 0.028844519163995684 0.045868954357648116 0.04586895435767712
1224.11 15.069330926470265 -8.569731431715667 75.02496957933569 -735014.5678565287 1.2222757536713432e-05 29.454664644647938 26.891520231923533 27.450929368480175 171.60378181794533 258.6738581483114 400.0 -0.011748584642497006 1.8787129754074723 2.0037352761677596 0.01432816262574956 24.74155131891232 2.645360374433433e-08 0.06764988973792997 0.035654656794026574 0.03199520695643428 2.050037947211106 1.2222759108663526e-05 0.03825540565961339 0.029394484078316595 0.046852517457875956 0.04685251745790438
1248.56 15.0828974067269 -8.588812609476122 75.61038597226857 -734290.3336322119 1.2313619465372295e-05 29.581764227938443 26.940133922997628 27.53178547197489 170.69192474317623 258.1470839441288 400.0 -0.01223609348589891 1.9202062621413651 2.049978755963554 0.014987468845953499 24.900011389233903 2.6486789075028693e-08 0.0691244422663885 0.03645261430953233 0.03267180199122125 2.0978959488890085 1.2313619465372295e-05 0.039170827939375485 0.029953614327013017 0.04785067634154952 0.047850676341573736
1273.25 15.096712101464393 -8.608230085768355 76.1925440679067 -733555.7820562737 1.2406384690532516e-05 29.711586618427322 26.989263230880823 27.614732716891943 169.7695344552493 257.6095058011622 400.0 -0.012739565448765122 1.9623000593190594 2.096853901535379 0.01565530024435953 25.047275380334902 2.651846228204112e-08 0.07062060400532287 0.03726174297478992 0.0333588350873675 2.14638704730506 1.2406380616984485e-05 0.04009870443935111 0.030521899565971764 0.04886318632071825 0.04886318632074163
1298.18 15.110779862232045 -8.6279859422921 76.77156065444896 -732810.7845583519 1.2501099368916032e-05 29.844214059922148 27.03891971428336 27.699848491895665 168.8366852726634 257.06086860225184 400.0 -0.01325940442322351 2.005000323321765 2.1443655680264855 0.016331308594391903 25.183675731570304 2.6548662781883484e-08 0.07213860949181813 0.03808215204147528 0.03405643153027865 2.1955148331745056 1.2501101201895831e-05 0.04103905040309661 0.031099559088721508 0.04989021168536831 0.049890211685392344
1323.35 15.125105653397503 -8.648082266653603 77.34755052106699 -732055.2087171014 1.2597790102147292e-05 29.979721821830807 27.089114906373005 27.7872027922268 167.89344893054988 256.50090906455006 400.0 -0.01379602270341662 2.0483131696127304 2.1925190296040045 0.01701514647896337 25.309541343187167 2.6577432112345142e-08 0.07367869869260682 0.03891395420268509 0.034764718593586354 2.2452833679656443 1.2597790102147292e-05 0.04199188361262202 0.03168681507998478 0.05093192018229719 0.05093192018231946
1348.77 15.139700330208814 -8.668529217680799 77.92085052009045 -731288.6150038734 1.2696527960943446e-05 30.118241965543948 27.13988038397078 27.876902693604777 166.93941448766566 255.9291289163286 400.0 -0.014350061549933684 2.0922622133247257 2.2413392719391703 0.017706740472653845 25.425242401751174 2.6604824618082598e-08 0.07524173358440028 0.03975759827423202 0.035484109438193925 2.295717115873444 1.2696527960943446e-05 0.042957605321140215 0.032284128263260096 0.05198889993834258 0.05198889993836246
1374.42 15.154557643880786 -8.68931281463631 78.4911209340417 -730511.4663805908 1.2797268701677775e-05 30.2597477629087 27.19118793984376 27.968953614309545 165.97545764419593 255.34569606979935 400.0 -0.01492151487229459 2.136819344218911 2.2907941485991503 0.018405203541253943 25.53101410020299 2.6630865198827626e-08 0.07682673585599525 0.040612540392102346 0.036214169616886754 2.346781576412475 1.279726789937708e-05 0.04393547970955047 0.03289125614644477 0.053060494475402134 0.053060494475417525
1400.32 15.169694543690177 -8.710451371491047 79.0589162659065 -729723.0118679489 1.2900128691755396e-05 30.404434545001372 27.24308953202502 28.063505492435986 165.00088363516412 254.749864131565 400.0 -0.015511267206181279 2.1820259638970576 2.340929052565388 0.019110741091943786 25.62726568112584 2.6655623325017295e-08 0.07843519881347005 0.041479570820075466 0.03695560217197638 2.3985223889348215 1.2900128691755396e-05 0.04492629672116952 0.03350890209230057 0.05414771836125113 0.054147718361263045
1426.46 15.18511077528032 -8.73193893067696 79.62412103853039 -728923.4040813022 1.3005074603753581e-05 30.55231796491508 27.29557741932822 28.16058577407773 164.01610384056357 254.14155738247158 400.0 -0.016119546518257 2.2278716046698803 2.3917321908373492 0.0198227466900707 25.714281853221333 2.6679140521292294e-08 0.08006676968863245 0.04235848448608396 0.03770825940732019 2.4509262043807865 1.3005074603753581e-05 0.045929701080498854 0.0341370686081336 0.05525033786019803 0.05525033786020803
1452.84 15.200811956921772 -8.753777627970322 80.1868421262073 -728112.4900247034 1.3112178226051858e-05 30.703505677900072 27.348664197280225 28.260294009552855 163.0212916891439 253.5204649016037 400.0 -0.016746810618657598 2.274363334828749 2.4432116683472196 0.02054089232206393 25.792392446393396 2.670147160750661e-08 0.08172171822106512 0.043249412772100176 0.0384722796805191 2.5040002937752255 1.3112175972806489e-05 0.046945703556312945 0.034776014664752185 0.05636854001823564 0.05636854001824157
1479.46 15.21680393846644 -8.775969590425518 80.74718542133743 -727290.1096637747 1.3221467527801983e-05 30.85808103056932 27.402362906714963 28.362704713943987 162.01637123953577 252.88626150236828 400.0 -0.017393527136953354 2.3215084555790604 2.49537631662533 0.021264857790456743 25.86192958563367 2.6722674377337537e-08 0.08340032096846502 0.0441524913285819 0.03924780389880147 2.5577527528614077 1.3221467527801983e-05 0.04797428706248499 0.03542603390598002 0.05750251632574503 0.05750251632574199
1506.33 15.233098712755314 -8.798525400262292 81.30546163453353 -726455.7893866163 1.333294999187026e-05 31.016160793027677 27.4567073095225 28.467905371827527 161.00116834115076 252.23837205288294 400.0 -0.01806042446738705 2.3693323268817768 2.548255421200154 0.021994602996342025 25.923249183483104 2.6742816736438854e-08 0.08510349608514019 0.0450682013030358 0.04003526906896652 2.6122128188100717 1.333294999187026e-05 0.049015819166729695 0.036087676918410465 0.05865289150832665 0.058652891508321765
1533.43 15.249690213800307 -8.821430433533152 81.86135846839151 -725609.9822367362 1.3446665195896439e-05 31.17776814652289 27.5116710209408 28.57594816221824 159.97657495413964 251.57693408223201 400.0 -0.018747494096187603 2.417807110537543 2.6018199843046514 0.022729283704975702 25.97664314935069 2.6761947252856942e-08 0.08683026522462353 0.045996004987055625 0.04083423455291823 2.667349793142383 1.3446648521984796e-05 0.050069581294324976 0.03676068393029857 0.05981900926910892 0.059819009269097695
1560.78 15.266596992853094 -8.844703761833472 82.41538883241537 -724751.8893816588 1.3562678266966182e-05 31.343087700684297 27.567309302789898 28.686966945589077 158.941839109187 250.9010989711277 400.0 -0.019455741630768575 2.466976601492528 2.656120755095223 0.023469153036429005 26.022491371773725 2.6780146549072845e-08 0.08858219937311763 0.04693673560140689 0.04164543811609814 2.7232151748205546 1.356269244636618e-05 0.051136428672197094 0.03744577070092053 0.06100193494324446 0.06100193494323076
1588.37 15.283819358638954 -8.868339151419462 82.96744777855226 -723881.6433494868 1.3681004908993317e-05 31.512171454595453 27.6236172478093 28.80102136701949 157.89747179535783 250.21073864723567 400.0 -0.020185425541650415 2.5168312230015144 2.7111500875759624 0.024213663892779656 26.061115731755766 2.67974765791256e-08 0.0903589661638697 0.04789020435565787 0.04246873618215593 2.7798004388712383 1.3681004908993317e-05 0.05221606116369276 0.038142905000176905 0.06220144841529373 0.062201448415273954
1616.2 15.301363834359675 -8.892338807780646 83.51763573780822 -722999.0603128349 1.3801629806146085e-05 31.685092827529402 27.680610895242527 28.918171878348716 156.84364753830312 249.5054708990476 400.0 -0.0209370660869553 2.5673794934066736 2.766920949180683 0.024962555714838932 26.092861518925332 2.681400916372933e-08 0.09216087531866209 0.048856568391302944 0.043304281331358184 2.837118376436962 1.3801628981697784e-05 0.053308583294662065 0.038852292024000014 0.06341776318015016 0.06341776318012293
1644.27 15.31923714751282 -8.916704947269494 84.06605247646908 -722103.9501478606 1.3924626766760616e-05 31.861976822271302 27.73830703788613 29.038529578141972 155.7804915495484 248.78489822704822 400.0 -0.021711194790859173 2.6186302009402462 2.8234472441293343 0.025715584978626745 26.118075726009366 2.6829818616498823e-08 0.0939882435512705 0.04983598946358236 0.04415222852221598 2.8951828352654374 1.3924626766760616e-05 0.05441411768009797 0.03957412587117254 0.06465109740703434 0.06465109740700245
1672.59 15.337452659708452 -8.941448567035508 84.61298904612 -721195.7952756692 1.4050051382807217e-05 32.04297923744588 27.79674392267491 29.162215120711394 154.70775709486284 248.04834700600827 400.0 -0.02250863915670929 2.670610803722369 2.88076411673448 0.02647279384523751 26.137112102301195 2.6844986753880458e-08 0.09584205069616117 0.05082898533695462 0.04501303982472058 2.9540295592144186 1.4050047578870988e-05 0.0555331812545324 0.04030886944162875 0.06590211673336054 0.0659021167333192
1701.14 15.356004545937225 -8.966554442134907 85.15815746669331 -720275.0353285571 1.4177852177501011e-05 32.22808186155085 27.855898651522075 29.289234959930464 153.62636824105286 247.2959118530534 400.0 -0.0233293907593821 2.723293909376558 2.9388469016203858 0.027233443403971772 26.150305837247657 2.6859581507004034e-08 0.09772131743507483 0.051835025407223914 0.04588626652475567 3.0136329841197274 1.4177852684158217e-05 0.05666511288292784 0.041056204552146994 0.06717016475427152 0.06717016475422338
1729.94 15.374913057931213 -8.99204242348597 85.70203755631066 -719340.8168170095 1.4308146430467868e-05 32.41751981260869 27.915831874406916 29.41976672573302 152.53570467193933 246.52662287503415 400.0 -0.024174591375105435 2.7767260146637005 2.997753086875667 0.027997884959591237 26.158014568536192 2.687369360494697e-08 0.09962769679308314 0.052854989648139936 0.046772681673630474 3.0740519613607136 1.4308146430467868e-05 0.05781084730509971 0.04181684948798343 0.06845636141132413 0.0684563614112668
1758.98 15.39417909095181 -9.017906030052103 86.24453438730234 -718393.2472399508 1.4440894927513442e-05 32.61132368661486 27.97654294173844 29.553843550106446 151.4363487678196 245.7402858779375 400.0 -0.025044535424282022 2.830898553958971 3.057480136508412 0.028765694664571337 26.160579799088097 2.688739980366282e-08 0.1015608745763069 0.0538887058198711 0.0476721433172472 3.1352838287273785 1.4440894927513442e-05 0.058970143473137435 0.04259073110316945 0.06976049935935459 0.06976049935929285
1788.26 15.41381022075903 -9.04414756239504 86.7857446842477 -717432.1055109211 1.4576145379169937e-05 32.80961641662 28.03805272107289 29.691569640055203 150.32847836918364 244.93642661690342 400.0 -0.02593981417591726 2.88582162287998 3.1180467765648006 0.029536742438749923 26.158346225739244 2.6900783290450613e-08 0.10352119892209383 0.05493635736587096 0.04858481614945625 3.1973478296248747 1.4576144766714657e-05 0.06014317014059893 0.04337802878149488 0.07108281832333915 0.07108281832326747
1817.79 15.433820992968863 -9.07077838691086 87.32594659664744 -716456.8327840924 1.4713953356709164e-05 33.01256787577813 28.100404063339326 29.83307433583273 149.21191726446875 244.1142740003328 400.0 -0.026861346559367286 2.9415244675145975 3.1794935399454 0.030311188939884413 26.15165198831629 2.6913932465713564e-08 0.10550969836080103 0.05599849208738279 0.049511180899333644 3.26028561650573 1.4713958691680825e-05 0.06133051311195491 0.04417918524884611 0.07242401712695284 0.07242401712687602
1847.55 15.454205780598667 -9.097782806632978 87.86235907459091 -715472.4941453482 1.4854274195247159e-05 33.22015039860659 28.163558062446786 29.978351008090268 148.08762444227497 243.38178275008235 400.0 -0.027809124800726448 2.997979917569559 3.241799390516329 0.031088439908471033 26.140837999501066 2.6926922889345325e-08 0.10752538406043617 0.05707458134721765 0.05045077737199937 3.3240758539380315 1.4854274195247159e-05 0.06253155392004286 0.04499383014039331 0.07378343420254366 0.07378343420245884
1877.56 15.47498636183741 -9.125181330024333 88.3972135542036 -714475.0790017906 1.4997177689426277e-05 33.43260059149133 28.227595354232363 30.127572943897675 146.95507389643024 242.66241091829323 400.0 -0.028784414933018317 3.055236666427535 3.3050276475936515 0.03186898165252239 26.126227374570412 2.6939847799819148e-08 0.10956997230757824 0.05816554204082301 0.05140440495854629 3.388783652698821 1.4997160073237631e-05 0.06374725649133871 0.04582271581623953 0.07516223278403922 0.07516223278394475
1907.81 15.4961641571961 -9.152967292800469 88.93109706729415 -713463.4528333961 1.5142656044978091e-05 33.649981697947126 28.29252399278771 30.28080200158736 145.8148967184693 241.92707575779573 400.0 -0.029787543525324808 3.1132867203283685 3.3691796963597618 0.032652552610614734 26.108145956265933 2.6952786885447133e-08 0.1116431522480577 0.059271209730300534 0.05237191724262479 3.454410762178414 1.5142656727244807e-05 0.06497744760751181 0.04666570464054588 0.07656020935323318 0.0765602093531349
1938.3 15.517747691569536 -9.181143096531514 89.46410316880986 -712437.3697379843 1.5290741671928687e-05 33.872416894634334 28.358368563888316 30.43813832414234 144.66729868490535 241.175168005622 400.0 -0.030819165252991252 3.1721411685791314 3.4342785704919963 0.03343919161721132 26.086907416789526 2.696582340219386e-08 0.11374529116028399 0.06039178298219956 0.053353482936020366 3.520981141750125 1.5290741671928687e-05 0.06622241328844218 0.04752287787184182 0.0779776181863868 0.07797761818627556
1969.03 15.53974548279723 -9.209711168704587 89.99632423825616 -711396.578526882 1.5441366327074686e-05 34.0999613092909 28.42515416883028 30.599613403941675 143.51259182542665 240.4065748057119 400.0 -0.0318799470452532 3.231811160799015 3.5003479053492197 0.034228978920681115 26.06281473240701 2.6979039103301192e-08 0.11587675558859686 0.061527460829437414 0.05434926955007259 3.5885193967032247 1.5441366327074686e-05 0.06748245476743779 0.04839430082115907 0.07941471371460858 0.0794147137144944
2000.0 15.562166316874448 -9.238673958232425 90.52785253947943 -710340.8201294919 1.5594654895371443e-05 34.33280999905567 28.49290641253797 30.765398079840296 142.35105183762272 239.62065263583116 400.0 -0.03297056840340718 3.292307922144176 3.5674119192153784 0.03502203879832273 26.03615838058535 2.69925138702665e-08 0.11803791202199534 0.06267844298955524 0.05535944385614808 3.657050744510826 1.559462990538377e-05 0.06875788848487405 0.049280023537121256 0.08087175096493182 0.08087175096480757
