#Found quasiharmonic mode : None
#T(K), volume, F(eV), S(J/K), H(J/K), a(-6/K), Cp(J/mol), Cv, Cpion, Bt(GPa), T_ph-D(K), T-D(K), F_el_atom, S_el_atom, C_el_atom, M_el, Seebeck_coefficients(μV/K), Lorenz_number(WΩK^{−2}), Q_el, Q_p, Q_e, C_mu, W_p, W_e, Y_p, Y_e
0.0 32.09095400527424 -3.7068848748583174 0.0 -357660.0182813094 0.0 0.0 0.0 0.0 39.339982131501586 400.0 400.0 0.0 0.0 0.0 0.0 0.0 2.443004551768e-08 0.0 0.0 0.0 0.0 0.0 0.0 0.0 0.0
0.28 32.17577964425676 -3.6957032231418707 0.0003540170114268874 -356581.1528026731 1.3793449972114257e-10 0.0003567088133864609 0.0003567088133516044 4.03770309225045e-06 37.51960212636608 219.4462741538853 400.0 -5.191455769177889e-10 0.0003526711104077561 0.0003526711102942105 9.781437435029731e-13 -8.678592951672972e-07 2.4430045079607818e-08 1.2893095798044012e-05 8.619772208705906e-06 2.537165322235713e-06 3.6551784871879287e-09 6.446022489585582e-06 6.447073308458426e-06 1.5003973231680333e-05 5.0039732110521054e-06
0.8 32.175809638244985 -3.6957031443014716 0.001039023879878151 -356581.1444636367 3.9596254770873486e-10 0.0011018065509099122 0.001101806550089229 9.417400613033078e-05 37.51928035446716 219.44613972549135 400.0 -4.18476965599162e-09 0.001007632544774935 0.0010076325447795815 1.1104828912080537e-13 -2.4775832693972284e-06 2.4430045090042017e-08 3.6837445836386526e-05 2.071138993706571e-05 1.3903942414699026e-05 1.0443375408878537e-08 1.8418658427405783e-05 1.8418787408980746e-05 3.091956836565787e-05 2.091956834641507e-05
1.56 32.17580163972234 -3.695703178902851 0.0021976456923324407 -356581.14520505414 7.836974528109403e-10 0.002663172820921459 0.0026631728146524376 0.0006982897749708128 37.51936619315839 219.44600165046737 400.0 -1.589178963229946e-08 0.0019648830459206112 0.0019648830459506462 -2.6665737608373857e-12 -4.831163322857215e-06 2.4430045090344374e-08 7.183300415825554e-05 3.822251068800001e-05 3.1324178177734584e-05 2.036457773194162e-08 3.591648450837327e-05 3.591651964988227e-05 5.4989375138627456e-05 4.498937511917349e-05
2.56 32.17582075270058 -3.6957031590605807 0.004253377441000154 -356581.13583024713 1.3209318463288453e-09 0.00631425678959152 0.00631425676036501 0.0030898316993717805 37.51916122174766 219.35287356259167 400.0 -4.278349833769636e-08 0.003224425092618934 0.003224425090219739 -9.053488710918603e-12 -7.948699512779172e-06 2.4430045070453096e-08 0.00011787986138903463 6.124894850028242e-05 5.4329728679163776e-05 3.3418811122569134e-08 5.8939922470653926e-05 5.8939938918380726e-05 8.682916777191407e-05 7.682916775123945e-05
3.8 32.17578826312681 -3.6957033263496775 0.0081707087806143 -356581.13181114406 1.8355314715006404e-09 0.015063459195554987 0.015063459111785277 0.010277207397484812 37.519509021836 218.12571133719123 400.0 -9.425882870139987e-08 0.00478625186721796 0.004786251798070175 -2.1493029207130855e-11 -1.2304398729487486e-05 2.4430044703636703e-08 0.00017497776850587874 8.979889632576367e-05 8.287285560637469e-05 4.9606004279565476e-08 8.748887689911016e-05 8.748889160676857e-05 0.00012636693341918525 0.00011636693339877323
5.29 32.175832334606426 -3.6957033866663602 0.016094965670267438 -356581.0835371442 6.506704440698172e-10 0.03691822254497727 0.0369182225303234 0.030255249097523258 37.51902315762123 211.87047560019462 400.0 -1.8266281970486522e-07 0.006662974098318011 0.006662973447454016 -4.546857545397439e-11 -2.0867621255422806e-05 2.4430042460122096e-08 0.0002435877554512506 0.00012410425556572127 0.00011717553167593268 6.905685352401266e-08 0.0001217938666232303 0.00012179388882802025 0.00017390077880171832 0.00016390077878066065
7.01 32.17581929707455 -3.6957038476503907 0.03383825915519347 -356580.97595151316 -7.991258536229371e-09 0.10461377090963926 0.10461376798061152 0.09578439348307455 37.51907105909073 191.20595060057934 400.0 -3.2075031540508704e-07 0.008829381686359045 0.008829377426564724 -9.87144795920849e-11 -4.498148314947163e-05 2.4430032102030063e-08 0.00032278819032036744 0.0001637046554707901 0.00015677467148460066 9.151004854830229e-08 0.00016139407239052753 0.00016139411792983997 0.0002287839596879399 0.0002187839596665049
8.98 32.17578594887523 -3.695705054777576 0.08306121456230554 -356580.5837380705 -1.7848234906388133e-08 0.34414420609386115 0.3441441873766978 0.33283356177148715 37.51894107302375 161.71032737192874 400.0 -5.263557756485237e-07 0.01131066443710169 0.01131064432237403 -2.484417400909113e-10 -0.00011798469831769629 2.4429997004495386e-08 0.00041350001035692254 0.00020906066035023064 0.00020213002517399428 1.1722656774576084e-07 0.00020674994562210384 0.00020675006473481865 0.0002916509086620842 0.00028165090863812805
11.19 32.175965185294 -3.6957078080696064 0.21906362944877977 -356579.1439580597 3.676329762184992e-08 0.9932587356051128 0.9932586366610416 0.9791644988122596 37.51507112258804 140.41077456617953 400.0 -8.173097621479256e-07 0.014094304050491493 0.01409423679285311 -6.867079918473747e-10 -0.00029897827291486473 2.4429915133832377e-08 0.0005152656581413517 0.000259943379028127 0.00025301268823459567 1.4607647072279249e-07 0.00025763265732912764 0.00025763300081222415 0.00036218269586371567 0.0003521826958381079
13.64 32.17626877012151 -3.6957160517647973 0.5272155451849349 -356575.1994557053 2.6709578215724156e-07 2.247622684577405 2.247616319844979 2.2304425533777223 37.506162220265516 128.57133639581627 400.0 -1.214387414574626e-06 0.017180302237785505 0.017180131199682733 -1.8225263517793e-09 -0.0006565641052020237 2.4429771950759025e-08 0.0006280853389400212 0.00031635293228924824 0.0003094226487115796 1.7805951248655338e-07 0.0003140422034023994 0.0003140431355376219 0.0004403784603219376 0.00043037846030576565
16.34 32.176963717714784 -3.6957362312744273 1.0906358264541085 -356566.51671302604 7.438041529976239e-07 4.106420201234921 4.10636110253591 4.0858391323816425 37.486094691870996 122.04359125891192 400.0 -1.7427674167971294e-06 0.020581424317676098 0.020581068853278862 -4.351177555623253e-09 -0.0012477266278334367 2.44295679648853e-08 0.0007524258920580143 0.00037852250791267796 0.0003715934971983591 2.1330774741861973e-07 0.00037621182403747887 0.0003762140680205356 0.0005265612315028278 0.000516561231486884
19.27 32.17820943985773 -3.6957783615762674 1.9476802854843023 -356550.8708594943 1.442177362322198e-06 6.3594085692832545 6.359146796450295 6.335136512240558 37.449862206364685 118.22370310954503 400.0 -2.4238846946340808e-06 0.024272688454048775 0.024272057042697238 -9.205404714511336e-09 -0.0020927160193739843 2.4429321970055873e-08 0.000887374130273104 0.00044599530850822003 0.0004390688124922535 2.51562144334943e-07 0.0004436846893404159 0.0004436894409326878 0.0006200977623815335 0.000610097762356319
22.45 32.1801564392802 -3.6958557012086337 3.1005858266785116 -356526.2566469016 2.285331332319056e-06 8.76392350963044 8.763158823080426 8.735644930192372 37.39273187759143 115.81427823549231 400.0 -3.290049102379608e-06 0.02827957546696816 0.028278579438066227 -1.7576353031294573e-08 -0.0031894477045264404 2.442906034998672e-08 0.0010338616347102783 0.0005192368935702695 0.0005123145952467583 2.9308682288622823e-07 0.0005169262951727763 0.0005169353395375019 0.0007216335933040034 0.0007116335932786523
25.87 32.18284550264985 -3.6959828684966998 4.50959350860504 -356491.47139266675 3.1800279503275472e-06 11.098053576094237 11.096350927467139 11.065465218162217 37.31202994850419 114.21655375253829 400.0 -4.369100862975775e-06 0.03258978331727512 0.032588357932019175 -3.0722556393261596e-08 -0.004502849255266232 2.4428815528525796e-08 0.0011914385845289155 0.0005980221790013454 0.000591106099474139 3.3775452948857123e-07 0.0005957114301756777 0.0005957271543532378 0.0008308568423765925 0.0008208568423514113
29.53 32.18652166205623 -3.6961743579366133 6.121965133026437 -356445.82886856364 4.058612192086889e-06 13.229253578190713 13.226096643239105 13.192051594053552 37.20314179448028 113.10947168603518 400.0 -5.693335709176802e-06 0.037203865730370614 0.037201984137161546 -4.9940339376901704e-08 -0.005988526609308797 2.4428615746794075e-08 0.0013601250453729942 0.0006823608963962902 0.0006754536427821806 3.855713958146776e-07 0.0006800498284595416 0.0006800752169134526 0.0009477813382567729 0.0009377813382310099
33.43 32.190978401009836 -3.696445413316179 7.882925906694119 -356389.23715420143 4.880162826507655e-06 15.098027970524038 15.092879015855164 15.0559082494806 37.06691808872852 112.31581501729507 400.0 -7.297298946161344e-06 0.04212204201176205 0.042119721043437856 -7.648447245855356e-08 -0.007601599472057425 2.4428479823716e-08 0.0015399287855743743 0.000772256907160754 0.0007653611394850852 4.3654014760980466e-07 0.0007699450968232118 0.0007699836887511625 0.0010724123793893281 0.001062412379363361
37.58 32.19626369540127 -3.6968106838090815 9.748101552936468 -356321.67295572424 5.630451784754378e-06 16.698279919496684 16.690608391885483 16.650925234466587 36.90113306272124 111.7284294416641 400.0 -9.222779193769725e-06 0.04735739041182997 0.047354685030094996 -1.1163923685805445e-07 -0.009308447773149583 2.4428414331341238e-08 0.0017313276609780468 0.0008679489618863763 0.0008610676907444615 4.907967266190284e-07 0.000865635887646086 0.0008656917733319608 0.0012050810875023083 0.0011950810874753884
41.96 32.20240355230053 -3.6972809628031222 11.66840558958398 -356243.7753384737 6.305883696986501e-06 18.040538027799794 18.029849261698242 17.987655810425334 36.704429743948474 111.28398204224838 400.0 -1.1499735211873098e-05 0.052885226598456625 0.052882217374460576 -1.563582940456988e-07 -0.011072528386512575 2.4428413686716263e-08 0.0019334190074771409 0.0009689855979428745 0.0009621220927482722 5.480855632461025e-07 0.0009666706802240085 0.0009667483272531324 0.0013451616508528925 0.001335161650825476
46.59 32.20928854229419 -3.6978703408837306 13.621256042107062 -356155.6336578626 6.916326398333099e-06 19.161463270922336 19.147271839116666 19.102735387115562 36.47606654862958 110.93849288415313 400.0 -1.4180105302308341e-05 0.05873111735122333 0.05872788380677492 -2.1190468207470164e-07 -0.012881220114489373 2.44284611712377e-08 0.0021471373884482596 0.0010758340210681582 0.0010689917077129154 6.08671627682047e-07 0.0010735164943216531 0.0010736208941266071 0.0014933017266578804 0.0014833017266298709
51.46 32.21696005259119 -3.698588247766475 15.578893452264836 -356057.82560382364 7.472622042353477e-06 20.09137421025992 20.073203591806447 20.026494561425373 36.21395216641891 110.66435172001053 400.0 -1.730293627227443e-05 0.06488305202178395 0.06487964883454855 -2.791852456492218e-07 -0.014713657279047415 2.4428533419249674e-08 0.0023720437164185208 0.0011882745455833433 0.0011814571313465013 6.724301809061672e-07 0.0011859536108171712 0.0011860901056013496 0.0016491968199198951 0.001639196819890331
56.57 32.22525124121973 -3.699444713239374 17.524271869786695 -355950.8037568053 7.985761937917537e-06 20.86218156138212 20.839549333077578 20.790843845205625 35.91854155621719 110.44301513772221 400.0 -2.0914427474105226e-05 0.0713412873265397 0.07133771617649243 -3.5912240775591904e-07 -0.01655232474898538 2.4428603317401115e-08 0.0026081475510029394 0.0013063119572170165 0.0012995231453562127 7.393633343874509e-07 0.00130398662864717 0.0013041609223557696 0.0018128534379840131 0.0018028534379530665
61.92 32.23404134543148 -3.700448808149046 19.445391941022955 -355834.97357833077 8.46650132904988e-06 21.502090199211803 21.47449251440647 21.42398792656946 35.58980187620345 110.2615716025839 400.0 -2.5063094608266032e-05 0.07810608724755488 0.07810227264234347 -4.5253010969035966e-07 -0.018375354269356707 2.442864363596929e-08 0.00285545887694151 0.0014299512460419599 0.0014231947500768674 8.09473024340411e-07 0.0014276203843936555 0.0014278384925478543 0.001984278419142962 0.0019742784191113193
67.52 32.24388897420246 -3.701609486387024 21.33798905064775 -355710.2796518949 8.935479180857913e-06 22.036133609992948 22.002955539076865 21.95094604441368 35.21617424455584 110.10723577620489 400.0 -2.9809112860108525e-05 0.08519179606510953 0.08518756557926939 -5.602382665717206e-07 -0.020155685410790325 2.4428629779269005e-08 0.0031145025629565628 0.0015594542867346033 0.001552734912110941 8.829069141650777e-07 0.0015571171535278937 0.0015573854094286686 0.0021638355309006444 0.002153835530867265
73.35 32.25410257618767 -3.702931649895204 23.189385075868323 -355577.6486624834 9.392356084657836e-06 22.48206631056561 22.442693595182213 22.389498946742577 34.80709480344986 109.9771475130475 400.0 -3.518844375352076e-05 0.0925722985057044 0.09256736382303343 -6.822623241478308e-07 -0.021850120524617146 2.4428538908764068e-08 0.0033843244885582544 0.001694344562217225 0.0016876660617294965 9.593931370084835e-07 0.0016919999131423692 0.0016923245754158851 0.002350863457221127 0.0023408634571868594
79.43 32.26497708292032 -3.7044261557932807 25.002998735421517 -355436.79976617504 9.852774244506196e-06 22.857882732863693 22.81155838379948 22.7576147461217 34.35444415691457 109.86437635786271 400.0 -4.1275485827523e-05 0.10027404331948325 0.10026798674199137 -8.190630518420669e-07 -0.02341806115399708 2.442835308905429e-08 0.0036658922777455427 0.0018351055875591594 0.0018284722933840692 1.0392044738738144e-06 0.0018327524161623387 0.001833139861583204 0.002546032992978156 0.002536032992941595
85.75 32.27637562364259 -3.7060975893584502 26.773727456335372 -355288.2096490007 1.0323382536467605e-05 23.176020736988647 23.121892575835115 23.067743821028607 33.858438931582754 109.76605634054164 400.0 -4.811944004779085e-05 0.10828464603226418 0.10827691596004092 -9.700681440881358e-07 -0.024804092904252673 2.4428059079522948e-08 0.003958753938662605 0.0019815115515036336 0.0019749274331163865 1.1222111808194927e-06 0.0019791488594254774 0.0019796050792371266 0.002749030996637861 0.002739030996599584
92.31 32.288341572250694 -3.7079519483072434 28.500974492577992 -355132.0502620156 1.0814164105282154e-05 23.447312014104007 23.384372819708968 23.330717306879613 33.31557909609806 109.67916588600924 400.0 -5.578089643559247e-05 0.11660479716131122 0.11659470722439191 -1.1343748412486582e-06 -0.025950296619597087 2.442764870880567e-08 0.004262935515577746 0.002133575549315674 0.0021270444277893008 1.208419017561138e-06 0.0021312025483607175 0.0021317329672170286 0.0029598757372967664 0.0029498757372569263
99.11 32.300892362544985 -3.7099949598850697 30.18486251276191 -354968.4741443972 1.1334842257394888e-05 23.680551674117265 23.607605246164656 23.555329781199188 32.722589217715196 109.60152745103063 400.0 -6.4322838939751e-05 0.12523515763938337 0.12522189291808053 -1.3104772230798532e-06 -0.026796140525783822 2.4427118869705034e-08 0.0045784619738120135 0.002291310232828148 0.002284835590033271 1.297833501568495e-06 0.0022889264048536104 0.002289535568958402 0.003178584792403601 0.0031685847923749164
106.16 32.31369918625989 -3.712236028752752 31.827890273842257 -354797.4773105681 1.1887368978144294e-05 23.883031159859687 23.798738424555527 23.7488607005772 32.08319870977533 109.53336061164588 400.0 -7.382391752742729e-05 0.13418783652023392 0.13417045928248378 -1.496616595422424e-06 -0.027285504619377902 2.4426470278955787e-08 0.0049057767994267285 0.002454937930501042 0.0024485220934645237 1.390578861117964e-06 0.0024525426910657604 0.0024532341083609672 0.003405465899499878 0.003395465899469138
113.44 32.327285355291075 -3.7146728989106155 33.426987779058344 -354619.4908748976 1.2493847376218947e-05 24.060304121878595 23.96293322440688 23.916886679102337 31.383972445717585 109.47066636284772 400.0 -8.432598426723177e-05 0.14343996195527256 0.14341744277625862 -1.6892008667010219e-06 -0.027353539646042705 2.4425710162724532e-08 0.005244044494201074 0.002624040766967222 0.0026176862897504395 1.486417095402457e-06 0.002621634605642156 0.002622409888558919 0.0036399402613509794 0.003629940261318239
120.97 32.34102083323481 -3.7173184690035987 34.987025996800725 -354434.3265427892 1.3149446242397777e-05 24.217462225706406 24.105140848336802 24.06447592667272 30.63533798081199 109.41599875137697 400.0 -9.592669351188296e-05 0.15301509280059866 0.15298629903368569 -1.8855203280165597e-06 -0.02695607178588473 2.442484450171682e-08 0.005594127028124052 0.002799050795444893 0.0027927581263427997 1.5855913045060727e-06 0.002796633909335989 0.0027974931187880634 0.0038826057613684864 0.0038726057613344337
128.74 32.35536912847657 -3.7201733340821894 36.50764228448842 -354242.1658151827 1.38789778340516e-05 24.35859793982473 24.22890030650656 24.195731266421696 29.82385721889898 109.36618686817204 400.0 -0.00010868583113418432 0.16290294972410174 0.1628666734030331 -2.080764235735377e-06 -0.026041388915605968 2.4423883204166373e-08 0.005955649134620049 0.0029797804508718247 0.002973549879185596 1.6879941695675865e-06 0.002977354227788886 0.0029782949068311608 0.004133202652321698 0.004123202652285663
136.75 32.37015331044708 -3.7232423781307276 37.990079212069524 -354043.1340849514 1.469220943130324e-05 24.487172510277862 24.337239671305763 24.314114088826436 28.95056477661951 109.32170672077226 400.0 -0.00012267808854037708 0.17310346934982365 0.17305842145142455 -2.270065611063873e-06 -0.0245755911298057 2.4422834546631852e-08 0.006328608985037083 0.003166229624263316 0.003160059837240841 1.7936241933214395e-06 0.003163795932615205 0.003164813052421878 0.004391730060629573 0.004381730060590996
145.01 32.3853824498066 -3.726534072296632 39.43750294427288 -353837.04532008764 1.5607499753185346e-05 24.60644006166639 24.432763624651816 24.422865292746305 28.01133664469612 109.28221855423858 400.0 -0.00013800006929867725 0.18362998092719157 0.18357476892008917 -2.4480397859247735e-06 -0.02253006946223954 2.4421703373131546e-08 0.006713494400899573 0.003358642888433989 0.0033525312487987704 1.902618450764742e-06 0.003356204352560797 0.003357290048338775 0.00465852651835417 0.004648526518313634
153.5 32.401013674614255 -3.730044700652527 40.84787839075177 -353624.45243192464 1.664390372520085e-05 24.718959455530232 24.517299249307612 24.52456870614247 27.005326223249185 109.24760852027926 400.0 -0.00015469467631401847 0.1944576027476463 0.19439074938776257 -2.6081030513448506e-06 -0.019894827319847666 2.442049574163642e-08 0.007109396087470789 0.0035565664171737276 0.0035505086474392033 2.0147181833035444e-06 0.0035541265090683603 0.0035552695784024286 0.004932962083962817 0.004922962083919724
162.24 32.41692610074771 -3.733786838529071 42.22581184603012 -353404.94746686233 1.7823212359998698e-05 24.827555885036972 24.592741103878783 24.622024386672877 25.931658146509722 109.21850349391393 400.0 -0.0001728830486049338 0.20561163688329115 0.20553149836409632 -2.7442489641596603e-06 -0.01666220460924877 2.441920835194485e-08 0.007517239735856163 0.003760463966973583 0.003754453973663071 2.130183902589231e-06 0.0037580268159782236 0.00375921291987794 0.005215678795335011 0.005205678795289872
171.22 32.43335217632763 -3.737760067681623 43.57131425576293 -353178.7410882634 1.9189831912184545e-05 24.935072787884263 24.660414583790274 24.718086713422554 24.780524382535692 109.1934717683923 400.0 -0.00019263216446638448 0.21708129161870932 0.21698607446170892 -2.848905382415753e-06 -0.01283759853225602 2.441784013858594e-08 0.007936631378092763 0.003970139107049792 0.003964169679037294 2.248902209992267e-06 0.003967710174495605 0.003968921203597156 0.005506403887044861 0.005496403886997255
180.43 32.45010073299685 -3.7419638391295713 44.8841803472641 -352946.1711393901 2.0778163931902632e-05 25.044140482934733 24.721426330011205 24.81539925571866 23.555127819913103 109.17344083033507 400.0 -0.00021400491654400698 0.2288534999148046 0.22874122721607412 -2.9150461824584215e-06 -0.008445208224175984 2.4416386491635216e-08 0.008367094013261913 0.004185354386864867 0.004179416222479212 2.3707357754396443e-06 0.004182939827196274 0.00418415418606564 0.005804807024728789 0.005794807024678659
189.9 32.46734718549874 -3.7464156830926827 46.170051331058644 -352706.46869500616 2.266092541752023e-05 25.158661418674573 24.776955521691608 24.917825001048467 22.24377046497915 109.1576752833563 400.0 -0.0002371634356470878 0.24096800486739434 0.2408364176261046 -2.9351746985967866e-06 -0.003493430988758629 2.4414835829218796e-08 0.008810081846509724 0.004406837543595128 0.004400920063485053 2.4960935851039674e-06 0.0044044447649073 0.004405637081602424 0.006111896603377079 0.0061018966033241015
199.6 32.48478361897568 -3.751105601220631 47.42573586761055 -352460.4928717898 2.489607795331572e-05 25.281910956371114 24.8276311141616 25.028678823522135 20.855839161060285 109.14767538779276 400.0 -0.0002621271643932056 0.25338549796989474 0.25323213284898366 -2.9022807890189234e-06 0.001967228877029445 2.4413183631334304e-08 0.00926415873670858 0.004633871677934982 0.0046279619751707565 2.62456611945715e-06 0.004631508588723621 0.00463265014798496 0.006426677401132308 0.006416677401077325
209.54 32.50254853580473 -3.7560416587745413 48.65397796635687 -352207.97236034693 2.7605944806441136e-05 25.419463519740816 24.874219205417013 25.153521297376784 19.38242659928815 109.14280698071894 400.0 -0.00028901550770278373 0.2661201104187703 0.2659422223640297 -2.8088234929704704e-06 0.00790574758870126 2.4411421290297684e-08 0.009729842733303034 0.00486671643639835 0.004860800353779082 2.756296920859871e-06 0.00486439214280941 0.004865450590493624 0.00674950886899592 0.006739508868937943
219.73 32.5206126759318 -3.7612325173495753 49.85703506365718 -351948.6823024801 3.0953592182925885e-05 25.578617040528957 24.91734817078331 25.299637548584368 17.82027816279175 109.14341051804331 400.0 -0.0003179545856374956 0.2791849502720326 0.27897949194459143 -2.647546272924756e-06 0.014286345100744453 2.4409540409318177e-08 0.010207614717491062 0.005105613080691927 0.005099674820238609 2.891418714821869e-06 0.005103337607526864 0.005104277109964199 0.007080724743535632 0.007070724743475052
230.16 32.539045776692184 -3.7666766126955626 51.03485505628791 -351682.86172481277 3.5197112988571877e-05 25.770277207078305 24.957474710740385 25.477945047187042 16.16377775851187 109.14908197272165 400.0 -0.00034901876740165084 0.29256847038736594 0.29233215989126315 -2.4113031178889343e-06 0.021059094888692516 2.440753942375777e-08 0.010697054013381902 0.0053503518576161644 0.005344374448511096 3.029809395952043e-06 0.005348136278909025 0.005348917734472878 0.007420033775050293 0.007410033774986469
240.83 32.55769748733336 -3.7723773328548904 52.188318668743364 -351410.56705747044 4.071446271940741e-05 26.010531683442867 24.995021139650447 25.704532240931144 14.41548769478224 109.16077858464239 400.0 -0.0003823092561110434 0.306270145163313 0.30599944251172595 -2.0938544270464347e-06 0.02817743190509423 2.44054158966181e-08 0.011198143155418698 0.005600924879635298 0.005594889667860294 3.1714608454010644e-06 0.0055987808589634805 0.005599362296455217 0.007767424307281707 0.007757424307215151
251.74 32.576765594281696 -3.778337853942178 53.31865591607936 -351131.74425886525 4.822150207889233e-05 26.328845014803903 25.030360010475476 26.008861678206777 12.563246101762585 109.17746370573676 400.0 -0.00041793308211537515 0.3202921716599558 0.3199833365971269 -1.6883011281639028e-06 0.03559534846109961 2.440317350737322e-08 0.011710964047726771 0.005857373416098838 0.005851261103535594 3.316393762166939e-06 0.005855313825194445 0.005855650222532326 0.008122953558168559 0.00811295355809886
262.89 32.59596670894902 -3.784561424368159 54.42648671954476 -350846.486865001 5.8909382526423034e-05 26.774829073760618 25.06379507103273 26.440547171519405 10.615937553827965 109.20089010670308 400.0 -0.0004559948426301346 0.33463281647416576 0.3342819022412152 -1.1895837809687232e-06 0.043267992396911814 2.440081489274748e-08 0.01223545509189268 0.006119667586860959 0.00611345705096272 3.464588044335918e-06 0.006117705508810579 0.0061177495830821 0.008486579410088747 0.008476579410016597
274.29 32.61542623951012 -3.79105686531432 55.51377106751514 -350554.50846954953 7.540619909827971e-05 27.45661212010277 25.09562664265658 27.107702823240274 8.56352894574686 109.2305770407008 400.0 -0.0004966420710598385 0.34930640257904083 0.3489092968624973 -5.913133042891804e-07 0.05115884709437049 2.439834739808707e-08 0.012772141568047787 0.006388070411000007 0.0063817397651593916 3.61619042714755e-06 0.006386219950176329 0.006385921617871456 0.008858666603074333 0.008848666602999492
285.93 32.63514973962293 -3.7978216984781734 56.580381046830496 -350256.0595574889 0.00010416129670222386 28.639520962785955 25.126057560762394 28.275667535073243 6.403006352931872 109.26648589676076 400.0 -0.0005399543910081269 0.364300876571334 0.3638534277127091 1.1124347779019198e-07 0.05921910363885791 2.439578520129842e-08 0.01332058390829682 0.00666236244251733 0.006655889123979575 3.7710755817923778e-06 0.006660638313075281 0.006659945595221538 0.009238911013462579 0.009228911013384808
297.81 32.65508347635255 -3.8048589013167717 57.62706904827509 -349951.1573300203 0.00016667956888602277 31.208087101908387 25.155287996125356 30.82897274153547 4.1334057197733305 109.30905031990898 400.0 -0.000586046317349024 0.3796163271826255 0.3791143603729132 9.225513159459844e-07 0.0674099605472503 2.439314267060661e-08 0.013880786429766121 0.006942546274682624 0.00693590685388334 3.92924419163682e-06 0.006940963666768022 0.006939822762998094 0.009627316329460827 0.009617316329379653
309.93 32.67511927011787 -3.8121713430354185 58.65448131174133 -349639.83473817084 0.0004050342280201684 41.00490246230707 25.183490068612635 40.610210880022066 1.7570640387971506 109.3590431855312 400.0 -0.0006350337789922535 0.3952522057643566 0.39469158228500606 1.8465024076840263e-06 0.07569674679369758 2.439043639134552e-08 0.014452729893695667 0.007228612764229898 0.007221782864590936 4.090690947938409e-06 0.007227187176100222 0.007225542717595444 0.010023869981409589 0.010013869981326005
