#
# low temperature specific heat
# P. D. Desai, Inter. J. Thermophys. 8, 61(1987).
0.1   0.000000837
0.3   0.0000663
0.5   0.000491
1.0   0.00278
1.16  0.00366
2.0   0.00290
3.0   0.00472
4.0   0.00699
5.0   0.00986
6.0   0.0135
7.0   0.0177
10.0  0.0369
15.0  0.0982
20.0  0.223
25.0  0.456
30.0  0.837
40.0  2.064
50.0  3.827
60.0  5.800
70.0  7.776
75.0  8.745
80.0  9.690
90.0  11.424
100.0 12.996
110.0 14.400
120.0 15.637
125.0 16.187
130.0 16.697
140.0 17.615
150.0 18.453
160.0 19.190
170.0 19.852
175.0 20.157
180.0 20.439
190.0 20.968
200.0 21.435
210.0 21.840
220.0 22.203
225.0 22.369
230.0 22.53
240.0 22.828
250.0 23.101
260.0 23.358
270.0 23.6
273.15 23.672
280.0 23.832
290.0 24.052
298.15 24.225


#
#high tempera enthalphy
# P. D. Desai, Inter. J. Thermophys. 8, 61(1987).
298.15 24.225  0.000000
300 24.259 0.000045
350 25.053 0.001278
400 25.712 0.002548
450 26.307 0.003849
500 26.875 0.005178
550 27.452 0.006536
600 28.058 0.007924
650 28.717 0.009343
700 29.418 0.010796
750 30.154 0.012285
800 30.933 0.013812
850 31.738 0.015279
900 32.555 0.016986
933.61 33.107 0.018090


933.61 31.757 0.028670
1000 31.757 0.030778
1100 31.757 0.033954
1200 31.757 0.037130
1300 31.757 0.040305
1400 31.757 0.043481
1500 31.757 0.046657
1600 31.757 0.049833
1700 31.757 0.053008
1800 31.757 0.056184
1900 31.757 0.059360
2000 31.757 0.062535
2100 31.757 0.065711
2200 31.757 0.068887
2300 31.757 0.072062
2400 31.757 0.075238
2500 31.757 0.078414
2600 31.757 0.081590
2700 31.757 0.084765
2793 31.757 0.087719
2800 31.757 0.087941


#
# T-Cp-Cv  high temperature specific heat
# U. Schmidt, O. Vollmer, and R. Kohlhas,
# Z. Naturforsch A, 25, 1258(1970). 
300 23.4 22.4 22.4 23.2 -0.8
350 24.3 23.0 23.0 23.8 -0.8
400 25.0 23.4 23.4 24.3 -0.9
450 25.7 23.7 23.7 24.6 -0.9
500 26.2 23.9 23.9 24.8 -0.9
550 26.7 24.0 24.0 25.0 -1.0
600 27.2 24.1 24.1 25.2 -1.1
650 27.8 24.1 24.1 25.3 -1.2
700 28.4 24.1 24.2 25.5 -1.4
750 29.0 24.1 24.2 25.6 -1.5
800 29.7 23.9 24.2 25.7  -1.8
850 30.6 23.9 24.3 25.8 -1.9
900 31.8 23.5 24.5 25.9 -2.4
933.25 33.4 24.0 25.4 26.0 -2.0
933.25 29.9
950 29.9
1000 29.9
1025 29.4
1045 28.3
1050 28.5
1075 29.2
1100 29.2
1125 28.8
1135 27.8
1150 28.5
1175 29.2
1200 29.4
1225 29.5
1225 28.4
1250 28.4
1300 28.4

