#Found quasiharmonic mode : None
#T(K), volume, F(eV), S(J/K), H(J/K), a(-6/K), Cp(J/mol), Cv, Cpion, Bt(GPa), T_ph-D(K), T-D(K), F_el_atom, S_el_atom, C_el_atom, M_el, Seebeck_coefficients(μV/K), Lorenz_number(WΩK^{−2}), Q_el, Q_p, Q_e, C_mu, W_p, W_e, Y_p, Y_e
0.0 29.209553182056055 -4.1929921102417325 0.0 -404562.2363332132 0.0 0.0 0.0 0.0 51.385253102133994 400.0 400.0 0.0 0.0 0.0 0.0 0.0 2.443004551768e-08 0.0 0.0 0.0 0.0 0.0 0.0 0.0 0.0 0.0
0.28 29.209554244981515 -4.192992110743361 0.0003267503095105508 -404562.23629012296 1.343652946114327e-07 0.0003289080848783199 0.00032886696146883226 3.2161013465789724e-06 51.38525596980036 237.75305163036802 400.0 -4.726059983650583e-10 0.00032569198353152036 0.00032569198353174094 1.01091160990704e-12 6.446186428092091e-06 2.4430045089931945e-08 1.1906781757802726e-05 5.94799971025728e-06 5.937063972383856e-06 0.0003256919835316888 2.2311656430832536e-08 5.9533910874130895e-06 5.953390670389634e-06 8.25316538292479e-06 8.253165436496081e-06
0.8 29.20955375518305 -4.192992115170185 0.0009552324958721989 -404562.2360445506 -3.993777925236625e-08 0.0010046108456688294 0.0010046004652545404 7.406233447972561e-05 51.385258012493864 237.75306177795753 400.0 -3.857808073932734e-09 0.0009305485111837199 0.0009305485111891039 7.419516146473665e-12 1.841758399667805e-05 2.4430045090070538e-08 3.401937596856523e-05 1.7004297405023794e-05 1.699336041160941e-05 0.0009305485111878875 -3.993777925236625e-08 1.700968964899127e-05 1.7009686319573956e-05 2.358043914564974e-05 2.3580439171696772e-05
1.56 29.209548352106047 -4.192992108624907 0.0019975992066344297 -404562.23306095845 -4.005269195048144e-08 0.0023636994657272093 0.002363679107294263 0.0005491301526577825 51.3852025850879 237.74962231811796 400.0 -1.4669240941752368e-08 0.001814569313001531 0.0018145693130694268 2.7993727456183876e-11 3.5912040865913366e-05 2.443004509091009e-08 6.633777276299767e-05 3.316349769789149e-05 3.3152556907983634e-05 0.0018145693130604084 -1.2651277217330152e-07 3.316889270917367e-05 3.3168880053824e-05 4.598184252955674e-05 4.5981842521017666e-05
2.56 29.209539269607458 -4.192992107714019 0.0037873443252563655 -404562.22639372456 7.3108251659181865e-09 0.005411779530230343 0.005411778417145771 0.002434025536569789 51.38510914735666 237.5089374983665 400.0 -3.9503707286690745e-08 0.0029777539878440198 0.0029777539936605545 7.53857940265913e-11 5.8872589765708636e-05 2.4430045141702086e-08 0.00010886195745850163 5.442559438657917e-05 5.4414644917617734e-05 0.0029777539936207526 7.3108251659181865e-09 5.443099576391673e-05 5.4430961694584894e-05 7.545736033169174e-05 7.545736031838123e-05
3.8 29.209553094648424 -4.192992219769394 0.0070897403327319355 -404562.21996001276 -6.020925918953296e-08 0.012546569503078382 0.012546457438915005 0.008126464058174085 51.385225299095616 235.8848359601973 400.0 -8.704123739655542e-08 0.004420105359089029 0.004420105444904297 1.657741777232336e-10 8.668813839275547e-05 2.4430045615382964e-08 0.00016159203298859128 8.079064046170016e-05 8.077967436501779e-05 0.004420105444775675 1.2025227990770959e-07 8.079605393143263e-05 8.079597905715863e-05 0.00011200706300301409 0.00011200706298953084
5.29 29.20955682099412 -4.192992384134882 0.013582482584920496 -404562.1909085519 5.989820044672969e-09 0.029749280532646093 0.029749278988673054 0.02359602743343411 51.38520717142836 230.17475434934877 400.0 -1.6868217726507383e-07 0.0061532526800175 0.006153253099211984 3.186635860157632e-10 0.00011813356387296366 2.4430046963730813e-08 0.00022495314541936813 0.00011247121060512511 0.00011246021665025353 0.0061532530988781505 5.989820044672969e-09 0.00011247664455777445 0.00011247650086159364 0.00015592563885659003 0.00015592563884417803
7.01 29.20956433069223 -4.1929927521761385 0.027319213514493974 -404562.10676278087 8.368772558251115e-08 0.07811682640569743 0.07811642701556554 0.06996289097493211 51.38511004778599 212.31364164521352 400.0 -2.9620606581345603e-07 0.008153934203833665 0.008153935430765338 5.512298966478486e-10 0.00015183715953243326 2.443004925950644e-08 0.0002980948809924466 0.00014904209932807422 0.00014903106349647714 0.008153935430039177 8.368772558251115e-08 0.0001490475644062951 0.00014904731658615152 0.00020662362538419494 0.00020662362537123105
8.98 29.209586386657268 -4.192993652572213 0.06254819718572446 -404561.8234626712 2.1277637760309663e-07 0.24137462232263932 0.24137131500860132 0.2309292003321964 51.38465635559769 182.66922289467306 400.0 -4.860834832754885e-07 0.010445417995912197 0.010445421990442898 8.861983735915109e-10 0.000187611315001375 2.4430055495656617e-08 0.00038186787923064124 0.00019092862820597082 0.00019091753284556056 0.010445421989046839 1.8855828437207726e-07 0.0001909341380064614 0.00019093374122417984 0.0002646906400815054 0.0002646906400684545
11.19 29.209657043768814 -4.192996107708538 0.1579303880338005 -404560.85478908353 6.304877259147118e-07 0.7021485398623717 0.7021123553920487 0.6891324245954817 51.38294485080015 158.0268785619199 400.0 -7.547780616547748e-07 0.013016090193049008 0.013016115266889906 1.3444312954930625e-09 0.00022676034298991062 2.443009613426122e-08 0.00047584751187560836 0.00023791848480278979 0.00023790730885792785 0.013016115264455487 6.304877259147118e-07 0.00023792405554257863 0.00023792345633302973 0.00032983234960577197 0.000329832349593721
13.64 29.209879049127082 -4.19300289243526 0.38069169918766654 -404558.0840219598 1.4476923611000897e-06 1.657546464430271 1.6573139388171432 1.6416802969896624 51.378413750060794 143.37009947632328 400.0 -1.1214778602649203e-06 0.01586602126648285 0.01586616744060859 1.9676742167467333e-09 0.00028312912028185394 2.4430289440197736e-08 0.000580036086498967 0.0002900128271201468 0.00029000154105158425 0.01586616743668299 1.4476923611000897e-06 0.0002900184801236564 0.00029001760637531053 0.0004020503301346438 0.0004020503301233734
16.34 29.210353750864638 -4.193019442299416 0.8073738740180397 -404551.68098677497 2.7459236516341018e-06 3.1804467991503613 3.17944482832825 3.161439261866591 51.36838106748962 135.22487602695233 400.0 -1.6094309337818176e-06 0.019006978400580538 0.019007537283770158 2.871816582899653e-09 0.00038761041740963413 2.443083292247133e-08 0.0006948629730918844 0.00034742635322411084 0.00034741490130034744 0.019007537277841432 2.6566968500900618e-06 0.0003474321241249893 0.00034743084896689497 0.00048164209956515376 0.00048164209955734783
19.27 29.211259312587103 -4.193054394358782 1.4874330639882538 -404539.5830017895 4.46181198368941e-06 5.1537199374698055 5.15060107077447 5.131302510802079 51.35099642028115 130.53193491640545 400.0 -2.2384319864216287e-06 0.022415963868862892 0.022417426667726992 4.2781000747405295e-09 0.0005626419642593603 2.4431815689528892e-08 0.0008194861294325683 0.0004097380681945912 0.00040972634221238247 0.02241742665929329 4.46181198368941e-06 0.0004097440197935515 0.00040974210963901677 0.0005680237499574547 0.0005680237499564705
22.45 29.21278569762738 -4.1931196371299535 2.441082990507217 -404519.73849424056 6.390814120606178e-06 7.385754885531325 7.378303725108906 7.359635386742513 51.3249827018232 127.62670199622836 400.0 -3.038324285014226e-06 0.02611662325042245 0.02611949878881197 6.492199213418032e-09 0.0007941506622477733 2.4433073794384785e-08 0.0009547690339776525 0.0004773797466232154 0.00047736756755661767 0.02611949877737052 6.4226995269039685e-06 0.00047738597947372114 0.00047738305450393143 0.0006617933728800122 0.0006617933728862648
25.87 29.214997628397725 -4.193228369211965 3.648317453655151 -404490.6498858964 8.351616329119443e-06 9.662046085212282 9.647391852044382 9.631943902016907 51.28924806091533 125.72989065952466 400.0 -4.034828254541165e-06 0.03009767654512112 0.03010218319537552 9.730722222898881e-09 0.0010272301086926444 2.4434224647334743e-08 0.0011002997767113627 0.000550145456002496 0.000550132599792089 0.0301021831803725 8.351616329119443e-06 0.0005501520975590964 0.0005501476791522661 0.0007626649684185201 0.0007626649684323027
29.53 29.218001994481874 -4.1933949661180066 5.070361680411754 -404451.3782358095 1.0306355066943035e-05 11.82813665435402 11.802682347212919 11.793771278311294 51.24408067568059 124.42983633373163 400.0 -5.257762895877489e-06 0.034359518683175 0.03436537604272943 1.4013441743430914e-08 0.0011978235183926636 2.4434880198924233e-08 0.0012560949780736083 0.0006280434997994242 0.0006280297558377522 0.034365376023362225 1.0336414186179212e-05 0.0006280506801537569 0.0006280442979198517 0.0008706497171404795 0.000870649717159818
33.43 29.221849687316166 -4.1936337375356985 6.6605469526832355 -404401.4818711406 1.2061431637003385e-05 13.793619401113139 13.754189957000246 13.75471048615425 51.19003708166996 123.50100172229894 400.0 -6.739074789993422e-06 0.03890250192320239 0.03890891495888784 1.9118886689599616e-08 0.001263047229427892 2.4434809806655296e-08 0.0014221707749248222 0.0007110819029489459 0.000711067147593514 0.03890891493400414 1.2102004253372243e-05 0.0007110897251344955 0.0007110810497903267 0.0009857588243879158 0.0009857588244079358
37.58 29.226535134278645 -4.193959165561807 8.377258288427035 -404340.72562046995 1.361415817973126e-05 15.525198948847084 15.468788152493858 15.481454579066531 51.12733157283145 122.81127007236731 400.0 -8.517369294777433e-06 0.04373856279672303 0.04374436978055341 2.4664116726457558e-08 0.0012166117521023897 2.443398604626143e-08 0.001598966759454879 0.0007994803918973417 0.0007994646408059968 0.043744369748808444 1.3603203443604016e-05 0.0007994889119939643 0.0007994778474609149 0.0011082974694054048 0.0011082974694237926
41.96 29.232015076492356 -4.194382460839215 10.172017056961367 -404269.56693666446 1.4884883959614186e-05 17.011711990221727 16.93650952554973 16.962863408133327 51.056791841188605 122.2840003385973 400.0 -1.0620309199175874e-05 0.048844680066733974 0.04884858208839885 3.0190381480345006e-08 0.0010889038923997093 2.4432549793031993e-08 0.0017856435213834158 0.0008928191837566074 0.0008928026081049586 0.048848582048714444 1.4884883959614186e-05 0.0008928284013122705 0.0008928151200711452 0.0012376847847546837 0.0012376847847668097
46.59 29.23831391427701 -4.194917482266199 12.020023752450692 -404187.99358582177 1.6096026871044516e-05 18.27947845003782 18.18196437534776 18.22523317573454 50.9790197635488 121.86556723687424 400.0 -1.3095907502298837e-05 0.05424451832390207 0.05424527430327947 3.540853628683824e-08 0.0009351612175181695 2.4430711861953022e-08 0.0019830669694125046 0.000991531181687863 0.000991514055019295 0.05424527425521595 1.6163090737691243e-05 0.0009915410606442534 0.0009915259087682515 0.001374522143407778 0.001374522143411636
51.46 29.245456635933067 -4.195574436828899 13.891377312754088 -404096.54269510397 1.7084298145599393e-05 19.34917884293047 19.22800884067767 19.289255371713736 50.89548200764842 121.52322993569432 400.0 -1.5980240866878688e-05 0.05992689806009664 0.05992347121673284 4.023843945429662e-08 0.0008235987172399819 2.4428697517550616e-08 0.0021908278033979265 0.0010954117262093695 0.0010953943408742175 0.0599234711608556 1.71188479597216e-05 0.0010954222205007034 0.0010954055828972231 0.001518527090398845 0.0015185270903934124
56.57 29.25327822597072 -4.1963627830780865 15.766320962046885 -403995.55604447366 1.783702044914565e-05 20.248060358947757 20.103080705603666 20.182176754178002 50.80521625455679 121.23574912458523 400.0 -1.9315989516088246e-05 0.06589200441543698 0.06588360476975634 4.492886750360529e-08 0.0008240230821031997 2.4426684527785375e-08 0.002408931344215735 0.0012044635263577129 0.0012044460775928931 0.06588360470794165 1.783702044914565e-05 0.0012044746204125047 0.0012044567238032305 0.0016697043569075417 0.0016697043568925543
61.92 29.261857764745073 -4.19729199874682 17.630640788674704 -403885.4232260709 1.8613075751159427e-05 21.006898684148762 20.834372303570422 20.934772143574786 50.70992488574761 120.98649856321764 400.0 -2.3148106367369613e-05 0.07214048164531582 0.07212654057397679 5.012713506336932e-08 0.0010003224735324208 2.4424787408844616e-08 0.002637399399577968 0.0013186975958657315 0.0013186800591149012 0.07212654050974093 1.8653770688750403e-05 0.0013187093538780132 0.0013186900456999542 0.0018280697644317023 0.0018280697644081512
67.52 29.271178485995055 -4.1983724394285105 19.477236052539403 -403766.256203447 1.9220743130840703e-05 21.647264646864194 21.446983065752082 21.568600043124828 50.60979852285792 120.76421262220353 400.0 -2.7531843378858234e-05 0.07868451967561156 0.07866460373936726 5.688188203394451e-08 0.001409419102047893 2.4423054683632447e-08 0.002876676133988326 0.001438336183189752 0.0014383182014964437 0.07866460367884334 1.921481028665767e-05 0.0014383487988089447 0.001438327335179381 0.0019939315326429397 0.0019939315326106587
73.35 29.281134332338855 -4.199607788036204 21.292264557381028 -403638.76459712785 1.9679672969135573e-05 22.187132818686568 21.95943893573336 22.101657898042532 50.504977504292405 120.56227443822674 400.0 -3.250080333846178e-05 0.08550117325864427 0.0854749206440339 6.660929962013104e-08 0.0020982060145043405 2.4421493919259095e-08 0.0031259215310738765 0.0015629594955108566 0.0015629402812373805 0.08547492059779793 1.9679672969135573e-05 0.0015629733372794475 0.001562948193794429 0.0021667073796302685 0.002166707379590485
79.43 29.291785269578465 -4.201009611679368 23.077244264586948 -403502.7821102599 2.0178748700320144e-05 22.64974243874131 22.390975528580963 22.557160956974887 50.39604561614306 120.3737723924478 400.0 -3.8123594224642224e-05 0.09261449639875106 0.09258148176642352 8.118472407020187e-08 0.0031093915258431247 2.442006883330237e-08 0.0033860146784307436 0.0016930073377031793 0.0016929855810297824 0.09258148175268428 2.020253392407064e-05 0.0016930230064058558 0.001692991672024888 0.002347006445963421 0.00234700644591604
85.75 29.30313423454847 -4.202582713249896 24.826019468523796 -403358.75768026104 2.057123423449708e-05 23.044886819823507 22.755090478208846 22.94491362899204 50.28408883218675 120.1944361559417 400.0 -4.444586694840487e-05 0.1000135018951872 0.0999731908314698 1.028213062422628e-07 0.004475949789997846 2.4418734471825423e-08 0.003656554022023794 0.0018282792291391683 0.0018282530274649482 0.09997319088093026 2.060837129553385e-05 0.0018282975999432268 0.0018282564220805661 0.002534550017433782 0.002534550017379719
92.31 29.315091563825124 -4.204333053407929 26.53673516393511 -403206.8649781749 2.0909093338339064e-05 23.38531046434809 23.063623129064958 23.27766019403252 50.168387561129286 120.02177165280457 400.0 -5.152352567604395e-05 0.1076985915025425 0.10765027031556997 1.3415614291504634e-07 0.006228232242304719 2.4417437688752893e-08 0.003937554966708128 0.0019687832103439597 0.001968749984918392 0.1076502704786523 2.084294587409215e-05 0.0019688054856651658 0.0019687494810429625 0.002729348402244542 0.002729348402183982
99.11 29.327670511984618 -4.20626662015345 28.208658160376984 -403047.27172050055 2.1206120523584114e-05 23.680859510909222 23.326281808417114 23.56524631630364 50.049588889643985 119.85308969603487 400.0 -5.9414817476685734e-05 0.11567045100577941 0.11561319460558447 1.781919002683063e-07 0.008389900469904045 2.441612981616888e-08 0.004229043664219547 0.002114532728569916 0.002114489157867182 0.11561319496211252 2.1295665887258557e-05 0.0021145604841754945 0.002114483180044052 0.0029314194169809565 0.002931419416913596
106.16 29.340992844539166 -4.208392625302345 29.84415316351871 -402879.90484381636 2.1482398108914086e-05 23.94030033275534 23.551296233215762 23.816425832752117 49.92976589942973 119.68519446923975 400.0 -6.819330981445584e-05 0.12394185399150895 0.1238745000032249 2.383201374888286e-07 0.010980464127472452 2.441476946603799e-08 0.004531488472246013 0.0022657623714805284 0.0022657043162748057 0.12387450067529128 2.146956221492348e-05 0.00226579760579374 0.0022656908664522735 0.0031410875390787095 0.0031410875390055163
113.44 29.354755002829 -4.210709110817383 31.438491891197902 -402705.28449778765 2.1714038523975977e-05 24.168263161706594 23.74443127745149 24.03585290248839 49.805158579784674 119.51956374898333 400.0 -7.78963642814744e-05 0.13248907791213582 0.13241025921820318 3.1825042014812576e-07 0.014012148360759988 2.4413328277654912e-08 0.00484402345816469 0.002422039615999726 0.0024219620507476263 0.1324102603853455 2.166481330306148e-05 0.0024220847892494515 0.0024219386689152385 0.003357752442675223 0.0033577524425947745
120.97 29.369277901836398 -4.2132288927158825 32.99733468067497 -402523.1014349506 2.1935340690974953e-05 24.37188022016708 23.911579282999718 24.230634756495064 49.68081706651407 119.35180817085269 400.0 -8.861630347558702e-05 0.14133734645425727 0.14124546367201407 4.2200811318338876e-07 0.017491940570890558 2.4411785177282138e-08 0.005167572304126093 0.002583826772745165 0.0025837237326572643 0.1412454655903328 2.1957814562226664e-05 0.0025838848489866686 0.0025836874551394243 0.0035820545198386178 0.0035820545197518105
128.74 29.384334073686997 -4.215952711842881 34.5190188266246 -402333.61912063544 2.2130260284179047e-05 24.554338716633566 24.056749584492746 24.403970610719508 49.553584276018185 119.18318625777849 400.0 -0.00010040716347290161 0.1504748348482405 0.1503681059140591 5.539897587537808e-07 0.021422873369897583 2.4410130246323934e-08 0.005501704055537601 0.002750908875710955 0.0027507733735317127 0.15036810893737532 2.2154348198084347e-05 0.002750983368287701 0.002750720687249901 0.003813695268270941 0.0038136952681782996
136.75 29.40010253742427 -4.218886147700175 36.00501125757727 -402136.9458478451 2.2317019886009553e-05 24.719962180245002 24.183537137802983 24.560182641476484 49.427318668538426 119.01120017052972 400.0 -0.00011333914810228065 0.15990305200404206 0.15977953876852127 7.18486850914421e-07 0.025793448487275064 2.4408362981075705e-08 0.005846475079330974 0.0029233145990932114 0.002923138666016849 0.1597795433694283 2.235359779415197e-05 0.0029234095604895715 0.0029230655188414024 0.0040527140702613824 0.004052714070161622
145.01 29.416357065237772 -4.222036227282409 37.45777054524042 -401932.81630524975 2.2480440844527717e-05 24.87094865134906 24.294962737817315 24.701457632603525 49.29716703643423 118.8373680618051 400.0 -0.00012750114665530265 0.16963342551395733 0.169491018745536 9.208830637958383e-07 0.030608781509431318 2.4406483025137723e-08 0.006202304455219776 0.0031012540974083088 0.0031010285354237882 0.16949102554740986 2.2326860151648854e-05 0.0031013742542252256 0.0031009302009945496 0.00429940195153089 0.004299401951426071
153.5 29.433318184457068 -4.225401131728368 38.875540833938075 -401721.83601702604 2.2639041484700587e-05 25.010316370243615 24.393220484577338 24.830835412917345 49.16947410919024 118.65909842306094 400.0 -0.00014293414025116718 0.17964441744429 0.179480957326271 1.1650763964559653e-06 0.035831794014904425 2.4404505979044607e-08 0.006568405400788224 0.0032843344098288907 0.0032840491600534907 0.17948096711353392 2.3145830669367837e-05 0.0032844849824360937 0.00328392041835213 0.004553213896013003 0.004553213895902649
162.24 29.45072799395427 -4.228991178252258 40.262377266456554 -401503.45027850935 2.2776752198761025e-05 25.139327361366842 24.480520533629647 24.949555286721694 49.037363656294964 118.47840641017743 400.0 -0.00015975004001810283 0.18995889481437775 0.18977207464514648 1.457309667264321e-06 0.04146939501957304 2.4402436402229423e-08 0.006945615036618676 0.0034729747942858448 0.003472618402687087 0.18977208841165838 2.062096095193291e-05 0.0034731617863983846 0.00347245325022029 0.004814730895395775 0.004814730895280839
171.22 29.46681217840252 -4.2327954486931 41.61444869651656 -401277.44875736063 2.2800894346969158e-05 25.25281108210562 24.558247895886012 25.05246813643539 48.85701583717617 118.31205104852499 400.0 -0.00017800107317860134 0.2005555608780346 0.2003429456702307 1.8082785209613044e-06 0.047583091884332816 2.4400275482626507e-08 0.007333155902891037 0.0036667876617626945 0.003666346393411214 0.20034296469821608 2.2915682730415662e-05 0.0036670183996968847 0.0036661375031941537 0.005083415114370944 0.005083415114618755
180.43 29.487657991695567 -4.236851871340395 42.94344792842383 -401045.773639796 2.3045326311859986e-05 25.37542584951045 24.628337932222358 25.164207326426205 48.782443138206986 118.10110659792458 400.0 -0.0001977782594754202 0.21145905198406043 0.2112185230842457 2.202601313931663e-06 0.053837118528170975 2.439809196495917e-08 0.007731926739389834 0.003866220756473928 0.003865684124741911 0.2112185486595613 2.5160379591864417e-05 0.0038665007283642644 0.00386542601102557 0.005359888189930626 0.005359888190163125
189.9 29.507036993041616 -4.241138088334974 44.24262964646496 -400805.9416499182 2.316648418674731e-05 25.484598969725905 24.691552089203693 25.262200773744425 48.655800877061836 117.9052837088905 400.0 -0.00021919933767026471 0.2226692031918935 0.22239819598147817 2.6671853432750082e-06 0.060542418369603036 2.439583992853753e-08 0.008141924630267427 0.004071275488910131 0.004070627273465957 0.22239822992056935 2.2698165740163e-05 0.004071613480960018 0.004070311149307407 0.005644150788192478 0.005644150788410804
199.6 29.526967540593464 -4.245657478287658 45.512996698431905 -400559.2777193394 2.327909956917633e-05 25.58893899727841 24.748872296626708 25.355079333864744 48.529813120721364 117.70495690952266 400.0 -0.00024229518876625237 0.23416351381619432 0.23385966341366896 3.198981074909383e-06 0.06755001912286716 2.4393558477238107e-08 0.00856232590611231 0.004281539670936647 0.0042807643572937955 0.23385970772182132 2.3004654242235408e-05 0.00428194412723778 0.0042803817788745315 0.005935631702449171 0.00593563170265375
209.54 29.547050119210787 -4.250415084761578 46.75627592801793 -400305.40104312194 2.3367867832077385e-05 25.68789097131285 24.801173765550182 25.442278309403516 48.391878387960425 117.50380127111139 400.0 -0.00026717335281727046 0.24595176394611518 0.24561266190933181 3.8057483502854066e-06 0.07486694739377583 2.439125569910557e-08 0.00899348854315246 0.004497193082131722 0.004496273573075237 0.2456127189476853 2.3316819680117823e-05 0.004497673424003379 0.0044958151191490815 0.006234579840489732 0.006234579840681769
219.73 29.56868264081412 -4.2554295172694765 47.977427481891056 -400044.45014640084 2.3486559952328112e-05 25.78721207804822 24.849303569435907 25.52953212707775 48.2844079387684 117.28810846939524 400.0 -0.00029396262985293076 0.2580566535993529 0.2576799509704713 4.4858450667053626e-06 0.08239854671741031 2.4388952439320483e-08 0.009436242109443528 0.004718650375383007 0.004717569835277735 0.25768002333142376 2.3921985541083747e-05 0.004719215864974305 0.004717026244469223 0.006541570277744343 0.006541570277923428
230.16 29.590478281655056 -4.260689544095018 49.173560731250454 -399776.25898431457 2.3582045470132687e-05 25.882447762268864 24.89371153303468 25.612406763609524 48.16618589009049 117.07117414268517 400.0 -0.0003227219705164957 0.27045765128577187 0.27004099865933956 5.250855790068446e-06 0.0901927061724924 2.438665292003258e-08 0.00988983625238937 0.004945537503104602 0.004944276839585716 0.27004108938764537 2.347944945736865e-05 0.00494619884416578 0.004943637408223592 0.006856083824417784 0.006856083824584298
240.83 29.612871230320174 -4.2662017454602115 50.3465354415677 -399500.9361712595 2.3671282939612658e-05 25.97565102894822 24.934941399061124 25.692950990077758 48.05089314687518 116.84866359463588 400.0 -0.0003535510509502713 0.2831589140562372 0.28270003887046136 6.103374605477445e-06 0.0982026476732363 2.4384371934769776e-08 0.010354422622789721 0.005177930545698572 0.005176470156179025 0.2827001513409612 2.3699513000919374e-05 0.0051786987982768385 0.0051757238245128834 0.0071782258559470475 0.007178225856101743
251.74 29.635860170817427 -4.271969446508147 51.49731252249144 -399218.45739841915 2.3754565439857185e-05 26.067249918069116 24.97343194671568 25.77159168632175 47.93885953316411 116.62047595867153 400.0 -0.0003865487144253357 0.2961615294861186 0.2956582317473679 7.04825744733874e-06 0.10640695417322765 2.4382120732578922e-08 0.01083004074599236 0.005415849736362869 0.005414169077207802 0.29565836971576626 2.3749032601228116e-05 0.005416736593457396 0.005413304152534965 0.007508024158531214 0.007508024158674769
262.89 29.659461059842677 -4.2779961311024355 52.626840566841565 -398928.8074008766 2.3832117532244572e-05 26.15763056286395 25.009560479729245 25.848713614601984 47.83132400324357 116.38635126190208 400.0 -0.000421816554277673 0.3094667718091067 0.308916948261964 8.090158137096839e-06 0.1147832760661958 2.4379910685277985e-08 0.011316736879923387 0.0056593186510646536 0.005657396284622564 0.3089171158726355 2.3825856817246615e-05 0.005660336416692093 0.005656400463231296 0.007845511135951007 0.007845511136083009
274.29 29.683674578696387 -4.284290364909065 53.73690659884449 -398631.6826457701 2.3903608950956373e-05 26.24710131595465 25.043678761597544 25.924612097946504 47.727660618324755 116.146183622652 400.0 -0.00045949208424754697 0.3230875895662693 0.3224892180081478 9.234987745505103e-06 0.12331855301010443 2.4377751460955523e-08 0.011814984250090501 0.005908574483883713 0.005906387809850357 0.3224894198375496 2.3925022519919972e-05 0.005909736232777878 0.00590524801731262 0.008191015250319551 0.008191015250441651
285.93 29.708497109802618 -4.290850154779488 54.827348169186855 -398327.3185990367 2.3969251410298562e-05 26.335876791576936 25.076034596893084 25.999512104699892 47.629211287214524 115.89992234131998 400.0 -0.0004996512734095607 0.337013425818147 0.33636468687704385 1.0486312299637625e-05 0.1319814016998458 2.4375657529246834e-08 0.012324396119159716 0.006163424181552823 0.0061609499688256315 0.3363649278705034 2.386712626436818e-05 0.006164743468917906 0.006159652650241811 0.008544268574936481 0.008544268575048523
297.81 29.733811086866567 -4.297677546959125 55.898728356415006 -398015.64517119416 2.4026957970741538e-05 26.423793179146283 25.10686604714737 26.0732495598702 47.53143233184766 115.64863898157853 400.0 -0.0005424016166342957 0.3512443453043968 0.3505436192760851 1.1849845557625785e-05 0.1407544703025505 2.437364171289217e-08 0.012844974201744942 0.006423869120849942 0.00642108309944246 0.3505439047937296 2.411412091072277e-05 0.006425360248434594 0.00641961395331035 0.008905272582260709 0.008905272582362834
309.93 29.760065225857602 -4.304780133709123 56.95268845425809 -397696.7941718746 2.40827038975071e-05 26.512311230461567 25.136402657763 26.147279068690704 47.45567748759319 115.38784143131814 400.0 -0.0005878622033073123 0.36578622884655415 0.3650321617708633 1.3325142228837562e-05 0.14958427486282042 2.4371720428566416e-08 0.013376932498888761 0.006690016297069704 0.006686894207223343 0.365032497431875 2.418228065076359e-05 0.00669169357248823 0.006685238926400529 0.009274175555795497 0.00927417555588854
322.29 29.786551492227577 -4.312153562693613 57.988548446958774 -397370.4393699642 2.412772154486945e-05 26.599570756031955 25.164799419197028 26.219746165229846 47.368496413403754 115.12442206810178 400.0 -0.0006361360987498487 0.38063306201266794 0.3798245908021053 1.4924033298971493e-05 0.158483557472627 2.436990680305311e-08 0.013920050252997739 0.006961756339857809 0.006958271905282677 0.379824982734604 2.3957461113385184e-05 0.00696363555921893 0.006956414693778807 0.009650824981411682 0.009650824981496074
334.89 29.813677857452767 -4.319805197323749 59.007796227329806 -397036.71827891364 2.416669974829032e-05 26.686809399807846 25.19223360925327 26.29188256336765 47.290303875222506 114.85429581721152 400.0 -0.0006873470978089826 0.39579039010572087 0.394926836440196 1.6646031205336193e-05 0.16739504344586012 2.4368219947741522e-08 0.0144745287493787 0.007239189858904584 0.0072353168690316785 0.39492729095727025 2.420378065965266e-05 0.007241286822870294 0.007233241926508408 0.010035360257351756 0.010035360257427909
347.74 29.84156000188099 -4.327745566053601 60.01203514726196 -396695.38316943025 2.4198994223522545e-05 26.774346846974602 25.218869154971788 26.363992924782934 47.22800178857827 114.57624087960416 400.0 -0.0007416604656006728 0.41127283826084754 0.4103539221916643 1.8494820324623404e-05 0.17628372425143266 2.4366677747206897e-08 0.015040901317866714 0.007522583870338156 0.007518295412118143 0.4103544458446489 2.4214544536620207e-05 0.007524914898463627 0.0075159864194030875 0.010428151215609424 0.010428151215678317
360.82 29.869889796786783 -4.335961972615195 60.99979668322403 -396346.78434822656 2.4223668965501068e-05 26.861500559367126 25.244778732453767 26.43541982858577 47.16695299555708 114.29324354293144 400.0 -0.0007991090573552468 0.42705468837590527 0.4260807307813564 2.0474053911833244e-05 0.18511016829926416 2.4365302263219082e-08 0.015618225299297269 0.00781146722007957 0.007806736029609563 0.42608133022234673 2.42302276515307e-05 0.007814049119640478 0.00780417617965679 0.01082854424744844 0.010828544247509078
374.15 29.898902148358825 -4.344472429047592 61.97356073135513 -395990.4574552035 2.4240153496133784e-05 26.948802996692773 25.27011775459464 26.50666733453987 47.11987590453865 114.00290304022437 400.0 -0.0008599103990294399 0.4431638319613485 0.4421356621529055 2.2586844682340973e-05 0.1938320580482594 2.4364113283889897e-08 0.01620751860092036 0.008106349166181158 0.008101147370584452 0.44213634410303165 2.4236995343159144e-05 0.008109199205639147 0.00809831939528121 0.011237245074376524 0.011237245074430673
387.72 29.92836234344915 -4.35327065743904 62.932699751367025 -395626.49884365656 2.4249310492075347e-05 27.03583408382736 25.2949554134501 26.577327884208152 47.07335436495063 113.70749261462136 400.0 -0.0009241445625650458 0.4595870323259566 0.4585061996192076 2.4836853198864136e-05 0.20240470996035254 2.4363134338084685e-08 0.016808294361531917 0.008406986424944076 0.008401285857653713 0.4585069707004259 2.422848749099725e-05 0.00841012236827062 0.008398171993261297 0.01165391602522242 0.011653916025269849
401.54 29.95851499494115 -4.362369545406651 63.87886510328316 -395254.75492516183 2.424877659785123e-05 27.122969739851015 25.31940183139482 26.647760130661055 47.04465908455511 113.4045054351284 400.0 -0.000991998290859296 0.4763408456305976 0.4752096091899598 2.7223911905764574e-05 0.2107685743131123 2.4362388336985227e-08 0.017421155015057085 0.008713680150368842 0.008707452770617538 0.47521047573597125 2.4286414098050816e-05 0.008717119819918673 0.00870403519513841 0.012078974528914935 0.01207897452895564
415.59 29.98914632888836 -4.371756109747203 64.81086136868893 -394875.5943203846 2.4240225454158924e-05 27.209852415541544 25.343492209766822 26.71763051921563 47.02183273036948 113.09601660206182 400.0 -0.001063502829044674 0.4934003676274177 0.4922218963259143 2.9747733604699254e-05 0.218862862063366 2.4361900108901942e-08 0.018045186043883547 0.009025972767238434 0.009019191167186073 0.49222286413829525 2.4226952431539762e-05 0.009029733986873865 0.009015452057009682 0.012511786100253247 0.012511786100288825
429.89 30.020335679409985 -4.381447234470961 65.73057480988379 -394488.47477916535 2.422257330298421e-05 27.296582537522685 25.367329807838388 26.787012277996872 47.009135764115726 112.78116793048115 400.0 -0.0011388976351710853 0.5107919587401422 0.5095702595258111 3.241106052324046e-05 0.2266358938998127 2.4361692792448805e-08 0.01868134769205354 0.009344344503268643 0.009336981063643944 0.5095713338770449 2.4232344555631457e-05 0.00934844551058512 0.009332902181468419 0.012953016293988158 0.012953016294018084
444.42 30.052046122563723 -4.391432414489103 66.63719700590619 -394093.9119011498 2.419511818827962e-05 27.382973317962787 25.39094197575082 26.855740150224175 47.00884902000417 112.46026984515103 400.0 -0.0012182170849742177 0.5284930516275617 0.5272331677386144 3.520871798493022e-05 0.23401207111276118 2.4361790180353808e-08 0.019328810038336697 0.00966837959393102 0.00966040830330566 0.5272343528712841 2.41940511694743e-05 0.009672838030294372 0.009655972008042326 0.013402088967520797 0.013402088967545226
459.2 30.084267950346295 -4.401727099901819 67.54385812959643 -393685.9614825208 2.4158951529909625e-05 27.469099544336913 25.414425576465494 26.923862675214934 47.01668599043328 112.12452767720583 400.0 -0.001301710988658188 0.5465288976707321 0.5452368691219766 3.8143047964005506e-05 0.24093681600552916 2.4362215533752662e-08 0.019988491831744462 0.009998537349449287 0.009989932324961684 0.5452381683430656 2.415667359708805e-05 0.010003371212507637 0.009985120619236827 0.013859640756135102 0.013859640756154977
474.22 30.11700807420586 -4.412328061496325 68.44460916913442 -393267.1358756818 2.411241782271327e-05 27.554774934188938 25.437806084183496 26.991202453402845 47.03789119655296 111.77820852503628 400.0 -0.0013894720622039897 0.5648894845259189 0.5635724807860938 4.1208027930807436e-05 0.24733417781456143 2.436299082686497e-08 0.020660021518289648 0.010334631031829503 0.010325368312614375 0.5635738959643896 2.4100457055814216e-05 0.010339857622175761 0.010320163896113886 0.014325413138020715 0.014325413138034308
489.48 30.150219413160137 -4.423237118267934 69.33426623294264 -392839.76576589263 2.4082262434251923e-05 27.644590841169435 25.46112037333556 27.062348657974116 47.068885222442916 111.42591979201575 400.0 -0.0014816467529553848 0.5835758291514567 0.5822421831953246 4.439961317338895e-05 0.2531353921120228 2.4364137076831807e-08 0.021343430550166943 0.010676675516914003 0.010666732842639807 0.5822437146319062 2.4082262434251923e-05 0.010682311679125226 0.01066111887104172 0.01479942700215757 0.014799427002166288
504.99 30.184002126897177 -4.434467003387809 70.21397403175278 -392403.66685075907 2.399575012262836e-05 27.72612914835527 25.48442545762878 27.12486659026359 47.12556091661517 111.06652927919198 400.0 -0.0015784530824898015 0.6026033323743829 0.6012625580916818 4.7712129326376885e-05 0.2582692159655632 2.436567392013832e-08 0.022039276079509007 0.011024948420320209 0.01101430545150264 0.6012642043107901 2.399575012262836e-05 0.011031010359829502 0.011008265719679501 0.015282067655138534 0.015282067655140992
520.73 30.218110633296842 -4.445999615591759 71.08246062851156 -391958.97979267844 2.391156032609078e-05 27.808120305543547 25.507721648678938 27.187511556148003 47.175222253985034 110.70258028875399 400.0 -0.0016799114094852863 0.6219458519276844 0.6206087493955418 5.11374606340336e-05 0.2626652784138375 2.436761825293575e-08 0.02274659549210425 0.011378966929032003 0.011367606338131695 0.6206105068303205 2.3890797971200297e-05 0.01138546983949374 0.011361125652610516 0.015772666308303707 0.01577266630829925
536.72 30.252749179744836 -4.457858420016407 71.94159104622085 -391505.4594528939 2.3839587382971675e-05 27.89442191657621 25.531075923501877 27.25411074126574 47.252392283717306 110.33183248248864 400.0 -0.001786314979210216 0.6416325800983738 0.6403111753104723 5.466748362448942e-05 0.26625257058902174 2.4369986363007346e-08 0.02346644965909221 0.011739260248003152 0.011727167168609668 0.6403130382512795 2.3839587382971675e-05 0.011746218387005543 0.011720231272086667 0.016271957317587033 0.016271957317575175
552.95 30.287773105773255 -4.470034300910896 72.79083744032219 -391043.0505485537 2.3724510246138915e-05 27.972809520212927 25.554499763839193 27.31245095729331 47.333737588889846 109.95576430812567 400.0 -0.001897754485638428 0.661650936867143 0.6603585629196126 5.829160428305729e-05 0.26896272669046617 2.4372791231032222e-08 0.024198371401702883 0.012105592999661125 0.012092756141812634 0.6603605232651791 2.368873743317645e-05 0.012113019306095155 0.01208535209560773 0.01677961518506996 0.01677961518504965
569.42 30.32317126108321 -4.482528598133385 73.630498446522 -390571.5821028791 2.3624567960593642e-05 28.054440819626443 25.578020081362908 27.37368698659759 47.41283613692007 109.57443472328158 400.0 -0.002014391996832693 0.682002557155366 0.6807538330288562 6.199756552683837e-05 0.2707280177915482 2.437604360659306e-08 0.024942413228829553 0.01247798953488931 0.012464401415756589 0.6807558802029062 2.3616334543353573e-05 0.01248589543602367 0.012456517792805882 0.017295674656722004 0.017295674656691296
586.14 30.359065290077744 -4.49536119704544 74.46163085271299 -390091.47778828087 2.349549204502649e-05 28.133126131590867 25.60167862592236 27.43161161591182 47.54629372519784 109.1864669385934 400.0 -0.002136473374909894 0.7027036963293268 0.701514515679049 6.57713352734859e-05 0.27148028534249063 2.4379752388122376e-08 0.025699162130312824 0.012856741332249674 0.012842398501658891 0.701516636578517 2.3520079598657704e-05 0.012865136544039653 0.012834025586273173 0.017820540991208215 0.01782054099116647
603.09 30.395260942875623 -4.508509531714495 75.28315933700594 -389602.5189691038 2.336263499268419e-05 28.211023646350885 25.62546564133803 27.488407542510814 47.679228816091246 108.79389380886636 400.0 -0.0022640128564945313 0.7237286013674878 0.7226161038400692 6.959574209336431e-05 0.27115947767817966 2.438392059184775e-08 0.026467668907639894 0.013241371175698112 0.013226275417150005 0.7226182827999587 2.3356643318128303e-05 0.013250263220593167 0.013217405687046727 0.01835355392816075 0.018353553928106846
620.29 30.431809505536073 -4.521993163595241 76.0963637753443 -389104.198747648 2.322168715503544e-05 28.28774633681229 25.649430335273664 27.54365954223797 47.82151201007639 108.39610135284035 400.0 -0.0023973330638200805 0.7451041413593252 0.7440867945743176 7.345759765236791e-05 0.26970430269618634 2.438855591306343e-08 0.027248908097712923 0.013632364217485224 0.013616521546856119 0.7440890135411529 2.321922352071544e-05 0.013641758981090862 0.013607149116622069 0.01889538724611573 0.018895387246047265
637.72 30.468661794792222 -4.535801136112724 76.90055822611508 -388597.2550561514 2.3066082127282496e-05 28.362344891256193 25.673563834654754 27.59644026851652 47.98781129017554 107.99356584068977 400.0 -0.0025364532667870154 0.7668072522861287 0.7659046227396689 7.7333350157621e-05 0.2670590291688946 2.4393653322507644e-08 0.028042029134988024 0.014029291993302854 0.014012714789567228 0.7659068613182373 2.3069582871139052e-05 0.014039192366939372 0.01400283676804865 0.019445448764975195 0.0194454487648909
655.4 30.50584051708977 -4.549948155686124 77.69688214416313 -388080.72237287264 2.2906045299953595e-05 28.4359881970992 25.697910946555307 27.647890868349457 48.15735460056584 107.58598055282651 400.0 -0.002681709551927233 0.7888643664200887 0.7880973287497421 8.12069662260412e-05 0.2631665524233296 2.4399216698896267e-08 0.028847990351647982 0.014432631152255971 0.01441533682835044 0.7880995645132509 2.2913586632576892e-05 0.01444303800199291 0.014404952349655078 0.020004400725302532 0.020004400725201127
673.32 30.543296291506564 -4.564431104215757 78.4850532335739 -387555.09498588566 2.273436250128211e-05 28.50765377896627 25.72247327251526 27.696998906143502 48.34559994891617 107.17382862020219 400.0 -0.0028332019716411734 0.811264368080589 0.8106548728227639 8.505423556126273e-05 0.2579771771490546 2.4405239008512207e-08 0.029666377940768252 0.014842171445721794 0.014824184104929956 0.8106570816027955 2.272739239874604e-05 0.014853082534902197 0.014813295405866057 0.020571953595054912 0.02057195359493459
691.49 30.58100341388265 -4.579261290400041 79.26562478458945 -387020.15958621196 2.2548109966120084e-05 28.576848967120064 25.747278136551202 27.743257105755482 48.558944084819174 106.75733809535818 400.0 -0.0029911986336846946 0.8340206593818973 0.8335918613645837 8.88539812936367e-05 0.25143919924086766 2.4411717845485434e-08 0.03049767394285069 0.015258150759529496 0.015239500773992519 0.8335940176585499 2.2555504010758384e-05 0.015269561129883811 0.01522811281296688 0.02114843898771582 0.021148438987576276
709.89 30.618949952465478 -4.594421817194046 80.03804902872685 -386476.1043063386 2.2349644262788154e-05 28.642754179858112 25.772312959045752 27.785867549531016 48.77897443131454 106.33658787328804 400.0 -0.0031557147187654226 0.8571107892793693 0.8568866303270962 9.257544940400662e-05 0.2435146508208645 2.4418635997862216e-08 0.031341051176495396 0.015680151561241907 0.0156608771865825 0.8568887079181566 2.2349644262788154e-05 0.015692052295139376 0.01564899888135602 0.021733280490336033 0.021733280490177607
728.54 30.65706172944085 -4.609934795580756 80.803101825709 -385922.7979990515 2.214921551841545e-05 28.709355430308054 25.797614452190928 27.828790749224034 49.02963938347478 105.91235116423726 400.0 -0.003327108476999435 0.8805590004090323 0.8805646810840212 9.619764029583128e-05 0.2341531671342748 2.4425992463654927e-08 0.0321973876357264 0.016108609553324417 0.016088755634297413 0.8805666535349844 2.2142736412663385e-05 0.016120988987417793 0.016076398648308603 0.022327084033699377 0.022327084033792584
747.43 30.69540520183514 -4.625790497303257 81.5607986602802 -385359.9447071915 2.194883245387892e-05 28.775617741530553 25.82318338948406 27.87099959737568 49.28560535213207 105.48383979212444 400.0 -0.003505492067818335 0.9043567251955661 0.9046181441548784 9.968737251986952e-05 0.2233196089739028 2.4433767876262526e-08 0.03306636408760625 0.01654336094270149 0.016522980677242602 0.9046199856909644 2.194883245387892e-05 0.016556203137229 0.016510160950377252 0.02292962526392209 0.02292962526397164
766.56 30.733864368592066 -4.641993628814191 82.31105759087865 -384787.9326681973 2.1714685987021215e-05 28.83332604380181 25.84902736488967 27.904279138395886 49.56538044864654 105.05230293732346 400.0 -0.003691049873162346 0.9285029414930903 0.9290469054059228 0.00010301634432848512 0.2109772347768244 2.4441950303027167e-08 0.033947936188122994 0.016984379549903807 0.01696353415093575 0.9290485917310778 2.1687506880446918e-05 0.016997664831623703 0.016950271356499295 0.023540870306711318 0.023540870306732842
785.93 30.77242830747392 -4.658545709306821 83.05405455932485 -384206.65685885947 2.1481398135591386e-05 28.891359185489417 25.875156195537034 27.937506000508815 49.86506968634903 104.61782438627107 400.0 -0.0038839785246820697 0.9529991222899478 0.9538531849806067 0.00010615234123599932 0.19709180471382737 2.4450523471538234e-08 0.03484215155187138 0.017431684903074687 0.01741044414183508 0.9538546942771013 2.1495708483536852e-05 0.01744538938048159 0.01739676217138979 0.024160848998938996 0.02416084899892066
805.54 30.811181798539344 -4.675446869482869 83.79020041627888 -383615.6859681396 2.124869450731735e-05 28.94875383360653 25.901581855715023 27.969712253664017 50.16993997831319 104.17940475187063 400.0 -0.004084488494760362 0.9778493065115794 0.9790415799425143 0.00010905958276533457 0.18163332838055182 2.4459466418365237e-08 0.0357491525273299 0.017885343667981776 0.017863786332609415 0.9790428940259834 2.124869450731735e-05 0.017899438791189576 0.01784971373614033 0.024789656873539536 0.02478965687351085
825.39 30.8499618846866 -4.692701703361394 84.51927164868187 -383015.5207628083 2.0999517411445703e-05 29.001691885871985 25.928308156161492 27.99708161955489 50.49994587103911 103.73877401499678 400.0 -0.004292765860259984 1.003050915509486 1.004610266317097 0.00011170589524089593 0.16457011074955358 2.4468765057514804e-08 0.03666883850838317 0.01834530101589297 0.01832351494595992 1.0046113718165426 2.1058957992638723e-05 0.018359753921838744 0.018309084586544434 0.02542722076816969 0.02542722076813739
845.49 30.888964287102354 -4.710318000408705 85.2422533688946 -382405.12385938154 2.0754095037492085e-05 29.05445992504125 25.955362061101138 28.02388086346054 50.83027445923702 103.29381641098514 400.0 -0.004509147693016171 1.0286232882031041 1.0305790615807122 0.00011405167050111827 0.1458694850551937 2.4478397468934877e-08 0.03760191168322959 0.018811903177546403 0.018789985939248237 1.0305799513346512 2.0742049406229554e-05 0.018826675856396184 0.018775235826833412 0.026074024307653997 0.026074024307619244
865.83 30.927699774974034 -4.728295224079801 85.95776098159078 -381786.3268660587 2.048469921428105e-05 29.101747206833416 25.98272298642957 28.044822690834472 51.213670410331694 102.85001169012256 400.0 -0.004733681348630752 1.0545421201138723 1.0569245159989449 0.00011606592726959311 0.12550145250777084 2.4488355009940036e-08 0.038547476462687566 0.019284697491695268 0.019262756384790584 1.0569251905617727 2.0449613849120755e-05 0.01929974758898603 0.019247728873701544 0.02672944268093228 0.026729442680894867
886.41 30.966635621342817 -4.746628611683093 86.6671489229603 -381157.4105717365 2.022005495946694e-05 29.1485431417393 26.01041239621349 28.064881926278314 51.592228557106054 102.40198674263863 400.0 -0.004966638073876898 1.0808222768775477 1.0836612154609853 0.00011769917545442775 0.10345508366690513 2.4498598209664184e-08 0.03950607536228884 0.019763949885329805 0.019742102870891266 1.083661685059453 2.0207980352234232e-05 0.019779228693158613 0.019726846669130216 0.027393849173129294 0.027393849173090703
907.23 31.005439734174 -4.7653238871892825 87.36973983221324 -380519.4088468485 1.9944117202762944e-05 29.19186558005572 26.038426206228618 28.081083780537163 52.00033491645114 101.95353018616021 400.0 -0.0052081890946959674 1.1074556704208454 1.1107817995185563 0.00011891570354189985 0.07969700523897336 2.4509117289563086e-08 0.04047740645328511 0.020249504148999974 0.020227879678422805 1.1107820855802284 2.0004776336340296e-05 0.020264958019901705 0.0202124484333834 0.028067030597770864 0.028067030597731354
928.29 31.044483556523645 -4.784379128183275 88.0485438429719 -379887.826406767 1.9675363409674915e-05 29.23514123012404 26.066756364792 28.09684258022487 52.39995106977959 101.58872244350378 400.0 -0.0054586060822507405 1.1344550821694939 1.1382986498991734 0.00011966553686912611 0.05422114633267017 2.4519873651039178e-08 0.04146193682872552 0.020741588311251332 0.02072032587170065 1.1382987873245989 1.9678002784689072e-05 0.02075715709508121 0.02070477973364432 0.028749308008907664 0.028749308008867033
949.6 31.083065554194018 -4.803811619318424 88.6816449220756 -379285.26951385016 1.93838487517631e-05 29.272497106109636 26.095373556922148 28.106291661609077 52.856221851035365 101.41730089522346 400.0 -0.00571812550180152 1.1618126512602367 1.1662054445005596 0.00011991548912611829 0.02696195257779916 2.4530879896888034e-08 0.042459368566512876 0.021240047532823558 0.021219298368246875 1.1662054834567819 1.9327391656779643e-05 0.0212556662498183 0.021203702316694578 0.029440469959417 0.029440469959375576
971.15 31.12181822430876 -4.823608328937581 89.30891030814126 -378675.1033885894 1.9098855298546823e-05 29.309622453347483 26.12434780773291 28.115112774550152 53.307402341232084 101.24483748263037 400.0 -0.00598695179366707 1.1895371570919222 1.1945096787973357 0.0001196075448133462 -0.0020586148868407513 2.4542079231232204e-08 0.04347002721245625 0.02174503884376119 0.021724965683504807 1.1945096876419432 1.9113474584489652e-05 0.0217606350332522 0.021709392179204038 0.030140740114121184 0.030140740114078808
992.93 31.16028620817338 -4.843764993517624 89.92973474438132 -378058.3425910391 1.8804458592795335e-05 29.343223355799985 26.153655997991457 28.12003703303889 53.78939106623736 101.07335674643579 400.0 -0.006265112148145943 1.2176031348054666 1.223186322761094 0.000118700378480689 -0.03286730827676161 2.4553462429337674e-08 0.044492977081683455 0.022256088420966085 0.02223686595593372 1.2231863902086226 1.8755254809549883e-05 0.022271583794012225 0.022221393287671223 0.030849465710208572 0.030849465710164746
1014.97 31.198770020369587 -4.86430942925935 90.54536856910944 -377433.6780799471 1.8510665780590998e-05 29.3754372001232 26.183350077752824 28.123153532677048 54.280840885500375 100.90152079148007 400.0 -0.006553263922534989 1.2460585855473671 1.2522836674461528 0.00011713854623992039 -0.0655123406691694 2.456501020395832e-08 0.045529969608697464 0.022774065170631113 0.02275588171369177 1.2522839056286765 1.8584190045407414e-05 0.02278937408591564 0.022740595522781824 0.03156785755088971 0.031567857550845416
1037.24 31.23721277299744 -4.885215677110011 91.15509571388698 -376801.945605518 1.8205495159965374e-05 29.401841217588206 26.21339307322694 28.120077953083175 54.780932791433514 100.72958196560008 400.0 -0.006851252583005944 1.274866125571834 1.2817632645050319 0.00011487226018768874 -0.09996704619815147 2.457668320454601e-08 0.04657964152496737 0.02329828169217377 0.023281337088860835 1.2817638115586518 1.8205495159965374e-05 0.02331331170172401 0.023266329823243368 0.03229496798377482 0.03229496798372828
1059.75 31.27517040444203 -4.906496870465247 91.75883470457204 -376163.55501440977 1.7913616301075857e-05 29.43285922813407 26.243786066896998 28.121234995642375 55.32245263101174 100.55952934799848 400.0 -0.007159354018743749 1.3040238740664858 1.3116242324916925 0.00011185189411193577 -0.13629539255326822 2.4588486728437936e-08 0.04764191645433685 0.023828692458719027 0.023813201232386463 1.3116252563271071 1.7841842172601022e-05 0.023843344138695606 0.02379857231564125 0.03303073918130534 0.03303073918125627
1082.51 31.312984768681034 -4.928162407632215 92.35731982796773 -375517.6643547197 1.7608661000634536e-05 29.45768910405866 26.274556052439284 28.115798108300933 55.87947683171636 100.38983743257705 400.0 -0.007478004875355673 1.3335568970246834 1.3418909957577305 0.00010801619953235828 -0.17451107980824024 2.460038726403351e-08 0.04871771244370156 0.02436574945765964 0.024351940203598692 1.341892697436048 1.746871689207586e-05 0.024379915205609927 0.02433779723809165 0.033775804999581986 0.03377580499952999
1105.5 31.35043385512879 -4.950195385596913 92.94994499010032 -374865.0816516538 1.7299455655088478e-05 29.479762070779252 26.305671916431546 28.10723086788994 56.462313389756 100.22150603825112 400.0 -0.0078071246208887375 1.3634334323151875 1.3725312028893113 0.0001033122551583998 -0.21461271211347777 2.4612361990972057e-08 0.04980586938430711 0.024908865984087758 0.02489698059876466 1.3725338197912675 1.7367127639555648e-05 0.024922430839663008 0.024883438544644098 0.034529358016107854 0.034529358016051594
1128.74 31.388369212238544 -4.972614405973047 93.53822244008195 -374204.0192679879 1.7007382323071292e-05 29.504140095172623 26.33719198443313 28.100539792424517 57.017729370483174 100.05070603515125 400.0 -0.008147418918716669 1.3937106656407694 1.4036003027481077 9.767298958567195e-05 -0.25658435581944733 2.4624354900103876e-08 0.05090848632245297 0.025459084773819585 0.025449378727936678 1.4036041120305276 1.7086518924903965e-05 0.025471924951132825 0.025436561371320145 0.035292853023267734 0.03529285302320606
1152.22 31.425532337189782 -4.995415114553396 94.12067489212507 -373536.56238074787 1.6701201014470126e-05 29.5235284706156 26.369060868242826 28.08848582600789 57.626096296176165 99.88310281476987 400.0 -0.00849872230461005 1.4243308083883557 1.435042644607711 9.104487937847323e-05 -0.3005282615207877 2.4636406764915955e-08 0.052023436136246895 0.02601533304355428 0.026008080253162633 1.4350479702808998 1.6722241754608974e-05 0.026027316868570766 0.025996119267676133 0.03606480776951143 0.03606480776944229
1175.94 31.462773019793637 -5.01859687049722 94.69832530377263 -372861.4371685985 1.640297730114649e-05 29.54310377039382 26.4013107870497 28.07621555876317 58.231318718078136 99.71487165788227 400.0 -0.008861470991204686 1.455326470071667 1.4668882116306512 8.336205221920977e-05 -0.3463888179407869 2.464845018574501e-08 0.05315192449629925 0.02657820740472172 0.026573694233193054 1.4668954250515767 1.634892192529605e-05 0.026589194460936202 0.02656273003536304 0.036846058911338304 0.036846058911261324
1199.91 31.49922456018008 -5.042172537137276 95.2705708188346 -372179.5812208053 1.6093226905488532e-05 29.55817893669038 26.433924414972896 28.059060077600073 58.88683199016276 99.54993262998273 400.0 -0.009235860795156954 1.48667741094783 1.4991188590903066 7.455496985030427e-05 -0.39428455682955876 2.4660520627861416e-08 0.05429319750130546 0.027147320202236425 0.02714585442224826 1.4991283899092371 1.612286912422493e-05 0.02715716023532371 0.02713603726598174 0.03763607623315423 0.03763607623314522
1224.11 31.53601710467606 -5.066122530164421 95.83828588620615 -371489.9107473651 1.570154529715801e-05 29.537201572218034 26.46691927264288 28.00545135424792 59.521355904250534 99.38317737190494 400.0 -0.009622117190154853 1.5184037251051479 1.531750217970115 6.456616405608394e-05 -0.444082148554835 2.467252204568401e-08 0.055448014311595545 0.027723046881310186 0.027724944534875694 1.5317625486152264 1.570154529715801e-05 0.027731581963524946 0.027716432348070592 0.03843539036532792 0.038435390365309116
1248.56 31.571553982153826 -5.090469371657321 96.40029109067576 -370794.0805268702 1.548485057310004e-05 29.5857730493796 26.500261834479588 28.021024558138986 60.23019977247569 99.22184856355894 400.0 -0.010020392319715654 1.5504669610035167 1.5647484912406127 5.330991770103264e-05 -0.4960004702165401 2.468454242374456e-08 0.05661494023194538 0.028304655639574426 0.028310261679026765 1.5647641793903828 1.5378350294166677e-05 0.028311715701706933 0.028303224530238445 0.03924299397205326 0.03924299397202417
1273.25 31.60788440598235 -5.115203837818285 96.95867027684778 -370089.51422339946 1.5194725296156776e-05 29.600610112354296 26.53401921415783 28.00243179721926 60.89303372987398 99.05665018286467 400.0 -0.010431335057713913 1.582938689124265 1.5981783151350373 4.0732608436711294e-05 -0.5498259721564782 2.469643670066254e-08 0.057796631871475636 0.02889347286722005 0.0289031360725978 1.5981979764384222 1.5424983539440724e-05 0.02889888073029426 0.028897751141181375 0.0400607390596638 0.04006073905963015
1298.18 31.643786435614565 -5.140328049587765 97.51220427748228 -369377.8657212854 1.4903769523960166e-05 29.613588737440836 26.56814540786179 27.981595190512646 61.58025742221177 98.89313111125557 400.0 -0.010854882505302635 1.615769951984383 1.63199354692819 2.6753257557867177e-05 -0.6056978745309766 2.4708262075887666e-08 0.05899128152002785 0.02948858212885975 0.02950267644143497 1.6320178802744174 1.5041157958908258e-05 0.02949214914908861 0.029499132370939235 0.04088736305166911 0.04088736305163759
1323.35 31.679268898399496 -5.165843312088725 98.06099521260707 -368659.08963215793 1.4613142116466656e-05 29.625006010720313 26.602641377831784 27.958811850536613 62.28971716499633 98.73125919641679 400.0 -0.011291295290110703 1.6489613594475383 1.6661941601837011 1.129539032870911e-05 -0.6636318713865543 2.472000423696576e-08 0.06019891446979384 0.03008998674920252 0.030108904753016932 1.6662239478747967 1.4471429682884233e-05 0.03009151367968065 0.030107400790113197 0.041722881244516494 0.0417228812444877
1348.77 31.71372114948481 -5.191760371320868 98.60467114843848 -367933.7014094691 1.4313098593994099e-05 29.632253434322433 26.6374954869377 27.931485553917987 63.05447117715024 98.57383405317049 400.0 -0.011740815902615534 1.6824987740088615 1.7007678804044437 -5.7383960812810875e-06 -0.723738291768416 2.4731695050826078e-08 0.06141900201559696 0.030697409059651546 0.030721569971070478 1.7008040041746977 1.4361739168403326e-05 0.030696683274353 0.030722318741243954 0.0425669193553814 0.042566919355355004
1374.42 31.749069295079902 -5.218062913653682 99.14500075844866 -367199.66130450345 1.4036105098136857e-05 29.64407385569238 26.672761932204565 27.908306789757194 63.769226053705346 98.41205727103244 400.0 -0.012203971270265249 1.7164422895267548 1.7357670659351823 -2.437868782797519e-05 -0.7857635524756046 2.4743190751189276e-08 0.06265378803889497 0.031311971566736055 0.0313417934695578 1.735810479518802 1.4267749934884187e-05 0.03130877578442113 0.03134501225447385 0.04342104762654082 0.04342104762651856
1400.32 31.783183799124647 -5.24476970046976 99.68016099247811 -366459.22340175085 1.3747696845151375e-05 29.651200699110248 26.708378928349667 27.88007044945628 64.54847166671647 98.25567470566172 400.0 -0.012680703913563064 1.7507230238863625 1.7711302496539678 -4.4764562273927166e-05 -0.8500143448110835 2.4754628571476453e-08 0.06390070932033452 0.03193237110270432 0.03196831519794583 1.771182040274857 1.3466387898343598e-05 0.031926469169175506 0.03197424015115902 0.04428346873568724 0.044283468735667235
1426.46 31.816483343569722 -5.271871803835552 100.21048814171131 -365712.0489725112 1.3456420943704264e-05 29.655875306036993 26.74435034355328 27.849014937723886 65.36664636202362 98.10278875976248 400.0 -0.013171225317535864 1.7853460222058346 1.806860368313106 -6.696984970601165e-05 -0.9164320472000285 2.4765970507553728e-08 0.06515996368525062 0.03255869883532507 0.03260124181358995 1.8069217303614817 1.3393176011105915e-05 0.032549844318458726 0.03261011936679191 0.04515432158407583 0.045154321584058174
1452.84 31.850312516696416 -5.299374294740517 100.73751775938352 -364956.3935546868 1.3181332629501369e-05 29.66352321308263 26.780735380072326 27.820508025237956 66.15598545732507 97.94722954866948 400.0 -0.013676282179299917 1.8203740862068623 1.843015187844676 -9.104383704077837e-05 -0.9848685923349509 2.4777123852847997e-08 0.06643387962612568 0.03319211541295042 0.0332417411599486 1.8430874168411924 1.330328365756825e-05 0.03318005438130954 0.03325382524481611 0.04603523129172562 0.04603523129171135
1479.46 31.883571150796847 -5.3272757528857255 101.26013790891653 -364193.6466812767 1.2886460005065418e-05 29.660779643924293 26.817487126198422 27.781231879247485 66.97160132356646 97.79405400549676 400.0 -0.014195768690715534 1.855756599755252 1.8795477646768086 -0.00011710470548053424 -1.055462332490651 2.4788157881296244e-08 0.06772058577976882 0.03383166894220734 0.03388889376775423 1.8796323001830497 1.2886460005065418e-05 0.033816131418501885 0.03390445436126692 0.046924889188620214 0.04692488918861017
1506.33 31.916337330547087 -5.355588120490324 101.77868713999237 -363423.4087038509 1.2634643270170068e-05 29.67525178927996 26.85462277289178 27.758777227273118 67.80994879442223 97.6429128319422 400.0 -0.014730181674545883 1.8915097910435374 1.9164745620068422 -0.00014525379758726365 -1.1282404700404536 2.4799072589840124e-08 0.06902067656665621 0.03447764436982497 0.03454300911071456 1.916572986094742 1.2585296019152594e-05 0.03445834629099978 0.03456233027565642 0.0478237055403357 0.04782370554033058
1533.43 31.948531963646797 -5.3842913334966624 102.29279382381195 -362646.29871001525 1.2364270785297646e-05 29.67970133113357 26.892112744618558 27.72593572189167 68.67258373730935 97.49418098475385 400.0 -0.015279376217971118 1.9276041421889345 1.953765609241897 -0.000175566870660097 -1.2031606895341962 2.480986640535469e-08 0.07033307863602316 0.035129496465277014 0.03520355906863021 1.9538796416069584 1.2203986575825766e-05 0.035106143141862826 0.03522693549416035 0.04873093609260764 0.04873093609260658
