#Found quasiharmonic mode : None
#T(K), volume, F(eV), S(J/K), H(J/K), a(-6/K), Cp(J/mol), Cv, Cpion, Bt(GPa), T_ph-D(K), T-D(K), F_el_atom, S_el_atom, C_el_atom, M_el, Seebeck_coefficients(μV/K), Lorenz_number(WΩK^{−2}), Q_el, Q_p, Q_e, C_mu, W_p, W_e, Y_p, Y_e
0.0 20.782382940613125 -1.8679883729628628 0.0 -180233.47856162026 0.0 0.0 0.0 0.0 12.415014570221649 400.0 400.0 0.0 0.0 0.0 0.0 0.0 2.443004551768e-08 0.0 0.0 0.0 0.0 0.0 0.0 0.0 0.0 0.0
0.22 20.782382941555117 -1.867988373252067 0.0002539601089164338 -180233.47853365302 1.4079698998108411e-10 0.00025578650417348566 0.0002557865041673868 2.7395915702819177e-06 12.415014567430765 196.21959722620537 400.0 -2.884907850776043e-10 0.00025304691172837275 0.0002530469126032037 -3.595257068645736e-10 -0.003268309910351784 2.443004518217854e-08 9.250993281453164e-06 4.599748712008661e-06 4.6261450905053826e-06 0.0002530469127139866 1.3686375690097813e-10 4.625422717611884e-06 4.625570563841283e-06 6.412322616627813e-06 6.412322604898177e-06
0.55 20.78238294729249 -1.8679883747934536 0.0006468860457629281 -180233.4783824581 4.4474546012683867e-10 0.0006754236903895049 0.0006754236902373724 4.280611843668135e-05 12.4150145481751 196.21959708228886 400.0 -1.8030693428190307e-09 0.0006326173396680785 0.0006326175719528236 -2.2492583732932187e-09 -0.008193375478394913 2.4430055217125744e-08 2.312748432193008e-05 1.1537835870907129e-05 1.156454875100859e-05 0.0006326175736931756 4.446784388857092e-10 1.1563279655081447e-05 1.1564204666848634e-05 1.6030759425730235e-05 1.603075941677908e-05
1.01 20.782382970708746 -1.8679883793557153 0.0012500770806155364 -180233.47791585888 1.2977470614457855e-09 0.0014268008025310206 0.0014268008001523326 0.0002650830188820788 12.415014452461307 196.2195964949145 400.0 -6.080368586552868e-09 0.0011617160751144062 0.0011617177836489418 -7.612798101224054e-09 -0.015137377059239924 2.443008629123846e-08 4.247048587405458e-05 2.120888714973466e-05 2.123649899471654e-05 0.0011617177945548126 1.2957110361467929e-09 2.1233676750987513e-05 2.1236809123067065e-05 2.9438299585119612e-05 2.9438299576532826e-05
1.59 20.782383054636554 -1.8679883899503622 0.0021735766789347 -180233.47674467787 3.6343164784656506e-09 0.002863006308592441 0.0028630062792241564 0.0010341590479621308 12.41501405237323 196.22288253970325 400.0 -1.506890349731441e-08 0.0018288419376916484 0.0018288472606303103 -1.8945376358522768e-08 -0.023945181359201193 2.443012709123487e-08 6.685952743771287e-05 3.340245758456955e-05 3.3431970116175115e-05 0.0018288473035831228 3.6316361215243687e-09 3.3425864864959494e-05 3.3433662572753346e-05 4.634348411447701e-05 4.634348410733365e-05
2.29 20.78238332446568 -1.867988412473288 0.003663142333083493 -180233.4739852008 9.361154049330009e-09 0.005714565713206436 0.005714565432578956 0.003080557686138881 12.415012651519941 196.41471288502711 400.0 -3.12578216499749e-08 0.0026339960304353678 0.002634008027067555 -3.9433999493375526e-08 -0.0345955074039221 2.4430173728069006e-08 9.629464393196258e-05 4.811829806378348e-05 4.8151246128778844e-05 0.0026340081561852095 9.358202457431633e-09 4.813920613257091e-05 4.815543779939168e-05 6.6746332282771e-05 6.674633227756216e-05
3.11 20.782384090769973 -1.8679884586187194 0.006137939866146279 -180233.46773716106 2.1796969183914692e-08 0.011142438667854323 0.011142436601577954 0.007565236136935863 12.415008485955296 197.71270045835294 400.0 -5.765128255608174e-08 0.003577179632574266 0.00357720253091846 -7.292031543532678e-08 -0.047079108841658036 2.4430226136459787e-08 0.00013077587520266167 6.535610746464543e-05 6.539466799785696e-05 0.0035772028556307132 2.1798842869421452e-08 6.537293080404507e-05 6.540294439861658e-05 9.064686770684674e-05 9.064686770196239e-05
4.05 20.782386016956888 -1.867988550469093 0.010187771119632582 -180233.4544278948 4.5837374335210525e-08 0.020504200633738177 0.02050418873420432 0.015845766889897875 12.414997662254628 201.23291303036922 400.0 -9.776846388865548e-08 0.004658394256647761 0.004658433743840304 -1.2390166120487502e-07 -0.061391936009404735 2.443028504125204e-08 0.00017030326792166027 8.511553322365696e-05 8.516263495798319e-05 0.004658434462859483 4.5843706548261334e-08 8.512613769813871e-05 8.517713022352158e-05 0.00011804511847771389 0.00011804511847304566
5.11 20.782390332390577 -1.867988726023932 0.01650171226655511 -180233.4283030851 8.741424165694186e-08 0.035069963384195386 0.03506990878076058 0.029192257976846214 12.414972580437318 207.11596603762385 400.0 -1.556435735686795e-07 0.0058776417376164404 0.005877705407349171 -1.9753071284703312e-07 -0.07753025626490442 2.4430351888147368e-08 0.0002148768781218004 0.00010739617265550068 0.00010745560572725596 0.005877706854158146 8.742041470175371e-08 0.00010739779555979651 0.0001074790825620039 0.0001489411185914953 0.00014894111858680843
6.29 20.782399040138678 -1.8679890446202236 0.025809950960938542 -180233.38102211224 1.5264009687881296e-07 0.05609646927667634 0.05609626433941349 0.048861447015148794 12.41492009787314 214.72244736886032 400.0 -2.3582586713836472e-07 0.007234924370683733 0.007235022261527538 -2.99612767942079e-07 -0.09548895072646651 2.4430428421876692e-08 0.00026449677530688474 0.00013219757536083972 0.0001322741002090921 0.00723502496293141 1.5264483559193824e-07 0.00013218674578799875 0.00013231002951888594 0.000183334910518616 0.00018333491051391435
7.6 20.782415244065792 -1.8679895970933584 0.03900331106569569 -180233.3002470936 2.481202554861605e-07 0.08534427006168513 0.08534361577535701 0.07660237712693707 12.414818764464618 223.3310205651359 400.0 -3.4428509337308313e-07 0.008741747562479486 0.008741892934748067 -4.3775562259991e-07 -0.1154145976385563 2.443051641544783e-08 0.0003195835589266969 0.00015972940535813847 0.00015982905383537236 0.008741897702891402 2.481230021190658e-07 0.00015970172428033478 0.00015988183464636207 0.00022151802360503186 0.00022151802360026449
9.02 20.782442754283974 -1.867990492612888 0.05675493637459869 -180233.1711472308 3.7773765886500897e-07 0.12431958800785076 0.12431778826167032 0.11394426954875153 12.414640549905059 232.19860922050836 400.0 -4.849591244715722e-07 0.010375110028579512 0.010375318459099229 -6.169701099950233e-07 -0.1369990778135186 2.4430614783184684e-08 0.00037929632314227384 0.000189570791662443 0.00018970043175279403 0.010375326432321395 3.777408363149316e-07 0.00018952124866947504 0.00018977507447279885 0.0002629075803440642 0.0002629075803393117
10.57 20.78248725942892 -1.8679918991832043 0.08032922659697288 -180232.9697102359 5.481732212051521e-07 0.17599902648948462 0.17599458503432924 0.1638407130033816 12.414342625736506 241.07548478526354 400.0 -6.65952484349846e-07 0.012158021484719483 0.012158313486103012 -8.47566497792389e-07 -0.16054491389164602 2.44307264381136e-08 0.00044447623875954145 0.00022214145827096428 0.00022230968077116848 0.01215832631633244 5.48174527378286e-07 0.00022206378504139674 0.00022241245371814474 0.00030808662425593536 0.0003080866242514437
12.23 20.782554773017818 -1.8679939964109442 0.1105958382583305 -180232.66855477414 7.615664485081774e-07 0.242560143485649 0.2425502250805767 0.22849225673157153 12.413876868363154 249.66381280801798 400.0 -8.915538887725992e-07 0.014067482722210839 0.014067886754077472 -1.1349875328052859e-06 -0.18574809717312912 2.4430859287458607e-08 0.0005142824617405724 0.00025702052890219955 0.00025723683313520513 0.014067906624813848 7.615675105668612e-07 0.00025690779291371967 0.00025737466882685267 0.00035647231920569176 0.0003564723192009858
14.02 20.782654127198693 -1.8679970588931196 0.1492693288538981 -180232.2238704953 1.0243254121964919e-06 0.3280241320832925 0.3280035636545733 0.31189705424311986 12.413172375933337 258.0044885211934 400.0 -1.171635177567132e-06 0.016126508443907502 0.016127077840172633 -1.4917820008991428e-06 -0.21291073831576665 2.4431042708570538e-08 0.0005895562829968622 0.0002946276001407066 0.0002949035831735416 0.016127107766518427 1.024323989900611e-06 0.0002944713377282785 0.0002950849452685836 0.000408647786014071 0.0004086477860094903
15.93 20.782794497792743 -1.8680013851660071 0.19770700264712407 -180231.5845758101 1.3387680796143163e-06 0.43553597581098813 0.4354960576136472 0.41721152819412066 12.412152195084593 266.04881131639087 400.0 -1.512620423952032e-06 0.01832361092938505 0.018324447616867492 -1.9260931049901286e-06 -0.24187559269283754 2.443132735117828e-08 0.0006698775479270178 0.0003347519143325012 0.00033510053394050646 0.018324491498546164 1.3387645403461632e-06 0.00033454266804920017 0.00033533487987781754 0.00046432177298903385 0.0004643217729843385
17.95 20.782985898468713 -1.86800731991275 0.2572726253287925 -180230.68862074814 1.7064859872706327e-06 0.5680550289749994 0.5679819540072749 0.5474064388182271 12.410731262779667 273.80043686274234 400.0 -1.9205684352672705e-06 0.020647310653467595 0.020648590156772284 -2.445576951111707e-06 -0.2724820522427372 2.4431773704763755e-08 0.0007548262588254676 0.00037718283336743956 0.00037761832584256043 0.0206486529046324 1.7064813693719753e-06 0.00037691021134395204 0.0003779160474815153 0.0005232031172912431 0.0005232031172865382
20.1 20.78324295981659 -1.868015377449379 0.3303619647538352 -180229.44382297897 2.135009750762862e-06 0.7305241290237795 0.7303960635866955 0.7074014904131415 12.408789763715358 281.38881024606457 400.0 -2.408219581371143e-06 0.023120649694379585 0.023122638610638027 -3.0663650867609708e-06 -0.3050232547082958 2.4432433947164155e-08 0.0008452443005936031 0.0004223399526445904 0.0004228792483848188 0.023122726654543672 2.135003228706781e-06 0.0004219915945114912 0.0004232527060821117 0.0005858752824134969 0.0005858752824089317
22.37 20.783579501273756 -1.8680260786740073 0.4185998540749128 -180227.75253094718 2.627334333094169e-06 0.9257495666620865 0.9255337674929961 0.9000143649290102 12.40621613744419 288.8229151798501 400.0 -2.982907696198228e-06 0.025732170292559794 0.02573520173307635 -3.797667783915416e-06 -0.3393408342586018 2.4433312884223558e-08 0.0009407122800369927 0.0004700128082501789 0.0004706743722892228 0.025735323004560714 2.627327039707968e-06 0.00046957522939666786 0.000471137050640325 0.0006520474457466683 0.0006520474457419713
24.77 20.78401433969871 -1.8680401361466688 0.5243921888111346 -180225.4837550845 3.19190372457122e-06 1.1577935902178165 1.1574409997986208 1.1292957241748935 12.402867050388402 296.16376624302984 400.0 -3.6573351272555072e-06 0.028493430220303092 0.02849786604292281 -4.6554957534265835e-06 -0.37558423719547107 2.4434371083571984e-08 0.0010416522788807472 0.0005204111059284917 0.0005212160735401554 0.028498030536674164 3.191897430339308e-06 0.0005198688676841755 0.0005217834111965719 0.0007220119982974404 0.0007220119982928219
27.28 20.784563282317542 -1.868058194092547 0.648792040169325 -180222.516229651 3.831603886775884e-06 1.4273413781002264 1.4267819893976883 1.395953749927757 12.398632835904094 303.355685160536 400.0 -4.436163651678007e-06 0.03138147281771282 0.03138762817246954 -5.645612125426126e-06 -0.4134544858590638 2.4435516076998705e-08 0.001147224930850361 0.0005731146839698148 0.0005740851475757626 0.03138784770672541 3.831600599588001e-06 0.000572451643664217 0.0005747732871861442 0.0007951869574901793 0.0007951869574854576
29.91 20.78525039083709 -1.868081186855517 0.7941029302039431 -180218.68212223594 4.557875865472058e-06 1.7375346023359313 1.736667083425618 1.7031186359598196 12.393354688982967 310.40815122017 400.0 -5.332847055179695e-06 0.034407854194878046 0.034415966376111634 -6.7849500654925715e-06 -0.4531073137383543 2.4436653340331394e-08 0.0012578528370127116 0.0006283334298743392 0.0006294943079672552 0.03441625545779439 4.557877971817159e-06 0.0006275313777645206 0.0006303214592481909 0.000871865048123815 0.0008718650481270862
32.66 20.78610161758141 -1.8681101278353278 0.962148825868976 -180213.8023402744 5.381085585121117e-06 2.09027605802448 2.088956330478763 2.0526932382285974 12.386877545338834 317.27655219843246 400.0 -6.358690586767758e-06 0.037572621542248746 0.03758281979588269 -8.087694207110834e-06 -0.4945454517708871 2.4437693884093787e-08 0.0013735381741110891 0.0006860672473177192 0.0006874458277871189 0.03758319583728314 5.381094369128069e-06 0.0006851062415356788 0.0006884319325754102 0.0009520476126651143 0.0009520476126604842
35.54 20.787150815432874 -1.8681463071593143 1.1553745072861497 -180207.65488502904 6.315250378851865e-06 2.488587825317233 2.4866109794494586 2.4476881800214336 12.37900846253745 323.9249133735344 400.0 -7.529756643413482e-06 0.04088732920286702 0.04089964529579948 -9.574040981340671e-06 -0.5379173898036765 2.4438579279691632e-08 0.001494703940740162 0.0007465259468667975 0.000748152895069512 0.04090012943019338 6.31526559283031e-06 0.0007453835793469247 0.0007493203613932371 0.0010360277182379302 0.0010360277182331675
38.53 20.78842490027408 -1.8681907769842656 1.3740885323985876 -180200.06394969442 7.363543571270715e-06 2.930895636172639 2.9279839507188243 2.886552257618873 12.369630568634975 330.24566317786804 400.0 -8.85027268768931e-06 0.04432900360081131 0.04434337855376586 -1.1249121397628739e-05 -0.5829133897399179 2.4439278361655504e-08 0.0016205110400023515 0.0008092895485512888 0.000811196392892092 0.04434399492082574 7.363563773931199e-06 0.000807942782615528 0.0008125682573868232 0.001123223747244502 0.001123223747239507
41.65 20.789970899092385 -1.8682452947520325 1.6212869643483312 -180190.74114371205 8.540244162528311e-06 3.42076379784574 3.4165335212022243 3.3728267217899814 12.35850381855434 336.2255743416005 400.0 -1.0341967491223265e-05 0.04792071726879953 0.0479370760557589 -1.314019852311613e-05 -0.6298189227622162 2.4439806465611914e-08 0.0017518034239865472 0.0008747777471049473 0.0008770005786187703 0.04793785390973873 8.540265715408799e-06 0.0008732002159986998 0.0008786032079878476 0.0012142206782824758 0.0012142206782745437
44.89 20.79182731560642 -1.868311342726244 1.8976510366232744 -180179.4548514708 9.845620474858074e-06 3.9565486695317293 3.9504948459963174 3.9048793610313757 12.3454776967644 341.7994192260024 400.0 -1.2014036899543317e-05 0.05165102326734683 0.05166930850035389 -1.525852806734313e-05 -0.6784615156049942 2.444020062419173e-08 0.001888162967455802 0.0009427805365912128 0.000945357332956244 0.05167028141512484 9.845641016183676e-06 0.0009409444956162523 0.0009472184718395495 0.0013087288237619826 0.001308728823759774
48.25 20.794039780746534 -1.8683906959271086 2.2043664631967164 -180165.9361445958 1.127888609631068e-05 4.5370049512549295 4.528475162387496 4.481464716314329 12.330374291096863 346.9398028470894 400.0 -1.3880438897107987e-05 0.055520001607596986 0.055540234940601264 -1.7621265684917927e-05 -0.728814055524422 2.4440519970842555e-08 0.002029592568867502 0.0010132979322163356 0.001016269539164057 0.05554144173145678 1.1278900458828218e-05 0.0010111735374476948 0.001018419031419807 0.0014067503582587016 0.0014067503582540532
51.72 20.796648164548436 -1.8684849911618038 2.541373231464242 -180149.9551099506 1.2830029612176463e-05 5.157897415013667 5.1460815071899635 5.09835885553236 12.31307441959053 351.6227061924253 400.0 -1.5949487619319342e-05 0.059516236066143244 0.05953855948130788 -2.023825664985887e-05 -0.7806964389952825 2.4440832161422076e-08 0.002175674526729692 0.0010861202637092652 0.0010895291660285742 0.059540043890232555 1.28300409383209e-05 0.0010836764626456369 0.0010919980640840554 0.0015079959723054532 0.0015079959723008226
55.32 20.79971645165448 -1.8685968411047869 2.911261774881893 -180131.13581099178 1.4498215596671349e-05 5.819196782521135 5.803081749110911 5.755509166617755 12.293317692154863 355.8778495998189 400.0 -1.8248107617934497e-05 0.06366288488769768 0.06368761590337965 -2.3142675252976276e-05 -0.8343748996631071 2.4441208345082375e-08 0.0023272546751871934 0.0011616676844093657 0.001165561894367054 0.06368942961259914 1.4498217805193141e-05 0.0011588693667152748 0.0011683853084719182 0.0016130520685934938 0.0016130520685887577
59.04 20.80328661718327 -1.8687281985533293 3.3134062645090143 -180109.23737357068 1.626564568496569e-05 6.514419285283791 6.492807309826894 6.446443061707657 12.271005105653487 359.7049512505056 400.0 -2.0786089165240675e-05 0.06794858368851497 0.06797622357613453 -2.6345781363083254e-05 -0.8896662825810876 2.4441711677338514e-08 0.0024839165994466226 0.0012397310596828314 0.0012441604440274893 0.067978424468612 1.6265643715706567e-05 0.0012365417296111994 0.001247374869835423 0.00172163017459898 0.0017216301745942503
62.89 20.80741788190882 -1.8688818122811401 3.7489250333835273 -180083.91245562382 1.8121128187369253e-05 7.239823131149026 7.21130271982625 7.167406831675841 12.245939899844242 363.13440294153514 400.0 -2.35870162631985e-05 0.07238503473728382 0.07241629947318577 -2.987598178862437e-05 -0.9466856492087118 2.4442398696699756e-08 0.0026460868663924983 0.0013205213188809916 0.0013255404525538462 0.07241895425923278 1.8121117562587027e-05 0.0013169009996028419 0.0013291858667896573 0.0018340259958458784 0.0018340259958536846
66.85 20.81213469814757 -1.8690593165188467 4.215158697975186 -180055.0255473415 2.0037473202304463e-05 7.9853643137094314 7.948372763419301 7.908379121312068 12.218142110413996 366.1755991090212 400.0 -2.665296931267374e-05 0.07694939548958668 0.07698519239736304 -3.3734303393354804e-05 -1.0051057313764291 2.4443308914610872e-08 0.0028129291647534644 0.0014036202441247544 0.0014092838265580266 0.07698837368005691 2.0037460143778398e-05 0.001399528817698013 0.0014134003470554516 0.0019496598810370505 0.0019496598810322756
70.93 20.81749031124502 -1.8692636011198411 4.712476285011298 -180022.26343097925 2.2001561945377043e-05 8.74632878605636 8.699114663711603 8.664633916355541 12.187458534203442 368.8676513596516 400.0 -3.000814980097235e-05 0.08165341646930578 0.0816948697008193 -3.7949364632264546e-05 -1.0650464164555329 2.4444475119532826e-08 0.0029848716483506154 0.0014892395488427749 0.001495607006442004 0.08169866013160917 2.2001546871262855e-05 0.0014846333846591175 0.001500238263691498 0.002068828445096149 0.002068828445091328
75.14 20.823539532858938 -1.8694978321751021 5.241097658465222 -179985.3031569777 2.400070090496525e-05 9.517900102727248 9.458528773947819 9.431342763628235 12.153735062312853 371.24585978901143 400.0 -3.3679228019423744e-05 0.08650888502804466 0.0865573390990129 -4.255250958436964e-05 -1.1266282648466182 2.444592140773446e-08 0.003162343766968765 0.0015775913695839003 0.0015847273054514811 0.08656183277504043 2.400070090496525e-05 0.0015724229874676382 0.0015899207795011274 0.0021918290979022316 0.00219182909789728
79.46 20.83028991103916 -1.8697635286131646 5.797180811209342 -179944.11105684564 2.6009308636090807e-05 10.290003492718503 10.216468709765763 10.198453522969787 12.117078224145986 373.32831715156414 400.0 -3.766702349514486e-05 0.09149300943373952 0.09154996974871628 -4.7542359676336e-05 -1.189536808372111 2.444765198575054e-08 0.0033445111121733688 0.0016682586452460247 0.0016762273762548293 0.09155526790758477 2.600929224497747e-05 0.0016624807085287125 0.0016820304036446556 0.002318083210977601 0.0023180832109727083
83.91 20.83780535003473 -1.870064585148497 6.381735923943364 -179898.31112252467 2.8022229041430774e-05 11.06023538036956 10.970361470337524 10.963539023356992 12.077280960658511 375.1525641456147 400.0 -4.20088215460692e-05 0.09662916012831166 0.0966963570125692 -5.296288453574171e-05 -1.2540451109133877 2.4449678482990446e-08 0.003532226569103637 0.001761664174896717 0.001770537304934953 0.09670257595046364 2.8022229041430774e-05 0.0017552239471519226 0.0017770026219517138 0.0024481814799174476 0.0024481814799125
88.47 20.846081206720097 -1.8704023232107918 6.9904040520117166 -179847.94830653138 3.0018218336078254e-05 11.819773852667792 11.711378245654435 11.717799989877724 12.03449839205651 376.73603910331127 400.0 -4.670446932432102e-05 0.10189456786573615 0.10197386279006808 -5.881094701799293e-05 -1.3198489421993842 2.445198992517857e-08 0.00372465674488886 0.0018573915450549867 0.0018672401121005145 0.10198112686705753 3.0018218336078254e-05 0.0018502366409522688 0.0018744201039365906 0.0025815458324839 0.002581545832479032
93.16 20.855179608504795 -1.8707808992526882 7.623993055512533 -179792.66519509634 3.199598164039072e-05 12.567284144070861 12.43804511885434 12.459878005602611 11.988530976909963 378.10911385591436 400.0 -5.1794493419719314e-05 0.1073126599787446 0.10740613846824902 -6.513380635350579e-05 -1.387226554699337 2.445459074877628e-08 0.003922656653834707 0.001955864336423944 0.001966767231364785 0.10741458979340664 3.1995968675586034e-05 0.001947936558860735 0.001974720094973973 0.002718768302465321 0.002718768302457197
97.97 20.86510591312694 -1.8712022670522819 8.27923820888916 -179732.45523291148 3.3943211634406983e-05 13.297149364956732 13.14474481019522 13.184167231634131 11.939467816159478 379.2891319672316 400.0 -5.728937653580721e-05 0.11287224353736983 0.11298213332260089 -7.194096712601372e-05 -1.4560268866916863 2.4457468099560708e-08 0.004125816115534625 0.0020568766734060033 0.002068914357918841 0.11299192601298959 3.394320089799871e-05 0.0020481166222371134 0.0020776994932975106 0.002859564033157353 0.0028595640331524103
102.9 20.875880443934534 -1.8716690613328542 8.954170257049428 -179667.2268819787 3.585420889842312e-05 14.006212759520924 13.828295702433488 13.887510378545233 11.88731331991631 380.29491257694883 400.0 -6.32101878389209e-05 0.11857368707942825 0.11870238097569034 -7.925482169773333e-05 -1.5262473787281958 2.4460612820201238e-08 0.004334147525637727 0.0021604328838145653 0.002173689559601124 0.11871368440508556 3.5854200207041415e-05 0.0021507783757232918 0.0021833691499144356 0.0030039410100915474 0.0030039410100865826
107.95 20.887521412978 -1.8721838804680813 9.646828726257219 -179596.90833567374 3.7725190185556176e-05 14.692048345356932 14.486257134773888 14.567480912789845 11.832076790674426 381.1431252933573 400.0 -6.957856372352227e-05 0.12441737611587772 0.12456743256708759 -8.709816224362585e-05 -1.597889232674112 2.4464015535913667e-08 0.0045476639225357374 0.002266537572009759 0.0022811012704454466 0.12458043250830256 3.7725183476227615e-05 0.002255923585951517 0.0022917403365842206 0.0031519076480481852 0.003151907648043159
113.12 20.90004537071107 -1.872749279054709 10.355293828597434 -179521.44532919323 3.9554083080623125e-05 15.352908256678079 15.116872254927635 15.222330397547505 11.773770591974438 381.84847036058267 400.0 -7.641671200891142e-05 0.13040371324387118 0.13057785913057518 -9.549419309101925e-05 -1.6709572705566933 2.4467667303997452e-08 0.004766378974892311 0.0023751956098336004 0.002391158287275242 0.13059275897378586 3.955407809834806e-05 0.0023635542305599 0.0024028247443324104 0.003303472791056425 0.003303472791051315
118.41 20.913467649055917 -1.873367762219324 11.077711976803185 -179440.79884545942 4.134029270379369e-05 15.98765518711486 15.71899633803856 15.850920933073022 11.712408567037642 382.423868040399 400.0 -8.374741639728229e-05 0.13653311850236033 0.13673425404183753 -0.00010446654400492639 -1.7454597635190505 2.4471560057086382e-08 0.004990306978854452 0.002486412132306948 0.002503869771218108 0.1367512760941573 4.1340289408397584e-05 0.0024736724918219886 0.0025166344870324636 0.0034586457166843974 0.0034586457166790765
123.82 20.927802786270366 -1.874041781486813 11.812315278134209 -179354.94281577307 4.308447168899915e-05 16.59568727829197 16.292017951420487 16.452650042783155 11.648004705389392 382.88064468878247 400.0 -9.159404122720481e-05 0.1428060299457866 0.1430372355088165 -0.00011403928406957392 -1.821408236083905 2.4475686886764033e-08 0.005219462864592867 0.0026001925379438347 0.0026192452539318895 0.14305662238043515 4.308446913425574e-05 0.0025862807547846253 0.0026331821098082428 0.0036174361446056702 0.0036174361446005025
129.36 20.94309306770631 -1.874775094705634 12.558776998891549 -179263.69427040097 4.4791317911232026e-05 17.17787676081859 16.836725240720376 17.028377640769286 11.580448706877592 383.22923850230075 400.0 -9.99960372662596e-05 0.1492345126751181 0.149499120049308 -0.00012425575290010612 -1.898957044540749 2.4480050202131665e-08 0.005454286230500298 0.0027167529347890853 0.0027375082257705694 0.14952114108550943 4.479131738644542e-05 0.00270158974575471 0.002752696484745587 0.003780148051748421 0.0037801480517433536
135.01 20.959297401771284 -1.87556739267061 13.312841495749742 -179167.3760649251 4.6457200694291826e-05 17.732364857604438 17.351371584652686 17.57626760195086 11.509995748397989 383.47705818310504 400.0 -0.00010894762883496416 0.15579583617685627 0.15609725565357815 -0.00013510407087561106 -1.9778436390946046 2.448463006007595e-08 0.005693945605640382 0.002835678476851644 0.0028582420617796417 0.15612219406952008 4.645719994135481e-05 0.00281918599308755 0.002874759612552832 0.003946204686342349 0.003946204686337073
140.79 20.97648754435689 -1.8764237597601117 14.075729541208991 -179065.64769620667 4.809123295941943e-05 18.26167699373083 17.838307703433173 18.098821285720934 11.43640535312707 383.63255926797126 400.0 -0.000118505672209174 0.16251372481571832 0.16285570800989443 -0.00014664813401316906 -2.0583673104594116 2.448943989173016e-08 0.005939306332034851 0.002957396387279212 0.002981884880844236 0.16288388243946605 4.809123391791342e-05 0.002939488802078113 0.0029998175299567375 0.0041162050209233095 0.004116205020917904
146.68 20.994619079732875 -1.877343453787331 14.843472394329815 -178958.8661111782 4.969148612869085e-05 18.764789245057244 18.296609915767334 18.59503740958328 11.359937757741005 383.7017632307136 400.0 -0.00012866285143288864 0.16936545330662195 0.1697518354739659 -0.00015887397385144368 -2.1402717244461726 2.449446170376465e-08 0.006189537121769994 0.0030814920410658295 0.003108020020046573 0.16978358020132536 4.969148662963444e-05 0.0030620851637755283 0.0031274519579944657 0.004289572484310045 0.004289572484304663
152.7 21.01376953914554 -1.8783317612286536 15.617462737826191 -178846.67725362512 5.126754172038214e-05 19.24441818126193 18.728781958889314 19.06760834396543 11.28033551383324 383.69060991919963 400.0 -0.00013948003892724778 0.17637483144199703 0.17680983729650324 -0.00017184959596731935 -2.2238594157976768 2.449971254293764e-08 0.006445506171212371 0.0032083936932602738 0.0032370874207161746 0.1768455275139073 5.12675429907472e-05 0.0031873948884661688 0.003258111282746202 0.004466907984596353 0.004466907984590737
158.84 21.03392581420424 -1.8793892688086533 16.3952876894543 -178729.27028717397 5.282109722281557e-05 19.700837399137942 19.135095576698113 19.516818561679706 11.19772558786073 383.6038432937229 400.0 -0.00015096736397594742 0.1835308013673908 0.18401883745823552 -0.00018558165726853196 -2.309017459684081 2.450518525908382e-08 0.006706808180996868 0.0033378979397204623 0.0033688851876252967 0.18405887336749838 5.282109900057767e-05 0.0033152136392287685 0.0033915945417680995 0.004647930105871254 0.004647930105865612
165.09 21.055072176625004 -1.8805161868661306 17.174719941399307 -178606.854331689 5.435443897983135e-05 20.134639942868652 19.51613586896405 19.943272006485497 11.112240076734224 383.44600520492827 400.0 -0.00016313262124402123 0.19082228735108517 0.19136793638315197 -0.00020007409227628832 -2.3956350686616976 2.451087312236004e-08 0.0069730372403677115 0.0034698012733124653 0.0035032109171468312 0.1914127432447803 5.435444014792338e-05 0.0034453373035501075 0.003527699936817604 0.004832357057239276 0.004832357057233386
171.47 21.077296589546926 -1.881718122984772 17.957369496823183 -178479.0479047885 5.5877352522303985e-05 20.548547068460106 19.8743430007743 20.349665503680395 11.023595276330546 383.22019814914114 400.0 -0.00017604299879507275 0.19827324707439814 0.19888156477971217 -0.00021540132359828805 -2.484018364998432 2.4516797868766233e-08 0.007245066476214919 0.003604533782957479 0.003640507647262487 0.19893161834454878 5.5877354264263995e-05 0.003578186696000708 0.0036668797802142106 0.005020793072280154 0.005020793072274288
177.97 21.10058793203753 -1.882995267036561 18.74119429797815 -178346.05337119952 5.739237976978035e-05 20.94322216696495 20.210331193251257 20.736673230716637 10.931912279860178 382.92967689333597 400.0 -0.0001897083318819681 0.20587267631091175 0.20654893624831652 -0.0002315691622118107 -2.5740586213244527 2.4522954961911707e-08 0.007522492353442256 0.0037418929266107674 0.003780574384915881 0.2066047425753934 5.739238094267993e-05 0.0037135584113451334 0.003808933942097123 0.005212957975150802 0.0052129579751451416
184.6 21.125007888354894 -1.8843516107209624 19.52667746463186 -178207.66633129798 5.890693851645074e-05 21.32062224215835 20.52580902588214 21.106239350498626 10.837027787894025 382.57641949047024 400.0 -0.00020418042547322391 0.21363297590385863 0.2143828916597238 -0.00024863288275113476 -2.6659249369578975 2.4529359413315506e-08 0.007805765689201551 0.0038820991622761387 0.003923641489262694 0.21444500686245843 5.890694024288288e-05 0.0038516659503665183 0.003954099738835033 0.005409163374849719 0.005409163374843611
191.34 21.150509524166058 -1.8857849243901548 20.310846119700194 -178064.30744012975 6.0421731663345724e-05 21.681024824114033 20.821064428677612 21.45866395554675 10.739204179093981 382.16358854840513 400.0 -0.00021944587333583626 0.22153146120644365 0.22236086856728124 -0.00026657063827432087 -2.7593709898042373 2.4535997787691326e-08 0.008094056484354337 0.0040247389689322555 0.0040692924821743096 0.22242987262996 6.0421732793795434e-05 0.003992098305042627 0.004101958179311708 0.005608833731280312 0.005608833731274226
198.2 21.17715849856273 -1.8872990340317388 21.1391595376437 -177906.89268794653 6.194444047139586e-05 22.039563290553517 21.11093811256486 21.809067492834835 10.638270690138652 380.9925316937292 400.0 -0.00023555700767841393 0.2295805930575889 0.23049579771868306 -0.0002854378710924409 -2.8545661276960193 2.4542885948163063e-08 0.008387817557287122 0.0041700337186176915 0.004217758810006558 0.2305723254835015 6.194444160770504e-05 0.00413506983841998 0.004252747718867139 0.005812282018432064 0.0058122820184258114
205.18 21.204986983864327 -1.888895722441208 21.974457858775757 -177742.0118563237 6.348056208538859e-05 22.385061402700607 21.384026370802168 22.14627253921422 10.534193743788647 379.6548861601751 400.0 -0.00025254542992035974 0.23778117803252088 0.23878886348638942 -0.00030526538891105634 -2.951541556098178 2.455003022348654e-08 0.008687076184548923 0.004317994039489529 0.004369057121153264 0.2388735984719118 6.348056260773233e-05 0.0042805871805535745 0.004406489003995348 0.006019526433447746 0.006019526433441461
212.29 21.23407168444825 -1.8905791449911327 22.812695778625166 -177570.24951677077 6.503792297600696e-05 22.7178789656904 21.64032289645959 22.47062573818974 10.426782698489971 378.22453532672284 400.0 -0.00027046909493007613 0.24614584131834957 0.24725322750066236 -0.00032611438786784365 -3.0504673881323443 2.455744732763688e-08 0.008992290757114592 0.004468843513431476 0.004523422224714767 0.2473469180532149 6.503792383871845e-05 0.004428866147507187 0.004563424609607406 0.006230883682612982 0.006230883682606476
219.51 21.264369462679145 -1.892346282205775 23.65123968791571 -177391.9759007771 6.661795668676928e-05 23.038493911861643 21.880232364245387 22.782627524948303 10.31629593950611 376.704008365221 400.0 -0.00028931062785150595 0.2546519550136257 0.2558663869133393 -0.00034795819385687477 -3.1510952818022693 2.4565122260905558e-08 0.009302633246602668 0.0046221698806919705 0.004680438352049755 0.25596981127948876 6.661795664980943e-05 0.00457949752648168 0.00472313572012099 0.006445779626363628 0.0064457796263570856
226.86 21.29600663713683 -1.8942037153176194 24.492208454861682 -177206.57216528853 6.823106979412055e-05 23.34919491089972 22.10549587208974 23.084541339081017 10.202378333556265 375.08709882038175 400.0 -0.0003091560202426948 0.26332403617082023 0.2646535718187019 -0.00037088983418646736 -3.2537325847893213 2.4573081599255475e-08 0.009618995680671627 0.004778410763729301 0.004840559908375349 0.26476759374821035 6.823106979601436e-05 0.004732907199346681 0.004886088481324946 0.006664831181866598 0.006664831181859861
234.33 21.32898822771205 -1.8961506969786903 25.334295707127037 -177014.14423450734 6.988135889116037e-05 23.65091289330844 22.316790644949265 23.377308592133225 10.085127305746713 373.37336506151934 400.0 -0.00033001419692884487 0.27215132326804264 0.27360430117521584 -0.00039491256689491407 -3.3582668739282333 2.4581319350784146e-08 0.009940982841806452 0.004937367695411293 0.005003590143304819 0.2737298334906153 6.988135834608652e-05 0.00488889600600287 0.005052086835803583 0.006887763880858211 0.006887763880851482
241.92 21.36336509851795 -1.8981888645644407 26.17742951559844 -176814.5392755722 7.157540870194294e-05 23.945021890927904 22.515083690222408 23.662301814666563 9.96448246145849 371.55978299213797 400.0 -0.0003519205100314756 0.2811348882931857 0.2827200762613407 -0.00042005991869158675 -3.464722733983131 2.458983904850952e-08 0.010268631192484874 0.00509905544637987 0.005169550748677458 0.28285809752336727 7.15754080680297e-05 0.005047474262301581 0.005221156930183295 0.007114602152881497 0.0071146021528745535
249.62 21.39914588143177 -1.9003170328359147 27.020512285415084 -176607.8597697809 7.331788408199402e-05 24.232521876166864 22.70105369638265 23.940531465614722 9.84053933545164 369.64531543793726 400.0 -0.00037488081244377324 0.2902640025621411 0.2919904105521445 -0.0004463312505046097 -3.572981287285608 2.4598631483819054e-08 0.010601546809702553 0.005263276456885526 0.0053382453612346396 0.29214195067645016 7.331788255470652e-05 0.005208444152259603 0.00539310265744295 0.007345072464477366 0.0073450724644702255
257.45 21.436484487990242 -1.9025423307376954 27.86578220688504 -176393.3830244229 7.512068241116676e-05 24.515525277019545 22.87603825970906 24.21408425957496 9.712903210126864 367.62083730986444 400.0 -0.00039899170736754547 0.299563585782023 0.3014410174445859 -0.0004738291704747818 -3.683342448169556 2.4607720361908586e-08 0.010940635692968805 0.005430474282840749 0.005510136424592678 0.30160721472535745 7.512068033424097e-05 0.005372236162680214 0.00556839953028859 0.00757980115618157 0.007579801156174257
265.41 21.475451514687062 -1.9048665801490046 28.71330044391299 -176170.8875591464 7.699182934598315e-05 24.795376365361033 23.040787985819506 24.48430267032192 9.581488309213356 365.481265234891 400.0 -0.0004242939887657134 0.3090349877201496 0.31107369503911414 -0.0005025914452444656 -3.795822384813161 2.461710545797695e-08 0.011285944093764799 0.005600668049823487 0.005685251064659954 0.31125576858320536 7.699182713809888e-05 0.005538864324335492 0.005747079769429305 0.007818819299964551 0.007818819299957126
273.48 21.516022447602932 -1.9072855188579947 29.56110123267091 -175940.7067695693 7.893513716540814e-05 25.072771202791902 23.195641064582603 24.751905184373065 9.446537976869742 363.22650912365833 400.0 -0.0004507628336414137 0.3186557813694473 0.32086601841883816 -0.0005325808673833005 -3.9101494701575876 2.4626760564517528e-08 0.011636651554744122 0.0057734499052412595 0.005863176676672089 0.32106522870045007 7.893513390111572e-05 0.005707924953208256 0.005928726601535866 0.008061558079910519 0.008061558079903202
281.67 21.558326133622238 -1.9098035988390887 30.41047627872069 -175702.31566453347 8.096216136004303e-05 25.349497061136507 23.341514321555522 25.01866513748648 9.30779361654941 360.84772045784706 400.0 -0.00047846918859896693 0.328439315572452 0.3308319236500287 -0.0005638683400745733 -4.026471194256514 2.4636692746036774e-08 0.011993241965449318 0.00594905486610558 0.006044162133173718 0.3310496356692287 8.09621575073846e-05 0.005879643788871802 0.006113598176577515 0.008308351524748847 0.008308351524741278
289.98 21.602451116475127 -1.912422387933118 31.261702208136217 -175455.44084713503 8.308298855569194e-05 25.62703395258926 23.479063045719162 25.286060613634056 9.165152303525739 358.3378541103742 400.0 -0.0005074536838792683 0.3383871519830485 0.34097333895520704 -0.0005964893003850508 -4.144788800703868 2.4646895192128128e-08 0.012355769474290073 0.006127506045880531 0.006228238469116887 0.3412110069274511 8.308298321773083e-05 0.006054039010916844 0.006301730463373228 0.008559236177136324 0.008559236177128586
298.42 21.648550301081674 -1.9151467204006742 32.11612051964736 -175199.47469091468 8.531140507021367e-05 25.907260477564922 23.609047254931735 25.55595594351413 9.018326874314269 355.6857265463484 400.0 -0.000537794455051606 0.3485129738030004 0.351304534050786 -0.0006305201090269221 -4.26524076836313 2.4657371248683056e-08 0.012724729932728936 0.006309043799565932 0.006415661180979936 0.3515637316697103 8.531139948517691e-05 0.006231340887099729 0.00649338904562921 0.008814554215357599 0.008814554215349749
306.97 21.69662208446167 -1.9179717131507577 32.97210248331928 -174934.6914408117 8.765443510915264e-05 26.191149224950024 23.73172993700648 25.829346098488628 8.867543215735814 352.8885819133688 400.0 -0.0005694623412411596 0.3587945816121619 0.36180312646139895 -0.0006659156062062873 -4.3875310687318665 2.4668084503235416e-08 0.013099311833062585 0.006493265243977767 0.006606021644234596 0.36208547359028903 8.765442709498507e-05 0.006411151512059337 0.006688160321003248 0.009073743142817009 0.009073743142809029
315.65 21.746898030376528 -1.9209055548879501 33.8321111883447 -174660.10453791576 9.013129905821598e-05 26.481116839101823 23.847931793327756 26.10862096892403 8.712315521942802 349.92962167781087 400.0 -0.0006025753106229813 0.36925795876003187 0.3724958701777927 -0.0007027939276167285 -4.511928371761348 2.4679045843417897e-08 0.01348045932200298 0.0066806311070973425 0.006799803277637418 0.37280314192971 9.013129053595948e-05 0.0065939161825926 0.006886543139410382 0.009337455324343007 0.009337455324335062
324.44 21.799394172820136 -1.9239430799892148 34.69469265551853 -174375.94096757867 9.275169586374256e-05 26.778388353867527 23.95788172424657 26.395027927764982 8.552856354960783 346.8040339149563 400.0 -0.0006371021383581388 0.37988107826159484 0.3833604261025458 -0.0007411051441721245 -4.638121344435567 2.4690213209232212e-08 0.013867367714086636 0.006870742220411462 0.006996600564230348 0.3836944448359209 9.275168417026647e-05 0.006779241177034563 0.007088126537052072 0.009605133097284172 0.009605133097276147
333.36 21.85437664823981 -1.9270928115416108 35.56241204884815 -174081.10426705287 9.553901977813054e-05 27.085715669235793 24.062294440370703 26.691291737965912 8.388644171761156 343.49145910459714 400.0 -0.0006731677646526614 0.3906903647774471 0.3944239312698813 -0.0007809710388118438 -4.766364343990321 2.4701592424410084e-08 0.014260997333600254 0.007064066874553341 0.007196905537695496 0.3947866884212811 9.553900621190262e-05 0.006967578704827076 0.007293418628773177 0.009877439975472893 0.009877439975464839
342.4 21.91195027055596 -1.9303529670724373 36.434967673731876 -173775.41420532577 9.851020481906041e-05 27.405064107004087 24.16147504988522 26.999387511125665 8.219685123302142 339.9802435200695 400.0 -0.0007107812635795239 0.4016761950709625 0.4056765958784212 -0.0008223825863038762 -4.896472359217527 2.471314836595293e-08 0.014660995810623363 0.007260428331045113 0.007400542566593542 0.4060701647831789 9.851018792266642e-05 0.007158752182772368 0.007502243627850995 0.010154131336930959 0.010154131336922834
351.56 21.9722980289503 -1.9337252114959451 37.31313382032642 -173458.31393412958 0.00010168798945780451 27.73901266130558 24.255829870784133 27.32189154258574 8.045788200266676 336.25304201263805 400.0 -0.0007499919117825259 0.412841232410467 0.41712111871984253 -0.0008653729753065148 -5.028394219299276 2.4724855628358205e-08 0.015067458607123187 0.00745986999436295 0.007607563708429093 0.4175476869650615 0.00010168796861262837 0.007352799786094164 0.007714658821029025 0.010435272466699527 0.010435272466691346
360.84 22.035625346882256 -1.9372112461753126 38.197786206606985 -173129.18129903206 0.000105098606554556 28.09048541634133 24.345739582250232 27.661725045942376 7.866743039624286 332.2898838748851 400.0 -0.0007908506111998311 0.4241883872080306 0.4287603703989569 -0.0009099743409637753 -5.162068150791595 2.4736685723994593e-08 0.015480490557161164 0.007662439945290891 0.00781802571649482 0.4292222421384078 0.00010509858066402567 0.007549764367541553 0.00793072618961961 0.010720935228983808 0.010720935228975466
370.24 22.102163789007342 -1.9408128166847618 39.08991613834923 -172787.31864951953 0.000108772542318125 28.462835844932883 24.431561691164863 28.02223842427323 7.682317171172678 328.0676523517281 400.0 -0.000833410045461513 0.4357208533653811 0.4405974206596559 -0.0009562174902754357 -5.297420565350678 2.4748606909303156e-08 0.015900207264945048 0.007868191657330957 0.00803199072151372 0.44109701831108256 0.00010877250970907553 0.0077496941890787905 0.008150513075866256 0.011011199068600309 0.011011199068592447
379.76 22.172175586718506 -1.9445317217281204 39.931935180023245 -172454.2372848475 0.00011274549883045691 28.854885525726104 24.50856469881988 28.402249953967658 7.492252689943381 324.5116587267339 400.0 -0.0008777248671128676 0.44744215212663524 0.45263557175844926 -0.0010041315751010394 -5.434364551393107 2.4760583948129978e-08 0.01632673679062213 0.008077184861293099 0.00824952705284278 0.4531754369080424 0.00011274545833912873 0.007952643804420978 0.008374092986201152 0.011306152221238389 0.011306152221230482
389.4 22.24595921062643 -1.9483698234935574 40.47221774409202 -172229.22792281225 0.00011705962812019493 29.251131462228287 24.55700042906501 28.786253008362806 7.2962622029370365 325.719031338469 400.0 -0.0009238519249216307 0.4593561970937141 0.4648784538654826 -0.001053742677844374 -5.572799253814638 2.477258043120827e-08 0.016760221878762742 0.008289486727555608 0.008470710284694987 0.4654612474390484 0.00011705957389293267 0.00815867536807246 0.00860154651069028 0.011605893234047603 0.011605893234039983
399.17 22.323937846775607 -1.9523331540076363 41.00223321013516 -172004.65134282425 0.00012177014393887645 29.683706526243956 24.60347408866469 29.206363529195336 7.093814600311853 326.9893542844765 400.0 -0.0009719004037095655 0.471479828413151 0.47734299704862054 -0.0011051245073879844 -5.712755087969182 2.478457622505348e-08 0.017201275464605696 0.00850539492396924 0.008695855684488978 0.47797154732870534 0.00012177007894654736 0.008368075181817867 0.008833200282787827 0.011910845762183013 0.011910845762175824
409.05 22.406345663720387 -1.956415628262075 41.52060466407921 -171781.4083197832 0.00012692781136139277 30.158084575156355 24.648029469897338 29.668076194305687 6.884961543528952 328.325672915337 400.0 -0.00102183414638415 0.4837932139156634 0.49000838085067067 -0.0011581877966757772 -5.85382004577144 2.4796515186565824e-08 0.01764917664921775 0.008724554576617454 0.008924597227208036 0.4906855410615983 0.00012692772008853542 0.008580497334167674 0.009068679315050074 0.012220511343388384 0.012220511343381544
419.06 22.493806746963266 -1.9606276462389687 42.02802340304248 -171559.54612374178 0.0001326165392056456 30.682998634666163 24.690883869302244 30.18009302268023 6.66886862588741 329.73722319899423 400.0 -0.0010738197631045244 0.49632696938805576 0.5029056119859362 -0.0012130506392425485 -5.99614009762064 2.4808390276609337e-08 0.018105040030196383 0.008947509552643625 0.009157505643351377 0.5036344507197918 0.00013261642652507552 0.008796467977682826 0.009308572052513555 0.012535660709264209 0.012535660709257775
429.18 22.586680369895863 -1.9649630565561953 42.52303617869443 -171340.07644818278 0.00013891496614746243 31.26698070939321 24.73206712930842 30.750965584892167 6.445498037771217 331.2287831950083 400.0 -0.001127822735142831 0.5090625939929427 0.5160151245010411 -0.0012696077908752109 -6.13927646738309 2.48201475527965e-08 0.01856819399701845 0.009173930434377644 0.009394238740069252 0.5167987213213846 0.00013891496614746243 0.009015667921056713 0.009552526075961739 0.012855829853171592 0.012855829853165775
439.43 22.685780580539006 -1.9694328462849118 43.006081139800635 -171123.22002657404 0.00014594834073480085 31.923265306352313 24.771765477362766 31.39389520606261 6.213867189310087 332.8122377982756 400.0 -0.0011840237736620437 0.522032871639171 0.5293701002897008 -0.0013279676187474762 -6.283341021822171 2.483178159128981e-08 0.019039832396455982 0.009404400610806085 0.009635406975198406 0.5302117535227079 0.0001459481311513599 0.00923866297968551 0.009801169416770474 0.013181844526289288 0.013181844526284167
449.8 22.791769506334994 -1.9740353763546405 43.47599341590602 -170909.95706573216 0.00015385208633476773 32.666570767487514 24.810031628993716 32.12360450306009 5.973564967020402 334.49675933146 400.0 -0.0012424498245288585 0.5352342144033092 0.5429662644274229 -0.0013880618024408769 -6.428002558737585 2.4843254306295267e-08 0.01951982656754849 0.00963885769077558 0.009880944078951646 0.5438693252025877 0.00015385177038024854 0.009465395034606604 0.010054431532941886 0.013513616413514982 0.013513616413510537
460.29 22.905552845574842 -1.9787734813874227 43.93194495251797 -170701.18159971962 0.00016280827981702306 33.51671005428134 24.84694963958906 32.95989602418759 5.723851934107724 336.2950869594733 400.0 -0.0013031873356172388 0.5486773060075535 0.556814030093748 -0.0014498654910931382 -6.57305107558064 2.4854542612865927e-08 0.020008567056912414 0.00987749415037756 0.01013104812188853 0.5577819489554149 0.00016280791060674677 0.00969605441470312 0.010312512642209296 0.013851416288130657 0.013851416288126748
470.89 23.028116818721266 -1.9836456401292875 44.37249290291303 -170498.1452132116 0.0001730442513743071 34.4987730630287 24.882560185781227 33.92786027918549 5.46409715461322 338.22083951673943 400.0 -0.0013662710490060673 0.5623621062758181 0.5709127838432099 -0.0015132785936795919 -6.718116643935764 2.4865617562837068e-08 0.020506054665662285 0.010120313592253093 0.010385716302507474 0.5719490372776802 0.00017304342571768257 0.009930651195543243 0.010575403470119043 0.014195245716405968 0.014195245716402764
481.62 23.161062370057536 -1.9886645090700288 44.79715616665413 -170301.74927989455 0.00018489586627415018 35.64967206751493 24.91699277603219 35.064367095292475 5.192749199898206 340.29676150413746 400.0 -0.0014319261221106985 0.5763303152597038 0.5853049722224544 -0.001578361761261691 -6.863211089444822 2.4876487384633552e-08 0.02101380749084218 0.01036806184873099 0.0106457208855916 0.5864132481298869 0.00018489586627415018 0.010169915318337299 0.010843892172504872 0.014546155013733908 0.014546155013730846
492.48 23.306146278809866 -1.9938342421484823 45.70262751435958 -169868.12904765303 0.00019880234072711857 37.040901786438965 24.97270586713061 36.44089071225741 4.9084784325420365 335.90257120125625 400.0 -0.0015002785636158069 0.5906022064912702 0.600011074181555 -0.0016450330985286789 -7.008032836497325 2.4887146643127368e-08 0.02153256426651723 0.010621106367604511 0.010911433157460036 0.6011951400868949 0.00019879816917615554 0.010414214666969113 0.011118349599548119 0.01490465582733961 0.014904655827336568
503.45 23.465333227287005 -1.9991497997315761 46.66344767351716 -169395.9196535004 0.0002153565441922991 38.718819873196324 25.028623401098518 38.10378974663561 4.610171174158856 330.65417442424024 400.0 -0.0015713434386556945 0.6051770783053566 0.6150301265607089 -0.0017130516079996105 -7.151975880983706 2.4897582685993146e-08 0.02206230068231415 0.010879445674345053 0.011182830282289788 0.6162936696510525 0.0002153565441922991 0.010663566383899092 0.011398734298415057 0.015270732360955476 0.015270732360952138
514.54 23.641703268220407 -2.0046211327279053 47.664142552788235 -168891.42785691092 0.00023544170321353384 40.78286729590205 25.083998707435622 40.1524569069311 4.2954657083283365 324.74227297138424 400.0 -0.001645351902954618 0.6201017193528421 0.6304103889709471 -0.0017823131942152292 -7.294780572902356 2.4907829075153388e-08 0.022604717174822424 0.01114392389929482 0.01146076856639339 0.6317572106049736 0.0002354001790092705 0.010918811299647488 0.011685905875174936 0.01564556024141677 0.01564556024141211
525.75 23.839289863202758 -2.010254495412127 48.715285716781665 -168348.01116996416 0.0002605761831813559 43.411932745610805 25.13923738566395 42.76573298695866 3.9615684975531713 317.9914113035514 400.0 -0.0017225146764889715 0.6354221023864756 0.6461997586521444 -0.0018525848045487761 -7.435980257986062 2.4917934748248376e-08 0.023161481763911654 0.011415375514790146 0.011746081557354413 0.647633692641031 0.0002605761831813559 0.011180791567914114 0.011980690195997533 0.016030291470119976 0.01603029147011287
537.09 24.064047138131446 -2.016062751446059 49.832912898157325 -167755.7249595627 0.00029260666760907837 46.8120376144866 25.194918295075727 46.14955610153746 3.604294221853631 310.13739800953726 400.0 -0.0018031795708936113 0.6512177283140179 0.6624815129491386 -0.0019235925586572598 -7.575129842531397 2.4927998799386086e-08 0.023735475757972097 0.011695236168564788 0.012040214915886246 0.6640064978256789 0.0002920751465001125 0.011450946245180633 0.012284529512791464 0.016426913800216887 0.016426913800204963
