#Found quasiharmonic mode : None
#T(K), volume, F(eV), S(J/K), H(J/K), a(-6/K), Cp(J/mol), Cv, Cpion, Bt(GPa), T_ph-D(K), T-D(K), F_el_atom, S_el_atom, C_el_atom, M_el, Seebeck_coefficients(μV/K), Lorenz_number(WΩK^{−2}), Q_el, Q_p, Q_e, C_mu, W_p, W_e, Y_p, Y_e
0.0 9.8193456089086 -7.025798894665692 0.0 -677886.5397601483 0.0 0.0 0.0 0.0 178.13183123410715 400.0 400.0 0.0 0.0 0.0 0.0 0.0 2.443004551768e-08 0.0 0.0 0.0 0.0 0.0 0.0 0.0 0.0 0.0
0.28 9.819344641661889 -7.0257988783886685 1.8465951475454204e-08 -677886.538189649 -2.6977654406327178e-08 5.7329748553076413e-08 5.539785442636261e-08 5.7329748553076413e-08 178.13161359329703 916.6608619075954 400.0 0.0 0.0 0.0 0.0 0.0 2.443004551768e-08 0.0 0.0 0.0 0.0 -3.8716124412205494e-08 0.0 0.0 0.0 0.0
0.8 9.819345064278655 -7.0257988865676895 4.306927595797344e-07 -677886.5389784653 9.13337586150614e-09 1.2927109378974487e-06 1.2920782787392034e-06 1.2927109378974487e-06 178.13170211056064 916.6608521196792 400.0 0.0 0.0 0.0 0.0 0.0 2.443004551768e-08 0.0 0.0 0.0 0.0 4.217105354576776e-08 0.0 0.0 0.0 0.0
1.56 9.819344869242991 -7.025798882377038 3.1935329284779646e-06 -677886.5385694915 -2.1495312334262644e-09 9.580667118224697e-06 9.580598785433895e-06 9.580667118224697e-06 178.13165991068217 916.6608566367569 400.0 0.0 0.0 0.0 0.0 0.0 2.443004551768e-08 0.0 0.0 0.0 0.0 -5.619279357050522e-08 0.0 0.0 0.0 0.0
2.56 9.819343189536195 -7.025798846823526 1.4112938340443186e-05 -677886.5351079518 -6.756495998794071e-10 4.2338826100291675e-05 4.233881502132955e-05 4.2338826100291675e-05 178.13129025876606 916.6608955392145 400.0 0.0 0.0 0.0 0.0 0.0 2.443004551768e-08 0.0 0.0 0.0 0.0 -6.756495998794071e-10 0.0 0.0 0.0 0.0
3.8 9.819344773147588 -7.0257988812348104 4.6141153079423626e-05 -677886.5382889288 -6.341417763470519e-10 0.0001380552993947791 0.00013805528490795069 0.0001380552993947791 178.13164103304032 917.5876442205301 400.0 0.0 0.0 0.0 0.0 0.0 2.443004551768e-08 0.0 0.0 0.0 0.0 -9.349446373105531e-09 0.0 0.0 0.0 0.0
5.29 9.819341485981374 -7.025798817552974 0.00012372163079677598 -677886.5316654146 -2.184675664638237e-08 0.00036753727156654527 0.00036751333594634277 0.00036753727156654527 178.13091365266772 921.6788255823251 400.0 0.0 0.0 0.0 0.0 0.0 2.443004551768e-08 0.0 0.0 0.0 0.0 -2.641243575275875e-08 0.0 0.0 0.0 0.0
7.01 9.819344809707655 -7.025798886450859 0.0002850109940254369 -677886.5369696104 -1.1322476528758967e-10 0.0008438863012900061 0.0008438863004380488 0.0008438863012900061 178.13164632382322 925.7740573040464 400.0 0.0 0.0 0.0 0.0 0.0 2.443004551768e-08 0.0 0.0 0.0 0.0 6.203637266216467e-08 0.0 0.0 0.0 0.0
8.98 9.81934472111084 -7.025798893078486 0.0005937603814376169 -677886.5342750378 -2.441772385173952e-10 0.0017627468836319156 0.0017627468785561256 0.0017627468836319156 178.13162309585107 927.7436437645465 400.0 0.0 0.0 0.0 0.0 0.0 2.443004551768e-08 0.0 0.0 0.0 0.0 -1.5108873004198126e-08 0.0 0.0 0.0 0.0
11.19 9.81934488822447 -7.025798914221549 0.0011432583751866503 -677886.5288539404 5.030991984197896e-10 0.003416739794960798 0.0034167397681101764 0.003416739794960798 178.13164485462852 927.2021305843754 400.0 0.0 0.0 0.0 0.0 0.0 2.443004551768e-08 0.0 0.0 0.0 0.0 -2.9144557831534976e-09 0.0 0.0 0.0 0.0
13.64 9.819343937423302 -7.025798931633948 0.0020713517167362462 -677886.5150738052 -6.089941288375662e-10 0.0062490241396535575 0.00624902409169601 0.0062490241396535575 178.1314093560854 924.1843420725282 400.0 0.0 0.0 0.0 0.0 0.0 2.443004551768e-08 0.0 0.0 0.0 0.0 -1.9446073213868345e-09 0.0 0.0 0.0 0.0
16.34 9.819345094463289 -7.025799029946954 0.00358322158037103 -677886.4942629653 1.901901953520373e-09 0.010944622854700974 0.010944622294369176 0.010944622854700974 178.13162600387744 918.4737805007943 400.0 0.0 0.0 0.0 0.0 0.0 2.443004551768e-08 0.0 0.0 0.0 0.0 1.1473802116639683e-08 0.0 0.0 0.0 0.0
19.27 9.81934504257002 -7.025799164149021 0.005952489146468617 -677886.4510568709 3.05083378149457e-09 0.018468782057372467 0.018468780357033324 0.018468782057372467 178.13153612838673 909.809806182697 400.0 0.0 0.0 0.0 0.0 0.0 2.443004551768e-08 0.0 0.0 0.0 0.0 -1.8405911145523877e-10 0.0 0.0 0.0 0.0
22.45 9.819345746713523 -7.025799417532872 0.009602495854094855 -677886.3746331299 8.907524835623695e-09 0.03035516978471728 0.03035515289792224 0.03035516978471728 178.1315467789072 898.1602724725285 400.0 0.0 0.0 0.0 0.0 0.0 2.443004551768e-08 0.0 0.0 0.0 0.0 8.907524835623695e-09 0.0 0.0 0.0 0.0
25.87 9.819346450306595 -7.025799840652716 0.015099886907991716 -677886.2403999461 8.595087868481036e-09 0.04869249272133857 0.048692474603196575 0.04869249272133857 178.13144602365793 884.1462662357231 400.0 0.0 0.0 0.0 0.0 0.0 2.443004551768e-08 0.0 0.0 0.0 0.0 8.42687481202743e-09 0.0 0.0 0.0 0.0
29.53 9.819347673177635 -7.02580054532623 0.023230467115895062 -677886.0130289845 1.3510009606454657e-08 0.07633583438347376 0.07633578328699245 0.07633583438347376 178.13127740387057 868.7650922923601 400.0 0.0 0.0 0.0 0.0 0.0 2.443004551768e-08 0.0 0.0 0.0 0.0 1.2025308054872125e-08 0.0 0.0 0.0 0.0
33.43 9.819349549043823 -7.0258016857245025 0.03503732290492808 -677885.6377586798 2.658397585853593e-08 0.11696168255444159 0.11696145858345851 0.11696168255444159 178.13094824764977 853.1074484186436 400.0 0.0 0.0 0.0 0.0 0.0 2.443004551768e-08 0.0 0.0 0.0 0.0 2.658397585853593e-08 0.0 0.0 0.0 0.0
37.58 9.819353565101403 -7.025803519495355 0.051903987198324814 -677885.0354365354 2.813659132146623e-08 0.17522838316573539 0.17522810112321843 0.17522838316573539 178.13060009730643 838.1147558998498 400.0 0.0 0.0 0.0 0.0 0.0 2.443004551768e-08 0.0 0.0 0.0 0.0 2.813659132146623e-08 0.0 0.0 0.0 0.0
41.96 9.819356908354635 -7.0258062999839455 0.0754030356512635 -677884.0903533634 3.802655223607056e-08 0.2560710463204055 0.25607047111728026 0.2560710463204055 178.1293151035138 824.6334548740354 400.0 0.0 0.0 0.0 0.0 0.0 2.443004551768e-08 0.0 0.0 0.0 0.0 3.802655223607056e-08 0.0 0.0 0.0 0.0
46.59 9.819364986835922 -7.025810588108852 0.10761148403419883 -677882.654386854 7.367243360923527e-08 0.3655633822541016 0.36556098501508016 0.3655633822541016 178.1278314953669 813.1495203231892 400.0 0.0 0.0 0.0 0.0 0.0 2.443004551768e-08 0.0 0.0 0.0 0.0 7.367243360923527e-08 0.0 0.0 0.0 0.0
51.46 9.819377060918706 -7.025816959617048 0.15073700013134952 -677880.5258369528 9.706506807003387e-08 0.5093957856821676 0.5093911894840067 0.5093957856821676 178.1253320523762 804.0126008688117 400.0 0.0 0.0 0.0 0.0 0.0 2.443004551768e-08 0.0 0.0 0.0 0.0 9.706506807003387e-08 0.0 0.0 0.0 0.0
56.57 9.819394535830195 -7.0258262284728845 0.2072578881050236 -677877.4524928832 1.4030951790198195e-07 0.6931769330936416 0.6931663757585387 0.6931769330936416 178.12125296447542 797.3149792714806 400.0 0.0 0.0 0.0 0.0 0.0 2.443004551768e-08 0.0 0.0 0.0 0.0 1.3806598548629642e-07 0.0 0.0 0.0 0.0
61.92 9.819420955109477 -7.025839463682327 0.2797961421185785 -677873.1290980721 1.9847970527583824e-07 0.9218803323534707 0.9218572093934773 0.9218803323534707 178.1151976151778 792.9552006691032 400.0 0.0 0.0 0.0 0.0 0.0 2.443004551768e-08 0.0 0.0 0.0 0.0 2.0066524210085392e-07 0.0 0.0 0.0 0.0
67.52 9.81946034301364 -7.025858031255138 0.3712006990212792 -677867.1821024235 2.7675661225266087e-07 1.200043163856829 1.199994142037716 1.200043163856829 178.10657225965065 790.6890305421895 400.0 0.0 0.0 0.0 0.0 0.0 2.443004551768e-08 0.0 0.0 0.0 0.0 2.7675661225266087e-07 0.0 0.0 0.0 0.0
73.35 9.8195151991138 -7.0258834419597145 0.48376800394081526 -677859.2129508029 3.6526589018089475e-07 1.5294518453727095 1.5293590873023981 1.5294518453727095 178.09424766613125 790.2048052903436 400.0 0.0 0.0 0.0 0.0 0.0 2.443004551768e-08 0.0 0.0 0.0 0.0 3.6526589018089475e-07 0.0 0.0 0.0 0.0
79.43 9.81959107542747 -7.025917713986636 0.6203629575289754 -677848.7286520753 4.891996124859118e-07 1.9126570769358193 1.9124769194092326 1.9126570769358193 178.0774077842369 791.1582271819738 400.0 0.0 0.0 0.0 0.0 0.0 2.443004551768e-08 0.0 0.0 0.0 0.0 4.891996124859118e-07 0.0 0.0 0.0 0.0
85.75 9.819695545269408 -7.025963097583615 0.7830565046374139 -677835.2358379465 6.293264732644836e-07 2.3491017842906063 2.3487799493735153 2.3491017842906063 178.05558262937672 793.2248462747107 400.0 0.0 0.0 0.0 0.0 0.0 2.443004551768e-08 0.0 0.0 0.0 0.0 6.293264732644836e-07 0.0 0.0 0.0 0.0
92.31 9.819832340871008 -7.026022117202274 0.9737947527565481 -677818.1864671 7.989247704598074e-07 2.8373912943444526 2.8368330240699944 2.8373912943444526 178.02725491670458 796.1153526127687 400.0 0.0 0.0 0.0 0.0 0.0 2.443004551768e-08 0.0 0.0 0.0 0.0 7.979830443843015e-07 0.0 0.0 0.0 0.0
99.11 9.820012613068869 -7.026097766490311 1.1941713721545992 -677797.0221827137 9.982702172793878e-07 3.374850239884887 3.373914573858448 3.374850239884887 177.9924980955502 799.5843747396326 400.0 0.0 0.0 0.0 0.0 0.0 2.443004551768e-08 0.0 0.0 0.0 0.0 9.982702172793878e-07 0.0 0.0 0.0 0.0
106.16 9.820240810690818 -7.026193357845638 1.4457633602631412 -677771.1174327489 1.205002341531985e-06 3.9584640938187063 3.9570041048781803 3.9584640938187063 177.9497265843374 803.4369534247816 400.0 0.0 0.0 0.0 0.0 0.0 2.443004551768e-08 0.0 0.0 0.0 0.0 1.201260156602918e-06 0.0 0.0 0.0 0.0
113.44 9.820523410901954 -7.026312149499566 1.728655735656332 -677739.9626166039 1.4398056190157325e-06 4.581859574254917 4.57963281290398 4.581859574254917 177.8982523481192 807.5015100692538 400.0 0.0 0.0 0.0 0.0 0.0 2.443004551768e-08 0.0 0.0 0.0 0.0 1.4422806532782702e-06 0.0 0.0 0.0 0.0
120.97 9.820872355564893 -7.026458353168388 2.0440172738633153 -677702.903063181 1.6965897497895024e-06 5.241251946867373 5.237955852135842 5.241251946867373 177.83811587275628 811.6629040974086 400.0 0.0 0.0 0.0 0.0 0.0 2.443004551768e-08 0.0 0.0 0.0 0.0 1.6965897497895024e-06 0.0 0.0 0.0 0.0
128.74 9.821290082606572 -7.026635810007349 2.3914668403409656 -677659.4123738189 1.9603974126008054e-06 5.9297296624121225 5.925047818565958 5.9297296624121225 177.767853338143 815.8193424094859 400.0 0.0 0.0 0.0 0.0 0.0 2.443004551768e-08 0.0 0.0 0.0 0.0 1.9603974126008054e-06 0.0 0.0 0.0 0.0
136.75 9.821786836403174 -7.026848880899341 2.7706286881728137 -677608.9645575157 2.248696480635753e-06 6.6410897771178865 6.634548983711074 6.6410897771178865 177.6877550703755 819.8981563234917 400.0 0.0 0.0 0.0 0.0 0.0 2.443004551768e-08 0.0 0.0 0.0 0.0 2.2458467101447846e-06 0.0 0.0 0.0 0.0
145.01 9.822369522428861 -7.02710237438239 3.1812954304532433 -677550.9867831556 2.5483691395878764e-06 7.369797766339429 7.360894106258425 7.369797766339429 177.59726124439854 823.8513001649301 400.0 0.0 0.0 0.0 0.0 0.0 2.443004551768e-08 0.0 0.0 0.0 0.0 2.5483691395878764e-06 0.0 0.0 0.0 0.0
153.5 9.823045509926397 -7.027400376763727 3.6214593425920354 -677485.1652831734 2.844176807285298e-06 8.10773717277053 8.096003010742415 8.10773717277053 177.49697324703308 827.6319325513592 400.0 0.0 0.0 0.0 0.0 0.0 2.443004551768e-08 0.0 0.0 0.0 0.0 2.844176807285298e-06 0.0 0.0 0.0 0.0
162.24 9.823815736876403 -7.027748259100308 4.09087826931468 -677410.9207446316 3.1513961380901258e-06 8.850765470722957 8.835547564553794 8.850765470722957 177.38518599360745 831.2249882314416 400.0 0.0 0.0 0.0 0.0 0.0 2.443004551768e-08 0.0 0.0 0.0 0.0 3.1480081076594038e-06 0.0 0.0 0.0 0.0
171.22 9.824691793715985 -7.028150697667927 4.58756681370578 -677327.971064057 3.460271758541315e-06 9.592384840712876 9.573033693205868 9.592384840712876 177.26356010019967 834.6102126521156 400.0 0.0 0.0 0.0 0.0 0.0 2.443004551768e-08 0.0 0.0 0.0 0.0 3.4603783977884693e-06 0.0 0.0 0.0 0.0
180.43 9.825672093340831 -7.0286120084368 5.109302098703389 -677236.0925989759 3.767781092971669e-06 10.326727522667518 10.30256563249736 10.326727522667518 177.13123614000054 837.7773722640371 400.0 0.0 0.0 0.0 0.0 0.0 2.443004551768e-08 0.0 0.0 0.0 0.0 3.770335411786857e-06 0.0 0.0 0.0 0.0
189.9 9.826769106243335 -7.029138843112053 5.65604420506241 -677134.7130007178 4.0757444873742885e-06 11.051697708278617 11.021961232442683 11.051697708278617 176.98907912322355 840.7339256753936 400.0 0.0 0.0 0.0 0.0 0.0 2.443004551768e-08 0.0 0.0 0.0 0.0 4.0757444873742885e-06 0.0 0.0 0.0 0.0
199.6 9.827975699980938 -7.0297344429219 6.224228826398422 -677023.9063669736 4.373832774945219e-06 11.76094945774065 11.724981711652044 11.76094945774065 176.83606883040403 843.4731072512367 400.0 0.0 0.0 0.0 0.0 0.0 2.443004551768e-08 0.0 0.0 0.0 0.0 4.370026556619359e-06 0.0 0.0 0.0 0.0
209.54 9.829301809663123 -7.030404410658646 6.812559144438815 -676903.4008571866 4.671598630584841e-06 12.452193113332534 12.409151749428379 12.452193113332534 176.67372192419833 846.0028799177741 400.0 0.0 0.0 0.0 0.0 0.0 2.443004551768e-08 0.0 0.0 0.0 0.0 4.671598630584841e-06 0.0 0.0 0.0 0.0
219.73 9.830748273388048 -7.031154362317092 7.419746371817945 -676772.922964872 4.954199044125462e-06 13.123171655233545 13.072453376677956 13.123171655233545 176.5014424658212 848.3331207284893 400.0 0.0 0.0 0.0 0.0 0.0 2.443004551768e-08 0.0 0.0 0.0 0.0 4.954199044125462e-06 0.0 0.0 0.0 0.0
230.16 9.832315655415238 -7.031988511695788 8.043336038881854 -676632.4927922837 5.2340961505503014e-06 13.77136728183751 13.712120697163266 13.77136728183751 176.3197063938283 850.4699874386989 400.0 0.0 0.0 0.0 0.0 0.0 2.443004551768e-08 0.0 0.0 0.0 0.0 5.233838860960185e-06 0.0 0.0 0.0 0.0
240.83 9.834006308250625 -7.032911660756091 8.681511008759232 -676482.0490624328 5.506196218939773e-06 14.395183195335935 14.32663928555768 14.395183195335935 176.1290633047366 852.4230488653009 400.0 0.0 0.0 0.0 0.0 0.0 2.443004551768e-08 0.0 0.0 0.0 0.0 5.506196218939773e-06 0.0 0.0 0.0 0.0
251.74 9.835820610942521 -7.0339284916137865 9.332516574305917 -676321.5588992712 5.761021203904149e-06 14.993340998596576 14.914981016672492 14.993340998596576 175.92969134968516 854.2024633100767 400.0 0.0 0.0 0.0 0.0 0.0 2.443004551768e-08 0.0 0.0 0.0 0.0 5.761021203904149e-06 0.0 0.0 0.0 0.0
262.89 9.837756791063809 -7.035043553772604 9.994673435567284 -676151.0140649385 6.011342984079163e-06 15.565554487998025 15.476546073348647 15.565554487998025 175.7213334146101 855.8187007940348 400.0 0.0 0.0 0.0 0.0 0.0 2.443004551768e-08 0.0 0.0 0.0 0.0 6.008917000867825e-06 0.0 0.0 0.0 0.0
274.29 9.839820527435156 -7.036262521273004 10.666989420865303 -675970.2777202853 6.253022358549233e-06 16.111953058928066 16.011570103270135 16.111953058928066 175.50498322328409 857.2826742095772 400.0 0.0 0.0 0.0 0.0 0.0 2.443004551768e-08 0.0 0.0 0.0 0.0 6.253022358549233e-06 0.0 0.0 0.0 0.0
285.93 9.842008631260843 -7.037588785474286 11.347372882607825 -675779.5369621499 6.478165171972247e-06 16.631820740404123 16.519625312065777 16.631820740404123 175.28076076329677 858.6028776398475 400.0 0.0 0.0 0.0 0.0 0.0 2.443004551768e-08 0.0 0.0 0.0 0.0 6.478165171972247e-06 0.0 0.0 0.0 0.0
297.81 9.844319102501741 -7.039026582824655 12.03442675625781 -675578.8450130644 6.695602304686241e-06 17.125763201936678 17.00106619440506 17.125763201936678 175.0484863684206 859.7889896790462 400.0 0.0 0.0 0.0 0.0 0.0 2.443004551768e-08 0.0 0.0 0.0 0.0 6.692424634424078e-06 0.0 0.0 0.0 0.0
309.93 9.846753237717454 -7.04058011493983 12.726862329751862 -675368.2742655773 6.907023149426018e-06 17.594405473844976 17.456463820814832 17.594405473844976 174.808892084408 860.8498398347856 400.0 0.0 0.0 0.0 0.0 0.0 2.443004551768e-08 0.0 0.0 0.0 0.0 6.907023149426018e-06 0.0 0.0 0.0 0.0
322.29 9.849312348134006 -7.042253475946917 13.423492390773838 -675147.9081373403 7.10033859010024e-06 18.037965412719565 17.886554941238746 18.037965412719565 174.56277646977293 861.7937325725176 400.0 0.0 0.0 0.0 0.0 0.0 2.443004551768e-08 0.0 0.0 0.0 0.0 7.10033859010024e-06 0.0 0.0 0.0 0.0
334.89 9.85198970703061 -7.044050447657371 14.123210884428298 -674917.82481917 7.287733574545358e-06 18.457738682259322 18.29219087749114 18.457738682259322 174.30863859360235 862.6293440597839 400.0 0.0 0.0 0.0 0.0 0.0 2.443004551768e-08 0.0 0.0 0.0 0.0 7.285317508719341e-06 0.0 0.0 0.0 0.0
347.74 9.854792919948457 -7.045976545263654 14.825575744751974 -674677.9413700139 7.46692416821078e-06 18.854857413313358 18.674618360361684 18.854857413313358 174.04832607103882 863.3639712526333 400.0 0.0 0.0 0.0 0.0 0.0 2.443004551768e-08 0.0 0.0 0.0 0.0 7.46692416821078e-06 0.0 0.0 0.0 0.0
360.82 9.857712940311975 -7.04803237894447 15.528578092450177 -674428.7233276531 7.635267082811219e-06 19.2295564053628 19.03425218989479 19.2295564053628 173.7812710493689 864.0038582880363 400.0 0.0 0.0 0.0 0.0 0.0 2.443004551768e-08 0.0 0.0 0.0 0.0 7.634927756143526e-06 0.0 0.0 0.0 0.0
374.15 9.86075609603205 -7.050224775141787 16.232478093924637 -674169.8972713659 7.796929398677123e-06 19.58362052586228 19.37270113836982 19.58362052586228 173.50816628090442 864.5561258267886 400.0 0.0 0.0 0.0 0.0 0.0 2.443004551768e-08 0.0 0.0 0.0 0.0 7.796929398677123e-06 0.0 0.0 0.0 0.0
387.72 9.863916848497395 -7.0525556296150524 16.93598781994994 -673901.7510206331 7.948684135915407e-06 19.917616669140607 19.690749780284687 19.917616669140607 173.2286090495251 865.026497247497 400.0 0.0 0.0 0.0 0.0 0.0 2.443004551768e-08 0.0 0.0 0.0 0.0 7.948684135915407e-06 0.0 0.0 0.0 0.0
401.54 9.867197757235298 -7.055030199493818 17.638949368359455 -673624.1881854199 8.093814817115171e-06 20.232972203469522 19.98968156854356 20.232972203469522 172.94292722591914 865.420617689784 400.0 0.0 0.0 0.0 0.0 0.0 2.443004551768e-08 0.0 0.0 0.0 0.0 8.088065241095102e-06 0.0 0.0 0.0 0.0
415.59 9.870591429379173 -7.057648158813753 18.339747345403566 -673337.7109899751 8.236982908350389e-06 20.530564737583067 20.270124886370045 20.530564737583067 172.65113292648397 865.7431979940346 400.0 0.0 0.0 0.0 0.0 0.0 2.443004551768e-08 0.0 0.0 0.0 0.0 8.236982908350389e-06 0.0 0.0 0.0 0.0
429.89 9.874109257801246 -7.060416642304371 19.038869639174404 -673042.0249691278 8.35587930682459e-06 20.810387153402477 20.533528652769977 20.810387153402477 172.35538737700315 865.998514753564 400.0 0.0 0.0 0.0 0.0 0.0 2.443004551768e-08 0.0 0.0 0.0 0.0 8.35587930682459e-06 0.0 0.0 0.0 0.0
444.42 9.877729031631555 -7.063334445225556 19.73482824695284 -672737.617452713 8.48642400904911e-06 21.075332426845627 20.780516991036954 21.075332426845627 172.05078154996278 866.1924036090344 400.0 0.0 0.0 0.0 0.0 0.0 2.443004551768e-08 0.0 0.0 0.0 0.0 8.482688894015403e-06 0.0 0.0 0.0 0.0
459.2 9.881478798864915 -7.066409284284679 20.42822916782184 -672424.203856195 8.616869437537633e-06 21.32604605749209 21.012428289913753 21.32604605749209 171.74511752184375 866.3263067828447 400.0 0.0 0.0 0.0 0.0 0.0 2.443004551768e-08 0.0 0.0 0.0 0.0 8.616869437537633e-06 0.0 0.0 0.0 0.0
474.22 9.885336737551423 -7.069641619955681 21.118177779616754 -672102.057404149 8.717859283028618e-06 21.561040182830766 21.230002471969343 21.561040182830766 171.43244332625204 866.4058315765967 400.0 0.0 0.0 0.0 0.0 0.0 2.443004551768e-08 0.0 0.0 0.0 0.0 8.717298344764781e-06 0.0 0.0 0.0 0.0
489.48 9.88930930713281 -7.07303453127903 21.804375795121725 -671771.2799824898 8.830518744300946e-06 21.78420913498606 21.434138376519137 21.78420913498606 171.1153927292401 866.4334645197599 400.0 0.0 0.0 0.0 0.0 0.0 2.443004551768e-08 0.0 0.0 0.0 0.0 8.830518744300946e-06 0.0 0.0 0.0 0.0
504.99 9.893395693562491 -7.076593067281684 22.486975955910946 -671431.7343867874 8.927861948335655e-06 21.994426137384572 21.62579985522297 21.994426137384572 170.79289283935864 866.4125334238424 400.0 0.0 0.0 0.0 0.0 0.0 2.443004551768e-08 0.0 0.0 0.0 0.0 8.92523857334978e-06 0.0 0.0 0.0 0.0
520.73 9.897589105590123 -7.0803153258689315 23.164858157742483 -671083.9391423088 9.027162597459934e-06 22.19357937220833 21.80554236190811 22.19357937220833 170.46498668776238 866.3459503441186 400.0 0.0 0.0 0.0 0.0 0.0 2.443004551768e-08 0.0 0.0 0.0 0.0 9.027162597459934e-06 0.0 0.0 0.0 0.0
536.72 9.90189801023749 -7.084208824374059 23.83869084901498 -670727.5390746825 9.11903894904725e-06 22.38187396604481 21.97435655159535 22.38187396604481 170.13293391548765 866.2357424916512 400.0 0.0 0.0 0.0 0.0 0.0 2.443004551768e-08 0.0 0.0 0.0 0.0 9.108740779268842e-06 0.0 0.0 0.0 0.0
552.95 9.906311415482266 -7.08827357726949 24.50784522580265 -670362.8172426597 9.208273248827582e-06 22.560268242788297 22.1328336499644 22.560268242788297 169.7938751882654 866.085188471484 400.0 0.0 0.0 0.0 0.0 0.0 2.443004551768e-08 0.0 0.0 0.0 0.0 9.214073152210404e-06 0.0 0.0 0.0 0.0
569.42 9.910852077009151 -7.092512870093409 25.172241338577948 -669989.882173324 9.313614841346109e-06 22.73127059825772 22.28166230185085 22.73127059825772 169.4574416616825 865.8936878703929 400.0 0.0 0.0 0.0 0.0 0.0 2.443004551768e-08 0.0 0.0 0.0 0.0 9.313614841346109e-06 0.0 0.0 0.0 0.0
586.14 9.915494871133886 -7.096930958973791 25.832074375936266 -669608.528534585 9.365951874082083e-06 22.888826369138517 22.42153476432871 22.888826369138517 169.11221151669383 865.6662803344657 400.0 0.0 0.0 0.0 0.0 0.0 2.443004551768e-08 0.0 0.0 0.0 0.0 9.365951874082083e-06 0.0 0.0 0.0 0.0
603.09 9.920236710255223 -7.101525054375584 26.486465832749836 -669219.2807508562 9.440354677471916e-06 23.040566549719248 22.55287778395927 23.040566549719248 168.75962618622302 865.4046935769571 400.0 0.0 0.0 0.0 0.0 0.0 2.443004551768e-08 0.0 0.0 0.0 0.0 9.440354677471916e-06 0.0 0.0 0.0 0.0
620.29 9.925092236474475 -7.106303270075898 27.13613776437112 -668821.7562648534 9.53099581339107e-06 23.18685254625022 22.67640629719493 23.18685254625022 168.40334600055147 865.1091480624452 400.0 0.0 0.0 0.0 0.0 0.0 2.443004551768e-08 0.0 0.0 0.0 0.0 9.528997691684147e-06 0.0 0.0 0.0 0.0
637.72 9.930061173138862 -7.111262563389573 27.780292307852683 -668416.4822106018 9.604074303177699e-06 23.32450211542524 22.79249658095481 23.32450211542524 168.04660942014638 864.7808096406094 400.0 0.0 0.0 0.0 0.0 0.0 2.443004551768e-08 0.0 0.0 0.0 0.0 9.608758915542323e-06 0.0 0.0 0.0 0.0
655.4 9.935141173133271 -7.116410657172651 28.419604237423925 -668003.0371424031 9.67945332929726e-06 23.45622285696271 22.901760397529245 23.45622285696271 167.68591896529452 864.4215920426043 400.0 0.0 0.0 0.0 0.0 0.0 2.443004551768e-08 0.0 0.0 0.0 0.0 9.67945332929726e-06 0.0 0.0 0.0 0.0
673.32 9.940328024170896 -7.121746863686091 29.053668585460294 -667581.6952853587 9.726735330325313e-06 23.578826192819857 23.004579237075713 23.578826192819857 167.3203874709471 864.0330667723629 400.0 0.0 0.0 0.0 0.0 0.0 2.443004551768e-08 0.0 0.0 0.0 0.0 9.726735330325313e-06 0.0 0.0 0.0 0.0
691.49 9.945616015174396 -7.127276123509846 29.682788041388154 -667152.2527850543 9.808056893922158e-06 23.700042327345383 23.10142122190647 23.700042327345383 166.94563495298343 863.6171521707462 400.0 0.0 0.0 0.0 0.0 0.0 2.443004551768e-08 0.0 0.0 0.0 0.0 9.809111377545782e-06 0.0 0.0 0.0 0.0
709.89 9.951028733294551 -7.132995669860683 30.3063515907007 -666715.2802863074 9.875439693541253e-06 23.81457487262497 23.192586321758434 23.81457487262497 166.5777752824897 863.1718369775562 400.0 0.0 0.0 0.0 0.0 0.0 2.443004551768e-08 0.0 0.0 0.0 0.0 9.875439693541253e-06 0.0 0.0 0.0 0.0
728.54 9.956536862018552 -7.13891238898181 30.924941686622955 -666270.2758101204 9.933340848944592e-06 23.923241278185074 23.27852294873437 23.923241278185074 166.1973988505743 862.701777442294 400.0 0.0 0.0 0.0 0.0 0.0 2.443004551768e-08 0.0 0.0 0.0 0.0 9.930325143157407e-06 0.0 0.0 0.0 0.0
747.43 9.962168575519186 -7.145026593893322 31.538321646094357 -665817.5761700893 1.0008663987080048e-05 24.029904279217767 23.359534804656448 24.029904279217767 165.82277865214402 862.2043676811666 400.0 0.0 0.0 0.0 0.0 0.0 2.443004551768e-08 0.0 0.0 0.0 0.0 1.0008663987080048e-05 0.0 0.0 0.0 0.0
766.56 9.967900401949212 -7.151339288489116 32.14644604815898 -665357.1666700002 1.0051276634450787e-05 24.128121026137823 23.435929243353858 24.128121026137823 165.44008030362525 861.6832078575634 400.0 0.0 0.0 0.0 0.0 0.0 2.443004551768e-08 0.0 0.0 0.0 0.0 1.003735884627214e-05 0.0 0.0 0.0 0.0
785.93 9.973735949023906 -7.157852570044521 32.74935496248103 -664889.0819410785 1.0124228383704433e-05 24.22675199211307 23.508003855035373 24.22675199211307 165.05083293794002 861.1386010364287 400.0 0.0 0.0 0.0 0.0 0.0 2.443004551768e-08 0.0 0.0 0.0 0.0 1.0124228383704433e-05 0.0 0.0 0.0 0.0
805.54 9.979699895138385 -7.164569652460666 33.34715672873944 -664413.4137832717 1.0163534562177805e-05 24.31719612121697 23.57604329526352 24.31719612121697 164.67217740404226 860.5682583853516 400.0 0.0 0.0 0.0 0.0 0.0 2.443004551768e-08 0.0 0.0 0.0 0.0 1.0163534562177805e-05 0.0 0.0 0.0 0.0
825.39 9.985743888456422 -7.171490020276374 33.93974916073732 -663930.0668418506 1.02163871344835e-05 24.406214069348493 23.640286081461245 24.406214069348493 164.27074189359513 859.9785984541351 400.0 0.0 0.0 0.0 0.0 0.0 2.443004551768e-08 0.0 0.0 0.0 0.0 1.0206770784471997e-05 0.0 0.0 0.0 0.0
845.49 9.99192136142988 -7.178621724546324 34.527615691275756 -663438.9474658825 1.0277551103661914e-05 24.49363097851808 23.701018421061207 24.49363097851808 163.88181465218258 859.3638308504409 400.0 0.0 0.0 0.0 0.0 0.0 2.443004551768e-08 0.0 0.0 0.0 0.0 1.0277551103661914e-05 0.0 0.0 0.0 0.0
865.83 9.998194995439802 -7.1859613580337305 35.11040233331044 -662940.2285791206 1.0319861084666434e-05 24.57530253562362 23.7584177276181 24.57530253562362 163.48031762370272 858.7288901630876 400.0 0.0 0.0 0.0 0.0 0.0 2.443004551768e-08 0.0 0.0 0.0 0.0 1.031020512388759e-05 0.0 0.0 0.0 0.0
886.41 10.004583032468824 -7.193511735764503 35.68821583053186 -662433.9775400141 1.0375972478024442e-05 24.65658679531831 23.81269776113738 24.65658679531831 163.07998754502765 858.0720585206227 400.0 0.0 0.0 0.0 0.0 0.0 2.443004551768e-08 0.0 0.0 0.0 0.0 1.0375972478024442e-05 0.0 0.0 0.0 0.0
907.23 10.0110822611211 -7.201274515716904 36.26110196019492 -661920.20380489 1.0413157609855097e-05 24.732385875745013 23.86405078624751 24.732385875745013 162.67867370904784 857.3941594398091 400.0 0.0 0.0 0.0 0.0 0.0 2.443004551768e-08 0.0 0.0 0.0 0.0 1.0413157609855097e-05 0.0 0.0 0.0 0.0
928.29 10.017684332457717 -7.209250931371424 36.82909328532285 -661398.891443959 1.0466954167620808e-05 24.808677403037713 23.912654631517874 24.808677403037713 162.2684080940276 856.6966038534754 400.0 0.0 0.0 0.0 0.0 0.0 2.443004551768e-08 0.0 0.0 0.0 0.0 1.0466954167620808e-05 0.0 0.0 0.0 0.0
949.6 10.024409305352975 -7.2174476930615175 37.39256181105797 -660869.8610279878 1.0513956419373421e-05 24.881862186614445 23.958703048297867 24.881862186614445 161.86439164647285 855.9773764806953 400.0 0.0 0.0 0.0 0.0 0.0 2.443004551768e-08 0.0 0.0 0.0 0.0 1.0513919889246582e-05 0.0 0.0 0.0 0.0
971.15 10.031239398007342 -7.225861819500973 37.95125266149399 -660333.3184855691 1.0575080889201602e-05 24.95566456577995 24.002325027781357 24.95566456577995 161.45291390406888 855.2389168493542 400.0 0.0 0.0 0.0 0.0 0.0 2.443004551768e-08 0.0 0.0 0.0 0.0 1.0575080889201602e-05 0.0 0.0 0.0 0.0
992.93 10.038192515552348 -7.234492551012413 38.50504041597511 -659789.6067238647 1.060527535579016e-05 25.022218303585667 24.043654041016758 25.022218303585667 161.0563632808342 854.4793253282056 400.0 0.0 0.0 0.0 0.0 0.0 2.443004551768e-08 0.0 0.0 0.0 0.0 1.060527535579016e-05 0.0 0.0 0.0 0.0
1014.97 10.045233880976493 -7.243350237016407 39.05477406342606 -659237.6292488533 1.0633402099011534e-05 25.08639443241192 24.082785435606255 25.08639443241192 160.62509653845504 853.7466051190096 400.0 0.0 0.0 0.0 0.0 0.0 2.443004551768e-08 0.0 0.0 0.0 0.0 1.0633402099011534e-05 0.0 0.0 0.0 0.0
1037.24 10.052400485558925 -7.252427991216739 39.599940298334225 -658678.2813338874 1.0700165040970029e-05 25.15639697323548 24.119791374364453 25.15639697323548 160.2101941443402 853.048245094302 400.0 0.0 0.0 0.0 0.0 0.0 2.443004551768e-08 0.0 0.0 0.0 0.0 1.0700165040970029e-05 0.0 0.0 0.0 0.0
1059.75 10.05967753513411 -7.2617301787389374 40.14059864465137 -658111.4486477842 1.0737721457389263e-05 25.219449496603485 24.15491300064439 25.219449496603485 159.7921317740673 852.3332551127207 400.0 0.0 0.0 0.0 0.0 0.0 2.443004551768e-08 0.0 0.0 0.0 0.0 1.0737941990060601e-05 0.0 0.0 0.0 0.0
1082.51 10.06707254285548 -7.271262937048712 40.677061410221874 -657536.8936658124 1.078231572622778e-05 25.28266959081873 24.188275948375356 25.28266959081873 159.375274328792 851.6010554665093 400.0 0.0 0.0 0.0 0.0 0.0 2.443004551768e-08 0.0 0.0 0.0 0.0 1.078231572622778e-05 0.0 0.0 0.0 0.0
1105.5 10.074574168111004 -7.281019043592189 41.2089081249154 -656955.0926609432 1.0822439772538153e-05 25.34377430694261 24.219953348743875 25.34377430694261 158.9527019330064 850.8530000751454 400.0 0.0 0.0 0.0 0.0 0.0 2.443004551768e-08 0.0 0.0 0.0 0.0 1.0819740369414314e-05 0.0 0.0 0.0 0.0
1128.74 10.082192508342715 -7.291008843639125 41.73667852454455 -656365.5512505838 1.0864094687482101e-05 25.404147375029797 24.250070144741397 25.404147375029797 158.52781554945028 850.0882225412139 400.0 0.0 0.0 0.0 0.0 0.0 2.443004551768e-08 0.0 0.0 0.0 0.0 1.0865175550498277e-05 0.0 0.0 0.0 0.0
1152.22 10.089927055779754 -7.301230030219183 42.260213583912154 -655768.5410545605 1.090545153100784e-05 25.463522712256104 24.27870304644379 25.463522712256104 158.105909420635 849.3069037758887 400.0 0.0 0.0 0.0 0.0 0.0 2.443004551768e-08 0.0 0.0 0.0 0.0 1.090545153100784e-05 0.0 0.0 0.0 0.0
1175.94 10.097773327560713 -7.311683589715236 42.77956508974037 -655164.0177383992 1.094564244163381e-05 25.521721015541118 24.30593591087405 25.521721015541118 157.67764014482748 848.5096717080557 400.0 0.0 0.0 0.0 0.0 0.0 2.443004551768e-08 0.0 0.0 0.0 0.0 1.094394451709829e-05 0.0 0.0 0.0 0.0
1199.91 10.105738808979108 -7.322376023031585 43.29502434330151 -654551.7498299563 1.0986006600282205e-05 25.57918693166349 24.331859115301622 25.57918693166349 157.2500319786375 847.6958627507848 400.0 0.0 0.0 0.0 0.0 0.0 2.443004551768e-08 0.0 0.0 0.0 0.0 1.0986006600282205e-05 0.0 0.0 0.0 0.0
1224.11 10.113816640854632 -7.333299851233424 43.80622550561839 -653932.232978121 1.1025310811792533e-05 25.635662564269786 24.3565251534797 25.635662564269786 156.82185427651027 846.8662952422276 400.0 0.0 0.0 0.0 0.0 0.0 2.443004551768e-08 0.0 0.0 0.0 0.0 1.1025165499842989e-05 0.0 0.0 0.0 0.0
1248.56 10.122013578882454 -7.344465623959666 44.31365580659445 -653304.9468777899 1.1064754248380732e-05 25.69152750753323 24.380023945443433 25.69152750753323 156.39259453892205 846.020379998759 400.0 0.0 0.0 0.0 0.0 0.0 2.443004551768e-08 0.0 0.0 0.0 0.0 1.1064754248380732e-05 0.0 0.0 0.0 0.0
1273.25 10.13032711580293 -7.355870399035829 44.81716863605286 -652670.1385167947 1.1102360166484305e-05 25.74635856699798 24.402410289736196 25.74635856699798 155.96292266754156 845.1584630349568 400.0 0.0 0.0 0.0 0.0 0.0 2.443004551768e-08 0.0 0.0 0.0 0.0 1.1102360166484305e-05 0.0 0.0 0.0 0.0
1298.18 10.138756556747376 -7.367515333881845 45.31682510306131 -652027.7678764904 1.1141830960336956e-05 25.801054732039127 24.42374519265853 25.801054732039127 155.5268599969876 844.2807048729586 400.0 0.0 0.0 0.0 0.0 0.0 2.443004551768e-08 0.0 0.0 0.0 0.0 1.1141330727632159e-05 0.0 0.0 0.0 0.0
1323.35 10.147305185529254 -7.379402844947647 45.81269799291561 -651377.9004531218 1.1180305042067014e-05 25.855125331977945 24.444086390978697 25.855125331977945 155.10037137243233 843.3868221167198 400.0 0.0 0.0 0.0 0.0 0.0 2.443004551768e-08 0.0 0.0 0.0 0.0 1.1180305042067014e-05 0.0 0.0 0.0 0.0
1348.77 10.155974496588684 -7.391538339110748 46.305035140395354 -650720.1892805027 1.1216952584710087e-05 25.908281523328416 24.46349480957 25.908281523328416 154.66821023691205 842.476731819743 400.0 0.0 0.0 0.0 0.0 0.0 2.443004551768e-08 0.0 0.0 0.0 0.0 1.1216769074737545e-05 0.0 0.0 0.0 0.0
1374.42 10.16475894409551 -7.403914043651509 46.79351420523914 -650055.1636956834 1.1254084048064541e-05 25.96116918899514 24.482005827912367 25.96116918899514 154.2360414979596 841.5510689318667 400.0 0.0 0.0 0.0 0.0 0.0 2.443004551768e-08 0.0 0.0 0.0 0.0 1.12541255533626e-05 0.0 0.0 0.0 0.0
1400.32 10.173665864977796 -7.416541127761166 47.27857792418846 -649382.2956548759 1.1290763264910246e-05 26.013641102811732 24.499681382886124 26.013641102811732 153.80467771535857 840.6091088909004 400.0 0.0 0.0 0.0 0.0 0.0 2.443004551768e-08 0.0 0.0 0.0 0.0 1.1290792048310826e-05 0.0 0.0 0.0 0.0
1426.46 10.182692540757708 -7.429416023029172 47.76009597116286 -648701.8059405944 1.1327488494200037e-05 26.06581859316722 24.516558725730896 26.06581859316722 153.37033669638114 839.651177769415 400.0 0.0 0.0 0.0 0.0 0.0 2.443004551768e-08 0.0 0.0 0.0 0.0 1.1327488494200037e-05 0.0 0.0 0.0 0.0
1452.84 10.191839378800465 -7.442540398417236 48.23812827784322 -648013.6998706225 1.1363337718765125e-05 26.11753330238393 24.53267981204016 26.11753330238393 152.93733617363404 838.6772672022316 400.0 0.0 0.0 0.0 0.0 0.0 2.443004551768e-08 0.0 0.0 0.0 0.0 1.136261855501975e-05 0.0 0.0 0.0 0.0
1479.46 10.201106236962772 -7.455915803508325 48.712732160303744 -647317.9738383745 1.1398735667216703e-05 26.16896211530817 24.548084037882976 26.16896211530817 152.50815713158434 837.6874228061367 400.0 0.0 0.0 0.0 0.0 0.0 2.443004551768e-08 0.0 0.0 0.0 0.0 1.1398754950983581e-05 0.0 0.0 0.0 0.0
1506.33 10.210499631609816 -7.469548185248406 49.18414796570616 -646614.2798348536 1.1434381944787268e-05 26.220239380747085 24.562814118869426 26.220239380747085 152.07157105331893 836.6809603857897 400.0 0.0 0.0 0.0 0.0 0.0 2.443004551768e-08 0.0 0.0 0.0 0.0 1.1436768337609389e-05 0.0 0.0 0.0 0.0
1533.43 10.220012260426738 -7.48342913820684 49.652079844769275 -645903.1570000079 1.1470019953416962e-05 26.271365824639055 24.576893946644685 26.271365824639055 151.63422452861897 835.6586805090984 400.0 0.0 0.0 0.0 0.0 0.0 2.443004551768e-08 0.0 0.0 0.0 0.0 1.1470019953416962e-05 0.0 0.0 0.0 0.0
1560.78 10.2296469098607 -7.497570885916476 50.116915037209964 -645184.1383691173 1.1497944952837641e-05 26.320225446893602 24.590366396747537 26.320225446893602 151.20791360934265 834.6203087966117 400.0 0.0 0.0 0.0 0.0 0.0 2.443004551768e-08 0.0 0.0 0.0 0.0 1.1497944952837641e-05 0.0 0.0 0.0 0.0
1588.37 10.239401045750194 -7.511969473728889 50.57853683689876 -644457.4389924087 1.1537155574148983e-05 26.37248944026991 24.603257243643696 26.37248944026991 150.788317449722 833.5661225275734 400.0 0.0 0.0 0.0 0.0 0.0 2.443004551768e-08 0.0 0.0 0.0 0.0 1.1534473299885148e-05 0.0 0.0 0.0 0.0
1616.2 10.249283495786331 -7.526625459574946 51.037026354974074 -643722.9152150274 1.1570815299098693e-05 26.42292025738779 24.615596478920043 26.42292025738779 150.3578199021399 832.4951524125369 400.0 0.0 0.0 0.0 0.0 0.0 2.443004551768e-08 0.0 0.0 0.0 0.0 1.1570815299098693e-05 0.0 0.0 0.0 0.0
1644.27 10.259286202596941 -7.541541057407735 51.49241076426038 -642980.6673732509 1.160392822111048e-05 26.473256933456856 24.627410909336575 26.473256933456856 149.9345472796884 831.408275369612 400.0 0.0 0.0 0.0 0.0 0.0 2.443004551768e-08 0.0 0.0 0.0 0.0 1.1596446397471102e-05 0.0 0.0 0.0 0.0
1672.59 10.26942076693438 -7.556722441373763 51.94492539553432 -642230.3117272881 1.1658718970548864e-05 26.530585599886937 24.638731066665006 26.530585599886937 149.50551590082256 830.3042097064531 400.0 0.0 0.0 0.0 0.0 0.0 2.443004551768e-08 0.0 0.0 0.0 0.0 1.1658718970548864e-05 0.0 0.0 0.0 0.0
1701.14 10.279692711602275 -7.572159559044877 52.39434127699445 -641472.2202001315 1.167194051611794e-05 26.574188339302744 24.649574416591435 26.574188339302744 149.05408780331646 829.1823096083358 400.0 0.0 0.0 0.0 0.0 0.0 2.443004551768e-08 0.0 0.0 0.0 0.0 1.1649936621087093e-05 0.0 0.0 0.0 0.0
1729.94 10.29005049253585 -7.587868104158365 52.840838320314965 -640706.494268629 1.1700845072454681e-05 26.623711684556998 24.659967126833152 26.623711684556998 148.6649462471912 828.0483137035424 400.0 0.0 0.0 0.0 0.0 0.0 2.443004551768e-08 0.0 0.0 0.0 0.0 1.1727685391751739e-05 0.0 0.0 0.0 0.0
1758.98 10.300622589927347 -7.603837003374077 53.284722580795 -639931.9773317268 1.1739841227987772e-05 26.67526721003883 24.669937155440458 26.67526721003883 148.16431840059983 826.8878686987824 400.0 0.0 0.0 0.0 0.0 0.0 2.443004551768e-08 0.0 0.0 0.0 0.0 1.1767657397322918e-05 0.0 0.0 0.0 0.0
1788.26 10.311234607350693 -7.620076363848303 53.725493261373856 -639150.4481660811 1.173067897159168e-05 26.711741037912606 24.67949215268503 26.711741037912606 147.773259200928 825.720405915557 400.0 0.0 0.0 0.0 0.0 0.0 2.443004551768e-08 0.0 0.0 0.0 0.0 1.173067897159168e-05 0.0 0.0 0.0 0.0
1817.79 10.321993496035997 -7.636588011953301 54.16367009229616 -638360.5527398498 1.1798372557706422e-05 26.774748071428796 24.688662353163686 26.774748071428796 147.3625864232083 824.533969336891 400.0 0.0 0.0 0.0 0.0 0.0 2.443004551768e-08 0.0 0.0 0.0 0.0 1.1792158421974256e-05 0.0 0.0 0.0 0.0
1847.55 10.332883089279983 -7.653362616224642 54.59897480806452 -637562.8979545872 1.1847493937315842e-05 26.83158612371973 24.697459294554882 26.83158612371973 146.94543789366077 823.3303180157229 400.0 0.0 0.0 0.0 0.0 0.0 2.443004551768e-08 0.0 0.0 0.0 0.0 1.1847493937315842e-05 0.0 0.0 0.0 0.0
1877.56 10.343931160522894 -7.670412218279416 55.03181011297406 -636756.7449822798 1.1858259470987807e-05 26.87443396803386 24.70590762268655 26.87443396803386 146.50415675659414 822.1063062150087 400.0 0.0 0.0 0.0 0.0 0.0 2.443004551768e-08 0.0 0.0 0.0 0.0 1.1858259470987807e-05 0.0 0.0 0.0 0.0
1907.81 10.35506025836467 -7.687734892602301 55.46184086032901 -635942.9997515014 1.1888866729555352e-05 26.925282172354102 24.714016063607644 26.925282172354102 146.10965961001483 820.8705850637946 400.0 0.0 0.0 0.0 0.0 0.0 2.443004551768e-08 0.0 0.0 0.0 0.0 1.1877360295160622e-05 0.0 0.0 0.0 0.0
1938.3 10.366352700038236 -7.705329412076219 55.889354456196166 -635120.9316757334 1.1926998798890331e-05 26.97874034153354 24.72180279079193 26.97874034153354 145.68565898299343 819.618940162602 400.0 0.0 0.0 0.0 0.0 0.0 2.443004551768e-08 0.0 0.0 0.0 0.0 1.1926998798890331e-05 0.0 0.0 0.0 0.0
1969.03 10.377754916635864 -7.723198611800837 56.31373115603518 -634291.9570301587 1.194730659129456e-05 27.0258575423967 24.729198815288992 27.0258575423967 145.28048917761956 818.5125530284943 400.0 0.0 0.0 0.0 0.0 0.0 2.443004551768e-08 0.0 0.0 0.0 0.0 1.1935395501852417e-05 0.0 0.0 0.0 0.0
2000.0 10.389306001029667 -7.741342841790138 56.73563728692311 -633454.76057106 1.1976537396841782e-05 27.076370294268383 24.736307749466008 27.076370294268383 144.86216451026627 817.3894471356565 400.0 0.0 0.0 0.0 0.0 0.0 2.443004551768e-08 0.0 0.0 0.0 0.0 1.2024795800325885e-05 0.0 0.0 0.0 0.0
