#Found quasiharmonic mode : None
#T(K), volume, F(eV), S(J/K), H(J/K), a(-6/K), Cp(J/mol), Cv, Cpion, Bt(GPa), T_ph-D(K), T-D(K), F_el_atom, S_el_atom, C_el_atom, M_el, Seebeck_coefficients(μV/K), Lorenz_number(WΩK^{−2}), Q_el, Q_p, Q_e, C_mu, W_p, W_e, Y_p, Y_e
0.0 11.841143033366958 -8.300829643853929 0.0 -800908.3050587877 0.0 0.0 0.0 0.0 201.45244876452045 400.0 400.0 0.0 0.0 0.0 0.0 0.0 2.443004551768e-08 0.0 0.0 0.0 0.0 0.0 0.0 0.0 0.0 0.0
0.28 11.841143033413122 -8.300829643859396 4.78601461376795e-06 -800908.305057975 3.2300072812770725e-12 1.4358039783187816e-05 1.4358039783150048e-05 1.4358039583719278e-05 201.4524487585791 143.77210180899678 400.0 -3.5351868082207337e-13 1.4192074470021293e-12 1.9946853887935282e-13 1.5021528860516156 -1046.972709022189 1.4851201773871072e-08 1.1995666984385161e-14 2.1782901064581866e-15 9.817376877926976e-15 1.7405495223364445e-11 3.2300072812770725e-12 2.1782901064581827e-15 9.817376877926979e-15 2.1774550872340704e-15 9.81741329819296e-15
0.8 11.841143036313632 -8.300829644172557 0.00011162716494809879 -800908.3050002289 4.1247816386377163e-10 0.0003348817632105548 0.0003348817614508027 0.0003348817630132418 201.45244856015708 143.77204863793142 400.0 -3.535008823265599e-13 1.6109003148315777e-12 1.9731299348275435e-13 1.501555544880765 -1218.047832587545 1.4851628208435213e-08 1.1865695783500193e-14 2.2189982987327915e-15 9.646697484767402e-15 2.313466654956547e-11 4.1247816386377163e-10 2.2189982987327915e-15 9.646697484767402e-15 2.2188992755640075e-15 9.646701792497115e-15
1.56 11.841143075959373 -8.300829648451467 0.0008277067188660797 -800908.3042111602 3.0585319926265894e-09 0.002483069800648224 0.002483069611975014 0.0024830698004476115 201.45244571095617 143.77275749561844 400.0 -3.589995393007342e-13 1.7692843045654628e-12 2.0061265648633617e-13 1.5005863374411632 -1324.5317474841565 1.4851670763597441e-08 1.2064091114720035e-14 2.2583099606621882e-15 9.805781154057842e-15 2.773063748457965e-11 3.0585319926265894e-09 2.2583099606621882e-15 9.805781154057842e-15 2.258283824577538e-15 9.805782324625436e-15
2.56 11.841143341992385 -8.300829677170627 0.003654738356207068 -800908.2989172301 1.3554900339456663e-08 0.010943380027167783 0.010943373945927315 0.010943380026969847 201.45242683686786 143.9034443934583 400.0 -3.5349997695487e-13 1.843613975281562e-12 1.9793468154830779e-13 1.4992132063527002 -1406.3859180413178 1.4851679347557017e-08 1.1903040887986862e-14 2.2942785250255443e-15 9.608762362961319e-15 3.0724133161250536e-11 1.3554900339456663e-08 2.2942785250255443e-15 9.608762362961319e-15 2.2942692741252908e-15 9.608762780695551e-15
3.8 11.841144514358534 -8.300829804221232 0.011915466452192967 -800908.2752531075 4.318537863276765e-08 0.03572794919859811 0.03572785757307281 0.03572794919839677 201.45234366840103 143.98908618487567 400.0 -3.5351429510146346e-13 1.954002226765633e-12 2.0133634321610978e-13 1.497432840365163 -1468.0821202449993 1.485168096241784e-08 1.2107602600078523e-14 2.2740427703223397e-15 9.833559829756181e-15 3.4085856517371075e-11 4.318537863276765e-08 2.2740427703223397e-15 9.833559829756181e-15 2.2740384514750883e-15 9.833560028034047e-15
5.29 11.841148352257608 -8.300830227213295 0.032497895098949986 -800908.1894305449 1.0702728671425288e-07 0.10008747591092926 0.1000866924746583 0.10008747591072092 201.45207126366267 142.1931004082332 400.0 -3.5348513767077984e-13 2.0861891683945e-12 2.0833209116438305e-13 1.4952130623733206 -1518.309740780358 1.4851684983756704e-08 1.2528296905502887e-14 2.3125479013656433e-15 1.0215749004137244e-14 3.769035727037945e-11 1.0702728671425288e-07 2.3125479013656433e-15 1.0215749004137245e-14 2.3125456976640804e-15 1.0215749114359655e-14
7.01 11.841158012264119 -8.300831335057492 0.07806771189601744 -800907.9209804647 2.1440450763505727e-07 0.24399325280165193 0.24398908656736565 0.24399325280145998 201.45138563607168 140.00403033981172 400.0 -3.534743244029235e-13 1.987035553193379e-12 1.919683709703487e-13 1.4924895513700478 -1571.3210749044224 1.4851762261370467e-08 1.1544185154113807e-14 2.234774016030933e-15 9.309411138082873e-15 3.72009085629293e-11 2.1440450763505727e-07 2.234774016030933e-15 9.309411138082873e-15 2.234772678654009e-15 9.309411190489298e-15
8.98 11.8411781762121 -8.300833814207007 0.1675079554299303 -800907.2032152498 3.651128324671267e-07 0.5040523166638066 0.5040368396905346 0.5040523166636076 201.44995451946488 140.79981150444212 400.0 -3.588953429435362e-13 2.1031376935975612e-12 1.9895073503728096e-13 1.4893447744167867 -1608.016511969289 1.4852243563490902e-08 1.196368798942126e-14 2.2755002049539108e-15 9.68818778446735e-15 4.0322453802779e-11 3.651128324671267e-07 2.2755002049539108e-15 9.688187784467345e-15 2.275499428301756e-15 9.68818781898265e-15
11.19 11.841213855625169 -8.300838677550932 0.3169614866553994 -800905.6298790077 5.431906323952048e-07 0.8777286167226618 0.8776859306714864 0.8777286167224544 201.44742217357688 145.6927765927242 400.0 -3.532911871967137e-13 2.233276066958152e-12 2.0736320639816347e-13 1.4857334376911686 -1639.0702557582724 1.4852000793958281e-08 1.2469766712759996e-14 2.2739030770253175e-15 1.0195863635734675e-14 4.371340672813537e-11 5.431906323952048e-07 2.2739030770253175e-15 1.0195863635734675e-14 2.2739025764004104e-15 1.019586366027394e-14
13.64 11.84126918296705 -8.300847324679712 0.5337831749971628 -800902.7301966286 7.230939789182974e-07 1.3281674533934538 1.328075249603054 1.3281674533932553 201.443495256706 154.2800064405513 400.0 -3.586431636701838e-13 2.182722578543867e-12 1.9838771363578385e-13 1.4815131288260752 -1675.4618052739197 1.4834087247547351e-08 1.1944432929839179e-14 2.294731456264592e-15 9.649701473574588e-15 4.3669455750035026e-11 7.230939789182974e-07 2.294731456264592e-15 9.649701473574591e-15 2.294731118266261e-15 9.649701488416995e-15
16.34 11.841346395422777 -8.300861602004575 0.8165013503210754 -800898.0469195024 8.781900994520532e-07 1.8100201501468285 1.809857233652556 1.8100201501466344 201.43801496001876 165.96154147518996 400.0 -3.584142593673644e-13 2.1853340762903273e-12 1.9400332868021165e-13 1.476783999181007 -1705.884482337669 1.4737693819477972e-08 1.175685723988662e-14 2.2855692600996614e-15 9.471287979786955e-15 4.454201561939699e-11 8.781900994520532e-07 2.2855692600996614e-15 9.471287979786955e-15 2.285569027255965e-15 9.471287989762901e-15
19.27 11.841444000466751 -8.300883531434552 1.153954198047166 -800891.2677225049 9.869019151904205e-07 2.283380294013325 2.283137658552814 2.2833802940131323 201.43108712263472 180.10674557917505 400.0 -3.5263450360882564e-13 2.2455166886049324e-12 1.9262883891525071e-13 1.4716047202016407 -1730.5055469481676 1.445072394078402e-08 1.1905380911092773e-14 2.247746926010384e-15 9.657633985082391e-15 4.649907136573715e-11 9.869019151904205e-07 2.247746926010384e-15 9.657633985082391e-15 2.247746751419736e-15 9.657633992534744e-15
22.45 11.841559085733007 -8.300915662109533 1.537223740957781 -800882.0938857634 1.0403288909438266e-06 2.733451464104139 2.7331373634459144 2.7334514641039482 201.4229184133321 196.34962253715335 400.0 -3.5227070072646327e-13 2.33583373919296e-12 1.9094690491000122e-13 1.4658971821373044 -1753.3691343127152 1.3914517292942876e-08 1.2256206544358049e-14 2.3506110496936683e-15 9.905595494664377e-15 4.8949496735712224e-11 1.0403288909438266e-06 2.3506110496936683e-15 9.905595494664377e-15 2.350610930087834e-15 9.90559550042872e-15
25.87 11.841685904504356 -8.300960525088476 1.9549825936835703 -800870.3577784726 1.0386112454451147e-06 3.1564937339707297 3.1561329901557715 3.1564937339705468 201.41391661992645 214.20506425901948 400.0 -3.5191455610767144e-13 2.3982353095850743e-12 1.8283775392400734e-13 1.4596812235538164 -1775.017333921157 1.3115311867097806e-08 1.2450845620943679e-14 2.3321142320356626e-15 1.0118731388908013e-14 5.0858944608747265e-11 1.0386112454451147e-06 2.3321142320356626e-15 1.0118731388908013e-14 2.332114148039051e-15 1.0118731393433938e-14
29.53 11.841818171334548 -8.301020850878556 2.3995106791432477 -800855.8961817075 9.894419051716045e-07 3.560387551122423 3.560013849419758 3.5603875511222562 201.4045278763302 233.2350272924886 400.0 -3.513803537035511e-13 2.400335151772219e-12 1.670094260121462e-13 1.4528927372236005 -1798.1404016673207 1.2097941900625097e-08 1.232937556258255e-14 2.3008631899049315e-15 1.0028512372677615e-14 5.150956881086694e-11 9.894419051716045e-07 2.3008631899049315e-15 1.0028512372677615e-14 2.3008631289928596e-15 1.0028512376093945e-14
33.43 11.841949622618255 -8.301099482908127 2.8658159920134647 -800838.536340938 9.039461720672583e-07 3.95709993149227 3.956746840006065 3.9570999314921136 201.39519667774152 253.01067351590135 400.0 -3.509930052581041e-13 2.403985219481872e-12 1.5619533859320712e-13 1.4455517694639959 -1821.549254415285 1.1384633144551226e-08 1.2253513148708396e-14 2.385354369992232e-15 9.868158778716165e-15 5.2064940807417634e-11 9.039461720672583e-07 2.385354369992232e-15 9.868158778716162e-15 2.3853543322863126e-15 9.868158781302196e-15
37.58 11.842074909795588 -8.301199641973152 3.35237757263305 -800818.0221010253 7.935743922131443e-07 4.359620184956018 4.359314282325887 4.35962018495586 201.3863029318308 273.18329685220084 400.0 -3.5680065401817697e-13 2.5346892062239177e-12 1.5869664503031719e-13 1.437929751499764 -1837.1428024517422 1.1039693693420528e-08 1.2838737361485713e-14 2.3567082974441592e-15 1.0482029064041553e-14 5.530502162919139e-11 7.935743922131443e-07 2.3567082974441592e-15 1.0482029064041553e-14 2.3567082719746615e-15 1.0482029066345077e-14
41.96 11.84218876757477 -8.301323940379017 3.855840536610934 -800794.2063542603 6.694790917808434e-07 4.775954455189873 4.775711376209596 4.775954455189729 201.37822025443398 293.3148260935508 400.0 -3.569297789765542e-13 2.3598227025584166e-12 1.4404762473194728e-13 1.429283920435104 -1865.4218620677977 1.0865043226397235e-08 1.1840941506402203e-14 2.3664082432969827e-15 9.474533263105219e-15 5.205249633846507e-11 6.694790917808434e-07 2.3664082432969827e-15 9.474533263105219e-15 2.36640822879533e-15 9.47453326462537e-15
46.59 11.842288155465589 -8.301476199773093 4.378548015471737 -800766.6916693415 5.398736416873035e-07 5.215062356636001 5.214886846065762 5.215062356635847 201.37116461710957 313.2245437731355 400.0 -3.56688066301571e-13 2.4417796660813624e-12 1.5509729072117468e-13 1.420566033493936 -1881.1065714605666 1.1368994673974272e-08 1.2184108038736008e-14 2.3788857169740553e-15 9.805222321761951e-15 5.42215163013896e-11 5.398736416873035e-07 2.3788857169740553e-15 9.805222321761952e-15 2.3788857088852605e-15 9.805222323081048e-15
51.46 11.842370328404623 -8.301659591713248 4.919935698967592 -800735.2029625674 4.118136426204793e-07 5.680172022334456 5.680059227816713 5.680172022334292 201.3653309849294 332.66162490653556 400.0 -3.509581460982732e-13 2.4826540011823194e-12 1.6346442497615734e-13 1.4113118330683205 -1896.6803672440874 1.1863229645164279e-08 1.2306424920225857e-14 2.316155382604167e-15 9.990269537621695e-15 5.554737481400032e-11 4.118136426204793e-07 2.316155382604167e-15 9.990269537621695e-15 2.316155378014737e-15 9.990269538745248e-15
56.57 11.842433843035526 -8.301877740601574 5.480791803658921 -800699.3826292452 2.902970848440111e-07 6.173020161384749 6.172958547175035 6.173020161384575 201.36082193230635 351.483457139187 400.0 -3.50754936959507e-13 2.539693737091111e-12 1.7489461932305175e-13 1.4014808841115005 -1912.687027520591 1.2466116308042702e-08 1.2530167218819075e-14 2.468331895159791e-15 1.0061835323659284e-14 5.714528474289022e-11 2.902970848440111e-07 2.468331895159791e-15 1.0061835323659284e-14 2.468331893149765e-15 1.0061835324604467e-14
61.92 11.842478169502577 -8.302134468308804 6.06186556096016 -800658.8507641398 1.7888556524718636e-07 6.693450833087624 6.693425224493589 6.693450833087453 201.35767500939107 369.5953765487736 400.0 -3.5062592893459127e-13 2.4566377925305056e-12 1.711375818479325e-13 1.3909691764271688 -1930.5341766184804 1.2717178434922326e-08 1.2018941437667544e-14 2.3266706384163273e-15 9.692270799251219e-15 5.578812899726109e-11 1.7888556524718636e-07 2.3266706384163273e-15 9.692270799251219e-15 2.3266706372062896e-15 9.692270799985973e-15
67.52 11.842503614880764 -8.302434357331553 6.664806003089253 -800613.128670305 7.988628052158145e-08 7.240904542408293 7.24089897339743 7.2409045424081215 201.35586850277406 386.9674937061417 400.0 -3.5055189390488224e-13 2.4249747742346e-12 1.7188484469751466e-13 1.3800076508998158 -1945.927807196874 1.3035260585980299e-08 1.1776858619564604e-14 2.228781675678791e-15 9.548076943885812e-15 5.551574305849165e-11 7.988628052158145e-08 2.228781675678791e-15 9.548076943885812e-15 2.2287816750277257e-15 9.548076944487511e-15
73.35 11.842511084848418 -8.302780547051366 7.287796596554808 -800561.9787213692 -4.698770741470338e-09 7.810906791165725 7.810906770235736 7.810906791165549 201.35533820265127 403.5030033278201 400.0 -3.554255431562847e-13 2.424245330762879e-12 1.7536625556117458e-13 1.3684352875131125 -1961.9648321221314 1.3367764338398853e-08 1.171652547319701e-14 2.3912234872896e-15 9.325301985907412e-15 5.580964640919655e-11 -4.698770741470338e-09 2.3912234872896e-15 9.325301985907412e-15 2.391223487225055e-15 9.325301986395382e-15
79.43 11.842502238540794 -8.303178614640355 7.933044775841827 -800504.824538711 -7.414068134640458e-08 8.402205494062493 8.402199851204799 8.402205494062308 201.35596625203334 419.24146444652325 400.0 -3.4997464371767657e-13 2.524031878722194e-12 1.8521601760232938e-13 1.3568250200881804 -1970.6836673854543 1.3634376261986055e-08 1.2132627389889357e-14 2.327767211717358e-15 9.804860178171998e-15 5.844743766779706e-11 -7.414068134640458e-08 2.327767211717358e-15 9.804860178171998e-15 2.327767211799067e-15 9.80486017863236e-15
85.75 11.842479235097143 -8.303632547327238 8.59927798517559 -800441.3560440815 -1.2776046264718895e-07 9.0101417796475 9.01012368995649 9.01014177964731 201.35759932542834 434.1487829553735 400.0 -3.500417878940037e-13 2.5459434104085836e-12 1.8886822137723176e-13 1.3443144235318791 -1983.8082965830388 1.3851749279209257e-08 1.2177716551878055e-14 2.416594409484916e-15 9.761122142393143e-15 5.927954816958129e-11 -1.2776046264718895e-07 2.416594409484916e-15 9.76112214239314e-15 2.4165944097629596e-15 9.761122142785292e-15
92.31 11.842444731341534 -8.304147034585869 9.286037056724842 -800371.1905246244 -1.6546048122746892e-07 9.63072810402925 9.630695441831518 9.630728104029066 201.36004893951608 448.23027057961167 400.0 -3.5014252398604954e-13 2.484616494132477e-12 1.846462337525384e-13 1.3311149223655017 -1998.0046584482598 1.3972862241648482e-08 1.1802300530334513e-14 2.3122390585513876e-15 9.490061471783121e-15 5.828573957891949e-11 -1.6546048122746892e-07 2.3122390585513876e-15 9.49006147178312e-15 2.3122390588131494e-15 9.490061472104074e-15
99.11 11.842401769429589 -8.304726880929627 9.992623899774086 -800293.9623176801 -1.875059007449981e-07 10.259804588257694 10.259759552191994 10.259804588257502 201.36309893671992 461.49913097116087 400.0 -3.5097564732280127e-13 2.563240198135967e-12 1.9154289274339474e-13 1.3177980381230108 -2007.145171131921 1.4113512232192023e-08 1.2121113860667963e-14 2.3373932605757384e-15 9.783720600092228e-15 6.042329633560228e-11 -1.875059007449981e-07 2.3373932605757384e-15 9.783720600092228e-15 2.3373932608747924e-15 9.783720600388472e-15
106.16 11.8423536198351 -8.3053779406965 10.719152872858453 -800209.203721241 -1.944786442579041e-07 10.894048098361102 10.893996203608944 10.894048098360908 201.3665171995369 473.9919544939752 400.0 -3.5111556360558645e-13 2.6044955221102384e-12 1.9509405774273238e-13 1.3037720306994125 -2017.4910907174947 1.421446870263061e-08 1.2258152017814523e-14 2.3614010155039487e-15 9.896751002310576e-15 6.171057115039542e-11 -1.944786442579041e-07 2.3614010155039487e-15 9.896751002310576e-15 2.361401015812802e-15 9.896751002575349e-15
113.44 11.842303969877895 -8.306103329443346 11.462465855968441 -800116.836237678 -1.8721173165388908e-07 11.527515465799974 11.527464078379763 11.52751546579977 201.37004197640215 485.69839324973816 400.0 -3.512598985163918e-13 2.691757776308591e-12 2.0206331005833504e-13 1.289433098197412 -2025.5320708233278 1.4306077179535309e-08 1.2614745471842831e-14 2.370463969136817e-15 1.0244281502706012e-14 6.407052562686495e-11 -1.8721173165388908e-07 2.370463969136817e-15 1.0244281502706015e-14 2.3704639694414955e-15 1.0244281502954442e-14
120.97 11.842256356843107 -8.306910045056036 12.223353444740086 -800016.3155219856 -1.667630880709121e-07 12.157975911542705 12.157932429738272 12.15797591154251 201.37342203532543 496.67995813188395 400.0 -3.5124643990212443e-13 2.6233522401331245e-12 1.9656508762122644e-13 1.2737982900767661 -2039.4045901215059 1.4357040280468537e-08 1.2227933220471542e-14 2.3836965493125376e-15 9.844236671159005e-15 6.281209245490009e-11 -1.667630880709121e-07 2.3836965493125376e-15 9.844236671159005e-15 2.3836965496100577e-15 9.84423667136159e-15
128.74 11.842214556891186 -8.307802152176203 12.999416920538772 -799907.5049056215 -1.3437797213249977e-07 12.780842394166793 12.780812346928725 12.780842394166593 201.37638951469174 506.9520982582114 400.0 -3.569080303595093e-13 2.6835102259521906e-12 2.0088619075000483e-13 1.2582128574966158 -2047.6507097276854 1.4404005188621138e-08 1.2455994486959738e-14 2.3877656325860775e-15 1.0068228854373658e-14 6.454150774842331e-11 -1.3437797213249977e-07 2.3877656325860775e-15 1.0068228854373658e-14 2.387765632867737e-15 1.0068228854560883e-14
136.75 11.842182226977087 -8.30878466984974 13.789196341915131 -799790.1757842599 -9.141325323284444e-08 13.39276161341865 13.392746843288705 13.392761613418452 201.37868459032487 516.548937460155 400.0 -3.5700243333247504e-13 2.6427551418200214e-12 1.972064120076725e-13 1.2415142105494994 -2059.640129190272 1.4427948748460037e-08 1.2207536555950331e-14 2.399274519192395e-15 9.808262036757936e-15 6.389698344811667e-11 -9.141325323284444e-08 2.399274519192395e-15 9.808262036757935e-15 2.3992745194575146e-15 9.808262036915838e-15
145.01 11.842162890664351 -8.309863939270938 14.592141403552096 -799663.975627639 -3.921769333835959e-08 13.99148651500317 13.991483632279945 13.991486515002975 201.38005724684075 525.5157994175569 400.0 -3.570589071686869e-13 2.6177314133137615e-12 1.94497146531575e-13 1.22440382363428 -2069.679378914766 1.444110359933596e-08 1.202885925517464e-14 2.310688147129781e-15 9.718171108044857e-15 6.364594143077374e-11 -3.921769333835959e-08 2.310688147129781e-15 9.718171108044857e-15 2.3106881473551778e-15 9.718171108183057e-15
153.5 11.842159957446484 -8.311042300715428 15.404766513690078 -799529.0449880456 2.0654643123537016e-08 14.573046200588417 14.573045354170175 14.573046200588212 201.38026547533272 533.8661607743132 400.0 -3.5777132379291226e-13 2.740693369339672e-12 2.0345571494222571e-13 1.207267312264219 -2075.730487244247 1.44643613194976e-08 1.2562677884480136e-14 2.444219407971883e-15 1.0118458476508259e-14 6.681445793976044e-11 2.0654643123537016e-08 2.444219407971883e-15 1.0118458476508257e-14 2.444219408204346e-15 1.0118458476641884e-14
162.24 11.842176563090105 -8.312327426674944 16.227444938269873 -799384.9317861322 8.694393679856303e-08 15.136731202902173 15.13671535120196 15.136731202901975 201.379086636315 541.6545537608083 400.0 -3.5757750761639155e-13 2.6763952348949654e-12 1.9763082612209348e-13 1.1886720874646106 -2086.951372688503 1.4459427025854736e-08 1.2207175688519686e-14 2.397046165204512e-15 9.810129523315177e-15 6.559738645285201e-11 8.694393679856303e-08 2.397046165204512e-15 9.810129523315175e-15 2.397046165410386e-15 9.810129523427934e-15
171.22 11.842215609299961 -8.313722797291529 17.057694843918913 -799231.6867391128 1.582459348753831e-07 15.680190904311024 15.680135485860092 15.68019090431083 201.37631475171372 548.9046933303521 400.0 -3.5746398178433863e-13 2.654499341947957e-12 1.9515616300459603e-13 1.1695549523226099 -2097.110620114905 1.4454570148391091e-08 1.205837213410847e-14 2.4323409889026497e-15 9.626031145205821e-15 6.53469061893433e-11 1.582459348753831e-07 2.4323409889026497e-15 9.626031145205821e-15 2.432340989094661e-15 9.626031145303563e-15
180.43 11.842279622453677 -8.315231477527156 17.893145331635644 -799069.410551699 2.3323149589816489e-07 16.201644858490337 16.20151800265298 16.20164485849014 201.37177045745463 555.6425012966462 400.0 -3.572779448301262e-13 2.676285224373547e-12 1.9589521666051607e-13 1.150287073939709 -2104.3499471629507 1.4448319769578379e-08 1.2109273256795682e-14 2.399180579649898e-15 9.710092677145787e-15 6.616131559938206e-11 2.3323149589816489e-07 2.399180579649898e-15 9.710092677145787e-15 2.3991805798216113e-15 9.71009267723545e-15
189.9 11.842371171264258 -8.316863162944928 18.735078179669934 -798897.5131270158 3.110064570986298e-07 16.701880940532433 16.70164354068882 16.70188094053224 201.36527115422155 561.9204263971686 400.0 -3.5653555445269594e-13 2.684596112059366e-12 1.9558089121239226e-13 1.1302769759671125 -2111.8470832935395 1.4436586107294101e-08 1.2099669506323076e-14 2.3748963975080447e-15 9.724773108815029e-15 6.66433134700383e-11 3.110064570986298e-07 2.3748963975080447e-15 9.724773108815029e-15 2.374896397662728e-15 9.724773108896324e-15
199.6 11.84249203640556 -8.318617370147914 19.579457550277745 -798716.500010887 3.90303644049242e-07 17.178746268165746 17.178353290085393 17.178746268165543 201.35669052857276 567.7477338884255 400.0 -3.5608637012846456e-13 2.7790170980833308e-12 2.0183122870565563e-13 1.1102216012374688 -2116.3198089300745 1.4432882195233734e-08 1.2489552851307763e-14 2.406600388831873e-15 1.0082952462475886e-14 6.919472846891416e-11 3.90303644049242e-07 2.406600388831873e-15 1.0082952462475886e-14 2.406600388975167e-15 1.0082952462554986e-14
209.54 11.842644045039759 -8.32050023429439 20.425920594861026 -798526.1811089849 4.703055844889261e-07 17.632576791890695 17.631977812215403 17.632576791890504 201.34589860090531 573.1600989907554 400.0 -3.5635580149104643e-13 2.6818012144047167e-12 1.9346796118365678e-13 1.088176625638349 -2127.339900183862 1.4396867952957541e-08 1.2001972475491121e-14 2.4087827762041307e-15 9.59318969928699e-15 6.708324347675402e-11 4.703055844889261e-07 2.4087827762041307e-15 9.593189699286996e-15 2.408782776338949e-15 9.593189699352186e-15
219.73 11.842828863558227 -8.32251812718637 21.274114676430983 -798326.3643584452 5.503124759215388e-07 18.06382721058141 18.062967264103992 18.06382721058122 201.33277686081016 578.1894925811871 400.0 -3.558220199659527e-13 2.6965725291742477e-12 1.9360676536444073e-13 1.0663719338259114 -2133.726294909097 1.4377788461554617e-08 1.2026521510211237e-14 2.4043546271755787e-15 9.622166883035652e-15 6.770152651564555e-11 5.503124759215388e-07 2.4043546271755787e-15 9.622166883035652e-15 2.404354627298393e-15 9.62216688309537e-15
230.16 11.84304756618032 -8.324673438036971 22.122091482554488 -798117.2608839148 6.295821374736368e-07 18.472294463420113 18.471115575504044 18.47229446341992 201.31724866107072 582.8561908259493 400.0 -3.55191445364761e-13 2.700674411746442e-12 1.928622161599383e-13 1.0436941916214286 -2140.983443186458 1.4343912713986669e-08 1.200856496611534e-14 2.472290746582683e-15 9.536274219532657e-15 6.802646502176625e-11 6.295821374736368e-07 2.472290746582683e-15 9.536274219532653e-15 2.472290746699773e-15 9.536274219586195e-15
240.83 11.843301126382453 -8.326970296810524 22.968853740348276 -797898.9055948502 7.075650376392511e-07 18.85842913419071 18.856871190899756 18.858429134190516 201.29924475574995 587.1847797524374 400.0 -3.543126874477749e-13 2.7505667773069888e-12 1.9550796689586356e-13 1.0210130902881 -2145.3531846330056 1.4319854131100606e-08 1.2193754815307506e-14 2.4758169297377904e-15 9.717937885569717e-15 6.950319862957322e-11 7.075650376392511e-07 2.4758169297377904e-15 9.717937885569717e-15 2.475816929844353e-15 9.717937885620505e-15
251.74 11.843590299172776 -8.329412722897693 23.813493212071393 -797671.3441521305 7.838142925134034e-07 19.222826131486467 19.220827865875176 19.222826131486272 201.27871099216912 591.198474014544 400.0 -3.5347534920506496e-13 2.7846653546039e-12 1.9694560162666637e-13 0.9977310454408811 -2149.551600943005 1.4292665619135035e-08 1.2306785909661247e-14 2.4516794629762157e-15 9.855106446685037e-15 7.059623204411869e-11 7.838142925134034e-07 2.4516794629762157e-15 9.855106446685035e-15 2.4516794630737647e-15 9.855106446732835e-15
262.89 11.843915642819333 -8.332004625693303 24.655188481001964 -797434.631035624 8.579757050288597e-07 19.566192838076365 19.56369271865562 19.566192838076173 201.2556073334685 594.9191577239674 400.0 -3.5256153925619884e-13 2.764917164932745e-12 1.9420231001228235e-13 0.9732669776267305 -2155.789166721185 1.4240984163775422e-08 1.2179402436021694e-14 2.4524232803724736e-15 9.726979155649222e-15 7.034396360022921e-11 8.579757050288597e-07 2.4524232803724736e-15 9.726979155649222e-15 2.4524232804622385e-15 9.726979155692003e-15
274.29 11.844277871038427 -8.334752258600705 25.493927987085584 -797188.6103014314 9.298388129751112e-07 19.889593149437076 19.88652963601011 19.889593149436887 201.22988246386416 598.3703069226269 400.0 -3.521425126531116e-13 2.7226256871482297e-12 1.895844027770755e-13 0.947825659098219 -2162.9684897598595 1.4161867396099884e-08 1.1956213844161237e-14 2.49449524516193e-15 9.461718598999309e-15 6.950149228562532e-11 9.298388129751112e-07 2.49449524516193e-15 9.461718598999309e-15 2.494495245247378e-15 9.461718599036575e-15
285.93 11.844676932346704 -8.33765703279435 26.328289650962702 -796933.5600519169 9.991356967321433e-07 20.193563088632484 20.18987622897335 20.193563088632292 201.20153956981767 601.5678506930659 400.0 -3.5101080529502993e-13 2.814826987879849e-12 1.9431356586885048e-13 0.9232200865431074 -2164.6896038847453 1.4068459089506956e-08 1.2335824509913555e-14 2.5483544894263377e-15 9.787470020487219e-15 7.201039957263726e-11 9.991356967321433e-07 2.5483544894263377e-15 9.787470020487216e-15 2.548354489508299e-15 9.787470020523898e-15
297.81 11.84511292013227 -8.340722536070782 27.15769126817623 -796669.5519769826 1.0657291002979156e-06 20.4789980358218 20.474629559439887 20.47899803582162 201.17057129268684 604.5300054697151 400.0 -3.4977877153323395e-13 2.7738839289657956e-12 1.8576282956760155e-13 0.896783069443436 -2170.6062816976055 1.3691538195467693e-08 1.2117643409634044e-14 2.5445024097643643e-15 9.573140999869675e-15 7.120813235724515e-11 1.0657291002979156e-06 2.5445024097643643e-15 9.573140999869677e-15 2.544502409840148e-15 9.573140999902074e-15
309.93 11.84558581327429 -8.343952254051185 27.98162111663101 -796396.6605928739 1.129534824367107e-06 20.746814290110773 20.741708008727713 20.746814290110578 201.13697838455346 607.273818158043 400.0 -3.4797487097042793e-13 2.749924926244605e-12 1.9459170790668028e-13 0.869725097924601 -2176.169989524203 1.4504572217039058e-08 1.1982046425522393e-14 2.6096647393236384e-15 9.372381686198755e-15 7.07940535311785e-11 1.129534824367107e-06 2.6096647393236384e-15 9.372381686198753e-15 2.6096647393975144e-15 9.372381686227447e-15
322.29 11.846095493748354 -8.347349573143175 28.799632970047412 -796114.962176543 1.1905131533563718e-06 20.997934381165503 20.99203647854165 20.9979343811649 201.1007685307973 609.8152157596994 400.0 -3.4719627042490684e-13 2.776189602039214e-12 6.030088091450311e-13 0.8427618645279739 -2174.0305326848033 4.464530943501133e-08 1.2063113445301378e-14 2.6535734613252232e-15 9.409539983976157e-15 7.16857292614803e-11 1.1905131533563718e-06 2.6535734613252232e-15 9.409539983976157e-15 2.653573461395347e-15 9.409539984002736e-15
334.89 11.846641762664454 -8.35091778370155 29.611341085518628 -795824.5338511292 1.2486610790992282e-06 21.233275086583788 21.226534310546917 21.233275086579283 201.06195497755195 612.1690441002693 400.0 -3.456823756985404e-13 2.9226992778020667e-12 4.507802994554707e-12 0.8165711976974651 -2107.6346385685474 3.18215326871469e-07 1.265189056977226e-14 2.7669977662383237e-15 9.884892803533943e-15 7.577364965559826e-11 1.2486610790992282e-06 2.7669977662383237e-15 9.884892803533938e-15 2.7669977663028624e-15 9.88489280356004e-15
347.74 11.847224818147088 -8.354663038902576 30.41703382076314 -795525.2187183712 1.3040470924990895e-06 21.45390243459917 21.446269498265693 21.453902434572438 201.0205227829248 614.350757052831 400.0 -3.4950124194974327e-13 3.4195905827577646e-12 2.6730030186655185e-11 0.7916765891136252 -1680.2756785093752 1.6203859084626775e-06 1.4733047339851512e-14 3.788221622138973e-15 1.0944825717712534e-14 8.907208664502195e-11 1.3040470924990895e-06 3.788221622138973e-15 1.0944825717712534e-14 3.7882216221929816e-15 1.0944825717738343e-14
360.82 11.84784343299579 -8.358582617469546 31.215178026706944 -795217.5593634116 1.3566356931873584e-06 21.660352556594646 21.651782272799537 21.660352556494804 200.97655820587644 616.369826703947 400.0 -3.4800748581650586e-13 5.5881700921563055e-12 9.98425050608599e-11 0.7754293978463256 -808.9368671989436 3.680312227274236e-06 2.422938535800004e-14 8.574673117426937e-15 1.5654712240573097e-14 1.4443336566751065e-10 1.3566356931873584e-06 8.574673117426937e-15 1.5654712240573097e-14 8.574673117456365e-15 1.565471224061073e-14
374.15 11.848498189700585 -8.362685533134359 32.006761793321324 -794901.1611546167 1.4065768919372955e-06 21.853793581167743 21.84424202245671 21.85379358089506 200.9300188769087 618.2413086370419 400.0 -3.507272528302759e-13 1.1861275828304264e-11 2.7268150960059056e-10 0.7687081631494196 -244.9359891687196 4.628199604373848e-06 5.262052800826802e-14 2.2938199604300103e-14 2.9682328403967917e-14 2.990285170494812e-10 1.4065768919372955e-06 2.2938199604300103e-14 2.9682328403967917e-14 2.2938199604314227e-14 2.9682328404067685e-14
387.72 11.849188228300187 -8.366971767856324 32.790976365530504 -794576.3325038374 1.4539127903016238e-06 22.03488125239932 22.024307826790647 22.03488125174049 200.88096477662765 619.9746915723974 400.0 -3.4866925346929216e-13 2.7524449488045775e-11 6.588330217301482e-10 0.76666579983323 -99.80242674554523 4.673638553891087e-06 1.259017680966236e-13 5.959576198909669e-14 6.630600610752691e-14 6.715713791065686e-10 1.4539127903016238e-06 5.959576198909669e-14 6.630600610752691e-14 5.959576198960559e-14 6.630600610799426e-14
401.54 11.849913661366635 -8.371447458084564 33.568224074020364 -794242.9036237369 1.4987688275033064e-06 22.204517678611097 22.192883546837237 22.204517677125576 200.82938692978072 621.581370192858 400.0 -3.579196413178328e-13 6.320583443646651e-11 1.485520791444562e-09 0.7654939082700115 -62.745032598911756 4.446780073988833e-06 2.983628016140015e-13 1.462878153302378e-13 1.5207498628376362e-13 1.4910270754701356e-09 1.4987688275033064e-06 1.462878153302378e-13 1.5207498628376367e-13 1.4628781533499494e-13 1.520749862863106e-13
415.59 11.850673001784523 -8.376108908681868 34.33726177666907 -793901.427305695 1.5411813923818846e-06 22.36320467753081 22.350474938295896 22.363204674340082 200.77538998316712 623.0685428080463 400.0 -3.6628502285190217e-13 1.399956146688735e-10 3.1907319500970134e-09 0.7647834520654252 -54.22728348876002 4.1814009492934e-06 6.815223463824099e-13 3.375086030426748e-13 3.440137433397351e-13 3.1949926159315296e-09 1.5411813923818846e-06 3.375086030426748e-13 3.440137433397351e-13 3.3750860307235836e-13 3.4401374335340906e-13
429.89 11.851466881909701 -8.380965463012929 35.09909682233252 -793551.4854520995 1.5813170063063437e-06 22.511877820517736 22.498018272316752 22.51187781392428 200.7189277032628 624.4471417094343 400.0 -3.949055442705851e-13 2.986748594728125e-10 6.593455934295782e-09 0.7641200566019832 -49.23419557669785 3.9296868280261105e-06 1.4985345475624929e-12 7.459370664489889e-13 7.525974811135043e-13 6.5984659002139215e-09 1.5813170063063437e-06 7.459370664489889e-13 7.525974811135043e-13 7.459370666047846e-13 7.525974811803541e-13
444.42 11.852293739268646 -8.386012968513397 35.8526026561694 -793193.6327571874 1.6192277078035593e-06 22.65099868846972 22.635978813673646 22.650998675331895 200.66010995617063 625.7233676398363 400.0 -4.599057905821203e-13 6.143046879065596e-10 1.3137826287516677e-08 0.7634854508915365 -46.925097717568306 3.6963631753875606e-06 3.174391393755924e-12 1.5839621051518073e-12 1.5904292886041174e-12 1.3146237646077468e-08 1.6192277078035593e-06 1.5839621051518073e-12 1.5904292886041174e-12 1.5839621058746442e-12 1.590429288902623e-12
459.2 11.853154258384103 -8.391260944805024 36.59878002826114 -792827.4393761203 1.655074784378752e-06 22.781390584331056 22.765180211968875 22.781390559002137 200.59888704930415 626.9064907631779 400.0 -5.875713315417253e-13 1.2219282730152403e-09 2.5328919095603754e-08 0.7628621209004612 -46.16784248449952 3.480646339555778e-06 6.4993264556482355e-12 3.2466747208252783e-12 3.252651734822958e-12 2.534488465401047e-08 1.655074784378752e-06 3.2466747208252783e-12 3.2526517348229572e-12 3.2466747238764135e-12 3.252651736051508e-12
474.22 11.854047426181507 -8.396708464851834 37.337088418552035 -792453.2108761988 1.688939558983185e-06 22.90354808235155 22.886119620877377 22.903548035023064 200.53532964479632 628.0025276122459 400.0 -8.56821692415476e-13 2.354425551080917e-09 4.732848274330415e-08 0.7622402979336567 -46.26427004928328 3.2812553066746182e-06 1.2882322042272108e-11 6.438066166850058e-12 6.444255875422049e-12 4.7359692044871137e-08 1.688939558983185e-06 6.438066166850058e-12 6.444255875422051e-12 6.438066178726292e-12 6.444255880115437e-12
489.48 11.854972798175213 -8.402357975996917 38.06753160257304 -792071.004536366 1.7209285948333365e-06 23.01802854391906 22.999356026866174 23.018028458037318 200.46946808640504 629.0178736066857 400.0 -1.3735288808233084e-12 4.4031202049337445e-09 8.588174015221817e-08 0.761605280156267 -46.45665657207814 3.096731761239551e-06 2.4769020923910272e-11 1.2381528255191255e-11 1.238749266871901e-11 8.594190502833157e-08 1.7209285948333365e-06 1.2381528255191255e-11 1.238749266871901e-11 1.2381528298255926e-11 1.2387492685469714e-11
504.99 11.855930561493299 -8.408215681285602 38.790589854675076 -791680.6225747211 1.7511645906294685e-06 23.125420241920086 23.105478353641836 23.125420090250323 200.40128771191883 629.959002634845 400.0 -2.3466153550157135e-12 8.01000010335229e-09 1.516697633754916e-07 0.7609576894475714 -46.73842649861602 2.9256541589246162e-06 4.6300706196126596e-11 2.3147447012776246e-11 2.3153259183350357e-11 1.5178326983096703e-07 1.7511645906294685e-06 2.3147447012776246e-11 2.3153259183350347e-11 2.31474471593914e-11 2.3153259239574472e-11
520.73 11.85691905560402 -8.41427636086121 39.50536560261228 -791282.6201969106 1.7797092015338627e-06 23.226072719271492 23.20483910561093 23.22607245833666 200.33090544768848 630.8301375108479 400.0 -4.101303509469469e-12 1.4187438933970322e-08 2.609348341339592e-07 0.7602971882714602 -47.0148164305508 2.7670571146237007e-06 8.422199597322863e-11 4.2108249541043123e-11 4.211374643218555e-11 2.611434139900307e-07 1.7797092015338627e-06 4.2108249541043123e-11 4.211374643218554e-11 4.210825001157088e-11 4.2113746610275776e-11
536.72 11.857939122412892 -8.420549995016682 40.2128149251333 -790876.5408756313 1.806695808940549e-06 23.320569995977113 23.29802184575382 23.320569557668637 200.25825996867894 631.637399805124 400.0 -7.233001156952507e-12 2.4523106197146903e-08 4.3830847475536776e-07 0.7596231830273699 -47.25268106648788 2.6196754818613004e-06 1.4943212254782925e-10 7.471353658944203e-11 7.471858595838722e-11 4.386818897914189e-07 1.806695808940549e-06 7.471353658944203e-11 7.471858595838722e-11 7.471353802151443e-11 7.471858649381535e-11
552.95 11.858989737894747 -8.42703499843803 40.912536632222924 -790462.6834803694 1.8321986940378375e-06 23.409271126261267 23.385387502764047 23.40927040661354 200.1834226562954 632.384833565716 400.0 -1.2654465603140623e-11 4.1411442575649885e-08 7.196477264499419e-07 0.7589366974898398 -47.43054197210067 2.482659595262829e-06 2.588894627572464e-10 1.294424279949934e-10 1.29447034762253e-10 7.202990395472457e-07 1.8321986940378375e-06 1.294424279949934e-10 1.29447034762253e-10 1.2944243214138086e-10 1.2944703629483516e-10
569.42 11.860070515083873 -8.433733551180122 41.60459889515271 -790041.0919943232 1.8563067126183708e-06 23.49257249641312 23.467333394800058 23.49257133992969 200.10641980027185 633.0766979340608 400.0 -2.1833366672503717e-11 6.841153036226916e-08 1.1564834326867787e-06 0.7582388752484384 -47.54259272709638 2.3551505750268695e-06 4.385633441087097e-10 2.1927880055503534e-10 2.192845435536742e-10 1.1575912394136983e-06 1.8563067126183708e-06 2.1927880055503534e-10 2.192845435536742e-10 2.1927881201448135e-10 2.1928454774417987e-10
586.14 11.861181750436833 -8.440651959946006 42.289482263117144 -789611.5505310158 1.87911756138803e-06 23.570888107557053 23.544273519207785 23.570886285763457 200.02722878558302 633.7172825849292 400.0 -3.7063586009235376e-11 1.1073199427825093e-07 1.8217935935066388e-06 0.7575300791607564 -47.56931658983044 2.236306279086477e-06 7.275778683833869e-10 3.6378615820334303e-10 3.6379171018004404e-10 1.8236322932131198e-06 1.87911756138803e-06 3.6378615820334303e-10 3.6379171018004404e-10 3.637861885419168e-10 3.637917211642423e-10
603.09 11.862321757281034 -8.447784038433173 42.96645056217223 -789174.6119567192 1.9006841625722313e-06 23.644467668787012 23.616459945798038 23.644464853825802 199.9459682895796 634.3094392276529 400.0 -6.178259340038615e-11 1.75716918951674e-07 2.8149612097592955e-06 0.7568127088233907 -47.51075260573323 2.1255692973707755e-06 1.1827929823921152e-09 5.913935761402861e-10 5.913994062518293e-10 2.8179411602611114e-06 1.9006841625722313e-06 5.913935761402861e-10 5.913994062518294e-10 5.91393653197246e-10 5.913994338966518e-10
620.29 11.863491538017579 -8.455140247813162 43.63639177240926 -788729.7974789243 1.92110798284304e-06 23.71371763282075 23.68429810301181 23.713713359576065 199.86256545848153 634.8572046922314 400.0 -1.0118812439629557e-10 2.7381999342260414e-07 4.27324468413107e-06 0.7560873967188813 -47.36117026730746 2.0221750117409823e-06 1.887342042691078e-09 9.436683021751188e-10 9.436737405159597e-10 4.277967073194686e-06 1.92110798284304e-06 9.436683021751188e-10 9.436737405159597e-10 9.436684906012476e-10 9.436738075580037e-10
637.72 11.86468940558005 -8.462714041019314 44.29862027917883 -788277.658759898 1.940436896318952e-06 23.77885416966183 23.748006336738804 23.778847793080665 199.77713897329792 635.363015345466 400.0 -1.6283098031206357e-10 4.1922698865452963e-07 6.376581162707334e-06 0.7553566680567704 -47.117371484775326 1.925669108511747e-06 2.9574527932786037e-09 1.478724023357657e-09 1.4787287699209455e-09 6.383901213805338e-06 1.940436896318952e-06 1.478724023357657e-09 1.4787287699209464e-09 1.4787244674595673e-09 1.4787289267772763e-09
655.4 11.865916422268512 -8.470516075227376 44.953993648978575 -787817.7093085719 1.9587607309054874e-06 23.840228027335407 23.807934210060054 23.840218660836573 199.6896115937663 635.8302885640046 400.0 -2.5771093836663245e-10 6.315311328337014e-07 9.366498835179386e-06 0.7546215066748133 -46.77630526823252 1.8354178734337103e-06 4.557785891269505e-09 2.2788904190364847e-09 2.27889547223302e-09 9.377611687793308e-06 1.9587607309054874e-06 2.2788904190364847e-09 2.27889547223302e-09 2.27889143093199e-09 2.278895827375993e-09
673.32 11.867171606902197 -8.478543968451053 45.60222821454897 -787350.2383886026 1.9761316701877304e-06 23.898057025717474 23.864300747663886 23.89804347345238 199.6000517981091 636.2613387396595 400.0 -4.0137275288847254e-10 9.366615858594595e-07 1.3552265095377519e-05 0.7538842450279455 -46.334961959998886 1.7510020707255396e-06 6.912526694269671e-09 3.4562604346408897e-09 3.4562662596287816e-09 1.356879547665188e-05 1.9761316701877304e-06 3.4562604346408897e-09 3.4562662596287816e-09 3.4562626665846642e-09 3.45626703885657e-09
691.49 11.868455386265095 -8.486804193138973 46.24377625559611 -786875.0123694403 1.9926183526818173e-06 23.95260851295932 23.917372803937518 23.952589178233886 199.50842748793923 636.6587900391235 400.0 -6.157422541005778e-10 1.3691988345933626e-06 1.9334725431223984e-05 0.7531465367438674 -45.79111757824744 1.6719443155526373e-06 1.0328274999113004e-08 5.164133616020699e-09 5.164141383092305e-09 1.9358838615555515e-05 1.9926183526818173e-06 5.164133616020699e-09 5.164141383092304e-09 5.164138391782548e-09 5.164143043562978e-09
709.89 11.869766078772162 -8.495289516173305 46.87803707650678 -786392.580683294 2.0082588350596266e-06 24.004044066960578 23.967313848232045 24.004016857091727 199.41485706092945 637.0244359327119 400.0 -9.306355522999212e-10 1.973362236991928e-06 2.7209868850698917e-05 0.752411357321769 -45.1440245969961 1.5979327426579309e-06 1.5208260592957824e-08 7.604125045668299e-09 7.60413554728953e-09 2.724436827540407e-05 2.0082588350596266e-06 7.604125045668299e-09 7.604135547289528e-09 7.60413496622751e-09 7.604138986475451e-09
728.54 11.871104854221674 -8.504010985832767 47.50580726816998 -785902.4434930505 2.0231229038784485e-06 24.05262577068542 24.014384550256555 24.052587956216616 199.31925539672835 637.360735953208 400.0 -1.387443794490278e-09 2.8073538878918305e-06 3.781446880552929e-05 0.7516801885501994 -44.39263424877416 1.5285206515260156e-06 2.2095217760939324e-08 1.1047599803527107e-08 1.1047617957412215e-08 3.7862925774524516e-05 2.0231229038784485e-06 1.1047599803527107e-08 1.1047617957412214e-08 1.1047619854993522e-08 1.1047624897196445e-08
747.43 11.872470761701331 -8.512965816509034 48.126846202368164 -785404.8854750451 2.0372512797261083e-06 24.09851642982624 24.058748694296458 24.098464508054942 199.22168887413162 637.669387567667 400.0 -2.0412584382482855e-09 3.944122102765659e-06 5.192177129701281e-05 0.7509557828224285 -43.5372599138442 1.463413067231148e-06 3.168795145420303e-08 1.5843960747265393e-08 1.5843990706937635e-08 5.1988605371240764e-05 2.0372512797261083e-06 1.5843960747265393e-08 1.584399070693763e-08 1.584400021930514e-08 1.5844004363602128e-08
766.56 11.873863573011066 -8.522155771307762 48.741262558573744 -784899.9277461041 2.0506903199668384e-06 24.14189436550459 24.10058472612127 24.141823882950106 199.12217204765494 637.9521520143247 400.0 -2.965613110761187e-09 5.47581778933966e-06 7.048255448406769e-05 0.7502405838874078 -42.578995551810614 1.4022998780468514e-06 4.4890281860936e-08 2.2445113519664924e-08 2.2445168341271077e-08 7.057311036269918e-05 2.0506903199668384e-06 2.2445113519664924e-08 2.2445168341271077e-08 2.2445189293686854e-08 2.2445194585208074e-08
785.93 11.875283072698075 -8.531582584339422 49.34916512808265 -784387.5898100829 2.0634834274257335e-06 24.182925481335197 24.14005863739616 24.182830832031673 199.02071864380625 638.2106575959612 400.0 -4.257238642733849e-09 7.517237588004316e-06 9.464930351937062e-05 0.7495370784094229 -41.519403243880255 1.3448950259093283e-06 6.285511539136105e-08 3.142750909226755e-08 3.1427606299093497e-08 9.476987915650388e-05 2.0634834274257335e-06 3.142750909226755e-08 3.1427606299093497e-08 3.14276511145844e-08 3.1427655609411116e-08
805.54 11.87672905761912 -8.541247961820321 49.950662521271326 -783867.8896281219 2.0756712278168195e-06 24.221764225630647 24.177324931844744 24.221638419077102 198.917341550726 638.4464104521792 400.0 -6.0421759727379545e-09 1.0210033317008819e-05 0.0001258065535457474 0.7488478052905205 -40.360951751187976 1.2909342134943182e-06 8.70383695294388e-08 4.3519098462006795e-08 4.3519271067432006e-08 0.00012596436936674566 2.0756712278168195e-06 4.3519098462006795e-08 4.351927106743201e-08 4.3519358647829475e-08 4.351936176065811e-08
825.39 11.878201336443368 -8.551153583117474 50.54586291472034 -783340.8436850365 2.087291717856765e-06 24.25855448893307 24.212527527381802 24.25838888526358 198.8120526793227 638.6608044279476 400.0 -8.482987240451251e-09 1.3727433613284626e-05 0.00016560366948439273 0.7481753279884731 -39.106817566214 1.2401728943376044e-06 1.192612380839984e-07 5.963046543216373e-08 5.963077265183467e-08 0.00016580675755612027 2.087291717856765e-06 5.963046543216373e-08 5.963077265183466e-08 5.963093183051214e-08 5.963093611181276e-08
845.49 11.879700477054946 -8.56130618290858 51.13516376433488 -782806.2008278364 2.09838583114409e-06 24.29344724823086 24.245816604852994 24.293231230339842 198.70480973375854 638.8552214928435 400.0 -1.1789335812425709e-08 1.8282047600462707e-05 0.0002160178910172555 0.7475218947222412 -37.76011693420654 1.1923615720271137e-06 1.61805523775057e-07 8.090249507930075e-08 8.090302869575625e-08 0.00021627491452813938 2.09838583114409e-06 8.090249507930075e-08 8.090302869575624e-08 8.090331415488656e-08 8.09033177698701e-08
865.83 11.881225570297016 -8.571702428337177 51.718369124802486 -782264.2400925953 2.108980873567061e-06 24.32654884931059 24.277299289505557 24.326269528194977 198.5956759373475 639.0307458022894 400.0 -1.622372355663968e-08 2.4125365245605818e-05 0.0002793211156123444 0.7468904140981691 -36.32600720844915 1.1473162418586273e-06 2.1743638502362746e-07 1.0871773626044789e-07 1.0871864876317955e-07 0.00027964099813396366 2.108980873567061e-06 1.0871773626044789e-07 1.0871864876317959e-07 1.087191463876872e-07 1.0871915070189963e-07
886.41 11.882776457091982 -8.582343922117477 52.29558528823778 -781714.9739382213 2.1191080583896127e-06 24.357976558415086 24.307092804731806 24.357618378042314 198.48466098259868 639.1884877787352 400.0 -2.211736884047296e-08 3.15595248223722e-05 0.0003581803727694645 0.7462834180183774 -34.809611138368 1.1048415423221462e-06 2.8954320773998024e-07 1.4477083976756595e-07 1.447723679724143e-07 0.00035857187245874405 2.1191080583896127e-06 1.4477083976756595e-07 1.447723679724143e-07 1.4477322176746715e-07 1.4477322446634406e-07
907.23 11.884352988454365 -8.593232243836914 52.866917392843995 -781158.4135645876 2.128796598557404e-06 24.387840089330194 24.33530680308591 24.387384408072794 198.37177369520057 639.3294771121397 400.0 -2.988310892686561e-08 4.094270813249218e-05 0.0004556812574010014 0.7457033943780362 -33.21664007333241 1.064756085382142e-06 3.822281143899077e-07 1.9111279863376602e-07 1.9111531575614166e-07 0.0004561523960797005 2.128796598557404e-06 1.9111279863376602e-07 1.9111531575614158e-07 1.9111674988869883e-07 1.9111675321083307e-07
928.29 11.885955025078385 -8.604368950767963 53.43246931507083 -780594.5689573758 2.1380738535808887e-06 24.416242239811332 24.362044003959948 24.415666869095446 198.2570222271523 639.4546691399458 400.0 -4.003185069961129e-08 5.2696665074400356e-05 0.0005753707158843224 0.7451527651902372 -31.553268229654748 1.0268914120160166e-06 5.004201920386551e-07 2.5020806141637426e-07 2.502121306222808e-07 0.0005759280894321808 2.1380738535808887e-06 2.5020806141637426e-07 2.502121306222809e-07 2.502145028084748e-07 2.5021450528481885e-07
949.6 11.887583202627495 -8.615760953116688 53.99260365003032 -780023.1806019224 2.14696953988878e-06 24.4432918026308 24.38741231705212 24.44257042666852 198.14035927394 639.5649988227123 400.0 -5.319817550181273e-08 6.732238310947487e-05 0.0007213759622780083 0.7446336391285322 -29.825282408856157 9.910748104694602e-07 6.50080024557942e-07 3.2503677876943236e-07 3.2504324578850956e-07 0.0007220239992597511 2.14696953988878e-06 3.2503677876943236e-07 3.250432457885094e-07 3.250471086089722e-07 3.250471109286742e-07
971.15 11.889236640672877 -8.627404505123275 54.54715056724122 -779444.5237370272 2.1555032399128245e-06 24.469065753111735 24.411489398792526 24.468167499602544 198.0218460087106 639.661227979797 400.0 -7.014480409733913e-08 8.538928945030691e-05 0.0008982535091914669 0.7441485352714633 -28.040409276888358 9.571793228597654e-07 8.38141233746008e-07 4.1906556472552984e-07 4.190756690204781e-07 0.000898993539571127 2.1555032399128245e-06 4.1906556472552984e-07 4.1907566902047806e-07 4.1908186824845236e-07 4.190818702808485e-07
992.93 11.890914454559464 -8.639295612204569 55.09596082938548 -778858.8740400949 2.163693916719027e-06 24.493638734017573 24.43435055251752 24.492527632867432 197.90154405325518 639.7440885815495 400.0 -9.179056241036403e-08 0.00010755025955635624 0.0011111011501395865 0.7436997891969371 -26.206702953491593 9.25084123657698e-07 1.0727140338454554e-06 5.3634925335381e-07 5.363647804916457e-07 0.0011119305543221094 2.163693916719027e-06 5.3634925335381e-07 5.363647804916457e-07 5.363745900634176e-07 5.363745920814977e-07
1014.97 11.892618855364011 -8.651452211257094 55.63988110559392 -778265.4297977046 2.17157386136836e-06 24.51712443911194 24.456106975767277 24.515758356283857 197.7792928721367 639.8143982930987 400.0 -1.192895312470634e-07 0.0001346021309296368 0.001366082828077046 0.7432888285181717 -24.328997327542723 8.946211079153616e-07 1.3637962257720004e-06 6.818863666192485e-07 6.819098591527522e-07 0.0013669944089168132 2.17157386136836e-06 6.818863666192485e-07 6.819098591527522e-07 6.819251849072844e-07 6.819251868954532e-07
1037.24 11.894347431136003 -8.663859294168322 56.178260326264386 -777665.0026979649 2.1791521157935147e-06 24.539566442869166 24.47680444392636 24.537897032810065 197.65526371431335 639.8727155740662 400.0 -1.5395104790668758e-07 0.00016738416470285546 0.0016694100590989903 0.7429181255530468 -22.417298897726887 8.65716944940782e-07 1.7222599428894568e-06 8.611124742354525e-07 8.611474686540042e-07 0.0016703911717472278 2.1791521157935147e-06 8.611124742354525e-07 8.611474686540042e-07 8.611711079785162e-07 8.611711102580864e-07
1059.75 11.896100865135221 -8.67652378557931 56.711443283060156 -777057.3270794764 2.186451243594547e-06 24.561048229127888 24.49652548548856 24.559019781267093 197.5294055162796 639.91969250705 400.0 -1.973858460867321e-07 0.0002069002808120508 0.002028447860797738 0.7425892246052406 -20.478228005125956 8.382498340212136e-07 2.161234869239635e-06 1.0805917575527016e-06 1.0806431116869326e-06 0.0020294801949613554 2.186451243594547e-06 1.0805917575527016e-06 1.080643111686932e-06 1.0806791398029683e-06 1.080679141305258e-06
1082.51 11.89787985931312 -8.689452812493553 57.239753614526556 -776442.1348692474 2.1934921386360454e-06 24.581647586697613 24.515346921456548 24.57919616208229 197.4016659220453 639.9559173154669 400.0 -2.5151570943428514e-07 0.0002542967377823614 0.0024514246153220023 0.7423036014368369 -18.518319320211962 8.12109159961937e-07 2.695974166984723e-06 1.3479499376747624e-06 1.3480242293099613e-06 0.0024524841615463236 2.1934921386360454e-06 1.3479499376747624e-06 1.3480242293099613e-06 1.348078518807837e-06 1.3480785197527535e-06
1105.5 11.899682776784346 -8.702636415893233 57.76281942388568 -775819.9680339594 2.2002855394983333e-06 24.601412217802544 24.53331781225048 24.598465409467835 197.2721605571068 639.9818937671835 400.0 -3.185284367269313e-07 0.0003107980588541117 0.0029468083347103475 0.7420629427512677 -16.546543477044484 7.872259436197545e-07 3.343213287343844e-06 1.67155366488242e-06 1.6716596224614242e-06 0.0029478658570828878 2.2002855394983333e-06 1.67155366488242e-06 1.671659622461424e-06 1.671740515126517e-06 1.671740516924097e-06
1128.74 11.901511119528468 -8.716087449705046 58.28118669856031 -775190.2856976222 2.2068534434801684e-06 24.620422298966613 24.550516550624206 24.61689757993395 197.14077951523598 639.9981440616921 400.0 -4.011058395648487e-07 0.00037787384697806996 0.003524719032663347 0.7418683159372013 -14.56822004739853 7.634936080310485e-07 4.123164774943106e-06 2.061507844243983e-06 2.0616569306991227e-06 0.0035257412343534193 2.2068534434801684e-06 2.061507844243983e-06 2.0616569306991227e-06 2.061776215060012e-06 2.061776217275121e-06
1152.22 11.903364045276634 -8.729801575161215 58.794715100029336 -774553.3576885732 2.2132081486759384e-06 24.638729450974886 24.56699529423511 24.63453392448993 197.00758130430935 640.0051207041533 400.0 -5.022856103693073e-07 0.0004570876504425808 0.004195526484955692 0.74172095221995 -12.590968891356328 7.408449699867768e-07 5.057905644121693e-06 2.528849330054678e-06 2.529056314067016e-06 0.004196477929669973 2.2132081486759384e-06 2.528849330054678e-06 2.5290563140670153e-06 2.5292304329477622e-06 2.529230434017112e-06
1175.94 11.905241501805213 -8.743780145809776 59.303492518960766 -773909.1823599716 2.2193642790278314e-06 24.656391817674532 24.5828119209497 24.65142111074319 196.87256776486635 640.0032584343237 400.0 -6.256285611663181e-07 0.0005502025428522593 0.004970706931339208 0.741621806906066 -10.621219424840355 7.192079035259975e-07 6.172701840536784e-06 3.0862091008986763e-06 3.0864927396381072e-06 0.004971552893599872 2.2193642790278314e-06 3.0862091008986763e-06 3.086492739638108e-06 3.0867444263711195e-06 3.086744427626774e-06
1199.91 11.9071442388755 -8.758030471257545 59.80781368813423 -773257.4850138351 2.22533827907554e-06 24.673472479628007 24.598028443808907 24.66760941600036 196.73568260911333 639.9929569701969 400.0 -7.753230712050218e-07 0.0006592189464134666 0.005863063627646137 0.7415716654582586 -8.664215764911592 6.985076580123486e-07 7.4966119057549e-06 3.748114061540417e-06 3.748497844214483e-06 0.0058637739226912 2.22533827907554e-06 3.748114061540417e-06 3.748497844214483e-06 3.748858306148717e-06 3.7488583067645908e-06
1224.11 11.909070630733277 -8.772541985595531 60.30734272117735 -772598.8057184087 2.231138626034755e-06 24.690011508758356 24.61268617284134 24.68312629603382 196.5970410150505 639.974608701842 400.0 -9.559928288677097e-07 0.0007861981615913238 0.006885212724540074 0.7415712096295726 -6.727234036193784 6.787005065497078e-07 9.060471157545502e-06 4.5299792178394665e-06 4.5304919397060364e-06 0.006885766944517089 2.231138626034755e-06 4.5299792178394665e-06 4.5304919397060364e-06 4.531003461425231e-06 4.5310034623709856e-06
1248.56 11.911022238286616 -8.78732799146696 60.80257602531606 -771932.5953818936 2.236783091658715e-06 24.706075340597845 24.626849642948375 24.698023010044228 196.45652836584048 639.948542477586 400.0 -1.173238482174707e-06 0.000933609830691555 0.008052330553618408 0.7416209269645008 -4.813879287767585 6.597140227672646e-07 1.0901279431792998e-05 5.450301418369975e-06 5.450978013423023e-06 0.008052724162998645 2.236783091658715e-06 5.450301418369975e-06 5.450978013423023e-06 5.451697705694122e-06 5.451697706429544e-06
1273.25 11.912998242551357 -8.802383814127586 61.293387397249674 -771259.1202502644 2.242281780227097e-06 24.72170838493122 24.64056366448479 24.712329054487903 196.31420150836627 639.9151005310712 400.0 -1.433224082292129e-06 0.0011039930052898865 0.009379330443315924 0.7417211697771547 -2.9297090461175728 6.415051447246384e-07 1.3058199095960847e-05 6.528658596591292e-06 6.529540499369558e-06 0.009379582662376498 2.242281780227097e-06 6.528658596591292e-06 6.529540499369559e-06 6.530544607808453e-06 6.5305446072743465e-06
1298.18 11.914998626700772 -8.817710736829902 61.779857586707 -770578.3734592118 2.2476468783941506e-06 24.736960798640826 24.653877982371647 24.726078298661015 196.17005962911333 639.8745921520015 400.0 -1.7430454053906033e-06 0.0013001686959608625 0.010882499979815337 0.7418721405098698 -1.0790025867722857 6.240266612777951e-07 1.5575325185221706e-05 7.787094852847771e-06 7.788230332373933e-06 0.010882662827380448 2.2476468783941506e-06 7.787094852847771e-06 7.788230332373934e-06 7.78961994463212e-06 7.789619944609431e-06
1323.35 11.917023381255607 -8.833310030460321 62.26206594194403 -769890.3470436197 2.2528902438709336e-06 24.751881664936356 24.66684123163552 24.739302562363573 196.02410099213662 639.8273064317268 400.0 -2.110751556661774e-06 0.0015252011790065645 0.012579102572780243 0.7420739097268051 0.7344339150232847 6.07235273175195e-07 1.8501385840667425e-05 9.249970879253224e-06 9.251414961414197e-06 0.012579271423207352 2.2528902438709336e-06 9.249970879253224e-06 9.251414961414199e-06 9.253323097822095e-06 9.25332309800991e-06
1348.77 11.91907331163879 -8.84918922510344 62.7402768781709 -769194.7581318605 2.2580254490312124e-06 24.766524817574062 24.679505979437533 24.752036656142543 195.87626546766225 639.7734913313764 400.0 -2.5456251355482214e-06 0.001782515105999459 0.014488161431520478 0.7423265331621188 2.507949356053184 5.91085064829949e-07 2.1891467884000008e-05 1.0944826922559204e-05 1.0946640961440797e-05 0.014488487136533697 2.2580254490312124e-06 1.0944826922559204e-05 1.0946640961440795e-05 1.0949241695330951e-05 1.0949241695045523e-05
1374.42 11.921146810660899 -8.86533707448067 63.21419087980972 -768492.1437579886 2.2630598079039523e-06 24.780926092106213 24.691909087191714 24.764298724932967 195.72666680971938 639.7134420267777 400.0 -3.0575750727404346e-06 0.002075488056022161 0.01662736717324392 0.742629643556664 4.237269984107078 5.755522900633614e-07 2.5801817182969973e-05 1.2899783625351135e-05 1.2902033557618826e-05 0.016628069337826047 2.2630598079039523e-06 1.2899783625351135e-05 1.290203355761883e-05 1.2905552054625035e-05 1.2905552053436663e-05
1400.32 11.923245508579914 -8.881767404915985 63.68425304574137 -767781.9446508968 2.2680084178105166e-06 24.795143399033886 24.704106330690074 24.77612487280938 195.57518491346167 639.647348322503 400.0 -3.6585140467710153e-06 0.002408200374502849 0.01901852622450825 0.7429832019023389 5.921309682688343 5.605913477358171e-07 3.0299960481297204e-05 1.5148602875405403e-05 1.51513576058918e-05 0.019019908560880285 2.2680084178105166e-06 1.5148602875405403e-05 1.51513576058918e-05 1.5156084762562883e-05 1.5156084760632065e-05
1426.46 11.925368619574675 -8.898475169791263 64.15035133557367 -767064.421952741 2.2728802987854424e-06 24.80921714144522 24.716138266629233 24.78753523550171 195.42187430878207 639.5754539294962 400.0 -4.36114492217969e-06 0.0027846755033789235 0.021681905943512866 0.7433867264880378 7.55737272359735 5.461776549633614e-07 3.5454806581370904e-05 1.77257395763211e-05 1.772906700504981e-05 0.021684372165606914 2.2728802987854424e-06 1.77257395763211e-05 1.77290670050498e-05 1.773537471402251e-05 1.7735374712348365e-05
1452.84 11.927516173603205 -8.915461583405627 64.61255892088268 -766339.5617753777 2.2776863389474318e-06 24.82319287670293 24.72804977551628 24.79855342445816 195.26673055755285 639.4979659019623 400.0 -5.179844272150507e-06 0.003209329200107222 0.024639452244768736 0.7438397563213592 9.143851695081155 5.322828952311792e-07 4.1342823298935426e-05 2.0669430576882798e-05 2.0673392722052632e-05 0.024643523703007476 2.2776863389474318e-06 2.0669430576882798e-05 2.067339272205263e-05 2.068175388620194e-05 2.06817538851333e-05
1479.46 11.92968820927105 -8.932727850258285 65.0709477941626 -765607.3489461925 2.2824373233862097e-06 24.837115700559192 24.739885222130575 24.809201734762965 195.10974847800367 639.41507786572 400.0 -6.130601108054585e-06 0.0036868679869260235 0.02791396579622655 0.7443417512643048 10.67951549843861 5.188809856319427e-07 4.804690071367127e-05 2.402112734219565e-05 2.4025773371475636e-05 0.02792030017998612 2.2824373233862097e-06 2.402112734219565e-05 2.4025773371475632e-05 2.4036785604388436e-05 2.4036785602749017e-05
1506.33 11.931885592828111 -8.95028172151385 65.52575663142086 -764867.4914812209 2.2871457089916993e-06 24.851035467248465 24.751692884449714 24.819504995680674 194.95086307580974 639.3269372601624 400.0 -7.231583836094688e-06 0.0042225040797552495 0.0315304715677934 0.7448923136472309 12.164021804644436 5.059431516349052e-07 5.565963283872034e-05 2.7827137837724205e-05 2.7832495000996146e-05 0.03153988396582068 2.2871457089916993e-06 2.7827137837724205e-05 2.7832495000996142e-05 2.7846910383622286e-05 2.7846910381081797e-05
1533.43 11.93410674552091 -8.968111317244992 65.97671671604158 -764120.522219634 2.2918186477029702e-06 24.86498616529163 24.763507474529817 24.829475484628734 194.79018606592908 639.2337789975429 400.0 -8.501584175631322e-06 0.004821142655819996 0.035510680662896976 0.7454903607312098 13.595702518752226 4.934567690525695e-07 6.427195034479557e-05 3.213294485424838e-05 3.21390054905472e-05 0.035524160669855226 2.2918186477029702e-06 3.213294485424838e-05 3.2139005490547184e-05 3.2157760357271676e-05 3.215776035597467e-05
1560.78 11.936353372966803 -8.986230972430283 66.42422970876365 -763365.8706371223 2.2964702302847917e-06 24.87902214396383 24.77538085178245 24.839139466925364 194.62759161010203 639.1356926564772 400.0 -9.963174488963074e-06 0.005488835028172737 0.0398826770384627 0.7461356062019018 14.975341486216664 4.813919943138783e-07 7.39940895728751e-05 3.699369130541184e-05 3.700039826746327e-05 0.039901415558025656 2.2964702302847917e-06 3.699369130541184e-05 3.700039826746327e-05 3.702465887749732e-05 3.7024658874212666e-05
1588.37 11.938624732829608 -9.004635299168623 66.8681956555557 -762603.7915263453 2.301109343284863e-06 24.89318201788605 24.78735143833616 24.84851112249015 194.4631310064833 639.0328597904949 400.0 -1.1639717622179328e-05 0.006231288340131714 0.04467089539589741 0.7468270627570782 16.302386064961347 4.697343785494695e-07 8.49344549946667e-05 4.2463614367266326e-05 4.247084062740035e-05 0.04469630241501391 2.301109343284863e-06 4.2463614367266326e-05 4.247084062740035e-05 4.250204543470758e-05 4.250204543048776e-05
1616.2 11.940920911788593 -9.023325457819347 67.30868142277903 -761834.2627090552 2.305746596452546e-06 24.90750929205064 24.799461691617758 24.857607476475398 194.29679540674906 638.9254185131172 400.0 -1.3557323112295704e-05 0.0070547271249159086 0.04990181557524349 0.7475639167266889 17.577055162660088 4.584660948431073e-07 9.721218753800824e-05 4.860233144670313e-05 4.8609856091305113e-05 0.04993554393864425 2.305746596452546e-06 4.860233144670313e-05 4.860985609130511e-05 4.8649771929076996e-05 4.864977192583915e-05
1644.27 11.943242007234456 -9.04230260132173 67.74575290747356 -761057.2604848956 2.310392621883581e-06 24.922047217471114 24.811753741908465 24.866444712197904 194.12857515809284 638.8134976637793 400.0 -1.57445618303602e-05 0.007965684065314732 0.05560250527320682 0.7483453218261565 18.79977056082915 4.4757051434116247e-07 0.00011095438870080135 5.547345505652805e-05 5.54809336442733e-05 0.05564647339377106 2.310392621883581e-06 5.547345505652805e-05 5.54809336442733e-05 5.5531719399555275e-05 5.553171939607202e-05
1672.59 11.945588957297154 -9.061574702779284 68.17962704623822 -760272.4823265818 2.3150597006132133e-06 24.936844049426345 24.82427384445569 24.87504121143864 193.95839971664833 638.6971756745997 400.0 -1.823355483575263e-05 0.008971370736735065 0.06180283798770664 0.7491707030514868 19.97153288419023 4.3702844098305807e-07 0.00012630202400660818 6.314754775902246e-05 6.315447624758572e-05 0.061859257423711816 2.3150597006132133e-06 6.314754775902246e-05 6.315447624758572e-05 6.321876177899145e-05 6.321876177473974e-05
1701.14 11.94796022451556 -9.081129290962483 68.61006153590296 -759480.4555819894 2.319755201372866e-06 24.951932108724208 24.837054656177084 24.88340558435495 193.78637798855098 638.5766465533959 400.0 -2.1056521359707613e-05 0.010078225860632749 0.06852652436926146 0.7500385833196455 21.09226296232238 4.268327350194055e-07 0.00014338792456480652 7.169112595578679e-05 7.169679860901976e-05 0.06859790896648875 2.319755201372866e-06 7.169112595578679e-05 7.169679860901975e-05 7.177775487632844e-05 7.177775487101802e-05
1729.94 11.950357601935748 -9.10098119650827 69.03742122532353 -758680.5968884393 2.32449311159571e-06 24.967364506763143 24.850146320306564 24.891557708450364 193.61237710619147 638.4519299678171 400.0 -2.4252374516596234e-05 0.011294481155297095 0.07580679831278393 0.7509486597626756 22.163621633083142 4.169625363825572e-07 0.00016237632637880855 8.118643445844512e-05 8.11898919203634e-05 0.0758960059627176 2.32449311159571e-06 8.118643445844512e-05 8.118989192036341e-05 8.12913495983197e-05 8.129134959414852e-05
1758.98 11.95278040416262 -9.121124718245987 69.46161665411951 -757873.1532856424 2.3292825126398914e-06 24.98317829009244 24.863585255348962 24.899508001911684 193.43644413559866 638.3231642843897 400.0 -2.7860240905632774e-05 0.012627525706871817 0.08367028818075353 0.7518997119387629 23.186186586112832 4.0740856072545014e-07 0.00018342254170095195 9.17112852969524e-05 9.171125640399953e-05 0.08378052747659127 2.3292825126398914e-06 9.17112852969524e-05 9.171125640399953e-05 9.183779990445959e-05 9.18377998995409e-05
1788.26 11.95522878818858 -9.141560976687833 69.88270951323166 -757058.0928168256 2.334134169493637e-06 24.999415494175633 24.877411977622067 24.90726928795258 193.2585649195466 638.1904391587047 400.0 -3.192346393070059e-05 0.014085418085868665 0.09214620622305258 0.7528908098637008 24.161022876535128 3.981585967205147e-07 0.00020669642024769954 0.00010335079385588567 0.00010334562639181383 0.09228106242257712 2.334134169493637e-06 0.00010335079385588567 0.00010334562639181385 0.0001035027248468507 0.0001035027248408925
1817.79 11.957703763259618 -9.16229813085821 70.30090123189325 -756235.1028879863 2.3390605444062885e-06 25.0161235946678 24.891671525467817 24.914856385431648 193.0786632418189 638.0537908071908 400.0 -3.6490476145977285e-05 0.01567707118802688 0.10126720923615182 0.7539213738382993 25.08956707956464 3.891981113887526e-07 0.00023238586608784884 0.00011619914389823627 0.00011618672218961254 0.10143067490161846 2.3390605444062885e-06 0.00011619914389823627 0.00011618672218961258 0.00011638088516787453 0.00011638088516306303
1847.55 11.960203836892843 -9.183323246316512 70.71596874149122 -755404.705337823 2.3440691339575194e-06 25.033332751872663 24.906394021511836 24.922275956532065 192.89684483359903 637.9133883750739 400.0 -4.160863380166916e-05 0.017410050624012186 0.1110567953406003 0.7549897710636995 25.972371754600864 3.805222038162966e-07 0.00026066140198161957 0.00013034187028317334 0.00013031953169844617 0.1112532598931478 2.3440691339575194e-06 0.00013034187028317334 0.0001303195316984462 0.00013055843037741556 0.00013055843037146727
1877.56 11.962730887064733 -9.20465155825946 71.1282504759917 -754566.3046838366 2.349174150626746e-06 25.05109570979298 24.921628752680732 24.929544337227078 192.71297011666803 637.769208065378 400.0 -4.733566032284906e-05 0.019294450878818384 0.12155137256590068 0.7560957861364002 26.81124780872277 3.721146087715016e-07 0.00029173916787356727 0.0001458873742282361 0.0001458517936453312 0.12178568193235277 2.349174150626746e-06 0.0001458873742282361 0.00014585179364533116 0.00014614449534360564 0.0001461444953378347
1907.81 11.965284286969066 -9.226277124185831 71.5376647014851 -753720.1404640883 2.354384864644873e-06 25.069447615860586 24.937409810687548 24.936669938000207 192.52708168964793 637.6213613807472 400.0 -5.3728218960832746e-05 0.02133892055039595 0.13277767786037764 0.7572381356024588 27.60713048170832 3.639683588402811e-07 0.0003258164680244464 0.00016293469307687906 0.0001628817749475673 0.13305511852503024 2.354384864644873e-06 0.00016293469307687906 0.00016288177494756733 0.0001632388991797025 0.00016323889917156821
1938.3 11.96786426375725 -9.248201041574895 71.94426951080303 -752866.1714160942 2.3597119624822887e-06 25.088428952553894 24.953775725474657 24.943663280691244 192.33916011057946 637.4699075255439 400.0 -6.08487833301037e-05 0.023552938579730606 0.14476567186265032 0.758415896480936 28.361271862308538 3.560739701252106e-07 0.0003631089521700694 0.00018159210422718594 0.00018151684794288344 0.1450919960990871 2.3597119624822887e-06 0.00018159210422718594 0.00018151684794288344 0.00018195080164483494 0.00018195080163863428
1969.03 11.970471059866387 -9.270424404574676 72.34812230809315 -752004.3543004363 2.365167231414995e-06 25.108079952795876 24.97076455535466 24.950534654647228 192.1491844991174 637.3149003735327 400.0 -6.876419068437388e-05 0.025946246510070617 0.15754529814864848 0.759628153847983 29.074926005697158 3.484223808150206e-07 0.00040384154546875203 0.00020197259639236233 0.00020186894907638984 0.15792673708570507 2.365167231414995e-06 0.00020197259639236233 0.00020186894907638984 0.00020239417156144702 0.00020239417155369204
2000.0 11.973104933419403 -9.292948304354598 72.74927982839385 -751134.6438628566 2.3707583747968266e-06 25.128439976919356 24.988413862373264 24.9572935454208 191.95713313883311 637.156388686943 400.0 -7.754582682846644e-05 0.028528840500029313 0.17114643149855857 0.7608740022303815 29.74934086494609 3.410049199409265e-07 0.00044824844967194426 0.00022419387832209097 0.00022405457134985323 0.1715897062226766 2.3707583747968266e-06 0.00022419387832209097 0.00022405457134985329 0.00022468780407842466 0.00022468780406861163
