#T= 0.0
54.762406836574414 0.49376772213880604 0.0 0.0 0.0
56.7906980292296 0.46869952810241466 0.0 0.0 0.0
58.81891953506046 0.44589462162142185 0.0 0.0 0.0
60.84714632133921 0.4221356223563504 0.0 0.0 0.0
62.875391583261106 0.39775336240322506 0.0 0.0 0.0
64.90364359091947 0.4029254480990362 0.0 0.0 0.0
66.93185421649837 0.401979883318806 0.0 0.0 0.0


#T= 0.8
54.762406836574414 0.4937677220674263 -1.2605028132384177e-11 3.5689860330042386e-10 4.626722932668247e-11
56.7906980292296 0.4686995280798761 -2.5693225325085223e-11 1.1269310826338157e-10 6.352769188263867e-11
58.81891953506046 0.4458946216125012 -3.8539837987627834e-11 4.4602897185735346e-11 9.573974116593044e-11
60.84714632133921 0.422135622348125 -4.4650505515164696e-11 4.112670661842743e-11 1.1204282557338184e-10
62.875391583261106 0.3977533622265007 -3.298339379398385e-11 8.836216841407099e-10 8.25043576859287e-11
64.90364359091947 0.40292544755880605 -1.1046097370126517e-10 2.701150586000385e-09 2.736494210769621e-10
66.93185421649837 0.40197988311020505 -1.6257217794191092e-10 1.0430049865626492e-09 4.0406857131596595e-10


#T= 2.56
54.762406836574414 0.49376771465764985 -1.836752971939859e-10 1.167737541090016e-08 1.4805100223253796e-10
56.7906980292296 0.46869952573906887 -2.602718041089247e-10 3.6927277715744863e-09 2.0290636583329742e-10
58.81891953506046 0.44589462068603136 -3.916227342415368e-10 1.4615477349821756e-09 3.0503417716031443e-10
60.84714632133921 0.4221356214938608 -4.575468892653589e-10 1.34763992247263e-09 3.563972752315787e-10
62.875391583261106 0.397753343876241 -3.374225343577564e-10 2.8934888328673657e-08 2.6316220294782146e-10
64.90364359091947 0.4029253914774306 -1.1036860314561636e-09 8.838383150310847e-08 8.444294231151345e-10
66.93185421649837 0.40197986145314807 -1.5991332702469663e-09 3.413787370689642e-08 1.1987742682829354e-09


#T= 5.29
54.762406836574414 0.4937675900486403 -8.009095608940697e-10 9.681689455564186e-08 3.035644406124064e-10
56.7906980292296 0.46869948594589006 -1.1067839977840777e-09 3.118131757875583e-08 4.1655543904431756e-10
58.81891953506046 0.4458946045821003 -1.6582220041527762e-09 1.2880916182228742e-08 6.202917878560207e-10
60.84714632133921 0.4221356065841171 -1.933003090925922e-09 1.1984545416453405e-08 7.204076625313134e-10
62.875391583261106 0.397753029369898 -1.4324683661470772e-09 2.4855540296461816e-07 5.374266215856381e-10
64.90364359091947 0.4029244478713869 -4.445595891411358e-09 7.33084313538345e-07 1.5698818301811354e-09
66.93185421649837 0.4019794964194632 -6.1698628428530355e-09 2.834097543582296e-07 2.0900195073062965e-09


#T= 8.99
54.762406836574414 0.4937667380370781 -2.307032787030039e-09 4.054912676134946e-07 5.099339418632299e-10
56.7906980292296 0.468699205426977 -3.169944307046535e-09 1.3543583073197767e-07 6.961943907906974e-10
58.81891953506046 0.44589447857832365 -4.696502742262965e-09 6.442574955270382e-08 1.014597602357595e-09
60.84714632133921 0.42213548524265204 -5.439119377115276e-09 6.393909720449563e-08 1.1641269841746223e-09
62.875391583261106 0.39775067944684767 -4.077904236510221e-09 1.1781843277253236e-06 8.874798250994109e-10
64.90364359091947 0.4029180793351845 -1.1654279319373018e-08 2.9800225283746772e-06 2.28577819025093e-09
66.93185421649837 0.40197706939292027 -1.5484410198496334e-08 1.1219909883080766e-06 2.88973634399458e-09


#T= 13.66
54.762406836574414 0.49376312135997485 -5.293514959703316e-09 1.2477508544640082e-06 7.698334569286054e-10
56.7906980292296 0.4686979300554923 -7.200029017440102e-09 4.6476362084316824e-07 1.0252357080895341e-09
58.81891953506046 0.44589379092272025 -1.0471424616298464e-08 2.723860335700241e-07 1.4467017523846311e-09
60.84714632133921 0.42213473505571436 -1.2012520755888545e-08 3.148701949212937e-07 1.6357773935488425e-09
62.875391583261106 0.3977391254598779 -9.166967629425926e-09 4.190632949405114e-06 1.2840303594968433e-09
64.90364359091947 0.4028934660873604 -2.3912889446364716e-08 7.895713060056484e-06 2.928213758692168e-09
66.93185421649837 0.40196797964278874 -3.06675147498936e-08 2.888059330001392e-06 3.5703589002554517e-09


#T= 19.29
54.762406836574414 0.4937508240189204 -1.0535003980294277e-08 3.3670827682391903e-06 1.094838264746978e-09
56.7906980292296 0.4686926212565067 -1.4018965543982631e-08 1.6198207679894662e-06 1.393371595151839e-09
58.81891953506046 0.4458901928644579 -1.988917119888356e-08 1.1920513850031462e-06 1.886772995896506e-09
60.84714632133921 0.42213029150937464 -2.2581602365789877e-08 1.504989053827817e-06 2.1043528671057706e-09
62.875391583261106 0.3976969208121056 -1.763554280387325e-08 1.1481912164177161e-05 1.7211202548614517e-09
64.90364359091947 0.40282729841102394 -4.2061543581439764e-08 1.5891858292681374e-05 3.4905945617778887e-09
66.93185421649837 0.4019437068470559 -5.24859657957677e-08 5.887196193192365e-06 4.149028879828829e-09


#T= 25.88
54.762406836574414 0.4937147426171665 -1.9051640265388414e-08 8.00617240904135e-06 1.4918355595603115e-09
56.7906980292296 0.46867230790840747 -2.4566972456341318e-08 4.971923531229453e-06 1.805753108386109e-09
58.81891953506046 0.44587366945347784 -3.382118052286387e-08 4.263956888449337e-06 2.3322231583644514e-09
60.84714632133921 0.42210940106133715 -3.8025035564714926e-08 5.361362183483579e-06 2.572387324045664e-09
62.875391583261106 0.39758033524047354 -3.0663969141642156e-08 2.4601982563410924e-05 2.2369458988246832e-09
64.90364359091947 0.40268726581307407 -6.67752004801514e-08 2.680569297409926e-05 3.9885982121732625e-09
66.93185421649837 0.4018901314028631 -8.15534306752852e-08 1.0598310701493961e-05 4.649202334046129e-09


#T= 33.45
54.762406836574414 0.4936240888424071 -3.2086987289403623e-08 1.650260873377028e-05 1.9507746957637605e-09
56.7906980292296 0.46860970157401444 -3.998543718353176e-08 1.21787176719054e-05 2.2650054094377122e-09
58.81891953506046 0.44581710726415397 -5.324176299836836e-08 1.1328995877424472e-05 2.791263178593472e-09
60.84714632133921 0.422039428208004 -5.934937519214145e-08 1.3845200168301243e-05 3.053768704467039e-09
62.875391583261106 0.3973237562820599 -4.992163837869157e-08 4.373812387253957e-05 2.852122709853798e-09
64.90364359091947 0.40243306131347517 -9.874428030798299e-08 4.0545083655260317e-05 4.441476572061909e-09
66.93185421649837 0.40178387264246423 -1.1848708680872733e-07 1.782347730866072e-05 5.0904287231076e-09


#T= 41.98
54.762406836574414 0.4934290056921233 -5.086678811494494e-08 2.9864624282728672e-05 2.447274548059822e-09
56.7906980292296 0.46845631832547235 -6.142549580090417e-08 2.447875669729627e-05 2.7563619561452054e-09
58.81891953506046 0.44567072021154 -7.908592181138374e-08 2.372743601383056e-05 3.2603793133940737e-09
60.84714632133921 0.42186346040987754 -8.753062274990953e-08 2.818300120181742e-05 3.5450839381726307e-09
62.875391583261106 0.39684744004791894 -7.71329951021471e-08 6.836297902709078e-05 3.5173959455125227e-09
64.90364359091947 0.4020161173149677 -1.3846451452081965e-07 5.750470937582073e-05 4.85809421249776e-09
66.93185421649837 0.40158776253081596 -1.6364268873303445e-07 2.8665441986164723e-05 5.481923926867149e-09


#T= 51.48
54.762406836574414 0.49305842411345646 -7.657693856799597e-08 4.880434713099657e-05 2.956940074972207e-09
56.7906980292296 0.4681408142270596 -9.003620959902037e-08 4.266121992628061e-05 3.2582022571230016e-09
58.81891953506046 0.445360920855967 -1.123246136103262e-07 4.2243294417290124e-05 3.727682681486444e-09
60.84714632133921 0.42150041680862926 -1.2356397860457946e-07 4.901159319586496e-05 4.029772903930462e-09
62.875391583261106 0.3960575036712365 -1.1368740615580464e-07 9.833841722621348e-05 4.157768790236549e-09
64.90364359091947 0.4013711070235256 -1.8649225808076153e-07 7.874985181107716e-05 5.240676207957624e-09
66.93185421649837 0.4012434950807635 -2.1742950906400438e-07 4.4493911458818945e-05 5.828366082394747e-09


#T= 61.94
54.762406836574414 0.49242085792535417 -1.1018022405551164e-07 7.374445560884376e-05 3.4574153741369173e-09
56.7906980292296 0.46757004601328056 -1.2673713456479163e-07 6.7181794954668e-05 3.748116132607141e-09
58.81891953506046 0.4447917345197462 -1.5372610562280897e-07 6.733078899166506e-05 4.177525943220696e-09
60.84714632133921 0.4208467778211451 -1.6817757853004878e-07 7.672200040762363e-05 4.487746489373732e-09
62.875391583261106 0.39484473606013853 -1.602517016863203e-07 0.0001340012200670689 4.722157187258954e-09
64.90364359091947 0.40041023886366056 -2.431800680824381e-07 0.00010561240024677437 5.586735592266848e-09
66.93185421649837 0.4006662805188143 -2.8003967855738665e-07 6.671082301290932e-05 6.131294155784203e-09


#T= 73.38
54.762406836574414 0.4914021427809045 -1.5252197727022576e-07 0.00010496274167478555 3.932948004210142e-09
56.7906980292296 0.46662696106079904 -1.7232916604825732e-07 9.83769773815792e-05 4.210210359921651e-09
58.81891953506046 0.4438422520752519 -2.0399107825141982e-07 9.939280810862072e-05 4.598433269188166e-09
60.84714632133921 0.4197730234442055 -2.2198818783181196e-07 0.00011174600225802298 4.906475733029371e-09
62.875391583261106 0.3930741293796207 -2.171153994368069e-07 0.00017606904999725473 5.197676139995508e-09
64.90364359091947 0.39901294086556277 -3.0891855828940606e-07 0.00013944424902564889 5.895326119871716e-09
66.93185421649837 0.3997373319524876 -3.5174270607285507e-07 9.664534213068168e-05 6.394075164725744e-09


#T= 85.77
54.762406836574414 0.48987305747269305 -2.040451789753206e-07 0.00014241853247995548 4.371652424826122e-09
56.7906980292296 0.46517710542639656 -2.2719045489338896e-07 0.00013629880762399313 4.63309507511147e-09
58.81891953506046 0.442372290207442 -2.6341243142269377e-07 0.0001385896025033545 4.98191476798728e-09
60.84714632133921 0.41812945164924104 -2.8516672045952873e-07 0.00015428395356123696 5.279336226216543e-09
62.875391583261106 0.39059278036609096 -2.8405929697328247e-07 0.0002250325792755122 5.5908990417255315e-09
64.90364359091947 0.3970321703259749 -3.837002537920853e-07 0.0001811234383856818 6.166487341634099e-09
66.93185421649837 0.3983074222115791 -4.3242118863418e-07 0.00013516271433116505 6.620621962905406e-09


#T= 99.14
54.762406836574414 0.4876801257276765 -2.652329698094036e-07 0.00018611404777043103 4.7694673298463975e-09
56.7906980292296 0.46305959261903534 -2.917573027616527e-07 0.00018104213799788977 5.013527205847348e-09
58.81891953506046 0.4402126853968194 -3.3239382446481613e-07 0.00018511612840348845 5.326118156794487e-09
60.84714632133921 0.4157351196457583 -3.5802031561615877e-07 0.00020455382096551815 5.607475535319596e-09
62.875391583261106 0.38721128508498365 -3.6108512802002224e-07 0.0002813489891768816 5.9174124746125045e-09
64.90364359091947 0.3942808942394845 -4.6778849593920313e-07 0.00023124724033979813 6.403973691543381e-09
66.93185421649837 0.3961880750599848 -5.222988122000061e-07 0.00018282147213671588 6.8171091018245635e-09


#T= 113.47
54.762406836574414 0.4846600556998007 -3.362038398790901e-07 0.0002358174065831805 5.124797521830871e-09
56.7906980292296 0.460100811023135 -3.66095648018927e-07 0.00023242202032977094 5.3509100689696566e-09
58.81891953506046 0.43717932250884817 -4.1097231928688416e-07 0.00023882004517228393 5.6311344136880085e-09
60.84714632133921 0.4123939127187618 -4.4049737368823116e-07 0.00026235348935670327 5.893877741872036e-09
62.875391583261106 0.38272749340100104 -4.4791848097247566e-07 0.0003449199793270279 6.190865125382486e-09
64.90364359091947 0.39055313866068475 -5.610954190160555e-07 0.0002897419023746565 6.611757086104413e-09
66.93185421649837 0.3931681521983757 -6.21258578803463e-07 0.00023949991924213156 6.988853253775212e-09


#T= 128.77
54.762406836574414 0.4806301569738708 -4.1709770925990597e-07 0.00029132351824736084 5.439759598895752e-09
56.7906980292296 0.45610591955555496 -4.5031183049104584e-07 0.0002902151325324856 5.6482422563168514e-09
58.81891953506046 0.4330652888137068 -4.99251498808917e-07 0.00029943770110970236 5.900088958738602e-09
60.84714632133921 0.4078864132371165 -5.326490395418659e-07 0.0003273244837381098 6.1438303107782874e-09
62.875391583261106 0.3769136748069648 -5.444812671839827e-07 0.00041541872246149707 6.423265840940873e-09
64.90364359091947 0.38561603970480945 -6.636986000785328e-07 0.00035619832564805676 6.794745075957874e-09
66.93185421649837 0.3890100564143453 -7.293867696489542e-07 0.00030471068281579715 7.1410678158539224e-09


#T= 145.04
54.762406836574414 0.47539641603816035 -5.079340326119564e-07 0.00035231391198886115 5.717767114247711e-09
56.7906980292296 0.45086772822403376 -5.444019564038172e-07 0.000354019553264576 5.909644595716994e-09
58.81891953506046 0.4276510245277976 -5.97232883592369e-07 0.0003664643712237391 6.13701001744632e-09
60.84714632133921 0.4019816794126209 -6.344462946117346e-07 0.00039883488293217663 6.362766268384613e-09
62.875391583261106 0.36953203413843166 -6.506735275024766e-07 0.0004921903816215988 6.6238389692787075e-09
64.90364359091947 0.3792248086742092 -7.756102746725446e-07 0.00042983428090453437 6.957410356122163e-09
66.93185421649837 0.38346341800443173 -8.467150749424945e-07 0.00037757897043536466 7.277986222163958e-09


#T= 162.27
54.762406836574414 0.4687588568874843 -6.086264363602822e-07 0.0004183376555522096 5.9628812929539725e-09
56.7906980292296 0.44417332118248354 -6.4826677714791e-07 0.0004232552848103908 6.139663444371729e-09
58.81891953506046 0.4207121816314924 -7.048292189892891e-07 0.0004391829856692896 6.3462218956247686e-09
60.84714632133921 0.3944460393934787 -7.457886965767102e-07 0.00047603430239041286 6.555784162494407e-09
62.875391583261106 0.3603443564771314 -7.663618362130364e-07 0.0005743405377166923 6.799604650121716e-09
64.90364359091947 0.37113315802137475 -8.967786158109448e-07 0.0005096099672358682 7.10359352516777e-09
66.93185421649837 0.3762759697310525 -9.73216252475595e-07 0.00045696746877260636 7.402927953975954e-09


#T= 180.47
54.762406836574414 0.46050352891118035 -7.191808748530093e-07 0.0004889293663025261 6.1796732793476094e-09
56.7906980292296 0.4357969374441479 -7.61913398150682e-07 0.0004973142403760815 6.343114888011389e-09
58.81891953506046 0.41201289238069166 -8.2207004936663e-07 0.0005168481350982041 6.532204982128129e-09
60.84714632133921 0.3850357266758588 -8.6671080623546e-07 0.0005580649020171702 6.7276581101623184e-09
62.875391583261106 0.3491020489913384 -8.91577386141762e-07 0.0006609754114897367 6.9561283510080486e-09
64.90364359091947 0.361085933338586 -1.027303426326398e-06 0.000594484750534375 7.2366605164490364e-09
66.93185421649837 0.3671881268711854 -1.1090239055988604e-06 0.0005417421961008643 7.518600160365162e-09


#T= 199.63
54.762406836574414 0.4504213521582527 -8.394793979960014e-07 0.0005634758723574336 6.372284114026901e-09
56.7906980292296 0.4255195920974709 -8.852293831296265e-07 0.0005754417928580969 6.524219323004812e-09
58.81891953506046 0.40132637786155323 -9.488645531519069e-07 0.0005985789766165086 6.698814647361144e-09
60.84714632133921 0.373518943735681 -9.971309253842264e-07 0.0006439537991845578 6.882258299404662e-09
62.875391583261106 0.3355720389714605 -1.0262437228902854e-06 0.0007510929628360354 7.097483218622434e-09
64.90364359091947 0.3488428904342843 -1.1671563981963118e-06 0.0006833258946297497 7.359179875142662e-09
66.93185421649837 0.3559548835772671 -1.2541371319230166e-06 0.0006306886206236024 7.626927069297803e-09


#T= 219.77
54.762406836574414 0.4382867044149767 -9.695991423086525e-07 0.000641438106368872 6.5447853553259325e-09
56.7906980292296 0.4131075344311436 -1.0183073300140677e-06 0.0006569820449730371 6.686978136359895e-09
58.81891953506046 0.3884125252821284 -1.0853337641947292e-06 0.0006836237634019256 6.849642842820021e-09
60.84714632133921 0.3596512403242166 -1.1371893009481937e-06 0.0007328913387653456 7.023003647164129e-09
62.875391583261106 0.319506867314465 -1.1705192406452625e-06 0.0008438761904789832 7.226968063329073e-09
64.90364359091947 0.33415228658197266 -1.3165418693006359e-06 0.0007752027678979444 7.473352175571644e-09
66.93185421649837 0.3423221088633096 -1.4087932811435167e-06 0.0007228086151100213 7.729486623228446e-09


#T= 240.86
54.762406836574414 0.42390625119376063 -1.1093083145397031e-06 0.0007220727467988332 6.700341634140654e-09
56.7906980292296 0.39836209206166484 -1.160926515808569e-06 0.0007410916536161749 6.834426123670118e-09
58.81891953506046 0.37306948864285827 -1.2312765420574578e-06 0.0007710619342843888 6.987349101535135e-09
60.84714632133921 0.34323050100918334 -1.2866964027580252e-06 0.0008239147882074321 7.1523260755455755e-09
62.875391583261106 0.3007080310087227 -1.3242242431488194e-06 0.0009383595923366156 7.346794913728282e-09
64.90364359091947 0.31680885600655856 -1.4753054387028897e-06 0.0008690589794083063 7.580622494958343e-09
66.93185421649837 0.3260803006116473 -1.5728540176951356e-06 0.0008169923446447836 7.827200448079346e-09


#T= 262.93
54.762406836574414 0.4070529793412091 -1.2587837829869386e-06 0.0008048838366567894 6.8421043781830406e-09
56.7906980292296 0.3810519365170746 -1.3132845566588003e-06 0.0008272114676939469 6.969512670101022e-09
58.81891953506046 0.35506287712672785 -1.3869183561610043e-06 0.000860292465233205 7.114498459265685e-09
60.84714632133921 0.32402051302117396 -1.4458995138966202e-06 0.0009164129272666916 7.272512706897088e-09
62.875391583261106 0.2789371997229195 -1.4876276708264413e-06 0.001033951301160706 7.458965828092197e-09
64.90364359091947 0.29657250228672877 -1.643750195512439e-06 0.0009642285596270793 7.682383291563372e-09
66.93185421649837 0.30698896838696255 -1.7466495663143178e-06 0.0009125345743831589 7.920986149379019e-09


#T= 285.96
54.762406836574414 0.38754100718975687 -1.417887972365861e-06 0.0008892228654972553 6.972381831325885e-09
56.7906980292296 0.3609894314213332 -1.4752576618093372e-06 0.0009146456697638609 7.094345826516488e-09
58.81891953506046 0.33420481773336047 -1.552153051420646e-06 0.0009505910842547931 7.232873547830867e-09
60.84714632133921 0.3018352191546575 -1.6147041321801225e-06 0.0010096588544135654 7.385098800672995e-09
62.875391583261106 0.2540125109646353 -1.6606454806833426e-06 0.0011299437019751748 7.5647654227856e-09
64.90364359091947 0.27325693477917884 -1.8218095050315242e-06 0.001059947921681828 7.779477703324325e-09
66.93185421649837 0.28485941200003595 -1.930123453064425e-06 0.0010086430343777609 8.011316776334664e-09


#T= 309.96
54.762406836574414 0.3651697605247231 -1.586702339295698e-06 0.0009746061217709071 7.093248706736176e-09
56.7906980292296 0.33797301452801054 -1.6469439572119882e-06 0.0010028876830916016 7.210793081775214e-09
58.81891953506046 0.3102936662744166 -1.727098194237442e-06 0.0010414434811918645 7.344048039886364e-09
60.84714632133921 0.2764739484348237 -1.7932424611899478e-06 0.0011031514062137488 7.491429006619012e-09
62.875391583261106 0.22573446437960387 -1.8434241013665087e-06 0.0012258641844533939 7.665308136677134e-09
64.90364359091947 0.24666097925439148 -2.009649932688262e-06 0.001155701602208648 7.872663230354397e-09
66.93185421649837 0.2594900856256945 -2.1234557365801265e-06 0.0011047831277459631 8.098646986178734e-09


#T= 334.93
54.762406836574414 0.3397543914433056 -1.7652565134085307e-06 0.001060571322227193 7.206335674701714e-09
56.7906980292296 0.31181810507226065 -1.828386615443378e-06 0.0010914661207648408 7.320296242276028e-09
58.81891953506046 0.2831458614866544 -1.911812063326579e-06 0.0011323809030062018 7.449219057426941e-09
60.84714632133921 0.24775516738791872 -1.98158365094514e-06 0.0011964406067387842 7.59251000886471e-09
62.875391583261106 0.1939240990296615 -2.0360429857646523e-06 0.001321292186912219 7.761411695933259e-09
64.90364359091947 0.21660386080332084 -2.207365497497449e-06 0.0012510373683289877 7.962479996445166e-09
66.93185421649837 0.23069969483953306 -2.326747868153234e-06 0.001200490214987997 8.183289249413914e-09


#T= 360.86
54.762406836574414 0.31113035348664037 -1.953519955577576e-06 0.001146685403649795 7.312915710911164e-09
56.7906980292296 0.2823615432456848 -2.0195657555177604e-06 0.0011799490890909798 7.423962497934184e-09
58.81891953506046 0.2526002510769768 -2.106285933223262e-06 0.0012229813197971561 7.54929413234211e-09
60.84714632133921 0.21552073477726286 -2.1797263656253563e-06 0.0012891265257649002 7.689095717869943e-09
62.875391583261106 0.15842722587274238 -2.2385077045328217e-06 0.0014158569550797662 7.853678282307345e-09
64.90364359091947 0.1829293186206666 -2.4149714050736293e-06 0.0013455612902198402 8.049312245143124e-09
66.93185421649837 0.19833123698580848 -2.5400176042467137e-06 0.0012953628796522564 8.265463411020915e-09


#T= 387.76
54.762406836574414 0.2791207416490566 -2.151617380263815e-06 0.0012326434942174246 7.414083276592567e-09
56.7906980292296 0.2494277380681523 -2.2206169916216822e-06 0.0012680423677003715 7.522743253043062e-09
58.81891953506046 0.21848278807734337 -2.3106666873218273e-06 0.0013129670175642811 7.645062217265112e-09
60.84714632133921 0.1795984927110095 -2.38782610040289e-06 0.0013809569917627934 7.781851107047e-09
62.875391583261106 0.1190731424844408 -2.450982407253832e-06 0.0015093361051445628 7.942648918271827e-09
64.90364359091947 0.1454663354680932 -2.6326429036771515e-06 0.0014390342074655845 8.133525282517407e-09
66.93185421649837 0.16221416596913088 -2.763445181130919e-06 0.0013891583179321948 8.345417492506358e-09


#T= 415.63
54.762406836574414 0.24356704002182328 -2.3596114857582506e-06 0.0013181622574487395 7.510672388664782e-09
56.7906980292296 0.21286012833226187 -2.4316108948596593e-06 0.0013554768700172778 7.617356387609732e-09
58.81891953506046 0.1806390461668178 -2.525032812172867e-06 0.0014020870178756515 7.737115684270147e-09
60.84714632133921 0.13983656910748307 -2.6059668698508176e-06 0.0014717056793440866 7.871274084937722e-09
62.875391583261106 0.07571258987039933 -2.6735567786317915e-06 0.0016015303985584802 8.028725802495348e-09
64.90364359091947 0.10406490791568376 -2.86047681186119e-06 0.0015312449410007775 8.215386909677957e-09
66.93185421649837 0.12219858155791641 -2.997128660808812e-06 0.0014816639666410697 8.423344344925288e-09


#T= 444.46
54.762406836574414 0.20433305566010626 -2.577495834543697e-06 0.0014029808706203927 7.603317071610639e-09
56.7906980292296 0.17252507345737012 -2.6525462715198955e-06 0.0014420080563018528 7.708343955723575e-09
58.81891953506046 0.13893808995106888 -2.7493881304962997e-06 0.0014901153872520613 7.825901196492122e-09
60.84714632133921 0.09610725837424253 -2.8341556799205136e-06 0.001561169922373602 7.957740254853227e-09
62.875391583261106 0.02822166692409299 -2.9062409083735474e-06 0.0016922616058635586 8.112211019268212e-09
64.90364359091947 0.05859989624846959 -3.0984867436245622e-06 0.001622006823993061 8.295098233903548e-09
66.93185421649837 0.07815904829475695 -3.2410803996185678e-06 0.001572693260790129 8.499401718150897e-09


#T= 474.26
54.762406836574414 0.16126406414116262 -2.8054197827032112e-06 0.0014869439841021879 7.692585720944946e-09
56.7906980292296 0.12826974513539596 -2.8835783751901545e-06 0.0015274991684946025 7.796202050989343e-09
58.81891953506046 0.09322886591691025 -2.9838941060233992e-06 0.0015769349438479955 7.911841741988167e-09
60.84714632133921 0.04826124988133781 -3.072558939720693e-06 0.0016492553026810275 8.041617751264367e-09
62.875391583261106 -0.023547881956456976 -3.1492066625560255e-06 0.0017814582299084728 8.193414253878638e-09
64.90364359091947 0.008923369978666792 -3.3468506046574475e-06 0.0017112424957178504 8.372892013656011e-09
66.93185421649837 0.029948390001883964 -3.495480996207334e-06 0.0016621701071447867 8.573798337255922e-09


#T= 505.03
54.762406836574414 0.11422501551500495 -3.0434627973363604e-06 0.0015699043084117532 7.778910247721189e-09
56.7906980292296 0.07996135506003396 -3.1247903820030842e-06 0.001611820780814662 7.881308622160124e-09
58.81891953506046 0.04338075733427946 -3.2286377091850227e-06 0.001662434360117084 7.995261997222173e-09
60.84714632133921 -0.0038297761508508327 -3.3212667034376864e-06 0.0017358707451844827 8.123191298559707e-09
62.875391583261106 -0.07972220251769115 -3.4025473070187218e-06 0.0018690491000584403 8.272576983148389e-09
64.90364359091947 -0.04509107633416223 -3.6056650856153283e-06 0.001798876752225103 8.448956358808132e-09
66.93185421649837 -0.022559509933462247 -3.760428050725295e-06 0.0017500210074330824 8.646714899078396e-09


#T= 536.76
54.762406836574414 0.06310421326111863 -3.2916288859041742e-06 0.0016517230016376322 7.862621806234903e-09
56.7906980292296 0.027490852915379244 -3.3761882036742463e-06 0.0016948508935742956 7.963955363346557e-09
58.81891953506046 -0.010712689029365544 -3.483627025957503e-06 0.001746508194155821 8.07641532406888e-09
60.84714632133921 -0.060269377926385315 -3.580288264970477e-06 0.001820928774050422 8.202685377031652e-09
62.875391583261106 -0.14040150885893418 -3.6662735567460913e-06 0.0019549640442782065 8.349892474142485e-09
64.90364359091947 -0.10354452988865591 -3.874942180459584e-06 0.0018848366811542196 8.523449467476354e-09
66.93185421649837 -0.07946592156153386 -4.035933166335326e-06 0.0018361749665724559 8.718312734437186e-09


#T= 569.46
54.762406836574414 0.007764866059121355 -3.550080407421774e-06 0.0017323422693626953 7.94405077736689e-09
56.7906980292296 -0.029276833203352892 -3.6379375671913294e-06 0.0017765482870252599 8.044443514001157e-09
58.81891953506046 -0.06918507739259168 -3.7490315634158833e-06 0.0018291310390199725 8.155574545743067e-09
60.84714632133921 -0.12118989105265945 -3.849796883059753e-06 0.0019044206185412143 8.280350956338158e-09
62.875391583261106 -0.20571762675637512 -3.940562905313527e-06 0.0020392099849039337 8.42558826292373e-09
64.90364359091947 -0.16656822140987934 -4.154863972871681e-06 0.001969127418428442 8.596575363131964e-09
66.93185421649837 -0.1409012795541899 -4.322182974192401e-06 0.0019206392505105832 8.78880252124144e-09


#T= 603.13
54.762406836574414 -0.051909114304627337 -3.8189051849713e-06 0.0018117004337350822 8.023460037277589e-09
56.7906980292296 -0.09045577626139946 -3.910128171469296e-06 0.001856866099602106 8.123015487017573e-09
58.81891953506046 -0.1321486456393128 -4.024943507374701e-06 0.0019102699327561196 8.232962356074694e-09
60.84714632133921 -0.18670171794468463 -4.1298869319916776e-06 0.0019863276774659743 8.356395660406902e-09
62.875391583261106 -0.275779288567513 -4.225512526545572e-06 0.0021217816962609973 8.499856801014071e-09
64.90364359091947 -0.23427094324261225 -4.445530635166506e-06 0.0020517425859701644 8.668513792210263e-09
66.93185421649837 -0.20697407721363473 -4.619281114059959e-06 0.002003409503835891 8.858373859975098e-09


#T= 637.76
54.762406836574414 -0.11600954836941402 -4.0981124271866065e-06 0.0018897333538563262 8.101064704034165e-09
56.7906980292296 -0.15613544492631498 -4.192769750943626e-06 0.0019357534123089807 8.19987209189658e-09
58.81891953506046 -0.19969061806667274 -4.31137387124636e-06 0.0019898861831304897 8.308766041244835e-09
60.84714632133921 -0.2568896328799721 -4.420570505203614e-06 0.0020666236960606385 8.430996787367634e-09
62.875391583261106 -0.3506683908685793 -4.521135934965059e-06 0.002202664379959472 8.572866686266177e-09
64.90364359091947 -0.3067353179711099 -4.746957515067152e-06 0.0021326666720421854 8.739427891810095e-09
66.93185421649837 -0.2777671318375018 -4.927245683461479e-06 0.002084472099355627 8.92719963118365e-09


#T= 673.36
54.762406836574414 -0.18465957883566192 -4.387874383837698e-06 0.001966438910479295 8.177109476768986e-09
56.7906980292296 -0.2264376648904793 -4.486037056494752e-06 0.002013220486539074 8.27524746844216e-09
58.81891953506046 -0.27193177742921715 -4.608500816516425e-06 0.00206800132163294 8.383210206588957e-09
60.84714632133921 -0.3318736372887888 -4.722029331105659e-06 0.0021453414792829695 8.504372450607313e-09
62.875391583261106 -0.43050490998972835 -4.827619591196708e-06 0.0022819011002841506 8.64483249147366e-09
64.90364359091947 -0.3840806230863576 -5.059336743329368e-06 0.0022119423624788527 8.809530484776864e-09
66.93185421649837 -0.353398964407305 -5.246276494119684e-06 0.0021638715534682126 8.995498100002773e-09


#T= 709.93
54.762406836574414 -0.25796048531034893 -4.688286921350482e-06 0.0020418038951369143 8.25180630200644e-09
56.7906980292296 -0.30146208662176577 -4.79002733300149e-06 0.0020892648875589577 8.349346727482099e-09
58.81891953506046 -0.34897033288338064 -4.91642398969816e-06 0.0021446226300163174 8.456496108585704e-09
60.84714632133921 -0.41175054292363894 -5.034365855749456e-06 0.002222497929554855 8.576724839410093e-09
62.875391583261106 -0.5153844152394885 -5.145069721379514e-06 0.0023595174491684366 8.715966599152298e-09
64.90364359091947 -0.46640241309816627 -5.3827792925176254e-06 0.0022895950675514225 8.879041637759982e-09
66.93185421649837 -0.43396487466704453 -5.5764911408573425e-06 0.0022416349031752826 9.063490464986782e-09


#T= 747.46
54.762406836574414 -0.33598821354991815 -4.999366353786172e-06 0.0021158062903300833 8.325346012741086e-09
56.7906980292296 -0.3812826730508342 -5.104757292428985e-06 0.00216387400784545 8.422359743850867e-09
58.81891953506046 -0.4308783687030659 -5.235161907535257e-06 0.002219745917375612 8.528823667221365e-09
60.84714632133921 -0.4965903802442174 -5.357600755928615e-06 0.002298097114456209 8.64827819033104e-09
62.875391583261106 -0.6053744396648926 -5.473511151876664e-06 0.00243552490325902 8.7865518379701e-09
64.90364359091947 -0.553768893760932 -5.717314635944604e-06 0.002365636213776077 8.948285796171836e-09
66.93185421649837 -0.5195333097988882 -5.9179246463259005e-06 0.0023177750191973007 9.131496846841003e-09


#T= 785.96
54.762406836574414 -0.4188557276812421 -5.321298587546153e-06 0.002188472664201482 8.397967660703354e-09
56.7906980292296 -0.46601147763856404 -5.4304157259821295e-06 0.0022370830555155864 8.494543674998235e-09
58.81891953506046 -0.5177672819255245 -5.564908761357401e-06 0.00229341404615837 8.600510990062259e-09
60.84714632133921 -0.5865041680536027 -5.69193566946069e-06 0.0023721893299129145 8.719463861100969e-09
62.875391583261106 -0.700586354350185 -5.813158040268718e-06 0.002509980376231614 8.85726184135275e-09
64.90364359091947 -0.6462907030628695 -6.063169124104206e-06 0.002440122774404975 9.018112366963298e-09
66.93185421649837 -0.6102142077966664 -6.270813301512135e-06 0.002392350221100816 9.200364285349928e-09


#T= 825.43
54.762406836574414 -0.5066527828908595 -5.654193984128142e-06 0.002259815122805683 8.469928347103801e-09
56.7906980292296 -0.5557369916572787 -5.767116974197961e-06 0.0023089115771786953 8.566247414476165e-09
58.81891953506046 -0.6097244652489997 -5.905789151938734e-06 0.002365653116997116 8.672157053948303e-09
60.84714632133921 -0.681578254213671 -6.037511440126764e-06 0.002444807001464888 8.791317430821158e-09
62.875391583261106 -0.8011055916795431 -6.164183190549011e-06 0.0025829218975787016 8.930020260332934e-09
64.90364359091947 -0.7440532353677094 -6.420541879492703e-06 0.002513092884794055 9.091106535859607e-09
66.93185421649837 -0.7060927607798481 -6.635365735974119e-06 0.002465399814264211 9.272729499238072e-09


#T= 865.86
54.762406836574414 -0.5994425630116901 -5.998087942771235e-06 0.0023298339740130346 8.541612531004065e-09
56.7906980292296 -0.6505207467594822 -6.1149077197342194e-06 0.002379366326068658 8.638206089591924e-09
58.81891953506046 -0.7068098781281433 -6.257880130533522e-06 0.0024364755310134025 8.745382876766197e-09
60.84714632133921 -0.781870855658034 -6.394456789848846e-06 0.002515967949648942 8.866954990599162e-09
62.875391583261106 -0.9069881573209703 -6.526818353336239e-06 0.0026543720686533273 9.010876702490572e-09
64.90364359091947 -0.8471131539352319 -6.789744062984937e-06 0.0025845692792078917 9.175542635985818e-09
66.93185421649837 -0.8072259222476609 -7.011907932508166e-06 0.0025369475540303298 9.357184816995266e-09


#T= 907.27
54.762406836574414 -0.6973544320488592 -6.353294878636007e-06 0.002398585051973445 8.613952002983974e-09
56.7906980292296 -0.7504920360646343 -6.474146118762292e-06 0.0024485091029648066 8.71253328956701e-09
58.81891953506046 -0.8091530408568849 -6.621646164717276e-06 0.0025059482819548905 8.825141807842887e-09
60.84714632133921 -0.8875122201134215 -6.763411491306215e-06 0.002585744114745467 8.955989309286554e-09
62.875391583261106 -1.018366316702008 -6.902041860712416e-06 0.002724407169082903 9.11828286397488e-09
64.90364359091947 -0.9556012865452138 -7.172015145329169e-06 0.0026546284063511346 9.296654979229367e-09
66.93185421649837 -0.9137433962437344 -7.401730762524039e-06 0.002607070841690321 9.480287967721737e-09


#T= 949.63
54.762406836574414 -0.8003971191150355 -6.719766034279928e-06 0.002466043681955007 8.689341016303714e-09
56.7906980292296 -0.8556571259631551 -6.844918289061752e-06 0.0025163200141229878 8.795238694956619e-09
58.81891953506046 -0.9167576675774332 -6.997498942951097e-06 0.002574055630361748 8.925752716815853e-09
60.84714632133921 -0.9985028892122095 -7.14531965684273e-06 0.002654123706943342 9.085981120894035e-09
62.875391583261106 -1.1352357759559308 -7.291804081432929e-06 0.00279301886871669 9.303973040337808e-09
64.90364359091947 -1.0695153915449485 -7.570077912077977e-06 0.002723262081902344 9.524779360596342e-09
66.93185421649837 -1.0256442116563944 -7.807714318630588e-06 0.00267576225839455 9.716864474743484e-09


#T= 992.97
54.762406836574414 -0.9087206608638896 -7.098161631802213e-06 0.0025322849425745723 8.77476590343069e-09
56.7906980292296 -0.9661666695138519 -7.228311929452502e-06 0.0025828788356969767 8.90349748796649e-09
58.81891953506046 -1.0297753796051887 -7.387501597122537e-06 0.002640881405711263 9.086744910766936e-09
60.84714632133921 -1.1149961714443601 -7.543789578789983e-06 0.002721194380630931 9.330740934399293e-09
62.875391583261106 -1.2577533918191097 -7.702513414642453e-06 0.0028602981531293792 9.700901301355251e-09
64.90364359091947 -1.1890101920238074 -7.992486047214697e-06 0.002790561469428537 1.0037544485837932e-08
66.93185421649837 -1.1430815218536827 -8.238940729654587e-06 0.0027431137245860966 1.0257274557109724e-08


#T= 1037.27
54.762406836574414 -1.0223507513094392 -7.4892583228347576e-06 0.002597306045405543 8.889108971479179e-09
56.7906980292296 -1.0820445478753944 -7.626313788478001e-06 0.0026481865219888366 9.082527478012081e-09
58.81891953506046 -1.1482282137103919 -7.796285743211229e-06 0.0027064297883431783 9.407653471941184e-09
60.84714632133921 -1.23701185848066 -7.967478467207911e-06 0.0027869633566328647 9.867626330388713e-09
62.875391583261106 -1.3859356221812222 -8.14970080398325e-06 0.002926254888555677 1.0607071362227773e-08
64.90364359091947 -1.3141035019118383 -8.459899930812753e-06 0.0028565365820374423 1.1218161508837755e-08
66.93185421649837 -1.2660739595016122 -8.717508826805442e-06 0.002809135857423913 1.1512965044319014e-08


#T= 1082.54
54.762406836574414 -1.1413854763992473 -7.895579088312843e-06 0.002661151383638341 9.080836621441547e-09
56.7906980292296 -1.2033886155679843 -8.04463880399453e-06 0.0027122909608186204 9.442452468267647e-09
58.81891953506046 -1.2722139760052564 -8.236098452130136e-06 0.0027707516648997 1.0113029209492158e-08
60.84714632133921 -1.364647974476637 -8.437884744694202e-06 0.002851484334436275 1.1063682189287014e-08
62.875391583261106 -1.5198813780095461 -8.669111906556282e-06 0.002990945212769635 1.2567428440774082e-08
64.90364359091947 -1.4448934973927323 -9.01807946718236e-06 0.0029212437105469217 1.3719346884935433e-08
66.93185421649837 -1.3947191062192124 -9.292369838931336e-06 0.00287388551377344 1.4179858831185435e-08


#T= 1128.77
54.762406836574414 -1.2658689068200628 -8.323188666281567e-06 0.0027238370735019855 9.464034296878072e-09
56.7906980292296 -1.330241758713162 -8.49693562088305e-06 0.0027752112250368876 1.0221408717158693e-08
58.81891953506046 -1.4017743954800745 -8.734552068290213e-06 0.0028338686404705857 1.1628221106160435e-08
60.84714632133921 -1.4979449092658985 -9.000084460808466e-06 0.002914781289286818 1.3519562858696673e-08
62.875391583261106 -1.659629197012529 -9.328851405143723e-06 0.003054395152142829 1.6327026629935947e-08
64.90364359091947 -1.581419377664492 -9.750055639301536e-06 0.0029847090168622723 1.835603632693557e-08
66.93185421649837 -1.529056525000657 -1.0051984681069825e-05 0.002937389335297017 1.9115567828683796e-08


#T= 1175.97
54.762406836574414 -1.3958963764169088 -8.786787304870813e-06 0.0027854071158686785 1.027811657499834e-08
56.7906980292296 -1.4626992074246281 -9.013525655632293e-06 0.002836994018150402 1.1850993564171043e-08
58.81891953506046 -1.537004764673312 -9.34626969240071e-06 0.0028958297259804515 1.4579724034362784e-08
60.84714632133921 -1.6369982786278308 -9.73428990391767e-06 0.002976905384498357 1.7969576119526906e-08
62.875391583261106 -1.8052756737977267 -1.0237934318979569e-05 0.0031166577277184585 2.2664409130912765e-08
64.90364359091947 -1.7237770067557812 -1.0782911431306275e-05 0.0030469856543670916 2.5941597966386853e-08
66.93185421649837 -1.6691815058546318 -1.1131103782702212e-05 0.0029997009149204078 2.7173587809223444e-08


#T= 1224.14
54.762406836574414 -1.5315353843508186 -9.317629803717864e-06 0.0028458911508569785 1.1943317248442463e-08
56.7906980292296 -1.600827900552995 -9.65180173295721e-06 0.0028976713079680813 1.493767930678647e-08
58.81891953506046 -1.6779715475646948 -1.0161525551666273e-05 0.002956668872966631 1.966475266253763e-08
60.84714632133921 -1.781874107094461 -1.076081106532456e-05 0.0030378924184296633 2.5140427128303345e-08
62.875391583261106 -1.956886455982677 -1.154867305785956e-05 0.0031777703293928415 3.2350941725580745e-08
64.90364359091947 -1.872032000844481 -1.2290359634903325e-05 0.003108111131137237 3.7318181628160764e-08
66.93185421649837 -1.8151595733820671 -1.271378804545975e-05 0.0030608581398000145 3.92517268938637e-08


#T= 1273.27
54.762406836574414 -1.6728226259728365 -9.973472984370346e-06 0.0029053067621519803 1.503420517166077e-08
56.7906980292296 -1.7446635009963964 -1.0503838055342385e-05 0.0029572626976247015 2.013522200369314e-08
58.81891953506046 -1.8247093815788418 -1.1309321266139705e-05 0.003016407402688044 2.7560105051048403e-08
60.84714632133921 -1.9326058175182594 -1.22422587054416e-05 0.003097765308945279 3.5778228700930085e-08
62.875391583261106 -2.1144932230129525 -1.3461692930150093e-05 0.003237757248947206 4.6269107114347774e-08
64.90364359091947 -2.026216706346537 -1.4500451939625236e-05 0.0031681098448503716 5.349576905856213e-08
66.93185421649837 -1.9670234623416274 -1.5042324740477397e-05 0.003120885736889319 5.644016882687671e-08


#T= 1323.38
54.762406836574414 -1.819879722418722 -1.0846054493640622e-05 0.0029637072234861726 2.0165722589970386e-08
56.7906980292296 -1.8943281975555761 -1.169975971038184e-05 0.0030158233454128575 2.8083986244238073e-08
58.81891953506046 -1.977341240009863 -1.2961415237100482e-05 0.0030751020726782594 3.900054402445552e-08
60.84714632133921 -2.08931764282856 -1.4391819917136672e-05 0.0031565822956007615 5.0779472305137954e-08
62.875391583261106 -2.2782226932155836 -1.6239428234143816e-05 0.003296677998481187 6.553029192428272e-08
64.90364359091947 -2.1864564209132267 -1.7712211388243304e-05 0.0032270414109994245 7.575579156372292e-08
66.93185421649837 -2.1248974487257293 -1.8435484783196898e-05 0.003179843629424944 8.012614718019843e-08


#T= 1374.44
54.762406836574414 -1.9726803342385268 -1.206210816917519e-05 0.003021086767352587 2.793286886024505e-08
56.7906980292296 -2.049793656935487 -1.3409133146069507e-05 0.0030733489955205315 3.9474563778152444e-08
58.81891953506046 -2.1358366479600384 -1.533814329945926e-05 0.003132749909612169 5.4868385736261994e-08
60.84714632133921 -2.251976329065758 -1.748283332858591e-05 0.0032143415931825373 7.124744923568124e-08
62.875391583261106 -2.448037123732378 -2.0218497382984424e-05 0.003354531812696432 9.149356616102282e-08
64.90364359091947 -2.3527154650025737 -2.2309753930471743e-05 0.003284905147704835 1.056557188332224e-07
66.93185421649837 -2.2887471984330836 -2.3304015272174183e-05 0.003237731382473321 1.1199675823507085e-07


#T= 1426.48
54.762406836574414 -2.1313744702472137 -1.3788567343908653e-05 0.0030775077161853603 3.8993860877122926e-08
56.7906980292296 -2.211211056487503 -1.5852096581170372e-05 0.0031299034800929978 5.5161346821578493e-08
58.81891953506046 -2.3003482281652388 -1.87255572683398e-05 0.003189416022664154 7.627802843984281e-08
60.84714632133921 -2.4207366369691985 -2.187045338075677e-05 0.00327110949018411 9.856134515702403e-08
62.875391583261106 -2.624095216543555 -2.583580197779156e-05 0.0034113859899369734 1.2583377533314803e-07
64.90364359091947 -2.5251504274380396 -2.8791740703582036e-05 0.0033417684406857728 1.451030337393018e-07
66.93185421649837 -2.458727819626963 -3.0182351991925316e-05 0.0032946166287386937 1.541179712082098e-07


#T= 1479.48
54.762406836574414 -2.2959608651393792 -1.6237772186400434e-05 0.0031329756946072954 5.413959013214201e-08
56.7906980292296 -2.378577721787336 -1.930834399388459e-05 0.0031854936301018797 7.618862771328882e-08
58.81891953506046 -2.470871811722014 -2.34865325978717e-05 0.0032451082630993427 1.0456807557505255e-07
60.84714632133921 -2.5955924841150644 -2.800407045810971e-05 0.003326894779950332 1.343522184117204e-07
62.875391583261106 -2.806387845109646 -3.3641949826801465e-05 0.003467250130145105 1.7050532197119522e-07
64.90364359091947 -2.7037535517082625 -3.778598865267213e-05 0.003397640959903253 1.9631222713458884e-07
66.93185421649837 -2.6348324396086698 -3.9744701432198326e-05 0.0033505092355810653 2.0888947114487186e-07


#T= 1533.45
54.762406836574414 -2.4665281341439087 -1.96814940807144e-05 0.0031875283439747994 7.435321476128179e-08
56.7906980292296 -2.5519824574594145 -2.4135505924505196e-05 0.003240158230682595 1.0383327089570385e-07
58.81891953506046 -2.647496516866055 -3.008332015497217e-05 0.0032998663815926254 1.4134537761441156e-07
60.84714632133921 -2.776633547174019 -3.645398089702212e-05 0.0033817381028634933 1.8055520006173205e-07
62.875391583261106 -2.9950058685102134 -4.433255999458652e-05 0.003522165634234294 2.2780516969840034e-07
64.90364359091947 -2.888614979751097 -5.008459319810754e-05 0.0034525641746158916 2.618760428508954e-07
66.93185421649837 -2.817150673919274 -5.284293357732395e-05 0.0034054508595872 2.791210855830799e-07


#T= 1588.38
54.762406836574414 -2.6431010093796314 -2.4463044013600665e-05 0.0032411819410471145 1.0081797125650836e-07
56.7906980292296 -2.731449161611032 -3.078329396544177e-05 0.003293914534029883 1.3960113762753786e-07
58.81891953506046 -2.8302453859180323 -3.909353442566044e-05 0.003353708453215284 1.8847518477337536e-07
60.84714632133921 -2.9638818124086375 -4.7929194863627345e-05 0.003435658291689305 2.3939423575071597e-07
62.875391583261106 -3.1899696665583313 -5.87678566574823e-05 0.0035761519822785468 3.003505740187034e-07
64.90364359091947 -3.0797557678831122 -6.666538207866779e-05 0.0035065576237932206 3.447381699815726e-07
66.93185421649837 -3.0057039995161303 -7.053001775148005e-05 0.0034594611995435254 3.68003527045962e-07


#T= 1644.29
54.762406836574414 -2.825799730901788 -3.1017443745895434e-05 0.0032939811421013212 1.349533297867001e-07
56.7906980292296 -2.917098845472583 -3.981817606302229e-05 0.0033468081182660373 1.852711392096745e-07
58.81891953506046 -3.01924038784028 -5.123999237355292e-05 0.0034066808325634184 2.4813578232793754e-07
60.84714632133921 -3.1574606694784384 -6.331257436897886e-05 0.0034887024148119714 3.1344719055709597e-07
62.875391583261106 -3.391405252955288 -7.801372728977185e-05 0.0036292568516638406 3.9115560628443214e-07
64.90364359091947 -3.277300519753618 -8.873785223784125e-05 0.0035596690417379656 4.482783955415088e-07
66.93185421649837 -3.200616031590109 -9.410956505462309e-05 0.0035125881408897535 4.791991698241065e-07


#T= 1701.16
54.762406836574414 -3.0146137645903996 -3.9882531694956924e-05 0.0033459314004063993 1.7839126052124233e-07
56.7906980292296 -3.1089196589412658 -5.19349762555521e-05 0.0033988451915412245 2.428596269644703e-07
58.81891953506046 -3.2144682572632997 -6.740236261748578e-05 0.0034587903635176793 3.22767543175107e-07
60.84714632133921 -3.357355013064069 -8.367241480300436e-05 0.00354087790040571 4.055785118149315e-07
62.875391583261106 -3.5992945415451567 -0.0001033527149161273 0.00368148816900335 5.035439162005684e-07
64.90364359091947 -3.481232524188739 -0.00011775435044114602 0.0036119064018043674 5.762103466218545e-07
66.93185421649837 -3.401870957989133 -0.00012514827542275953 0.003564839780761543 6.167313570143489e-07


#T= 1758.99
54.762406836574414 -3.2095952852627225 -5.172395901809068e-05 0.00339705718912951 2.3301880252724942e-07
56.7906980292296 -3.306963533936047 -6.798723670442541e-05 0.0034500509359582415 3.146735531687234e-07
58.81891953506046 -3.4159807223303273 -8.865364375765239e-05 0.0035100628244807614 4.1513796301146593e-07
60.84714632133921 -3.5636163847925926 -0.00011030514497178956 0.003592211074199715 5.190160328931438e-07
62.875391583261106 -3.8136889153668587 -0.00013633360610754153 0.003732872726438659 6.412387040884803e-07
64.90364359091947 -3.691603148372175 -0.00015546531152210719 0.003663296540798571 7.326813178950514e-07
66.93185421649837 -3.6095201060065 -0.00016553535754582072 0.0036162430722707886 7.850901716278245e-07


#T= 1817.79
54.762406836574414 -3.4108299460402085 -6.735835876270357e-05 0.0034473905659228687 3.0099511782342617e-07
56.7906980292296 -3.511316430014124 -8.901426673446622e-05 0.0035004580548509538 4.0332767110894333e-07
58.81891953506046 -3.623864155320672 -0.00011629130241885832 0.0035605314613951196 5.283579953475198e-07
60.84714632133921 -3.776331807006254 -0.00014477052647521305 0.0036427356797004407 6.573660482118559e-07
62.875391583261106 -4.034676657698227 -0.00017881081804205223 0.003783444691157356 8.083757118711439e-07
64.90364359091947 -3.9084999651213184 -0.00020396241575326712 0.0037138736670949317 9.22283733283864e-07
66.93185421649837 -3.823650541212283 -0.00021752906025085395 0.003666832329758603 9.892432841946286e-07


#T= 1877.56
54.762406836574414 -3.618369459885014 -8.77734364337357e-05 0.0034969535545023725 3.8474568308670416e-07
56.7906980292296 -3.7220298549519377 -0.00011626346508819552 0.0035500891360259208 5.117315887552349e-07
58.81891953506046 -3.8381698920584535 -0.00015186158870506006 0.003610219335859296 6.65859835197313e-07
60.84714632133921 -3.9955524583231954 -0.00018891784563379588 0.0036924752127185795 8.245813682899261e-07
62.875391583261106 -4.262308813614099 -0.0002329721643832272 0.0038332279285382405 1.0094596668292428e-06
64.90364359091947 -4.131974005927598 -0.0002657081773520531 0.0037636616823174983 1.1500024754560097e-06
66.93185421649837 -4.044313261387791 -0.0002837885463833345 0.003716631547446186 1.2345774193706707e-06


#T= 1938.3
54.762406836574414 -3.832264581327776 -0.00011415511335144402 0.0035457674432658225 4.869794901037628e-07
56.7906980292296 -3.939154373309283 -0.0001512215946490869 0.003598965973960478 6.431070788509062e-07
58.81891953506046 -4.058948337981146 -0.0001971950898536079 0.003659148667144462 8.314138716164909e-07
60.84714632133921 -4.221328598782757 -0.000244925694900644 0.003741452281562843 1.0249777885492886e-06
62.875391583261106 -4.496635519693976 -0.0003013829492175546 0.0038822453778262697 1.2493799564124184e-06
64.90364359091947 -4.362075394713405 -0.00034358390031741237 0.003812683558512224 1.421229683481488e-06
66.93185421649837 -4.271558359239602 -0.0003674252978100867 0.00376566378047468 1.526912188879327e-06


#T= 2000.0
54.762406836574414 -4.052529207059566 -0.00014790913911610915 0.0035938451259539955 6.106754535130853e-07
56.7906980292296 -4.162703173155967 -0.0001956381111938299 0.0036471019080492745 8.009657551220175e-07
58.81891953506046 -4.286211931448888 -0.0002544313514647456 0.0037073331685441866 1.029095775498279e-06
60.84714632133921 -4.453671708649814 -0.000315327736629456 0.003789680941780732 1.2631903384342227e-06
62.875391583261106 -4.737666733637565 -0.00038701241290084454 0.003930511385591437 1.5333544372540614e-06
64.90364359091947 -4.598814772956911 -0.00044091722703853975 0.003860953671315226 1.741698425028374e-06
66.93185421649837 -4.505396917414473 -0.0004720324585392177 0.003813943477667365 1.8724264209735127e-06


