#T volume alpha alpha_xx alpha_yy alpha_zz alpha_yz alpha_zx alpha_xz alpha_zx alpha_xy alpha_yx
0.0   9.160873   0.0000e+00   1.7325e-13   1.7325e-13   1.7325e-13   2.3664e-30   2.3664e-30   2.3664e-30  -2.3664e-30  -2.3664e-30  -2.3664e-30
0.17   9.160873   1.0218e-14   4.3357e-14   4.3357e-14   4.3357e-14   9.5750e-31   9.5750e-31   9.5750e-31  -9.5750e-31  -9.5750e-31  -9.5750e-31
0.43   9.160873   1.0907e-13   9.6879e-14   9.6879e-14   9.6879e-14   1.3071e-30   1.3071e-30   1.3071e-30  -1.3071e-30  -1.3071e-30  -1.3071e-30
0.78   9.160873   6.4520e-13   6.5020e-13   6.5020e-13   6.5020e-13   1.6105e-30   1.6105e-30   1.6105e-30  -1.6105e-30  -1.6105e-30  -1.6105e-30
1.23   9.160873   2.5249e-12   2.5002e-12   2.5002e-12   2.5002e-12  -3.7583e-29  -3.7583e-29  -3.7583e-29   3.7583e-29   3.7583e-29   3.7583e-29
1.78   9.160873   7.6492e-12   7.7190e-12   7.7190e-12   7.7190e-12   2.2025e-28   2.2025e-28   2.2025e-28  -2.2025e-28  -2.2025e-28  -2.2025e-28
2.41   9.160873   1.8986e-11   1.8695e-11   1.8695e-11   1.8695e-11   3.5433e-29   3.5433e-29   3.5433e-29  -3.5433e-29  -3.5433e-29  -3.5433e-29
3.14   9.160873   4.1992e-11   4.3143e-11   4.3143e-11   4.3143e-11  -1.5225e-28  -1.5225e-28  -1.5225e-28   1.5225e-28   1.5225e-28   1.5225e-28
3.97   9.160873   8.4869e-11   8.0233e-11   8.0233e-11   8.0233e-11  -3.2267e-27  -3.2267e-27  -3.2267e-27   3.2267e-27   3.2267e-27   3.2267e-27
4.88   9.160873   1.5767e-10   1.7594e-10   1.7594e-10   1.7594e-10   2.9745e-27   2.9745e-27   2.9745e-27  -2.9745e-27  -2.9745e-27  -2.9745e-27
5.9   9.160873   3.0334e-10   2.7750e-10   2.7750e-10   2.7750e-10   7.2554e-27   7.2554e-27   7.2554e-27  -7.2554e-27  -7.2554e-27  -7.2554e-27
7.0   9.160873   4.4993e-10   4.2949e-10   4.2949e-10   4.2949e-10  -7.0606e-27  -7.0606e-27  -7.0606e-27   7.0606e-27   7.0606e-27   7.0606e-27
8.2   9.160873   7.1060e-10   7.1625e-10   7.1625e-10   7.1625e-10   1.9982e-27   1.9982e-27   1.9982e-27  -1.9982e-27  -1.9982e-27  -1.9982e-27
9.49   9.160873   1.0858e-09   1.0842e-09   1.0842e-09   1.0842e-09   2.6308e-27   2.6308e-27   2.6308e-27  -2.6308e-27  -2.6308e-27  -2.6308e-27
10.88   9.160873   1.6204e-09   1.6208e-09   1.6208e-09   1.6208e-09   3.2735e-26   3.2735e-26   3.2735e-26  -3.2735e-26  -3.2735e-26  -3.2735e-26
12.36   9.160873   2.3656e-09   2.3654e-09   2.3654e-09   2.3654e-09   9.1536e-26   9.1536e-26   9.1536e-26  -9.1536e-26  -9.1536e-26  -9.1536e-26
13.94   9.160874   3.3980e-09   3.3980e-09   3.3980e-09   3.3980e-09   6.6526e-26   6.6526e-26   6.6526e-26  -6.6526e-26  -6.6526e-26  -6.6526e-26
15.61   9.160874   4.8036e-09   4.8035e-09   4.8035e-09   4.8035e-09   1.2519e-25   1.2519e-25   1.2519e-25  -1.2519e-25  -1.2519e-25  -1.2519e-25
17.37   9.160874   6.6982e-09   6.6981e-09   6.6981e-09   6.6981e-09   1.6685e-25   1.1767e-25   1.6685e-25  -1.1767e-25   2.7133e-25   2.7133e-25
19.22   9.160874   9.2317e-09   9.2315e-09   9.2315e-09   9.2315e-09   2.8355e-25   2.8355e-25   2.8355e-25  -2.8355e-25  -2.8355e-25  -2.8355e-25
21.17   9.160875   1.2618e-08   1.2617e-08   1.2617e-08   1.2617e-08  -2.0956e-25  -2.0956e-25  -2.0956e-25   2.0956e-25   2.0956e-25   2.0956e-25
23.22   9.160876   1.7126e-08   1.7126e-08   1.7126e-08   1.7126e-08  -9.8129e-26  -9.8129e-26  -9.8129e-26   9.8129e-26   9.8129e-26   9.8129e-26
25.36   9.160877   2.3085e-08   2.3085e-08   2.3085e-08   2.3085e-08  -8.1023e-25  -8.1023e-25  -8.1023e-25   8.1023e-25   8.1023e-25   8.1023e-25
27.59   9.160879   3.0949e-08   3.0948e-08   3.0948e-08   3.0948e-08   1.4281e-24   1.4281e-24   1.4281e-24  -1.4281e-24  -1.4281e-24  -1.4281e-24
29.91   9.160881   4.1306e-08   4.1305e-08   4.1305e-08   4.1305e-08   1.4873e-24   1.4873e-24   1.4873e-24  -1.4873e-24  -1.4873e-24  -1.4873e-24
32.33   9.160884   5.4967e-08   5.4967e-08   5.4967e-08   5.4967e-08  -1.3186e-24  -1.3186e-24  -1.3186e-24   1.3186e-24   1.3186e-24   1.3186e-24
34.84   9.160889   7.2821e-08   7.2820e-08   7.2820e-08   7.2820e-08   1.4528e-24   1.4528e-24   1.4528e-24  -1.4528e-24  -1.4528e-24  -1.4528e-24
37.45   9.160895   9.6059e-08   9.6059e-08   9.6059e-08   9.6059e-08   1.3755e-24   1.3755e-24   1.3755e-24  -1.3755e-24  -1.3755e-24  -1.3755e-24
40.15   9.160903   1.2587e-07   1.2587e-07   1.2587e-07   1.2587e-07  -4.7518e-24  -4.7518e-24  -4.7518e-24   4.7518e-24   4.7518e-24   4.7518e-24
42.95   9.160914   1.6377e-07   1.6377e-07   1.6377e-07   1.6377e-07  -6.5471e-24  -6.5471e-24  -6.5471e-24   6.5471e-24   6.5471e-24   6.5471e-24
45.83   9.160929   2.1090e-07   2.1090e-07   2.1090e-07   2.1090e-07   6.3978e-24   6.3978e-24   6.3978e-24  -6.3978e-24  -6.3978e-24  -6.3978e-24
48.82   9.160948   2.6927e-07   2.6927e-07   2.6927e-07   2.6927e-07   9.1642e-24   9.1642e-24   9.1642e-24  -9.1642e-24  -9.1642e-24  -9.1642e-24
51.89   9.160974   3.3973e-07   3.3973e-07   3.3973e-07   3.3973e-07  -8.9996e-24  -8.9996e-24  -8.9996e-24   8.9996e-24   8.9996e-24   8.9996e-24
55.06   9.161007   4.2405e-07   4.2405e-07   4.2405e-07   4.2405e-07   4.9812e-24   4.9812e-24   4.9812e-24  -4.9812e-24  -4.9812e-24  -4.9812e-24
58.32   9.161049   5.2320e-07   5.2320e-07   5.2320e-07   5.2320e-07  -1.7721e-23  -1.7721e-23  -1.7721e-23   1.7721e-23   1.7721e-23   1.7721e-23
61.68   9.161103   6.3850e-07   6.3850e-07   6.3850e-07   6.3850e-07   1.1300e-23   1.1300e-23   1.1300e-23  -1.1300e-23  -1.1300e-23  -1.1300e-23
65.13   9.161170   7.7045e-07   7.7045e-07   7.7045e-07   7.7045e-07  -3.2885e-24  -3.2885e-24  -3.2885e-24   3.2885e-24   3.2885e-24   3.2885e-24
68.68   9.161252   9.2000e-07   9.2000e-07   9.2000e-07   9.2000e-07  -5.8090e-24  -4.8270e-24  -5.8090e-24   4.8270e-24   5.8258e-23   5.8258e-23
72.32   9.161352   1.0870e-06   1.0870e-06   1.0870e-06   1.0870e-06  -3.6647e-23  -3.6647e-23  -3.6647e-23   3.6647e-23   3.6647e-23   3.6647e-23
76.05   9.161473   1.2715e-06   1.2715e-06   1.2715e-06   1.2715e-06  -2.8096e-23  -2.8096e-23  -2.8096e-23   2.8096e-23   2.8096e-23   2.8096e-23
79.87   9.161617   1.4732e-06   1.4732e-06   1.4732e-06   1.4732e-06   3.4708e-23   3.4708e-23   3.4708e-23  -3.4708e-23  -3.4708e-23  -3.4708e-23
83.79   9.161787   1.6921e-06   1.6921e-06   1.6921e-06   1.6921e-06  -3.7860e-24  -3.7860e-24  -3.7860e-24   3.7860e-24   3.7860e-24   3.7860e-24
87.81   9.161987   1.9276e-06   1.9276e-06   1.9276e-06   1.9276e-06   5.7792e-23   6.9932e-23   5.7792e-23  -6.9932e-23   4.2017e-23   4.2017e-23
91.92   9.162219   2.1780e-06   2.1780e-06   2.1780e-06   2.1780e-06  -1.2105e-23  -1.2105e-23  -1.2105e-23   1.2105e-23   1.2105e-23   1.2105e-23
96.12   9.162486   2.4422e-06   2.4422e-06   2.4422e-06   2.4422e-06   3.0254e-23   3.0254e-23   3.0254e-23  -3.0254e-23  -3.0254e-23  -3.0254e-23
100.41   9.162790   2.7190e-06   2.7190e-06   2.7190e-06   2.7190e-06  -3.3986e-23  -3.3986e-23  -3.3986e-23   3.3986e-23   3.3986e-23   3.3986e-23
104.8   9.163136   3.0074e-06   3.0074e-06   3.0074e-06   3.0074e-06   3.7649e-23   3.7649e-23   3.7649e-23  -3.7649e-23  -3.7649e-23  -3.7649e-23
109.28   9.163524   3.3055e-06   3.3055e-06   3.3055e-06   3.3055e-06  -5.5866e-23  -5.5866e-23  -5.5866e-23   5.5866e-23   5.5866e-23   5.5866e-23
113.86   9.163960   3.6122e-06   3.6122e-06   3.6122e-06   3.6122e-06  -4.7342e-23  -4.7342e-23  -4.7342e-23   4.7342e-23   4.7342e-23   4.7342e-23
118.53   9.164444   3.9254e-06   3.9254e-06   3.9254e-06   3.9254e-06  -1.5686e-23  -1.5686e-23  -1.5686e-23   1.5686e-23   1.5686e-23   1.5686e-23
123.3   9.164979   4.2442e-06   4.2442e-06   4.2442e-06   4.2442e-06   4.9143e-23   1.1867e-22   4.9143e-23  -1.1867e-22   1.2785e-22   1.2785e-22
128.15   9.165567   4.5657e-06   4.5657e-06   4.5657e-06   4.5657e-06   9.0741e-23   9.0741e-23   9.0741e-23  -9.0741e-23  -9.0741e-23  -9.0741e-23
133.11   9.166212   4.8905e-06   4.8905e-06   4.8905e-06   4.8905e-06   1.6547e-22   1.6547e-22   1.6547e-22  -1.6547e-22  -1.6547e-22  -1.6547e-22
138.15   9.166912   5.2153e-06   5.2153e-06   5.2153e-06   5.2153e-06   1.6885e-22   1.6885e-22   1.6885e-22  -1.6885e-22  -1.6885e-22  -1.6885e-22
143.29   9.167672   5.5400e-06   5.5400e-06   5.5400e-06   5.5400e-06   9.7695e-23   9.7695e-23   9.7695e-23  -9.7695e-23  -9.7695e-23  -9.7695e-23
148.53   9.168494   5.8634e-06   5.8634e-06   5.8634e-06   5.8634e-06  -9.6189e-23  -9.6189e-23  -9.6189e-23   9.6189e-23   9.6189e-23   9.6189e-23
153.85   9.169376   6.1834e-06   6.1834e-06   6.1834e-06   6.1834e-06  -1.1226e-22  -1.1226e-22  -1.1226e-22   1.1226e-22   1.1226e-22   1.1226e-22
159.27   9.170321   6.5000e-06   6.5000e-06   6.5000e-06   6.5000e-06  -2.0539e-22  -2.0539e-22  -2.0539e-22   2.0539e-22   2.0539e-22   2.0539e-22
164.79   9.171332   6.8125e-06   6.8125e-06   6.8125e-06   6.8125e-06  -5.5331e-23  -5.5331e-23  -5.5331e-23   5.5331e-23   5.5331e-23   5.5331e-23
170.4   9.172408   7.1195e-06   7.1195e-06   7.1195e-06   7.1195e-06  -2.7683e-23  -2.7683e-23  -2.7683e-23   2.7683e-23   2.7683e-23   2.7683e-23
176.1   9.173548   7.4205e-06   7.4205e-06   7.4205e-06   7.4205e-06  -1.5059e-22  -1.5059e-22  -1.5059e-22   1.5059e-22   1.5059e-22   1.5059e-22
181.9   9.174757   7.7153e-06   7.7153e-06   7.7153e-06   7.7153e-06  -1.0872e-22  -1.0872e-22  -1.0872e-22   1.0872e-22   1.0872e-22   1.0872e-22
187.79   9.176031   8.0030e-06   8.0030e-06   8.0030e-06   8.0030e-06   3.1110e-22   3.1110e-22   3.1110e-22  -3.1110e-22  -3.1110e-22  -3.1110e-22
193.77   9.177372   8.2833e-06   8.2833e-06   8.2833e-06   8.2833e-06   3.1273e-22   3.1273e-22   3.1273e-22  -3.1273e-22  -3.1273e-22  -3.1273e-22
199.85   9.178781   8.5564e-06   8.5564e-06   8.5564e-06   8.5564e-06  -2.1948e-22  -2.1948e-22  -2.1948e-22   2.1948e-22   2.1948e-22   2.1948e-22
206.02   9.180258   8.8216e-06   8.8216e-06   8.8216e-06   8.8216e-06  -3.0507e-22  -3.0507e-22  -3.0507e-22   3.0507e-22   3.0507e-22   3.0507e-22
212.29   9.181804   9.0792e-06   9.0792e-06   9.0792e-06   9.0792e-06  -4.5674e-23  -4.5674e-23  -4.5674e-23   4.5674e-23   4.5674e-23   4.5674e-23
218.65   9.183417   9.3286e-06   9.3286e-06   9.3286e-06   9.3286e-06   2.1753e-22   2.1753e-22   2.1753e-22  -2.1753e-22  -2.1753e-22  -2.1753e-22
225.1   9.185096   9.5700e-06   9.5700e-06   9.5700e-06   9.5700e-06  -5.8823e-23  -5.8823e-23  -5.8823e-23   5.8823e-23   5.8823e-23   5.8823e-23
231.65   9.186845   9.8036e-06   9.8036e-06   9.8036e-06   9.8036e-06   7.0836e-23   7.0836e-23   7.0836e-23  -7.0836e-23  -7.0836e-23  -7.0836e-23
238.29   9.188660   1.0029e-05   1.0029e-05   1.0029e-05   1.0029e-05   1.7561e-22   1.7561e-22   1.7561e-22  -1.7561e-22  -1.7561e-22  -1.7561e-22
245.02   9.190541   1.0247e-05   1.0247e-05   1.0247e-05   1.0247e-05  -3.2755e-22  -3.2755e-22  -3.2755e-22   3.2755e-22   3.2755e-22   3.2755e-22
251.85   9.192491   1.0457e-05   1.0457e-05   1.0457e-05   1.0457e-05   1.3588e-22   1.3588e-22   1.3588e-22  -1.3588e-22  -1.3588e-22  -1.3588e-22
258.77   9.194506   1.0660e-05   1.0660e-05   1.0660e-05   1.0660e-05  -1.8853e-22  -1.8853e-22  -1.8853e-22   1.8853e-22   1.8853e-22   1.8853e-22
265.79   9.196589   1.0855e-05   1.0855e-05   1.0855e-05   1.0855e-05   2.3415e-22   2.3415e-22   2.3415e-22  -2.3415e-22  -2.3415e-22  -2.3415e-22
272.9   9.198737   1.1043e-05   1.1043e-05   1.1043e-05   1.1043e-05  -1.0246e-22  -1.0246e-22  -1.0246e-22   1.0246e-22   1.0246e-22   1.0246e-22
280.1   9.200950   1.1224e-05   1.1224e-05   1.1224e-05   1.1224e-05  -2.0119e-22   2.5734e-22  -2.0119e-22  -2.5734e-22   3.9544e-22   3.9544e-22
287.4   9.203230   1.1398e-05   1.1398e-05   1.1398e-05   1.1398e-05  -5.5410e-23  -5.5410e-23  -5.5410e-23   5.5410e-23   5.5410e-23   5.5410e-23
294.79   9.205573   1.1566e-05   1.1566e-05   1.1566e-05   1.1566e-05  -1.9036e-22  -1.9036e-22  -1.9036e-22   1.9036e-22   1.9036e-22   1.9036e-22
302.27   9.207979   1.1727e-05   1.1727e-05   1.1727e-05   1.1727e-05   1.9161e-22   1.9161e-22   1.9161e-22  -1.9161e-22  -1.9161e-22  -1.9161e-22
309.85   9.210451   1.1882e-05   1.1882e-05   1.1882e-05   1.1882e-05  -1.8517e-22  -1.8517e-22  -1.8517e-22   1.8517e-22   1.8517e-22   1.8517e-22
317.53   9.212989   1.2031e-05   1.2031e-05   1.2031e-05   1.2031e-05  -7.4764e-23  -7.4764e-23  -7.4764e-23   7.4764e-23   7.4764e-23   7.4764e-23
325.29   9.215585   1.2174e-05   1.2174e-05   1.2174e-05   1.2174e-05  -2.1336e-22  -2.1336e-22  -2.1336e-22   2.1336e-22   2.1336e-22   2.1336e-22
333.15   9.218246   1.2312e-05   1.2312e-05   1.2312e-05   1.2312e-05  -3.0348e-22  -3.0348e-22  -3.0348e-22   3.0348e-22   3.0348e-22   3.0348e-22
341.11   9.220972   1.2445e-05   1.2445e-05   1.2445e-05   1.2445e-05   2.3982e-22   2.3982e-22   2.3982e-22  -2.3982e-22  -2.3982e-22  -2.3982e-22
349.15   9.223754   1.2573e-05   1.2573e-05   1.2573e-05   1.2573e-05   3.8779e-22   3.8779e-22   3.8779e-22  -3.8779e-22  -3.8779e-22  -3.8779e-22
357.3   9.226604   1.2695e-05   1.2695e-05   1.2695e-05   1.2695e-05  -1.3195e-23  -1.3195e-23  -1.3195e-23   1.3195e-23   1.3195e-23   1.3195e-23
365.53   9.229510   1.2813e-05   1.2813e-05   1.2813e-05   1.2813e-05   3.0565e-22   3.0565e-22   3.0565e-22  -3.0565e-22  -3.0565e-22  -3.0565e-22
373.86   9.232479   1.2927e-05   1.2927e-05   1.2927e-05   1.2927e-05   7.5110e-23   7.5110e-23   7.5110e-23  -7.5110e-23  -7.5110e-23  -7.5110e-23
382.28   9.235507   1.3036e-05   1.3036e-05   1.3036e-05   1.3036e-05  -1.9320e-22  -1.9320e-22  -1.9320e-22   1.9320e-22   1.9320e-22   1.9320e-22
390.8   9.238598   1.3141e-05   1.3141e-05   1.3141e-05   1.3141e-05  -3.4000e-22  -3.4000e-22  -3.4000e-22   3.4000e-22   3.4000e-22   3.4000e-22
399.41   9.241746   1.3242e-05   1.3242e-05   1.3242e-05   1.3242e-05   2.5684e-22   2.5684e-22   2.5684e-22  -2.5684e-22  -2.5684e-22  -2.5684e-22
408.12   9.244956   1.3340e-05   1.3340e-05   1.3340e-05   1.3340e-05   1.9824e-22   1.9824e-22   1.9824e-22  -1.9824e-22  -1.9824e-22  -1.9824e-22
416.92   9.248224   1.3434e-05   1.3434e-05   1.3434e-05   1.3434e-05   3.4332e-22   3.4332e-22   3.4332e-22  -3.4332e-22  -3.4332e-22  -3.4332e-22
425.81   9.251550   1.3524e-05   1.3524e-05   1.3524e-05   1.3524e-05  -8.5556e-23  -8.5556e-23  -8.5556e-23   8.5556e-23   8.5556e-23   8.5556e-23
434.79   9.254932   1.3611e-05   1.3611e-05   1.3611e-05   1.3611e-05   3.7200e-22   3.7200e-22   3.7200e-22  -3.7200e-22  -3.7200e-22  -3.7200e-22
443.87   9.258375   1.3695e-05   1.3695e-05   1.3695e-05   1.3695e-05  -2.7877e-22  -2.7877e-22  -2.7877e-22   2.7877e-22   2.7877e-22   2.7877e-22
453.05   9.261877   1.3776e-05   1.3776e-05   1.3776e-05   1.3776e-05  -3.9753e-23  -3.9753e-23  -3.9753e-23   3.9753e-23   3.9753e-23   3.9753e-23
462.32   9.265436   1.3854e-05   1.3854e-05   1.3854e-05   1.3854e-05   1.3843e-22   1.3843e-22   1.3843e-22  -1.3843e-22  -1.3843e-22  -1.3843e-22
471.68   9.269051   1.3929e-05   1.3929e-05   1.3929e-05   1.3929e-05  -3.5609e-22  -3.5609e-22  -3.5609e-22   3.5609e-22   3.5609e-22   3.5609e-22
481.13   9.272722   1.4001e-05   1.4001e-05   1.4001e-05   1.4001e-05   1.3797e-22   1.3797e-22   1.3797e-22  -1.3797e-22  -1.3797e-22  -1.3797e-22
490.68   9.276452   1.4071e-05   1.4071e-05   1.4071e-05   1.4071e-05  -4.2132e-22  -4.2132e-22  -4.2132e-22   4.2132e-22   4.2132e-22   4.2132e-22
500.32   9.280237   1.4139e-05   1.4139e-05   1.4139e-05   1.4139e-05  -3.6276e-22  -3.6276e-22  -3.6276e-22   3.6276e-22   3.6276e-22   3.6276e-22
510.06   9.284080   1.4204e-05   1.4204e-05   1.4204e-05   1.4204e-05  -2.1334e-23  -2.1334e-23  -2.1334e-23   2.1334e-23   2.1334e-23   2.1334e-23
519.89   9.287979   1.4267e-05   1.4267e-05   1.4267e-05   1.4267e-05   1.7920e-22   1.7920e-22   1.7920e-22  -1.7920e-22  -1.7920e-22  -1.7920e-22
529.81   9.291932   1.4328e-05   1.4328e-05   1.4328e-05   1.4328e-05   3.4445e-22   3.4445e-22   3.4445e-22  -3.4445e-22  -3.4445e-22  -3.4445e-22
539.83   9.295943   1.4387e-05   1.4387e-05   1.4387e-05   1.4387e-05  -1.5884e-22  -1.5884e-22  -1.5884e-22   1.5884e-22   1.5884e-22   1.5884e-22
549.94   9.300008   1.4444e-05   1.4444e-05   1.4444e-05   1.4444e-05  -1.1448e-23  -1.1448e-23  -1.1448e-23   1.1448e-23   1.1448e-23   1.1448e-23
560.15   9.304132   1.4499e-05   1.4499e-05   1.4499e-05   1.4499e-05  -3.7902e-22  -3.7902e-22  -3.7902e-22   3.7902e-22   3.7902e-22   3.7902e-22
570.45   9.308309   1.4552e-05   1.4552e-05   1.4552e-05   1.4552e-05   1.1941e-22   1.1941e-22   1.1941e-22  -1.1941e-22  -1.1941e-22  -1.1941e-22
580.84   9.312540   1.4604e-05   1.4604e-05   1.4604e-05   1.4604e-05   8.0390e-23   8.0390e-23   8.0390e-23  -8.0390e-23  -8.0390e-23  -8.0390e-23
591.33   9.316828   1.4654e-05   1.4654e-05   1.4654e-05   1.4654e-05  -2.1636e-22  -2.1636e-22  -2.1636e-22   2.1636e-22   2.1636e-22   2.1636e-22
601.91   9.321169   1.4702e-05   1.4702e-05   1.4702e-05   1.4702e-05  -3.6802e-22  -3.6802e-22  -3.6802e-22   3.6802e-22   3.6802e-22   3.6802e-22
612.59   9.325568   1.4749e-05   1.4749e-05   1.4749e-05   1.4749e-05   3.5641e-22   3.5641e-22   3.5641e-22  -3.5641e-22  -3.5641e-22  -3.5641e-22
623.35   9.330016   1.4794e-05   1.4794e-05   1.4794e-05   1.4794e-05   3.6314e-22   3.9791e-22   3.6314e-22  -3.9791e-22   4.6651e-22   4.6651e-22
634.22   9.334525   1.4838e-05   1.4838e-05   1.4838e-05   1.4838e-05   1.0909e-22   1.0909e-22   1.0909e-22  -1.0909e-22  -1.0909e-22  -1.0909e-22
645.17   9.339082   1.4880e-05   1.4880e-05   1.4880e-05   1.4880e-05   3.2751e-22   3.2751e-22   3.2751e-22  -3.2751e-22  -3.2751e-22  -3.2751e-22
656.22   9.343696   1.4921e-05   1.4921e-05   1.4921e-05   1.4921e-05   2.5745e-22   2.5745e-22   2.5745e-22  -2.5745e-22  -2.5745e-22  -2.5745e-22
667.37   9.348367   1.4961e-05   1.4961e-05   1.4961e-05   1.4961e-05   3.1713e-22   3.1713e-22   3.1713e-22  -3.1713e-22  -3.1713e-22  -3.1713e-22
678.6   9.353086   1.4999e-05   1.4999e-05   1.4999e-05   1.4999e-05  -9.1228e-23  -9.1228e-23  -9.1228e-23   9.1228e-23   9.1228e-23   9.1228e-23
689.94   9.357866   1.5037e-05   1.5037e-05   1.5037e-05   1.5037e-05  -9.9666e-23  -9.9666e-23  -9.9666e-23   9.9666e-23   9.9666e-23   9.9666e-23
701.36   9.362694   1.5073e-05   1.5073e-05   1.5073e-05   1.5073e-05   2.4035e-22   2.4035e-22   2.4035e-22  -2.4035e-22  -2.4035e-22  -2.4035e-22
712.88   9.367578   1.5108e-05   1.5108e-05   1.5108e-05   1.5108e-05  -3.8514e-22  -3.8514e-22  -3.8514e-22   3.8514e-22   3.8514e-22   3.8514e-22
724.49   9.372515   1.5142e-05   1.5142e-05   1.5142e-05   1.5142e-05  -2.7117e-22  -1.9301e-22  -2.7117e-22   1.9301e-22   1.0791e-21   1.0791e-21
736.2   9.377507   1.5175e-05   1.5175e-05   1.5175e-05   1.5175e-05  -1.7590e-22  -1.7590e-22  -1.7590e-22   1.7590e-22   1.7590e-22   1.7590e-22
748.0   9.382551   1.5207e-05   1.5207e-05   1.5207e-05   1.5207e-05  -6.8271e-23  -6.8271e-23  -6.8271e-23   6.8271e-23   6.8271e-23   6.8271e-23
759.9   9.387652   1.5238e-05   1.5238e-05   1.5238e-05   1.5238e-05  -4.7253e-23  -4.7253e-23  -4.7253e-23   4.7253e-23   4.7253e-23   4.7253e-23
771.88   9.392799   1.5268e-05   1.5268e-05   1.5268e-05   1.5268e-05   5.6356e-22   5.6356e-22   5.6356e-22  -5.6356e-22  -5.6356e-22  -5.6356e-22
783.97   9.398007   1.5297e-05   1.5297e-05   1.5297e-05   1.5297e-05  -3.5954e-22  -3.5954e-22  -3.5954e-22   3.5954e-22   3.5954e-22   3.5954e-22
796.14   9.403262   1.5325e-05   1.5325e-05   1.5325e-05   1.5325e-05  -5.9502e-22  -5.9502e-22  -5.9502e-22   5.9502e-22   5.9502e-22   5.9502e-22
808.41   9.408573   1.5352e-05   1.5352e-05   1.5352e-05   1.5352e-05  -4.2156e-22  -4.2156e-22  -4.2156e-22   4.2156e-22   4.2156e-22   4.2156e-22
820.77   9.413935   1.5378e-05   1.5378e-05   1.5378e-05   1.5378e-05  -7.8544e-23  -7.8544e-23  -7.8544e-23   7.8544e-23   7.8544e-23   7.8544e-23
833.23   9.419352   1.5404e-05   1.5404e-05   1.5404e-05   1.5404e-05   3.6536e-22   3.6536e-22   3.6536e-22  -3.6536e-22  -3.6536e-22  -3.6536e-22
845.78   9.424821   1.5428e-05   1.5428e-05   1.5428e-05   1.5428e-05  -7.9256e-22  -7.9256e-22  -7.9256e-22   7.9256e-22   7.9256e-22   7.9256e-22
858.43   9.430345   1.5452e-05   1.5452e-05   1.5452e-05   1.5452e-05   6.3417e-22   6.3417e-22   6.3417e-22  -6.3417e-22  -6.3417e-22  -6.3417e-22
871.17   9.435920   1.5475e-05   1.5475e-05   1.5475e-05   1.5475e-05  -7.0519e-22  -7.0519e-22  -7.0519e-22   7.0519e-22   7.0519e-22   7.0519e-22
884.0   9.441546   1.5497e-05   1.5497e-05   1.5497e-05   1.5497e-05  -7.8235e-22  -7.8235e-22  -7.8235e-22   7.8235e-22   7.8235e-22   7.8235e-22
896.93   9.447227   1.5518e-05   1.5518e-05   1.5518e-05   1.5518e-05  -5.2053e-22  -5.2053e-22  -5.2053e-22   5.2053e-22   5.2053e-22   5.2053e-22
909.95   9.452959   1.5539e-05   1.5539e-05   1.5539e-05   1.5539e-05  -4.6965e-22  -4.6965e-22  -4.6965e-22   4.6965e-22   4.6965e-22   4.6965e-22
923.06   9.458742   1.5559e-05   1.5559e-05   1.5559e-05   1.5559e-05   2.4219e-23   2.4219e-23   2.4219e-23  -2.4219e-23  -2.4219e-23  -2.4219e-23
936.27   9.464580   1.5578e-05   1.5578e-05   1.5578e-05   1.5578e-05  -8.1316e-22  -8.1316e-22  -8.1316e-22   8.1316e-22   8.1316e-22   8.1316e-22
949.57   9.470468   1.5596e-05   1.5596e-05   1.5596e-05   1.5596e-05   5.4157e-22   5.4157e-22   5.4157e-22  -5.4157e-22  -5.4157e-22  -5.4157e-22
962.96   9.476406   1.5614e-05   1.5614e-05   1.5614e-05   1.5614e-05   4.7680e-22   4.7680e-22   4.7680e-22  -4.7680e-22  -4.7680e-22  -4.7680e-22
976.45   9.482399   1.5631e-05   1.5631e-05   1.5631e-05   1.5631e-05  -5.3694e-22  -5.3694e-22  -5.3694e-22   5.3694e-22   5.3694e-22   5.3694e-22
990.04   9.488447   1.5647e-05   1.5647e-05   1.5647e-05   1.5647e-05  -6.4403e-22  -6.4403e-22  -6.4403e-22   6.4403e-22   6.4403e-22   6.4403e-22
1003.71   9.494541   1.5662e-05   1.5662e-05   1.5662e-05   1.5662e-05   2.0790e-22   2.0790e-22   2.0790e-22  -2.0790e-22  -2.0790e-22  -2.0790e-22
1017.48   9.500689   1.5677e-05   1.5677e-05   1.5677e-05   1.5677e-05   6.5874e-22   8.0783e-22   6.5874e-22  -8.0783e-22   1.1375e-22   1.1375e-22
1031.35   9.506891   1.5691e-05   1.5691e-05   1.5691e-05   1.5691e-05   1.1108e-22   2.6222e-22   1.1108e-22  -2.6222e-22   6.6038e-22   6.6038e-22
1045.31   9.513143   1.5704e-05   1.5704e-05   1.5704e-05   1.5704e-05   2.0833e-22   2.0833e-22   2.0833e-22  -2.0833e-22  -2.0833e-22  -2.0833e-22
1059.36   9.519445   1.5717e-05   1.5717e-05   1.5717e-05   1.5717e-05  -3.5488e-22  -3.5488e-22  -3.5488e-22   3.5488e-22   3.5488e-22   3.5488e-22
1073.5   9.525796   1.5729e-05   1.5729e-05   1.5729e-05   1.5729e-05  -2.8152e-22  -2.8152e-22  -2.8152e-22   2.8152e-22   2.8152e-22   2.8152e-22
1087.74   9.532202   1.5740e-05   1.5740e-05   1.5740e-05   1.5740e-05   6.1516e-24   6.1516e-24   6.1516e-24  -6.1516e-24  -6.1516e-24  -6.1516e-24
1102.08   9.538661   1.5751e-05   1.5751e-05   1.5751e-05   1.5751e-05   4.4302e-22   4.4302e-22   4.4302e-22  -4.4302e-22  -4.4302e-22  -4.4302e-22
1116.51   9.545169   1.5761e-05   1.5761e-05   1.5761e-05   1.5761e-05  -1.2033e-22  -1.2033e-22  -1.2033e-22   1.2033e-22   1.2033e-22   1.2033e-22
1131.03   9.551726   1.5770e-05   1.5770e-05   1.5770e-05   1.5770e-05  -3.0948e-22  -3.0948e-22  -3.0948e-22   3.0948e-22   3.0948e-22   3.0948e-22
1145.64   9.558333   1.5779e-05   1.5778e-05   1.5778e-05   1.5778e-05  -3.7824e-22  -3.7824e-22  -3.7824e-22   3.7824e-22   3.7824e-22   3.7824e-22
1160.35   9.564992   1.5786e-05   1.5786e-05   1.5786e-05   1.5786e-05  -3.6342e-22  -3.6342e-22  -3.6342e-22   3.6342e-22   3.6342e-22   3.6342e-22
1175.15   9.571700   1.5794e-05   1.5794e-05   1.5794e-05   1.5794e-05  -3.7975e-22  -3.7975e-22  -3.7975e-22   3.7975e-22   3.7975e-22   3.7975e-22
1190.05   9.578461   1.5800e-05   1.5800e-05   1.5800e-05   1.5800e-05  -5.8223e-22  -5.8223e-22  -5.8223e-22   5.8223e-22   5.8223e-22   5.8223e-22
1205.04   9.585271   1.5806e-05   1.5806e-05   1.5806e-05   1.5806e-05   5.0390e-22   5.0390e-22   5.0390e-22  -5.0390e-22  -5.0390e-22  -5.0390e-22
1220.12   9.592129   1.5811e-05   1.5811e-05   1.5811e-05   1.5811e-05   4.2880e-22   4.2880e-22   4.2880e-22  -4.2880e-22  -4.2880e-22  -4.2880e-22
1235.3   9.599039   1.5816e-05   1.5816e-05   1.5816e-05   1.5816e-05  -6.4121e-23  -6.4121e-23  -6.4121e-23   6.4121e-23   6.4121e-23   6.4121e-23
1250.57   9.605997   1.5819e-05   1.5819e-05   1.5819e-05   1.5819e-05  -7.0347e-22  -7.0347e-22  -7.0347e-22   7.0347e-22   7.0347e-22   7.0347e-22
1265.94   9.613007   1.5823e-05   1.5823e-05   1.5823e-05   1.5823e-05   4.2692e-23   4.2692e-23   4.2692e-23  -4.2692e-23  -4.2692e-23  -4.2692e-23
1281.4   9.620065   1.5825e-05   1.5825e-05   1.5825e-05   1.5825e-05  -5.1227e-22  -5.1227e-22  -5.1227e-22   5.1227e-22   5.1227e-22   5.1227e-22
1296.95   9.627170   1.5827e-05   1.5827e-05   1.5827e-05   1.5827e-05   3.6735e-22   3.6735e-22   3.6735e-22  -3.6735e-22  -3.6735e-22  -3.6735e-22
1312.6   9.634326   1.5828e-05   1.5828e-05   1.5828e-05   1.5828e-05   4.1699e-22   4.1699e-22   4.1699e-22  -4.1699e-22  -4.1699e-22  -4.1699e-22
1328.34   9.641530   1.5828e-05   1.5828e-05   1.5828e-05   1.5828e-05  -2.6476e-22  -2.6476e-22  -2.6476e-22   2.6476e-22   2.6476e-22   2.6476e-22
1344.17   9.648780   1.5828e-05   1.5828e-05   1.5828e-05   1.5828e-05  -7.7776e-22  -7.7776e-22  -7.7776e-22   7.7776e-22   7.7776e-22   7.7776e-22
1360.1   9.656081   1.5827e-05   1.5827e-05   1.5827e-05   1.5827e-05   5.1413e-23   5.1413e-23   5.1413e-23  -5.1413e-23  -5.1413e-23  -5.1413e-23
1376.12   9.663428   1.5825e-05   1.5825e-05   1.5825e-05   1.5825e-05   2.3500e-22   2.3500e-22   2.3500e-22  -2.3500e-22  -2.3500e-22  -2.3500e-22
1392.24   9.670826   1.5823e-05   1.5823e-05   1.5823e-05   1.5823e-05  -3.0392e-22  -3.0392e-22  -3.0392e-22   3.0392e-22   3.0392e-22   3.0392e-22
1408.45   9.678270   1.5820e-05   1.5820e-05   1.5820e-05   1.5820e-05  -1.7791e-22  -1.7791e-22  -1.7791e-22   1.7791e-22   1.7791e-22   1.7791e-22
1424.75   9.685759   1.5816e-05   1.5816e-05   1.5816e-05   1.5816e-05  -4.2301e-23  -4.2301e-23  -4.2301e-23   4.2301e-23   4.2301e-23   4.2301e-23
1441.15   9.693298   1.5812e-05   1.5812e-05   1.5812e-05   1.5812e-05  -4.2667e-22  -4.2667e-22  -4.2667e-22   4.2667e-22   4.2667e-22   4.2667e-22
1457.64   9.700881   1.5806e-05   1.5806e-05   1.5806e-05   1.5806e-05  -1.9405e-22  -1.9405e-22  -1.9405e-22   1.9405e-22   1.9405e-22   1.9405e-22
1474.23   9.708515   1.5801e-05   1.5801e-05   1.5801e-05   1.5801e-05   6.6485e-22   6.6485e-22   6.6485e-22  -6.6485e-22  -6.6485e-22  -6.6485e-22
1490.91   9.716192   1.5794e-05   1.5794e-05   1.5794e-05   1.5794e-05   1.5590e-22   1.5590e-22   1.5590e-22  -1.5590e-22  -1.5590e-22  -1.5590e-22
1507.68   9.723914   1.5787e-05   1.5787e-05   1.5787e-05   1.5787e-05   7.4499e-22   7.4499e-22   7.4499e-22  -7.4499e-22  -7.4499e-22  -7.4499e-22
1524.55   9.731684   1.5779e-05   1.5779e-05   1.5779e-05   1.5779e-05  -1.2967e-22  -1.2967e-22  -1.2967e-22   1.2967e-22   1.2967e-22   1.2967e-22
1541.51   9.739498   1.5770e-05   1.5770e-05   1.5770e-05   1.5770e-05   1.0212e-22   1.0212e-22   1.0212e-22  -1.0212e-22  -1.0212e-22  -1.0212e-22
1558.56   9.747355   1.5760e-05   1.5760e-05   1.5760e-05   1.5760e-05   8.1116e-22   8.1116e-22   8.1116e-22  -8.1116e-22  -8.1116e-22  -8.1116e-22
1575.71   9.755259   1.5750e-05   1.5750e-05   1.5750e-05   1.5750e-05   5.9396e-22   5.9396e-22   5.9396e-22  -5.9396e-22  -5.9396e-22  -5.9396e-22
1592.95   9.763207   1.5739e-05   1.5739e-05   1.5739e-05   1.5739e-05   3.3512e-22   3.3512e-22   3.3512e-22  -3.3512e-22  -3.3512e-22  -3.3512e-22
1610.29   9.771201   1.5728e-05   1.5728e-05   1.5728e-05   1.5728e-05  -4.6362e-22  -4.6362e-22  -4.6362e-22   4.6362e-22   4.6362e-22   4.6362e-22
1627.72   9.779237   1.5715e-05   1.5715e-05   1.5715e-05   1.5715e-05   6.3149e-22   6.3149e-22   6.3149e-22  -6.3149e-22  -6.3149e-22  -6.3149e-22
1645.24   9.787314   1.5702e-05   1.5702e-05   1.5702e-05   1.5702e-05   7.4681e-22   7.4681e-22   7.4681e-22  -7.4681e-22  -7.4681e-22  -7.4681e-22
1662.86   9.795438   1.5688e-05   1.5688e-05   1.5688e-05   1.5688e-05   1.6299e-22   1.6299e-22   1.6299e-22  -1.6299e-22  -1.6299e-22  -1.6299e-22
1680.57   9.803602   1.5674e-05   1.5674e-05   1.5674e-05   1.5674e-05   7.2065e-22   7.2065e-22   7.2065e-22  -7.2065e-22  -7.2065e-22  -7.2065e-22
1698.37   9.811807   1.5658e-05   1.5658e-05   1.5658e-05   1.5658e-05  -6.1844e-22  -6.1844e-22  -6.1844e-22   6.1844e-22   6.1844e-22   6.1844e-22
1716.27   9.820057   1.5642e-05   1.5642e-05   1.5642e-05   1.5642e-05   1.0684e-22   1.0684e-22   1.0684e-22  -1.0684e-22  -1.0684e-22  -1.0684e-22
1734.26   9.828346   1.5626e-05   1.5626e-05   1.5626e-05   1.5626e-05  -4.9255e-22  -4.9255e-22  -4.9255e-22   4.9255e-22   4.9255e-22   4.9255e-22
1752.35   9.836679   1.5608e-05   1.5608e-05   1.5608e-05   1.5608e-05   7.1236e-23   7.1236e-23   7.1236e-23  -7.1236e-23  -7.1236e-23  -7.1236e-23
1770.53   9.845052   1.5590e-05   1.5590e-05   1.5590e-05   1.5590e-05  -2.5180e-23  -2.5180e-23  -2.5180e-23   2.5180e-23   2.5180e-23   2.5180e-23
1788.8   9.853462   1.5571e-05   1.5571e-05   1.5571e-05   1.5571e-05   5.1415e-23   5.1415e-23   5.1415e-23  -5.1415e-23  -5.1415e-23  -5.1415e-23
1807.17   9.861916   1.5551e-05   1.5551e-05   1.5551e-05   1.5551e-05   8.2672e-22  -7.1019e-22   8.2672e-22   7.1019e-22   1.6358e-21   1.6358e-21
1825.63   9.870407   1.5530e-05   1.5531e-05   1.5531e-05   1.5531e-05  -8.2221e-22  -8.2221e-22  -8.2221e-22   8.2221e-22   8.2221e-22   8.2221e-22
1844.19   9.878940   1.5509e-05   1.5509e-05   1.5509e-05   1.5509e-05  -6.0736e-22  -6.0736e-22  -6.0736e-22   6.0736e-22   6.0736e-22   6.0736e-22
1862.84   9.887510   1.5487e-05   1.5487e-05   1.5487e-05   1.5487e-05  -4.2298e-22  -4.2298e-22  -4.2298e-22   4.2298e-22   4.2298e-22   4.2298e-22
1881.58   9.896117   1.5464e-05   1.5464e-05   1.5464e-05   1.5464e-05   3.7983e-22   3.7983e-22   3.7983e-22  -3.7983e-22  -3.7983e-22  -3.7983e-22
1900.42   9.904763   1.5441e-05   1.5441e-05   1.5441e-05   1.5441e-05  -2.1899e-22  -2.1899e-22  -2.1899e-22   2.1899e-22   2.1899e-22   2.1899e-22
