# T(K) V(Ang^3) B(GPa) C11 C12 C44 E(GPa) G(GPa) B_correction_factor
0.0   9.160873   168.85   316.74    94.90   147.33   315.58   132.76     1.06
0.17   9.160873   168.85   316.74    94.90   147.33   315.58   132.76     1.06
0.43   9.160873   168.85   316.74    94.90   147.33   315.58   132.76     1.06
0.78   9.160873   168.85   316.74    94.90   147.33   315.58   132.76     1.06
1.23   9.160873   168.85   316.74    94.90   147.33   315.58   132.76     1.06
1.78   9.160873   168.85   316.74    94.90   147.33   315.58   132.76     1.06
2.41   9.160873   168.85   316.74    94.90   147.33   315.58   132.76     1.06
3.14   9.160873   168.85   316.74    94.90   147.33   315.58   132.76     1.06
3.97   9.160873   168.85   316.74    94.90   147.33   315.58   132.76     1.06
4.88   9.160873   168.85   316.74    94.90   147.33   315.58   132.76     1.06
5.9   9.160873   168.85   316.74    94.90   147.33   315.58   132.76     1.06
7.0   9.160873   168.85   316.74    94.90   147.33   315.58   132.76     1.06
8.2   9.160873   168.85   316.74    94.90   147.33   315.58   132.76     1.06
9.49   9.160873   168.85   316.74    94.90   147.33   315.58   132.76     1.06
10.88   9.160873   168.85   316.74    94.90   147.33   315.58   132.76     1.06
12.36   9.160873   168.85   316.74    94.90   147.33   315.58   132.76     1.06
13.94   9.160874   168.85   316.74    94.90   147.33   315.58   132.76     1.06
15.61   9.160874   168.85   316.74    94.90   147.33   315.58   132.76     1.06
17.37   9.160874   168.85   316.74    94.90   147.33   315.58   132.76     1.06
19.22   9.160874   168.85   316.74    94.90   147.33   315.58   132.76     1.06
21.17   9.160875   168.85   316.74    94.90   147.33   315.58   132.76     1.06
23.22   9.160876   168.85   316.74    94.90   147.33   315.58   132.76     1.06
25.36   9.160877   168.85   316.74    94.90   147.33   315.58   132.76     1.06
27.59   9.160879   168.85   316.74    94.90   147.33   315.58   132.76     1.06
29.91   9.160881   168.85   316.74    94.90   147.33   315.58   132.76     1.06
32.33   9.160884   168.85   316.74    94.90   147.33   315.58   132.76     1.06
34.84   9.160889   168.85   316.74    94.90   147.33   315.58   132.76     1.06
37.45   9.160895   168.85   316.73    94.90   147.33   315.58   132.76     1.06
40.15   9.160903   168.84   316.73    94.90   147.33   315.57   132.76     1.06
42.95   9.160914   168.84   316.73    94.90   147.33   315.57   132.76     1.06
45.83   9.160929   168.84   316.72    94.90   147.33   315.57   132.76     1.06
48.82   9.160948   168.84   316.71    94.90   147.33   315.56   132.76     1.06
51.89   9.160974   168.83   316.70    94.89   147.32   315.56   132.76     1.06
55.06   9.161007   168.82   316.69    94.89   147.32   315.55   132.75     1.06
58.32   9.161049   168.82   316.68    94.89   147.32   315.54   132.75     1.06
61.68   9.161103   168.81   316.66    94.88   147.32   315.53   132.75     1.06
65.13   9.161170   168.80   316.63    94.88   147.32   315.52   132.74     1.06
68.68   9.161252   168.78   316.60    94.87   147.31   315.50   132.74     1.06
72.32   9.161352   168.76   316.57    94.86   147.31   315.48   132.73     1.06
76.05   9.161473   168.74   316.53    94.85   147.31   315.45   132.72     1.06
79.87   9.161617   168.72   316.48    94.84   147.30   315.43   132.71     1.06
83.79   9.161787   168.69   316.42    94.83   147.29   315.39   132.70     1.06
87.81   9.161987   168.66   316.36    94.81   147.29   315.35   132.68     1.06
91.92   9.162219   168.63   316.29    94.79   147.28   315.31   132.67     1.06
96.12   9.162486   168.59   316.21    94.77   147.27   315.26   132.65     1.06
100.41   9.162790   168.54   316.12    94.75   147.26   315.20   132.63     1.06
104.8   9.163136   168.49   316.02    94.73   147.25   315.14   132.61     1.06
109.28   9.163524   168.44   315.91    94.70   147.23   315.08   132.58     1.06
113.86   9.163960   168.38   315.79    94.68   147.22   315.00   132.55     1.06
118.53   9.164444   168.32   315.66    94.65   147.20   314.92   132.52     1.06
123.3   9.164979   168.25   315.52    94.61   147.18   314.83   132.49     1.06
128.15   9.165567   168.18   315.37    94.58   147.16   314.73   132.45     1.06
133.11   9.166212   168.10   315.21    94.54   147.13   314.63   132.41     1.06
138.15   9.166912   168.02   315.04    94.51   147.11   314.52   132.37     1.06
143.29   9.167672   167.93   314.86    94.47   147.08   314.40   132.33     1.06
148.53   9.168494   167.84   314.67    94.42   147.05   314.28   132.28     1.06
153.85   9.169376   167.74   314.47    94.38   147.02   314.15   132.23     1.06
159.27   9.170321   167.64   314.27    94.33   146.99   314.01   132.18     1.06
164.79   9.171332   167.54   314.05    94.29   146.95   313.86   132.12     1.06
170.4   9.172408   167.43   313.82    94.24   146.91   313.71   132.06     1.06
176.1   9.173548   167.32   313.58    94.19   146.87   313.55   132.00     1.06
181.9   9.174757   167.20   313.33    94.14   146.82   313.38   131.93     1.06
187.79   9.176031   167.08   313.08    94.08   146.78   313.20   131.87     1.06
193.77   9.177372   166.96   312.82    94.03   146.73   313.02   131.80     1.06
199.85   9.178781   166.83   312.54    93.98   146.68   312.83   131.72     1.06
206.02   9.180258   166.70   312.27    93.92   146.63   312.64   131.64     1.06
212.29   9.181804   166.57   311.98    93.86   146.57   312.43   131.56     1.06
218.65   9.183417   166.43   311.68    93.80   146.51   312.23   131.48     1.06
225.1   9.185096   166.29   311.38    93.75   146.45   312.01   131.40     1.06
231.65   9.186845   166.15   311.07    93.69   146.39   311.79   131.31     1.06
238.29   9.188660   166.00   310.75    93.63   146.32   311.56   131.22     1.06
245.02   9.190541   165.85   310.43    93.57   146.25   311.33   131.13     1.06
251.85   9.192491   165.70   310.10    93.50   146.18   311.09   131.03     1.06
258.77   9.194506   165.55   309.76    93.44   146.11   310.84   130.93     1.07
265.79   9.196589   165.39   309.41    93.38   146.04   310.59   130.83     1.07
272.9   9.198737   165.23   309.06    93.32   145.96   310.33   130.72     1.07
280.1   9.200950   165.07   308.71    93.26   145.88   310.07   130.62     1.07
287.4   9.203230   164.91   308.34    93.19   145.80   309.80   130.51     1.07
294.79   9.205573   164.75   307.97    93.13   145.71   309.53   130.40     1.07
302.27   9.207979   164.58   307.60    93.07   145.63   309.25   130.28     1.07
309.85   9.210451   164.41   307.21    93.01   145.54   308.96   130.17     1.07
317.53   9.212989   164.24   306.83    92.94   145.45   308.67   130.05     1.07
325.29   9.215585   164.07   306.43    92.88   145.36   308.37   129.92     1.07
333.15   9.218246   163.89   306.03    92.82   145.26   308.07   129.80     1.07
341.11   9.220972   163.72   305.62    92.76   145.16   307.76   129.67     1.07
349.15   9.223754   163.54   305.21    92.70   145.06   307.45   129.54     1.07
357.3   9.226604   163.36   304.79    92.64   144.96   307.13   129.41     1.07
365.53   9.229510   163.18   304.37    92.58   144.86   306.80   129.27     1.07
373.86   9.232479   163.00   303.94    92.52   144.75   306.47   129.14     1.07
382.28   9.235507   162.81   303.50    92.47   144.65   306.14   129.00     1.08
390.8   9.238598   162.63   303.06    92.41   144.54   305.80   128.85     1.08
399.41   9.241746   162.44   302.61    92.36   144.43   305.45   128.71     1.08
408.12   9.244956   162.25   302.16    92.30   144.31   305.10   128.56     1.08
416.92   9.248224   162.07   301.70    92.25   144.20   304.74   128.41     1.08
425.81   9.251550   161.88   301.23    92.20   144.08   304.38   128.25     1.08
434.79   9.254932   161.69   300.76    92.15   143.96   304.01   128.10     1.08
443.87   9.258375   161.49   300.28    92.10   143.84   303.64   127.94     1.08
453.05   9.261877   161.30   299.79    92.06   143.72   303.26   127.78     1.08
462.32   9.265436   161.11   299.29    92.01   143.59   302.87   127.61     1.08
471.68   9.269051   160.91   298.79    91.97   143.47   302.48   127.44     1.08
481.13   9.272722   160.72   298.28    91.93   143.34   302.08   127.27     1.09
490.68   9.276452   160.52   297.77    91.90   143.21   301.68   127.10     1.09
500.32   9.280237   160.32   297.25    91.86   143.08   301.27   126.92     1.09
510.06   9.284080   160.13   296.71    91.83   142.94   300.85   126.74     1.09
519.89   9.287979   159.93   296.18    91.80   142.81   300.43   126.56     1.09
529.81   9.291932   159.73   295.63    91.78   142.67   300.00   126.37     1.09
539.83   9.295943   159.53   295.07    91.76   142.54   299.57   126.18     1.09
549.94   9.300008   159.33   294.51    91.74   142.40   299.13   125.99     1.09
560.15   9.304132   159.13   293.94    91.72   142.25   298.68   125.80     1.09
570.45   9.308309   158.93   293.36    91.71   142.11   298.23   125.60     1.09
580.84   9.312540   158.73   292.76    91.71   141.97   297.77   125.39     1.09
591.33   9.316828   158.52   292.16    91.70   141.82   297.30   125.18     1.10
601.91   9.321169   158.32   291.55    91.71   141.67   296.82   124.97     1.10
612.59   9.325568   158.12   290.93    91.71   141.52   296.34   124.76     1.10
623.35   9.330016   157.92   290.30    91.72   141.37   295.85   124.54     1.10
634.22   9.334525   157.71   289.66    91.74   141.22   295.35   124.32     1.10
645.17   9.339082   157.51   289.01    91.76   141.07   294.85   124.09     1.10
656.22   9.343696   157.31   288.36    91.78   140.91   294.34   123.86     1.10
667.37   9.348367   157.11   287.69    91.81   140.76   293.82   123.63     1.10
678.6   9.353086   156.90   287.01    91.85   140.60   293.29   123.39     1.10
689.94   9.357866   156.70   286.32    91.89   140.44   292.76   123.15     1.10
701.36   9.362694   156.50   285.62    91.93   140.28   292.22   122.91     1.10
712.88   9.367578   156.29   284.92    91.98   140.12   291.68   122.66     1.10
724.49   9.372515   156.09   284.20    92.04   139.96   291.12   122.41     1.10
736.2   9.377507   155.89   283.48    92.10   139.79   290.56   122.15     1.10
748.0   9.382551   155.69   282.74    92.16   139.63   290.00   121.89     1.10
759.9   9.387652   155.49   282.00    92.23   139.46   289.42   121.63     1.10
771.88   9.392799   155.28   281.25    92.30   139.29   288.84   121.36     1.10
783.97   9.398007   155.08   280.49    92.38   139.12   288.26   121.09     1.10
796.14   9.403262   154.88   279.72    92.47   138.95   287.66   120.82     1.10
808.41   9.408573   154.68   278.94    92.56   138.78   287.06   120.54     1.10
820.77   9.413935   154.48   278.15    92.65   138.61   286.46   120.26     1.10
833.23   9.419352   154.29   277.36    92.75   138.43   285.85   119.98     1.10
845.78   9.424821   154.09   276.56    92.85   138.26   285.23   119.70     1.10
858.43   9.430345   153.89   275.75    92.96   138.08   284.61   119.41     1.10
871.17   9.435920   153.69   274.93    93.08   137.90   283.98   119.11     1.10
884.0   9.441546   153.50   274.11    93.19   137.72   283.34   118.82     1.10
896.93   9.447227   153.30   273.28    93.32   137.54   282.70   118.52     1.10
909.95   9.452959   153.11   272.44    93.44   137.36   282.06   118.22     1.10
923.06   9.458742   152.92   271.60    93.58   137.18   281.40   117.91     1.10
936.27   9.464580   152.73   270.75    93.71   136.99   280.75   117.60     1.10
949.57   9.470468   152.53   269.90    93.85   136.81   280.09   117.29     1.10
962.96   9.476406   152.35   269.04    94.00   136.62   279.42   116.98     1.10
976.45   9.482399   152.16   268.18    94.15   136.43   278.75   116.67     1.10
990.04   9.488447   151.97   267.31    94.30   136.24   278.08   116.35     1.10
1003.71   9.494541   151.78   266.43    94.46   136.05   277.40   116.03     1.10
1017.48   9.500689   151.60   265.56    94.62   135.86   276.72   115.71     1.10
1031.35   9.506891   151.41   264.68    94.78   135.67   276.03   115.38     1.10
1045.31   9.513143   151.23   263.79    94.95   135.48   275.34   115.05     1.10
1059.36   9.519445   151.05   262.91    95.12   135.28   274.65   114.73     1.10
1073.5   9.525796   150.87   262.02    95.30   135.09   273.95   114.40     1.10
1087.74   9.532202   150.70   261.13    95.48   134.89   273.25   114.07     1.10
1102.08   9.538661   150.52   260.24    95.66   134.69   272.55   113.73     1.10
1116.51   9.545169   150.35   259.35    95.84   134.49   271.85   113.40     1.10
1131.03   9.551726   150.17   258.45    96.03   134.29   271.14   113.06     1.10
1145.64   9.558333   150.00   257.56    96.22   134.09   270.43   112.72     1.10
1160.35   9.564992   149.83   256.67    96.41   133.89   269.72   112.39     1.10
1175.15   9.571700   149.67   255.78    96.61   133.69   269.01   112.05     1.10
1190.05   9.578461   149.50   254.89    96.81   133.48   268.30   111.71     1.10
1205.04   9.585271   149.34   254.00    97.01   133.28   267.58   111.37     1.10
1220.12   9.592129   149.18   253.12    97.21   133.07   266.87   111.02     1.10
1235.3   9.599039   149.02   252.23    97.41   132.86   266.15   110.68     1.10
1250.57   9.605997   148.86   251.35    97.61   132.66   265.44   110.34     1.09
1265.94   9.613007   148.71   250.48    97.82   132.45   264.72   110.00     1.09
1281.4   9.620065   148.55   249.61    98.03   132.23   264.01   109.66     1.09
1296.95   9.627170   148.40   248.74    98.23   132.02   263.30   109.32     1.09
1312.6   9.634326   148.25   247.88    98.44   131.81   262.58   108.97     1.09
1328.34   9.641530   148.11   247.03    98.65   131.60   261.87   108.63     1.09
1344.17   9.648780   147.96   246.18    98.86   131.38   261.16   108.29     1.09
1360.1   9.656081   147.82   245.34    99.07   131.16   260.45   107.95     1.09
1376.12   9.663428   147.69   244.50    99.28   130.95   259.75   107.61     1.10
1392.24   9.670826   147.55   243.68    99.49   130.73   259.04   107.27     1.10
1408.45   9.678270   147.42   242.86    99.70   130.51   258.34   106.94     1.10
1424.75   9.685759   147.29   242.05    99.90   130.29   257.65   106.60     1.10
1441.15   9.693298   147.16   241.25   100.11   130.06   256.95   106.27     1.10
1457.64   9.700881   147.03   240.46   100.32   129.84   256.26   105.93     1.10
1474.23   9.708515   146.91   239.69   100.52   129.62   255.57   105.60     1.10
1490.91   9.716192   146.79   238.92   100.73   129.39   254.89   105.27     1.10
1507.68   9.723914   146.67   238.16   100.93   129.16   254.21   104.95     1.10
1524.55   9.731684   146.56   237.42   101.13   128.94   253.54   104.62     1.10
1541.51   9.739498   146.45   236.69   101.33   128.71   252.87   104.30     1.10
1558.56   9.747355   146.34   235.98   101.52   128.48   252.20   103.98     1.11
1575.71   9.755259   146.24   235.28   101.72   128.25   251.55   103.66     1.11
1592.95   9.763207   146.14   234.59   101.91   128.01   250.89   103.35     1.11
1610.29   9.771201   146.04   233.92   102.10   127.78   250.25   103.03     1.11
1627.72   9.779237   145.94   233.27   102.28   127.55   249.61   102.72     1.12
1645.24   9.787314   145.85   232.63   102.46   127.31   248.98   102.42     1.12
1662.86   9.795438   145.76   232.01   102.64   127.07   248.36   102.12     1.12
1680.57   9.803602   145.68   231.41   102.81   126.83   247.74   101.82     1.13
1698.37   9.811807   145.60   230.83   102.98   126.59   247.13   101.53     1.13
1716.27   9.820057   145.52   230.26   103.15   126.35   246.54   101.24     1.13
1734.26   9.828346   145.44   229.72   103.31   126.11   245.95   100.95     1.14
1752.35   9.836679   145.37   229.20   103.46   125.87   245.37   100.67     1.14
1770.53   9.845052   145.30   228.70   103.61   125.62   244.80   100.39     1.15
1788.8   9.853462   145.24   228.22   103.75   125.38   244.24   100.12     1.15
1807.17   9.861916   145.18   227.77   103.89   125.13   243.69    99.85     1.16
1825.63   9.870407   145.12   227.34   104.02   124.88   243.15    99.59     1.17
1844.19   9.878940   145.07   226.94   104.14   124.63   242.63    99.34     1.17
1862.84   9.887510   145.02   226.56   104.25   124.38   242.12    99.09     1.18
1881.58   9.896117   144.98   226.21   104.36   124.12   241.62    98.85     1.19
1900.42   9.904763   144.93   225.89   104.45   123.87   241.14    98.61     1.20
