# T(K)     a(1,1) da/dT(-4/K)     a(1,2) da/dT(-4/K)     a(1,3) da/dT(-4/K)     a(2,1) da/dT(-4/K)     a(2,2) da/dT(-4/K)     a(2,3) da/dT(-4/K)     a(3,1) da/dT(-4/K)     a(3,2) da/dT(-4/K)     a(3,3) da/dT(-4/K)
   0.0   0.000000    0.000000   1.764816    0.000875   1.764816    0.000875   1.764816    0.000875   0.000000    0.000000   1.764816    0.000875   1.764816    0.000875   1.764816    0.000875   0.000000    0.000000
  10.0   0.000000    0.000000   1.764817    0.000403   1.764817    0.000403   1.764817    0.000403   0.000000    0.000000   1.764817    0.000403   1.764817    0.000403   1.764817    0.000403   0.000000    0.000000
  20.0   0.000000    0.000000   1.764819    0.004392   1.764819    0.004392   1.764819    0.004392   0.000000    0.000000   1.764819    0.004392   1.764819    0.004392   1.764819    0.004392   0.000000    0.000000
  30.0   0.000000    0.000000   1.764827    0.014823   1.764827    0.014823   1.764827    0.014823   0.000000    0.000000   1.764827    0.014823   1.764827    0.014823   1.764827    0.014823   0.000000    0.000000
  40.0   0.000000    0.000000   1.764851    0.032513   1.764851    0.032513   1.764851    0.032513   0.000000    0.000000   1.764851    0.032513   1.764851    0.032513   1.764851    0.032513   0.000000    0.000000
  50.0   0.000000    0.000000   1.764894    0.054135   1.764894    0.054135   1.764894    0.054135   0.000000    0.000000   1.764894    0.054135   1.764894    0.054135   1.764894    0.054135   0.000000    0.000000
  60.0   0.000000    0.000000   1.764959    0.076432   1.764959    0.076432   1.764959    0.076432   0.000000    0.000000   1.764959    0.076432   1.764959    0.076432   1.764959    0.076432   0.000000    0.000000
  70.0   0.000000    0.000000   1.765046    0.097451   1.765046    0.097451   1.765046    0.097451   0.000000    0.000000   1.765046    0.097451   1.765046    0.097451   1.765046    0.097451   0.000000    0.000000
  80.0   0.000000    0.000000   1.765153    0.116328   1.765153    0.116328   1.765153    0.116328   0.000000    0.000000   1.765153    0.116328   1.765153    0.116328   1.765153    0.116328   0.000000    0.000000
  90.0   0.000000    0.000000   1.765278    0.132848   1.765278    0.132848   1.765278    0.132848   0.000000    0.000000   1.765278    0.132848   1.765278    0.132848   1.765278    0.132848   0.000000    0.000000
 100.0   0.000000    0.000000   1.765418    0.147119   1.765418    0.147119   1.765418    0.147119   0.000000    0.000000   1.765418    0.147119   1.765418    0.147119   1.765418    0.147119   0.000000    0.000000
 110.0   0.000000    0.000000   1.765572    0.159379   1.765572    0.159379   1.765572    0.159379   0.000000    0.000000   1.765572    0.159379   1.765572    0.159379   1.765572    0.159379   0.000000    0.000000
 120.0   0.000000    0.000000   1.765736    0.169903   1.765736    0.169903   1.765736    0.169903   0.000000    0.000000   1.765736    0.169903   1.765736    0.169903   1.765736    0.169903   0.000000    0.000000
 130.0   0.000000    0.000000   1.765911    0.178955   1.765911    0.178955   1.765911    0.178955   0.000000    0.000000   1.765911    0.178955   1.765911    0.178955   1.765911    0.178955   0.000000    0.000000
 140.0   0.000000    0.000000   1.766094    0.186769   1.766094    0.186769   1.766094    0.186769   0.000000    0.000000   1.766094    0.186769   1.766094    0.186769   1.766094    0.186769   0.000000    0.000000
 150.0   0.000000    0.000000   1.766284    0.193549   1.766284    0.193549   1.766284    0.193549   0.000000    0.000000   1.766284    0.193549   1.766284    0.193549   1.766284    0.193549   0.000000    0.000000
 160.0   0.000000    0.000000   1.766481    0.199462   1.766481    0.199462   1.766481    0.199462   0.000000    0.000000   1.766481    0.199462   1.766481    0.199462   1.766481    0.199462   0.000000    0.000000
 170.0   0.000000    0.000000   1.766683    0.204651   1.766683    0.204651   1.766683    0.204651   0.000000    0.000000   1.766683    0.204651   1.766683    0.204651   1.766683    0.204651   0.000000    0.000000
 180.0   0.000000    0.000000   1.766890    0.209231   1.766890    0.209231   1.766890    0.209231   0.000000    0.000000   1.766890    0.209231   1.766890    0.209231   1.766890    0.209231   0.000000    0.000000
 190.0   0.000000    0.000000   1.767101    0.213298   1.767101    0.213298   1.767101    0.213298   0.000000    0.000000   1.767101    0.213298   1.767101    0.213298   1.767101    0.213298   0.000000    0.000000
 200.0   0.000000    0.000000   1.767316    0.216932   1.767316    0.216932   1.767316    0.216932   0.000000    0.000000   1.767316    0.216932   1.767316    0.216932   1.767316    0.216932   0.000000    0.000000
 210.0   0.000000    0.000000   1.767535    0.220197   1.767535    0.220197   1.767535    0.220197   0.000000    0.000000   1.767535    0.220197   1.767535    0.220197   1.767535    0.220197   0.000000    0.000000
 220.0   0.000000    0.000000   1.767757    0.223148   1.767757    0.223148   1.767757    0.223148   0.000000    0.000000   1.767757    0.223148   1.767757    0.223148   1.767757    0.223148   0.000000    0.000000
 230.0   0.000000    0.000000   1.767981    0.225831   1.767981    0.225831   1.767981    0.225831   0.000000    0.000000   1.767981    0.225831   1.767981    0.225831   1.767981    0.225831   0.000000    0.000000
 240.0   0.000000    0.000000   1.768208    0.228282   1.768208    0.228282   1.768208    0.228282   0.000000    0.000000   1.768208    0.228282   1.768208    0.228282   1.768208    0.228282   0.000000    0.000000
 250.0   0.000000    0.000000   1.768438    0.230535   1.768438    0.230535   1.768438    0.230535   0.000000    0.000000   1.768438    0.230535   1.768438    0.230535   1.768438    0.230535   0.000000    0.000000
 260.0   0.000000    0.000000   1.768669    0.232615   1.768669    0.232615   1.768669    0.232615   0.000000    0.000000   1.768669    0.232615   1.768669    0.232615   1.768669    0.232615   0.000000    0.000000
 270.0   0.000000    0.000000   1.768903    0.234544   1.768903    0.234544   1.768903    0.234544   0.000000    0.000000   1.768903    0.234544   1.768903    0.234544   1.768903    0.234544   0.000000    0.000000
 280.0   0.000000    0.000000   1.769138    0.236344   1.769138    0.236344   1.769138    0.236344   0.000000    0.000000   1.769138    0.236344   1.769138    0.236344   1.769138    0.236344   0.000000    0.000000
 290.0   0.000000    0.000000   1.769375    0.238028   1.769375    0.238028   1.769375    0.238028   0.000000    0.000000   1.769375    0.238028   1.769375    0.238028   1.769375    0.238028   0.000000    0.000000
 300.0   0.000000    0.000000   1.769614    0.239612   1.769614    0.239612   1.769614    0.239612   0.000000    0.000000   1.769614    0.239612   1.769614    0.239612   1.769614    0.239612   0.000000    0.000000
 310.0   0.000000    0.000000   1.769855    0.241108   1.769855    0.241108   1.769855    0.241108   0.000000    0.000000   1.769855    0.241108   1.769855    0.241108   1.769855    0.241108   0.000000    0.000000
 320.0   0.000000    0.000000   1.770096    0.242526   1.770096    0.242526   1.770096    0.242526   0.000000    0.000000   1.770096    0.242526   1.770096    0.242526   1.770096    0.242526   0.000000    0.000000
 330.0   0.000000    0.000000   1.770340    0.243876   1.770340    0.243876   1.770340    0.243876   0.000000    0.000000   1.770340    0.243876   1.770340    0.243876   1.770340    0.243876   0.000000    0.000000
 340.0   0.000000    0.000000   1.770584    0.245164   1.770584    0.245164   1.770584    0.245164   0.000000    0.000000   1.770584    0.245164   1.770584    0.245164   1.770584    0.245164   0.000000    0.000000
 350.0   0.000000    0.000000   1.770830    0.246398   1.770830    0.246398   1.770830    0.246398   0.000000    0.000000   1.770830    0.246398   1.770830    0.246398   1.770830    0.246398   0.000000    0.000000
 360.0   0.000000    0.000000   1.771077    0.247584   1.771077    0.247584   1.771077    0.247584   0.000000    0.000000   1.771077    0.247584   1.771077    0.247584   1.771077    0.247584   0.000000    0.000000
 370.0   0.000000    0.000000   1.771325    0.248727   1.771325    0.248727   1.771325    0.248727   0.000000    0.000000   1.771325    0.248727   1.771325    0.248727   1.771325    0.248727   0.000000    0.000000
 380.0   0.000000    0.000000   1.771574    0.249832   1.771574    0.249832   1.771574    0.249832   0.000000    0.000000   1.771574    0.249832   1.771574    0.249832   1.771574    0.249832   0.000000    0.000000
 390.0   0.000000    0.000000   1.771825    0.250902   1.771825    0.250902   1.771825    0.250902   0.000000    0.000000   1.771825    0.250902   1.771825    0.250902   1.771825    0.250902   0.000000    0.000000
 400.0   0.000000    0.000000   1.772076    0.251942   1.772076    0.251942   1.772076    0.251942   0.000000    0.000000   1.772076    0.251942   1.772076    0.251942   1.772076    0.251942   0.000000    0.000000
 410.0   0.000000    0.000000   1.772329    0.252955   1.772329    0.252955   1.772329    0.252955   0.000000    0.000000   1.772329    0.252955   1.772329    0.252955   1.772329    0.252955   0.000000    0.000000
 420.0   0.000000    0.000000   1.772582    0.253944   1.772582    0.253944   1.772582    0.253944   0.000000    0.000000   1.772582    0.253944   1.772582    0.253944   1.772582    0.253944   0.000000    0.000000
 430.0   0.000000    0.000000   1.772837    0.254911   1.772837    0.254911   1.772837    0.254911   0.000000    0.000000   1.772837    0.254911   1.772837    0.254911   1.772837    0.254911   0.000000    0.000000
 440.0   0.000000    0.000000   1.773092    0.255858   1.773092    0.255858   1.773092    0.255858   0.000000    0.000000   1.773092    0.255858   1.773092    0.255858   1.773092    0.255858   0.000000    0.000000
 450.0   0.000000    0.000000   1.773348    0.256788   1.773348    0.256788   1.773348    0.256788   0.000000    0.000000   1.773348    0.256788   1.773348    0.256788   1.773348    0.256788   0.000000    0.000000
 460.0   0.000000    0.000000   1.773606    0.257703   1.773606    0.257703   1.773606    0.257703   0.000000    0.000000   1.773606    0.257703   1.773606    0.257703   1.773606    0.257703   0.000000    0.000000
 470.0   0.000000    0.000000   1.773864    0.258604   1.773864    0.258604   1.773864    0.258604   0.000000    0.000000   1.773864    0.258604   1.773864    0.258604   1.773864    0.258604   0.000000    0.000000
 480.0   0.000000    0.000000   1.774123    0.259493   1.774123    0.259493   1.774123    0.259493   0.000000    0.000000   1.774123    0.259493   1.774123    0.259493   1.774123    0.259493   0.000000    0.000000
 490.0   0.000000    0.000000   1.774383    0.260371   1.774383    0.260371   1.774383    0.260371   0.000000    0.000000   1.774383    0.260371   1.774383    0.260371   1.774383    0.260371   0.000000    0.000000
 500.0   0.000000    0.000000   1.774643    0.261239   1.774643    0.261239   1.774643    0.261239   0.000000    0.000000   1.774643    0.261239   1.774643    0.261239   1.774643    0.261239   0.000000    0.000000
 510.0   0.000000    0.000000   1.774905    0.262099   1.774905    0.262099   1.774905    0.262099   0.000000    0.000000   1.774905    0.262099   1.774905    0.262099   1.774905    0.262099   0.000000    0.000000
 520.0   0.000000    0.000000   1.775168    0.262951   1.775168    0.262951   1.775168    0.262951   0.000000    0.000000   1.775168    0.262951   1.775168    0.262951   1.775168    0.262951   0.000000    0.000000
 530.0   0.000000    0.000000   1.775431    0.263797   1.775431    0.263797   1.775431    0.263797   0.000000    0.000000   1.775431    0.263797   1.775431    0.263797   1.775431    0.263797   0.000000    0.000000
 540.0   0.000000    0.000000   1.775695    0.264638   1.775695    0.264638   1.775695    0.264638   0.000000    0.000000   1.775695    0.264638   1.775695    0.264638   1.775695    0.264638   0.000000    0.000000
 550.0   0.000000    0.000000   1.775960    0.265474   1.775960    0.265474   1.775960    0.265474   0.000000    0.000000   1.775960    0.265474   1.775960    0.265474   1.775960    0.265474   0.000000    0.000000
 560.0   0.000000    0.000000   1.776226    0.266307   1.776226    0.266307   1.776226    0.266307   0.000000    0.000000   1.776226    0.266307   1.776226    0.266307   1.776226    0.266307   0.000000    0.000000
 570.0   0.000000    0.000000   1.776493    0.267136   1.776493    0.267136   1.776493    0.267136   0.000000    0.000000   1.776493    0.267136   1.776493    0.267136   1.776493    0.267136   0.000000    0.000000
 580.0   0.000000    0.000000   1.776760    0.267962   1.776760    0.267962   1.776760    0.267962   0.000000    0.000000   1.776760    0.267962   1.776760    0.267962   1.776760    0.267962   0.000000    0.000000
 590.0   0.000000    0.000000   1.777029    0.268787   1.777029    0.268787   1.777029    0.268787   0.000000    0.000000   1.777029    0.268787   1.777029    0.268787   1.777029    0.268787   0.000000    0.000000
 600.0   0.000000    0.000000   1.777298    0.269611   1.777298    0.269611   1.777298    0.269611   0.000000    0.000000   1.777298    0.269611   1.777298    0.269611   1.777298    0.269611   0.000000    0.000000
 610.0   0.000000    0.000000   1.777568    0.270433   1.777568    0.270433   1.777568    0.270433   0.000000    0.000000   1.777568    0.270433   1.777568    0.270433   1.777568    0.270433   0.000000    0.000000
 620.0   0.000000    0.000000   1.777839    0.271256   1.777839    0.271256   1.777839    0.271256   0.000000    0.000000   1.777839    0.271256   1.777839    0.271256   1.777839    0.271256   0.000000    0.000000
 630.0   0.000000    0.000000   1.778111    0.272078   1.778111    0.272078   1.778111    0.272078   0.000000    0.000000   1.778111    0.272078   1.778111    0.272078   1.778111    0.272078   0.000000    0.000000
 640.0   0.000000    0.000000   1.778383    0.272902   1.778383    0.272902   1.778383    0.272902   0.000000    0.000000   1.778383    0.272902   1.778383    0.272902   1.778383    0.272902   0.000000    0.000000
 650.0   0.000000    0.000000   1.778656    0.273726   1.778656    0.273726   1.778656    0.273726   0.000000    0.000000   1.778656    0.273726   1.778656    0.273726   1.778656    0.273726   0.000000    0.000000
 660.0   0.000000    0.000000   1.778931    0.274552   1.778931    0.274552   1.778931    0.274552   0.000000    0.000000   1.778931    0.274552   1.778931    0.274552   1.778931    0.274552   0.000000    0.000000
 670.0   0.000000    0.000000   1.779205    0.275379   1.779205    0.275379   1.779205    0.275379   0.000000    0.000000   1.779205    0.275379   1.779205    0.275379   1.779205    0.275379   0.000000    0.000000
 680.0   0.000000    0.000000   1.779481    0.276209   1.779481    0.276209   1.779481    0.276209   0.000000    0.000000   1.779481    0.276209   1.779481    0.276209   1.779481    0.276209   0.000000    0.000000
 690.0   0.000000    0.000000   1.779758    0.277041   1.779758    0.277041   1.779758    0.277041   0.000000    0.000000   1.779758    0.277041   1.779758    0.277041   1.779758    0.277041   0.000000    0.000000
 700.0   0.000000    0.000000   1.780035    0.277876   1.780035    0.277876   1.780035    0.277876   0.000000    0.000000   1.780035    0.277876   1.780035    0.277876   1.780035    0.277876   0.000000    0.000000
 710.0   0.000000    0.000000   1.780314    0.278715   1.780314    0.278715   1.780314    0.278715   0.000000    0.000000   1.780314    0.278715   1.780314    0.278715   1.780314    0.278715   0.000000    0.000000
 720.0   0.000000    0.000000   1.780593    0.279556   1.780593    0.279556   1.780593    0.279556   0.000000    0.000000   1.780593    0.279556   1.780593    0.279556   1.780593    0.279556   0.000000    0.000000
 730.0   0.000000    0.000000   1.780873    0.280402   1.780873    0.280402   1.780873    0.280402   0.000000    0.000000   1.780873    0.280402   1.780873    0.280402   1.780873    0.280402   0.000000    0.000000
 740.0   0.000000    0.000000   1.781154    0.281251   1.781154    0.281251   1.781154    0.281251   0.000000    0.000000   1.781154    0.281251   1.781154    0.281251   1.781154    0.281251   0.000000    0.000000
 750.0   0.000000    0.000000   1.781435    0.282105   1.781435    0.282105   1.781435    0.282105   0.000000    0.000000   1.781435    0.282105   1.781435    0.282105   1.781435    0.282105   0.000000    0.000000
 760.0   0.000000    0.000000   1.781718    0.282963   1.781718    0.282963   1.781718    0.282963   0.000000    0.000000   1.781718    0.282963   1.781718    0.282963   1.781718    0.282963   0.000000    0.000000
 770.0   0.000000    0.000000   1.782001    0.283827   1.782001    0.283827   1.782001    0.283827   0.000000    0.000000   1.782001    0.283827   1.782001    0.283827   1.782001    0.283827   0.000000    0.000000
 780.0   0.000000    0.000000   1.782285    0.284695   1.782285    0.284695   1.782285    0.284695   0.000000    0.000000   1.782285    0.284695   1.782285    0.284695   1.782285    0.284695   0.000000    0.000000
 790.0   0.000000    0.000000   1.782571    0.285568   1.782571    0.285568   1.782571    0.285568   0.000000    0.000000   1.782571    0.285568   1.782571    0.285568   1.782571    0.285568   0.000000    0.000000
 800.0   0.000000    0.000000   1.782857    0.286448   1.782857    0.286448   1.782857    0.286448   0.000000    0.000000   1.782857    0.286448   1.782857    0.286448   1.782857    0.286448   0.000000    0.000000
 810.0   0.000000    0.000000   1.783143    0.287332   1.783143    0.287332   1.783143    0.287332   0.000000    0.000000   1.783143    0.287332   1.783143    0.287332   1.783143    0.287332   0.000000    0.000000
 820.0   0.000000    0.000000   1.783431    0.288223   1.783431    0.288223   1.783431    0.288223   0.000000    0.000000   1.783431    0.288223   1.783431    0.288223   1.783431    0.288223   0.000000    0.000000
 830.0   0.000000    0.000000   1.783720    0.289120   1.783720    0.289120   1.783720    0.289120   0.000000    0.000000   1.783720    0.289120   1.783720    0.289120   1.783720    0.289120   0.000000    0.000000
 840.0   0.000000    0.000000   1.784010    0.290024   1.784010    0.290024   1.784010    0.290024   0.000000    0.000000   1.784010    0.290024   1.784010    0.290024   1.784010    0.290024   0.000000    0.000000
 850.0   0.000000    0.000000   1.784300    0.290934   1.784300    0.290934   1.784300    0.290934   0.000000    0.000000   1.784300    0.290934   1.784300    0.290934   1.784300    0.290934   0.000000    0.000000
 860.0   0.000000    0.000000   1.784591    0.291852   1.784591    0.291852   1.784591    0.291852   0.000000    0.000000   1.784591    0.291852   1.784591    0.291852   1.784591    0.291852   0.000000    0.000000
 870.0   0.000000    0.000000   1.784884    0.292776   1.784884    0.292776   1.784884    0.292776   0.000000    0.000000   1.784884    0.292776   1.784884    0.292776   1.784884    0.292776   0.000000    0.000000
 880.0   0.000000    0.000000   1.785177    0.293708   1.785177    0.293708   1.785177    0.293708   0.000000    0.000000   1.785177    0.293708   1.785177    0.293708   1.785177    0.293708   0.000000    0.000000
 890.0   0.000000    0.000000   1.785471    0.294647   1.785471    0.294647   1.785471    0.294647   0.000000    0.000000   1.785471    0.294647   1.785471    0.294647   1.785471    0.294647   0.000000    0.000000
 900.0   0.000000    0.000000   1.785766    0.295594   1.785766    0.295594   1.785766    0.295594   0.000000    0.000000   1.785766    0.295594   1.785766    0.295594   1.785766    0.295594   0.000000    0.000000
 910.0   0.000000    0.000000   1.786062    0.296549   1.786062    0.296549   1.786062    0.296549   0.000000    0.000000   1.786062    0.296549   1.786062    0.296549   1.786062    0.296549   0.000000    0.000000
 920.0   0.000000    0.000000   1.786359    0.297512   1.786359    0.297512   1.786359    0.297512   0.000000    0.000000   1.786359    0.297512   1.786359    0.297512   1.786359    0.297512   0.000000    0.000000
 930.0   0.000000    0.000000   1.786657    0.298484   1.786657    0.298484   1.786657    0.298484   0.000000    0.000000   1.786657    0.298484   1.786657    0.298484   1.786657    0.298484   0.000000    0.000000
 940.0   0.000000    0.000000   1.786956    0.299464   1.786956    0.299464   1.786956    0.299464   0.000000    0.000000   1.786956    0.299464   1.786956    0.299464   1.786956    0.299464   0.000000    0.000000
 950.0   0.000000    0.000000   1.787256    0.300453   1.787256    0.300453   1.787256    0.300453   0.000000    0.000000   1.787256    0.300453   1.787256    0.300453   1.787256    0.300453   0.000000    0.000000
 960.0   0.000000    0.000000   1.787557    0.301452   1.787557    0.301452   1.787557    0.301452   0.000000    0.000000   1.787557    0.301452   1.787557    0.301452   1.787557    0.301452   0.000000    0.000000
 970.0   0.000000    0.000000   1.787859    0.302459   1.787859    0.302459   1.787859    0.302459   0.000000    0.000000   1.787859    0.302459   1.787859    0.302459   1.787859    0.302459   0.000000    0.000000
 980.0   0.000000    0.000000   1.788162    0.303477   1.788162    0.303477   1.788162    0.303477   0.000000    0.000000   1.788162    0.303477   1.788162    0.303477   1.788162    0.303477   0.000000    0.000000
 990.0   0.000000    0.000000   1.788466    0.304501   1.788466    0.304501   1.788466    0.304501   0.000000    0.000000   1.788466    0.304501   1.788466    0.304501   1.788466    0.304501   0.000000    0.000000
1000.0   0.000000    0.000000   1.788771    0.305550   1.788771    0.305550   1.788771    0.305550   0.000000    0.000000   1.788771    0.305550   1.788771    0.305550   1.788771    0.305550   0.000000    0.000000
1010.0   0.000000    0.000000   1.789077    0.306470   1.789077    0.306470   1.789077    0.306470   0.000000    0.000000   1.789077    0.306470   1.789077    0.306470   1.789077    0.306470   0.000000    0.000000
1020.0   0.000000    0.000000   1.789384    0.307249   1.789384    0.307249   1.789384    0.307249   0.000000    0.000000   1.789384    0.307249   1.789384    0.307249   1.789384    0.307249   0.000000    0.000000
1030.0   0.000000    0.000000   1.789692    0.308042   1.789692    0.308042   1.789692    0.308042   0.000000    0.000000   1.789692    0.308042   1.789692    0.308042   1.789692    0.308042   0.000000    0.000000
1040.0   0.000000    0.000000   1.790000    0.308838   1.790000    0.308838   1.790000    0.308838   0.000000    0.000000   1.790000    0.308838   1.790000    0.308838   1.790000    0.308838   0.000000    0.000000
1050.0   0.000000    0.000000   1.790309    0.309641   1.790309    0.309641   1.790309    0.309641   0.000000    0.000000   1.790309    0.309641   1.790309    0.309641   1.790309    0.309641   0.000000    0.000000
1060.0   0.000000    0.000000   1.790619    0.310449   1.790619    0.310449   1.790619    0.310449   0.000000    0.000000   1.790619    0.310449   1.790619    0.310449   1.790619    0.310449   0.000000    0.000000
1070.0   0.000000    0.000000   1.790930    0.311264   1.790930    0.311264   1.790930    0.311264   0.000000    0.000000   1.790930    0.311264   1.790930    0.311264   1.790930    0.311264   0.000000    0.000000
1080.0   0.000000    0.000000   1.791242    0.312085   1.791242    0.312085   1.791242    0.312085   0.000000    0.000000   1.791242    0.312085   1.791242    0.312085   1.791242    0.312085   0.000000    0.000000
1090.0   0.000000    0.000000   1.791554    0.312912   1.791554    0.312912   1.791554    0.312912   0.000000    0.000000   1.791554    0.312912   1.791554    0.312912   1.791554    0.312912   0.000000    0.000000
1100.0   0.000000    0.000000   1.791868    0.313745   1.791868    0.313745   1.791868    0.313745   0.000000    0.000000   1.791868    0.313745   1.791868    0.313745   1.791868    0.313745   0.000000    0.000000
1110.0   0.000000    0.000000   1.792182    0.314585   1.792182    0.314585   1.792182    0.314585   0.000000    0.000000   1.792182    0.314585   1.792182    0.314585   1.792182    0.314585   0.000000    0.000000
1120.0   0.000000    0.000000   1.792497    0.315432   1.792497    0.315432   1.792497    0.315432   0.000000    0.000000   1.792497    0.315432   1.792497    0.315432   1.792497    0.315432   0.000000    0.000000
1130.0   0.000000    0.000000   1.792813    0.316286   1.792813    0.316286   1.792813    0.316286   0.000000    0.000000   1.792813    0.316286   1.792813    0.316286   1.792813    0.316286   0.000000    0.000000
1140.0   0.000000    0.000000   1.793130    0.317147   1.793130    0.317147   1.793130    0.317147   0.000000    0.000000   1.793130    0.317147   1.793130    0.317147   1.793130    0.317147   0.000000    0.000000
1150.0   0.000000    0.000000   1.793447    0.318015   1.793447    0.318015   1.793447    0.318015   0.000000    0.000000   1.793447    0.318015   1.793447    0.318015   1.793447    0.318015   0.000000    0.000000
1160.0   0.000000    0.000000   1.793766    0.318890   1.793766    0.318890   1.793766    0.318890   0.000000    0.000000   1.793766    0.318890   1.793766    0.318890   1.793766    0.318890   0.000000    0.000000
1170.0   0.000000    0.000000   1.794085    0.319773   1.794085    0.319773   1.794085    0.319773   0.000000    0.000000   1.794085    0.319773   1.794085    0.319773   1.794085    0.319773   0.000000    0.000000
1180.0   0.000000    0.000000   1.794405    0.320663   1.794405    0.320663   1.794405    0.320663   0.000000    0.000000   1.794405    0.320663   1.794405    0.320663   1.794405    0.320663   0.000000    0.000000
1190.0   0.000000    0.000000   1.794726    0.321561   1.794726    0.321561   1.794726    0.321561   0.000000    0.000000   1.794726    0.321561   1.794726    0.321561   1.794726    0.321561   0.000000    0.000000
1200.0   0.000000    0.000000   1.795048    0.322466   1.795048    0.322466   1.795048    0.322466   0.000000    0.000000   1.795048    0.322466   1.795048    0.322466   1.795048    0.322466   0.000000    0.000000
1210.0   0.000000    0.000000   1.795371    0.323380   1.795371    0.323380   1.795371    0.323380   0.000000    0.000000   1.795371    0.323380   1.795371    0.323380   1.795371    0.323380   0.000000    0.000000
1220.0   0.000000    0.000000   1.795695    0.324302   1.795695    0.324302   1.795695    0.324302   0.000000    0.000000   1.795695    0.324302   1.795695    0.324302   1.795695    0.324302   0.000000    0.000000
1230.0   0.000000    0.000000   1.796020    0.325232   1.796020    0.325232   1.796020    0.325232   0.000000    0.000000   1.796020    0.325232   1.796020    0.325232   1.796020    0.325232   0.000000    0.000000
1240.0   0.000000    0.000000   1.796345    0.326170   1.796345    0.326170   1.796345    0.326170   0.000000    0.000000   1.796345    0.326170   1.796345    0.326170   1.796345    0.326170   0.000000    0.000000
1250.0   0.000000    0.000000   1.796672    0.327117   1.796672    0.327117   1.796672    0.327117   0.000000    0.000000   1.796672    0.327117   1.796672    0.327117   1.796672    0.327117   0.000000    0.000000
1260.0   0.000000    0.000000   1.797000    0.328073   1.797000    0.328073   1.797000    0.328073   0.000000    0.000000   1.797000    0.328073   1.797000    0.328073   1.797000    0.328073   0.000000    0.000000
1270.0   0.000000    0.000000   1.797328    0.329038   1.797328    0.329038   1.797328    0.329038   0.000000    0.000000   1.797328    0.329038   1.797328    0.329038   1.797328    0.329038   0.000000    0.000000
1280.0   0.000000    0.000000   1.797658    0.330011   1.797658    0.330011   1.797658    0.330011   0.000000    0.000000   1.797658    0.330011   1.797658    0.330011   1.797658    0.330011   0.000000    0.000000
1290.0   0.000000    0.000000   1.797988    0.330994   1.797988    0.330994   1.797988    0.330994   0.000000    0.000000   1.797988    0.330994   1.797988    0.330994   1.797988    0.330994   0.000000    0.000000
1300.0   0.000000    0.000000   1.798320    0.331987   1.798320    0.331987   1.798320    0.331987   0.000000    0.000000   1.798320    0.331987   1.798320    0.331987   1.798320    0.331987   0.000000    0.000000
1310.0   0.000000    0.000000   1.798652    0.332989   1.798652    0.332989   1.798652    0.332989   0.000000    0.000000   1.798652    0.332989   1.798652    0.332989   1.798652    0.332989   0.000000    0.000000
1320.0   0.000000    0.000000   1.798986    0.334001   1.798986    0.334001   1.798986    0.334001   0.000000    0.000000   1.798986    0.334001   1.798986    0.334001   1.798986    0.334001   0.000000    0.000000
1330.0   0.000000    0.000000   1.799320    0.335022   1.799320    0.335022   1.799320    0.335022   0.000000    0.000000   1.799320    0.335022   1.799320    0.335022   1.799320    0.335022   0.000000    0.000000
1340.0   0.000000    0.000000   1.799656    0.336054   1.799656    0.336054   1.799656    0.336054   0.000000    0.000000   1.799656    0.336054   1.799656    0.336054   1.799656    0.336054   0.000000    0.000000
1350.0   0.000000    0.000000   1.799992    0.337096   1.799992    0.337096   1.799992    0.337096   0.000000    0.000000   1.799992    0.337096   1.799992    0.337096   1.799992    0.337096   0.000000    0.000000
1360.0   0.000000    0.000000   1.800330    0.338149   1.800330    0.338149   1.800330    0.338149   0.000000    0.000000   1.800330    0.338149   1.800330    0.338149   1.800330    0.338149   0.000000    0.000000
1370.0   0.000000    0.000000   1.800669    0.339212   1.800669    0.339212   1.800669    0.339212   0.000000    0.000000   1.800669    0.339212   1.800669    0.339212   1.800669    0.339212   0.000000    0.000000
1380.0   0.000000    0.000000   1.801008    0.340286   1.801008    0.340286   1.801008    0.340286   0.000000    0.000000   1.801008    0.340286   1.801008    0.340286   1.801008    0.340286   0.000000    0.000000
1390.0   0.000000    0.000000   1.801349    0.341371   1.801349    0.341371   1.801349    0.341371   0.000000    0.000000   1.801349    0.341371   1.801349    0.341371   1.801349    0.341371   0.000000    0.000000
1400.0   0.000000    0.000000   1.801691    0.342468   1.801691    0.342468   1.801691    0.342468   0.000000    0.000000   1.801691    0.342468   1.801691    0.342468   1.801691    0.342468   0.000000    0.000000
1410.0   0.000000    0.000000   1.802034    0.343576   1.802034    0.343576   1.802034    0.343576   0.000000    0.000000   1.802034    0.343576   1.802034    0.343576   1.802034    0.343576   0.000000    0.000000
1420.0   0.000000    0.000000   1.802378    0.344696   1.802378    0.344696   1.802378    0.344696   0.000000    0.000000   1.802378    0.344696   1.802378    0.344696   1.802378    0.344696   0.000000    0.000000
1430.0   0.000000    0.000000   1.802724    0.345828   1.802724    0.345828   1.802724    0.345828   0.000000    0.000000   1.802724    0.345828   1.802724    0.345828   1.802724    0.345828   0.000000    0.000000
1440.0   0.000000    0.000000   1.803070    0.346972   1.803070    0.346972   1.803070    0.346972   0.000000    0.000000   1.803070    0.346972   1.803070    0.346972   1.803070    0.346972   0.000000    0.000000
1450.0   0.000000    0.000000   1.803418    0.348128   1.803418    0.348128   1.803418    0.348128   0.000000    0.000000   1.803418    0.348128   1.803418    0.348128   1.803418    0.348128   0.000000    0.000000
1460.0   0.000000    0.000000   1.803766    0.349297   1.803766    0.349297   1.803766    0.349297   0.000000    0.000000   1.803766    0.349297   1.803766    0.349297   1.803766    0.349297   0.000000    0.000000
1470.0   0.000000    0.000000   1.804116    0.350479   1.804116    0.350479   1.804116    0.350479   0.000000    0.000000   1.804116    0.350479   1.804116    0.350479   1.804116    0.350479   0.000000    0.000000
1480.0   0.000000    0.000000   1.804467    0.351675   1.804467    0.351675   1.804467    0.351675   0.000000    0.000000   1.804467    0.351675   1.804467    0.351675   1.804467    0.351675   0.000000    0.000000
1490.0   0.000000    0.000000   1.804819    0.352883   1.804819    0.352883   1.804819    0.352883   0.000000    0.000000   1.804819    0.352883   1.804819    0.352883   1.804819    0.352883   0.000000    0.000000
1500.0   0.000000    0.000000   1.805173    0.354106   1.805173    0.354106   1.805173    0.354106   0.000000    0.000000   1.805173    0.354106   1.805173    0.354106   1.805173    0.354106   0.000000    0.000000
1510.0   0.000000    0.000000   1.805528    0.355342   1.805528    0.355342   1.805528    0.355342   0.000000    0.000000   1.805528    0.355342   1.805528    0.355342   1.805528    0.355342   0.000000    0.000000
1520.0   0.000000    0.000000   1.805884    0.356592   1.805884    0.356592   1.805884    0.356592   0.000000    0.000000   1.805884    0.356592   1.805884    0.356592   1.805884    0.356592   0.000000    0.000000
1530.0   0.000000    0.000000   1.806241    0.357858   1.806241    0.357858   1.806241    0.357858   0.000000    0.000000   1.806241    0.357858   1.806241    0.357858   1.806241    0.357858   0.000000    0.000000
1540.0   0.000000    0.000000   1.806599    0.359137   1.806599    0.359137   1.806599    0.359137   0.000000    0.000000   1.806599    0.359137   1.806599    0.359137   1.806599    0.359137   0.000000    0.000000
1550.0   0.000000    0.000000   1.806959    0.360433   1.806959    0.360433   1.806959    0.360433   0.000000    0.000000   1.806959    0.360433   1.806959    0.360433   1.806959    0.360433   0.000000    0.000000
1560.0   0.000000    0.000000   1.807320    0.361743   1.807320    0.361743   1.807320    0.361743   0.000000    0.000000   1.807320    0.361743   1.807320    0.361743   1.807320    0.361743   0.000000    0.000000
1570.0   0.000000    0.000000   1.807683    0.363069   1.807683    0.363069   1.807683    0.363069   0.000000    0.000000   1.807683    0.363069   1.807683    0.363069   1.807683    0.363069   0.000000    0.000000
1580.0   0.000000    0.000000   1.808046    0.364412   1.808046    0.364412   1.808046    0.364412   0.000000    0.000000   1.808046    0.364412   1.808046    0.364412   1.808046    0.364412   0.000000    0.000000
1590.0   0.000000    0.000000   1.808411    0.365771   1.808411    0.365771   1.808411    0.365771   0.000000    0.000000   1.808411    0.365771   1.808411    0.365771   1.808411    0.365771   0.000000    0.000000
1600.0   0.000000    0.000000   1.808778    0.367146   1.808778    0.367146   1.808778    0.367146   0.000000    0.000000   1.808778    0.367146   1.808778    0.367146   1.808778    0.367146   0.000000    0.000000
