# T(K)     volome         F(eV)   S(J/K)         H(J/K)      a(-6/K)     Cp(J/mol)         Cvion         Cpion     Sion     Sele     Smag           Hion     T-D(K)           Cv  Bt(GPa)      dCp   Gamma
# Pressure =       0.0000  GPa
   0.0  10.993313   -5.74734708   0.0000      -554534.8   0.00000000  0.000000E+00  0.000000E+00  0.000000E+00   0.0000   0.0000   0.0000      -554534.8   379.0876  0.000000E+00  1.906041E+02  0.000000E+00   0.0000   0.0000  0.000000E+00  0.000000E+00  0.000000E+00  0.000000E+00  0.000000E+00
  10.0  10.993316   -5.74734728   0.0083      -554534.7   0.02282982  2.518175E-02  2.518169E-02  1.454071E-02   0.0083   0.0000   0.0000      -554534.7   425.7815  2.518169E-02  1.906038E+02  5.919141E-08   3.4320   0.0000  0.000000E+00  0.000000E+00  0.000000E+00  0.000000E+00  0.000000E+00
  20.0  10.993354   -5.74735049   0.0695      -554533.7   0.24887243  2.190625E-01  2.190485E-01  2.235843E-01   0.0695   0.0000   0.0000      -554533.7   414.0605  2.190485E-01  1.906010E+02  1.406800E-05   4.3009   0.0000  0.000000E+00  0.000000E+00  0.000000E+00  0.000000E+00  0.000000E+00
  30.0  10.993520   -5.74736553   0.2589      -554528.8   0.83988692  8.583038E-01  8.580635E-01  8.679939E-01   0.2589   0.0000   0.0000      -554528.8   393.5835  8.580635E-01  1.905886E+02  2.403201E-04   3.7052   0.0000  0.000000E+00  0.000000E+00  0.000000E+00  0.000000E+00  0.000000E+00
  40.0  10.993953   -5.74741012   0.6670      -554514.2   1.84224514  2.150386E+00  2.148844E+00  2.165503E+00   0.6670   0.0000   0.0000      -554514.2   382.1544  2.148844E+00  1.905562E+02  1.541436E-03   3.2448   0.0000  0.000000E+00  0.000000E+00  0.000000E+00  0.000000E+00  0.000000E+00
  50.0  10.994760   -5.74750929   1.3344      -554483.7   3.06730788  3.973759E+00  3.968419E+00  3.995581E+00   1.3344   0.0000   0.0000      -554483.7   377.9620  3.968419E+00  1.904960E+02  5.340105E-03   2.9247   0.0000  0.000000E+00  0.000000E+00  0.000000E+00  0.000000E+00  0.000000E+00
  60.0  10.995981   -5.74768895   2.2392      -554433.4   4.33052188  6.054222E+00  6.041454E+00  6.082391E+00   2.2392   0.0000   0.0000      -554433.4   376.6941  6.041454E+00  1.904047E+02  1.276841E-02   2.7113   0.0000  0.000000E+00  0.000000E+00  0.000000E+00  0.000000E+00  0.000000E+00
  70.0  10.997609   -5.74797092   3.3282      -554362.0   5.52116797  8.155841E+00  8.131639E+00  8.188811E+00   3.3282   0.0000   0.0000      -554362.0   376.4827  8.131639E+00  1.902830E+02  2.420202E-02   2.5670   0.0000  0.000000E+00  0.000000E+00  0.000000E+00  0.000000E+00  0.000000E+00
  80.0  10.999611   -5.74837119   4.5442      -554270.0   6.59024228  1.013391E+01  1.009453E+01  1.017009E+01   4.5442   0.0000   0.0000      -554270.0   376.6258  1.009453E+01  1.901333E+02  3.938417E-02   2.4667   0.0000  0.000000E+00  0.000000E+00  0.000000E+00  0.000000E+00  0.000000E+00
  90.0  11.001944   -5.74890020   5.8377      -554159.2   7.52561404  1.192047E+01  1.186273E+01  1.195855E+01   5.8377   0.0000   0.0000      -554159.2   376.8596  1.186273E+01  1.899587E+02  5.773624E-02   2.3953   0.0000  0.000000E+00  0.000000E+00  0.000000E+00  0.000000E+00  0.000000E+00
 100.0  11.004565   -5.74956387   7.1708      -554031.6   8.33335557  1.349632E+01  1.341772E+01  1.353538E+01   7.1708   0.0000   0.0000      -554031.6   377.0863  1.341772E+01  1.897625E+02  7.859891E-02   2.3431   0.0000  0.000000E+00  0.000000E+00  0.000000E+00  0.000000E+00  0.000000E+00
 110.0  11.007434   -5.75036473   8.5157      -553889.2   9.02703192  1.486853E+01  1.476717E+01  1.490793E+01   8.5157   0.0000   0.0000      -553889.2   377.2724  1.476717E+01  1.895476E+02  1.013632E-01   2.3042   0.0000  0.000000E+00  0.000000E+00  0.000000E+00  0.000000E+00  0.000000E+00
 120.0  11.010516   -5.75130295   9.8535      -553734.0   9.62219743  1.605607E+01  1.593055E+01  1.609538E+01   9.8535   0.0000   0.0000      -553734.0   377.4099  1.593055E+01  1.893165E+02  1.255218E-01   2.2746   0.0000  0.000000E+00  0.000000E+00  0.000000E+00  0.000000E+00  0.000000E+00
 130.0  11.013781   -5.75237703  11.1712      -553567.8  10.13382196  1.708182E+01  1.693115E+01  1.712077E+01  11.1712   0.0000   0.0000      -553567.8   377.5006  1.693115E+01  1.890715E+02  1.506766E-01   2.2518   0.0000  0.000000E+00  0.000000E+00  0.000000E+00  0.000000E+00  0.000000E+00
 140.0  11.017205   -5.75358443  12.4607      -553392.1  10.57525295  1.796851E+01  1.779199E+01  1.800693E+01  12.4607   0.0000   0.0000      -553392.1   377.5495  1.779199E+01  1.888145E+02  1.765265E-01   2.2338   0.0000  0.000000E+00  0.000000E+00  0.000000E+00  0.000000E+00  0.000000E+00
 150.0  11.020765   -5.75492191  13.7169      -553208.1  10.95793681  1.873689E+01  1.853404E+01  1.877467E+01  13.7169   0.0000   0.0000      -553208.1   377.5624  1.853404E+01  1.885470E+02  2.028494E-01   2.2195   0.0000  0.000000E+00  0.000000E+00  0.000000E+00  0.000000E+00  0.000000E+00
 160.0  11.024445   -5.75638584  14.9372      -553016.9  11.29148717  1.940509E+01  1.917560E+01  1.944217E+01  14.9372   0.0000   0.0000      -553016.9   377.5447  1.917560E+01  1.882703E+02  2.294850E-01   2.2081   0.0000  0.000000E+00  0.000000E+00  0.000000E+00  0.000000E+00  0.000000E+00
 170.0  11.028230   -5.75797241  16.1202      -552819.5  11.58388866  1.998858E+01  1.973226E+01  2.002494E+01  16.1202   0.0000   0.0000      -552819.5   377.5013  1.973226E+01  1.879855E+02  2.563192E-01   2.1988   0.0000  0.000000E+00  0.000000E+00  0.000000E+00  0.000000E+00  0.000000E+00
 180.0  11.032106   -5.75967771  17.2657      -552616.7  11.84173863  2.050043E+01  2.021715E+01  2.053605E+01  17.2657   0.0000   0.0000      -552616.7   377.4362  2.021715E+01  1.876935E+02  2.832726E-01   2.1912   0.0000  0.000000E+00  0.000000E+00  0.000000E+00  0.000000E+00  0.000000E+00
 190.0  11.036065   -5.76149785  18.3742      -552409.0  12.07047869  2.095153E+01  2.064124E+01  2.098643E+01  18.3742   0.0000   0.0000      -552409.0   377.3529  2.064124E+01  1.873951E+02  3.102905E-01   2.1849   0.0000  0.000000E+00  0.000000E+00  0.000000E+00  0.000000E+00  0.000000E+00
 200.0  11.040096   -5.76342903  19.4467      -552197.1  12.27459971  2.135100E+01  2.101366E+01  2.138519E+01  19.4467   0.0000   0.0000      -552197.1   377.2541  2.101366E+01  1.870909E+02  3.373367E-01   2.1797   0.0000  0.000000E+00  0.000000E+00  0.000000E+00  0.000000E+00  0.000000E+00
 210.0  11.044193   -5.76546755  20.4842      -551981.4  12.45781569  2.170643E+01  2.134204E+01  2.173993E+01  20.4842   0.0000   0.0000      -551981.4   377.1423  2.134204E+01  1.867814E+02  3.643882E-01   2.1754   0.0000  0.000000E+00  0.000000E+00  0.000000E+00  0.000000E+00  0.000000E+00
 220.0  11.048350   -5.76760983  21.4881      -551762.4  12.62320684  2.202416E+01  2.163273E+01  2.205699E+01  21.4881   0.0000   0.0000      -551762.4   377.0193  2.163273E+01  1.864673E+02  3.914313E-01   2.1719   0.0000  0.000000E+00  0.000000E+00  0.000000E+00  0.000000E+00  0.000000E+00
 230.0  11.052560   -5.76985247  22.4600      -551540.4  12.77333718  2.230949E+01  2.189103E+01  2.234167E+01  22.4600   0.0000   0.0000      -551540.4   376.8869  2.189103E+01  1.861488E+02  4.184592E-01   2.1689   0.0000  0.000000E+00  0.000000E+00  0.000000E+00  0.000000E+00  0.000000E+00
 240.0  11.056819   -5.77219217  23.4011      -551315.7  12.91034920  2.256687E+01  2.212140E+01  2.259844E+01  23.4011   0.0000   0.0000      -551315.7   376.7464  2.212140E+01  1.858262E+02  4.454694E-01   2.1664   0.0000  0.000000E+00  0.000000E+00  0.000000E+00  0.000000E+00  0.000000E+00
 250.0  11.061123   -5.77462581  24.3129      -551088.5  13.03604066  2.280005E+01  2.232759E+01  2.283102E+01  24.3129   0.0000   0.0000      -551088.5   376.5988  2.232759E+01  1.854999E+02  4.724631E-01   2.1643   0.0000  0.000000E+00  0.000000E+00  0.000000E+00  0.000000E+00  0.000000E+00
 260.0  11.065469   -5.77715043  25.1970      -550859.1  13.15192621  2.301219E+01  2.251275E+01  2.304259E+01  25.1970   0.0000   0.0000      -550859.1   376.4452  2.251275E+01  1.851701E+02  4.994435E-01   2.1626   0.0000  0.000000E+00  0.000000E+00  0.000000E+00  0.000000E+00  0.000000E+00
 270.0  11.069854   -5.77976318  26.0545      -550627.7  13.25928768  2.320598E+01  2.267957E+01  2.323584E+01  26.0545   0.0000   0.0000      -550627.7   376.2864  2.267957E+01  1.848371E+02  5.264156E-01   2.1612   0.0000  0.000000E+00  0.000000E+00  0.000000E+00  0.000000E+00  0.000000E+00
 280.0  11.074275   -5.78246137  26.8868      -550394.5  13.35921398  2.338370E+01  2.283032E+01  2.341304E+01  26.8868   0.0000   0.0000      -550394.5   376.1230  2.283032E+01  1.845010E+02  5.533850E-01   2.1600   0.0000  0.000000E+00  0.000000E+00  0.000000E+00  0.000000E+00  0.000000E+00
 290.0  11.078730   -5.78524244  27.6951      -550159.5  13.45263442  2.354731E+01  2.296695E+01  2.357614E+01  27.6951   0.0000   0.0000      -550159.5   375.9556  2.296695E+01  1.841620E+02  5.803583E-01   2.1591   0.0000  0.000000E+00  0.000000E+00  0.000000E+00  0.000000E+00  0.000000E+00
 300.0  11.083217   -5.78810394  28.4807      -549923.0  13.54034517  2.369847E+01  2.309113E+01  2.372682E+01  28.4807   0.0000   0.0000      -549923.0   375.7847  2.309113E+01  1.838202E+02  6.073421E-01   2.1583   0.0000  0.000000E+00  0.000000E+00  0.000000E+00  0.000000E+00  0.000000E+00
 310.0  11.087734   -5.79104357  29.2446      -549685.0  13.62303078  2.383863E+01  2.320429E+01  2.386652E+01  29.2446   0.0000   0.0000      -549685.0   375.6107  2.320429E+01  1.834759E+02  6.343434E-01   2.1577   0.0000  0.000000E+00  0.000000E+00  0.000000E+00  0.000000E+00  0.000000E+00
 320.0  11.092279   -5.79405912  29.9878      -549445.7  13.70128239  2.396903E+01  2.330767E+01  2.399649E+01  29.9878   0.0000   0.0000      -549445.7   375.4340  2.330767E+01  1.831289E+02  6.613687E-01   2.1573   0.0000  0.000000E+00  0.000000E+00  0.000000E+00  0.000000E+00  0.000000E+00
 330.0  11.096852   -5.79714847  30.7114      -549205.1  13.77561225  2.409076E+01  2.340234E+01  2.411779E+01  30.7114   0.0000   0.0000      -549205.1   375.2549  2.340234E+01  1.827796E+02  6.884251E-01   2.1570   0.0000  0.000000E+00  0.000000E+00  0.000000E+00  0.000000E+00  0.000000E+00
 340.0  11.101451   -5.80030964  31.4162      -548963.4  13.84646589  2.420476E+01  2.348924E+01  2.423138E+01  31.4162   0.0000   0.0000      -548963.4   375.0737  2.348924E+01  1.824279E+02  7.155191E-01   2.1568   0.0000  0.000000E+00  0.000000E+00  0.000000E+00  0.000000E+00  0.000000E+00
 350.0  11.106075   -5.80354071  32.1032      -548720.5  13.91423203  2.431183E+01  2.356917E+01  2.433806E+01  32.1032   0.0000   0.0000      -548720.5   374.8905  2.356917E+01  1.820739E+02  7.426570E-01   2.1567   0.0000  0.000000E+00  0.000000E+00  0.000000E+00  0.000000E+00  0.000000E+00
 360.0  11.110723   -5.80683987  32.7731      -548476.6  13.97925130  2.441270E+01  2.364286E+01  2.443856E+01  32.7731   0.0000   0.0000      -548476.6   374.7057  2.364286E+01  1.817177E+02  7.698453E-01   2.1567   0.0000  0.000000E+00  0.000000E+00  0.000000E+00  0.000000E+00  0.000000E+00
 370.0  11.115394   -5.81020538  33.4268      -548231.8  14.04182276  2.450801E+01  2.371092E+01  2.453350E+01  33.4268   0.0000   0.0000      -548231.8   374.5193  2.371092E+01  1.813594E+02  7.970897E-01   2.1568   0.0000  0.000000E+00  0.000000E+00  0.000000E+00  0.000000E+00  0.000000E+00
 380.0  11.120087   -5.81363559  34.0649      -547986.0  14.10220996  2.459830E+01  2.377390E+01  2.462343E+01  34.0649   0.0000   0.0000      -547986.0   374.3315  2.377390E+01  1.809990E+02  8.243960E-01   2.1570   0.0000  0.000000E+00  0.000000E+00  0.000000E+00  0.000000E+00  0.000000E+00
 390.0  11.124803   -5.81712890  34.6881      -547739.3  14.16064621  2.468406E+01  2.383229E+01  2.470886E+01  34.6881   0.0000   0.0000      -547739.3   374.1424  2.383229E+01  1.806366E+02  8.517698E-01   2.1572   0.0000  0.000000E+00  0.000000E+00  0.000000E+00  0.000000E+00  0.000000E+00
 400.0  11.129539   -5.82068382  35.2972      -547491.8  14.21733793  2.476573E+01  2.388652E+01  2.479021E+01  35.2972   0.0000   0.0000      -547491.8   373.9522  2.388652E+01  1.802721E+02  8.792165E-01   2.1575   0.0000  0.000000E+00  0.000000E+00  0.000000E+00  0.000000E+00  0.000000E+00
 410.0  11.134296   -5.82429889  35.8926      -547243.5  14.27246902  2.484371E+01  2.393696E+01  2.486786E+01  35.8926   0.0000   0.0000      -547243.5   373.7610  2.393696E+01  1.799057E+02  9.067410E-01   2.1578   0.0000  0.000000E+00  0.000000E+00  0.000000E+00  0.000000E+00  0.000000E+00
 420.0  11.139074   -5.82797272  36.4750      -546994.5  14.32620356  2.491832E+01  2.398397E+01  2.494216E+01  36.4750   0.0000   0.0000      -546994.5   373.5688  2.398397E+01  1.795373E+02  9.343485E-01   2.1582   0.0000  0.000000E+00  0.000000E+00  0.000000E+00  0.000000E+00  0.000000E+00
 430.0  11.143871   -5.83170399  37.0448      -546744.7  14.37868782  2.498987E+01  2.402783E+01  2.501342E+01  37.0448   0.0000   0.0000      -546744.7   373.3757  2.402783E+01  1.791671E+02  9.620436E-01   2.1586   0.0000  0.000000E+00  0.000000E+00  0.000000E+00  0.000000E+00  0.000000E+00
 440.0  11.148688   -5.83549143  37.6027      -546494.2  14.43005351  2.505865E+01  2.406882E+01  2.508191E+01  37.6027   0.0000   0.0000      -546494.2   373.1818  2.406882E+01  1.787949E+02  9.898307E-01   2.1591   0.0000  0.000000E+00  0.000000E+00  0.000000E+00  0.000000E+00  0.000000E+00
 450.0  11.153524   -5.83933381  38.1491      -546243.0  14.48041870  2.512490E+01  2.410719E+01  2.514788E+01  38.1491   0.0000   0.0000      -546243.0   372.9871  2.410719E+01  1.784209E+02  1.017715E+00   2.1596   0.0000  0.000000E+00  0.000000E+00  0.000000E+00  0.000000E+00  0.000000E+00
 460.0  11.158378   -5.84322998  38.6844      -545991.2  14.52988986  2.518884E+01  2.414314E+01  2.521155E+01  38.6844   0.0000   0.0000      -545991.2   372.7917  2.414314E+01  1.780450E+02  1.045699E+00   2.1601   0.0000  0.000000E+00  0.000000E+00  0.000000E+00  0.000000E+00  0.000000E+00
 470.0  11.163251   -5.84717880  39.2090      -545738.8  14.57856338  2.525066E+01  2.417687E+01  2.527311E+01  39.2090   0.0000   0.0000      -545738.8   372.5956  2.417687E+01  1.776673E+02  1.073789E+00   2.1607   0.0000  0.000000E+00  0.000000E+00  0.000000E+00  0.000000E+00  0.000000E+00
 480.0  11.168143   -5.85117920  39.7234      -545485.8  14.62652624  2.531056E+01  2.420857E+01  2.533274E+01  39.7234   0.0000   0.0000      -545485.8   372.3988  2.420857E+01  1.772878E+02  1.101988E+00   2.1612   0.0000  0.000000E+00  0.000000E+00  0.000000E+00  0.000000E+00  0.000000E+00
 490.0  11.173052   -5.85523015  40.2280      -545232.2  14.67385782  2.536869E+01  2.423839E+01  2.539062E+01  40.2280   0.0000   0.0000      -545232.2   372.2014  2.423839E+01  1.769064E+02  1.130300E+00   2.1619   0.0000  0.000000E+00  0.000000E+00  0.000000E+00  0.000000E+00  0.000000E+00
 500.0  11.177980   -5.85933064  40.7231      -544978.0  14.72063022  2.542520E+01  2.426647E+01  2.544689E+01  40.7231   0.0000   0.0000      -544978.0   372.0034  2.426647E+01  1.765233E+02  1.158728E+00   2.1625   0.0000  0.000000E+00  0.000000E+00  0.000000E+00  0.000000E+00  0.000000E+00
 510.0  11.182925   -5.86347973  41.2090      -544723.2  14.76690903  2.548022E+01  2.429295E+01  2.550167E+01  41.2090   0.0000   0.0000      -544723.2   371.8049  2.429295E+01  1.761384E+02  1.187277E+00   2.1632   0.0000  0.000000E+00  0.000000E+00  0.000000E+00  0.000000E+00  0.000000E+00
 520.0  11.187888   -5.86767648  41.6862      -544468.0  14.81275463  2.553389E+01  2.431794E+01  2.555510E+01  41.6862   0.0000   0.0000      -544468.0   371.6057  2.431794E+01  1.757517E+02  1.215951E+00   2.1639   0.0000  0.000000E+00  0.000000E+00  0.000000E+00  0.000000E+00  0.000000E+00
 530.0  11.192868   -5.87192002  42.1549      -544212.1  14.85822206  2.558630E+01  2.434155E+01  2.560728E+01  42.1549   0.0000   0.0000      -544212.1   371.4060  2.434155E+01  1.753632E+02  1.244752E+00   2.1646   0.0000  0.000000E+00  0.000000E+00  0.000000E+00  0.000000E+00  0.000000E+00
 540.0  11.197866   -5.87620949  42.6153      -543955.8  14.90336209  2.563756E+01  2.436388E+01  2.565832E+01  42.6153   0.0000   0.0000      -543955.8   371.2057  2.436388E+01  1.749729E+02  1.273685E+00   2.1653   0.0000  0.000000E+00  0.000000E+00  0.000000E+00  0.000000E+00  0.000000E+00
 550.0  11.202882   -5.88054408  43.0679      -543699.0  14.94822138  2.568777E+01  2.438502E+01  2.570831E+01  43.0679   0.0000   0.0000      -543699.0   371.0049  2.438502E+01  1.745809E+02  1.302752E+00   2.1660   0.0000  0.000000E+00  0.000000E+00  0.000000E+00  0.000000E+00  0.000000E+00
 560.0  11.207914   -5.88492298  43.5128      -543441.6  14.99284302  2.573701E+01  2.440505E+01  2.575733E+01  43.5128   0.0000   0.0000      -543441.6   370.8035  2.440505E+01  1.741870E+02  1.331957E+00   2.1668   0.0000  0.000000E+00  0.000000E+00  0.000000E+00  0.000000E+00  0.000000E+00
 570.0  11.212964   -5.88934545  43.9503      -543183.8  15.03726709  2.578536E+01  2.442406E+01  2.580547E+01  43.9503   0.0000   0.0000      -543183.8   370.6016  2.442406E+01  1.737914E+02  1.361304E+00   2.1676   0.0000  0.000000E+00  0.000000E+00  0.000000E+00  0.000000E+00  0.000000E+00
 580.0  11.218031   -5.89381074  44.3807      -542925.5  15.08153045  2.583289E+01  2.444210E+01  2.585279E+01  44.3807   0.0000   0.0000      -542925.5   370.3991  2.444210E+01  1.733941E+02  1.390795E+00   2.1684   0.0000  0.000000E+00  0.000000E+00  0.000000E+00  0.000000E+00  0.000000E+00
 590.0  11.223115   -5.89831814  44.8042      -542666.8  15.12566756  2.587967E+01  2.445923E+01  2.589937E+01  44.8042   0.0000   0.0000      -542666.8   370.1960  2.445923E+01  1.729949E+02  1.420435E+00   2.1692   0.0000  0.000000E+00  0.000000E+00  0.000000E+00  0.000000E+00  0.000000E+00
 600.0  11.228216   -5.90286698  45.2210      -542407.6  15.16971068  2.592576E+01  2.447553E+01  2.594526E+01  45.2210   0.0000   0.0000      -542407.6   369.9924  2.447553E+01  1.725940E+02  1.450226E+00   2.1700   0.0000  0.000000E+00  0.000000E+00  0.000000E+00  0.000000E+00  0.000000E+00
 610.0  11.233335   -5.90745660  45.6313      -542147.9  15.21368956  2.597121E+01  2.449104E+01  2.599051E+01  45.6313   0.0000   0.0000      -542147.9   369.7882  2.449104E+01  1.721913E+02  1.480172E+00   2.1708   0.0000  0.000000E+00  0.000000E+00  0.000000E+00  0.000000E+00  0.000000E+00
 620.0  11.238470   -5.91208637  46.0354      -541887.7  15.25763238  2.601609E+01  2.450581E+01  2.603520E+01  46.0354   0.0000   0.0000      -541887.7   369.5833  2.450581E+01  1.717868E+02  1.510276E+00   2.1716   0.0000  0.000000E+00  0.000000E+00  0.000000E+00  0.000000E+00  0.000000E+00
 630.0  11.243623   -5.91675566  46.4334      -541627.2  15.30156560  2.606044E+01  2.451989E+01  2.607935E+01  46.4334   0.0000   0.0000      -541627.2   369.3779  2.451989E+01  1.713805E+02  1.540541E+00   2.1725   0.0000  0.000000E+00  0.000000E+00  0.000000E+00  0.000000E+00  0.000000E+00
 640.0  11.248793   -5.92146390  46.8255      -541366.2  15.34551394  2.610429E+01  2.453332E+01  2.612302E+01  46.8255   0.0000   0.0000      -541366.2   369.1718  2.453332E+01  1.709724E+02  1.570971E+00   2.1733   0.0000  0.000000E+00  0.000000E+00  0.000000E+00  0.000000E+00  0.000000E+00
 650.0  11.253980   -5.92621051  47.2119      -541104.7  15.38950076  2.614771E+01  2.454614E+01  2.616625E+01  47.2119   0.0000   0.0000      -541104.7   368.9651  2.454614E+01  1.705624E+02  1.601568E+00   2.1742   0.0000  0.000000E+00  0.000000E+00  0.000000E+00  0.000000E+00  0.000000E+00
 660.0  11.259185   -5.93099495  47.5928      -540842.8  15.43354837  2.619072E+01  2.455839E+01  2.620907E+01  47.5928   0.0000   0.0000      -540842.8   368.7577  2.455839E+01  1.701507E+02  1.632337E+00   2.1751   0.0000  0.000000E+00  0.000000E+00  0.000000E+00  0.000000E+00  0.000000E+00
 670.0  11.264406   -5.93581669  47.9683      -540580.5  15.47767761  2.623337E+01  2.457009E+01  2.625154E+01  47.9683   0.0000   0.0000      -540580.5   368.5496  2.457009E+01  1.697371E+02  1.663279E+00   2.1760   0.0000  0.000000E+00  0.000000E+00  0.000000E+00  0.000000E+00  0.000000E+00
 680.0  11.269645   -5.94067521  48.3386      -540317.8  15.52190848  2.627568E+01  2.458128E+01  2.629367E+01  48.3386   0.0000   0.0000      -540317.8   368.3408  2.458128E+01  1.693218E+02  1.694399E+00   2.1769   0.0000  0.000000E+00  0.000000E+00  0.000000E+00  0.000000E+00  0.000000E+00
 690.0  11.274902   -5.94557003  48.7039      -540054.7  15.56626000  2.631769E+01  2.459199E+01  2.633550E+01  48.7039   0.0000   0.0000      -540054.7   368.1313  2.459199E+01  1.689045E+02  1.725700E+00   2.1778   0.0000  0.000000E+00  0.000000E+00  0.000000E+00  0.000000E+00  0.000000E+00
 700.0  11.280176   -5.95050067  49.0643      -539791.1  15.61075031  2.635943E+01  2.460225E+01  2.637707E+01  49.0643   0.0000   0.0000      -539791.1   367.9210  2.460225E+01  1.684854E+02  1.757184E+00   2.1787   0.0000  0.000000E+00  0.000000E+00  0.000000E+00  0.000000E+00  0.000000E+00
 710.0  11.285467   -5.95546668  49.4199      -539527.1  15.65539675  2.640093E+01  2.461208E+01  2.641839E+01  49.4199   0.0000   0.0000      -539527.1   367.7099  2.461208E+01  1.680645E+02  1.788856E+00   2.1796   0.0000  0.000000E+00  0.000000E+00  0.000000E+00  0.000000E+00  0.000000E+00
 720.0  11.290777   -5.96046762  49.7709      -539262.7  15.70021607  2.644222E+01  2.462150E+01  2.645950E+01  49.7709   0.0000   0.0000      -539262.7   367.4980  2.462150E+01  1.676417E+02  1.820719E+00   2.1806   0.0000  0.000000E+00  0.000000E+00  0.000000E+00  0.000000E+00  0.000000E+00
 730.0  11.296104   -5.96550306  50.1174      -538997.9  15.74522433  2.648332E+01  2.463054E+01  2.650043E+01  50.1174   0.0000   0.0000      -538997.9   367.2852  2.463054E+01  1.672170E+02  1.852777E+00   2.1815   0.0000  0.000000E+00  0.000000E+00  0.000000E+00  0.000000E+00  0.000000E+00
 740.0  11.301448   -5.97057260  50.4595      -538732.7  15.79043693  2.652425E+01  2.463922E+01  2.654119E+01  50.4595   0.0000   0.0000      -538732.7   367.0716  2.463922E+01  1.667903E+02  1.885031E+00   2.1825   0.0000  0.000000E+00  0.000000E+00  0.000000E+00  0.000000E+00  0.000000E+00
 750.0  11.306811   -5.97567584  50.7974      -538467.1  15.83586901  2.656504E+01  2.464755E+01  2.658181E+01  50.7974   0.0000   0.0000      -538467.1   366.8571  2.464755E+01  1.663619E+02  1.917487E+00   2.1834   0.0000  0.000000E+00  0.000000E+00  0.000000E+00  0.000000E+00  0.000000E+00
 760.0  11.312191   -5.98081241  51.1311      -538201.1  15.88153493  2.660570E+01  2.465556E+01  2.662231E+01  51.1311   0.0000   0.0000      -538201.1   366.6416  2.465556E+01  1.659314E+02  1.950147E+00   2.1844   0.0000  0.000000E+00  0.000000E+00  0.000000E+00  0.000000E+00  0.000000E+00
 770.0  11.317590   -5.98598195  51.4609      -537934.7  15.92744886  2.664627E+01  2.466325E+01  2.666270E+01  51.4609   0.0000   0.0000      -537934.7   366.4251  2.466325E+01  1.654990E+02  1.983015E+00   2.1853   0.0000  0.000000E+00  0.000000E+00  0.000000E+00  0.000000E+00  0.000000E+00
 780.0  11.323007   -5.99118410  51.7867      -537667.8  15.97362449  2.668675E+01  2.467066E+01  2.670302E+01  51.7867   0.0000   0.0000      -537667.8   366.2077  2.467066E+01  1.650647E+02  2.016095E+00   2.1863   0.0000  0.000000E+00  0.000000E+00  0.000000E+00  0.000000E+00  0.000000E+00
 790.0  11.328442   -5.99641853  52.1087      -537400.6  16.02007541  2.672717E+01  2.467778E+01  2.674327E+01  52.1087   0.0000   0.0000      -537400.6   365.9892  2.467778E+01  1.646284E+02  2.049390E+00   2.1873   0.0000  0.000000E+00  0.000000E+00  0.000000E+00  0.000000E+00  0.000000E+00
 800.0  11.333896   -6.00168493  52.4271      -537133.0  16.06681454  2.676754E+01  2.468464E+01  2.678348E+01  52.4271   0.0000   0.0000      -537133.0   365.7696  2.468464E+01  1.641901E+02  2.082904E+00   2.1883   0.0000  0.000000E+00  0.000000E+00  0.000000E+00  0.000000E+00  0.000000E+00
 810.0  11.339368   -6.00698298  52.7418      -536864.9  16.11385484  2.680789E+01  2.469125E+01  2.682366E+01  52.7418   0.0000   0.0000      -536864.9   365.5489  2.469125E+01  1.637499E+02  2.116641E+00   2.1893   0.0000  0.000000E+00  0.000000E+00  0.000000E+00  0.000000E+00  0.000000E+00
 820.0  11.344859   -6.01231240  53.0531      -536596.5  16.16120901  2.684822E+01  2.469761E+01  2.686382E+01  53.0531   0.0000   0.0000      -536596.5   365.3271  2.469761E+01  1.633076E+02  2.150605E+00   2.1903   0.0000  0.000000E+00  0.000000E+00  0.000000E+00  0.000000E+00  0.000000E+00
 830.0  11.350369   -6.01767290  53.3609      -536327.7  16.20888935  2.688855E+01  2.470375E+01  2.690399E+01  53.3609   0.0000   0.0000      -536327.7   365.1040  2.470375E+01  1.628633E+02  2.184798E+00   2.1913   0.0000  0.000000E+00  0.000000E+00  0.000000E+00  0.000000E+00  0.000000E+00
 840.0  11.355898   -6.02306421  53.6655      -536058.4  16.25690841  2.692890E+01  2.470967E+01  2.694417E+01  53.6655   0.0000   0.0000      -536058.4   364.8797  2.470967E+01  1.624170E+02  2.219226E+00   2.1923   0.0000  0.000000E+00  0.000000E+00  0.000000E+00  0.000000E+00  0.000000E+00
 850.0  11.361446   -6.02848607  53.9668      -535788.8  16.30527821  2.696928E+01  2.471538E+01  2.698439E+01  53.9668   0.0000   0.0000      -535788.8   364.6541  2.471538E+01  1.619686E+02  2.253893E+00   2.1933   0.0000  0.000000E+00  0.000000E+00  0.000000E+00  0.000000E+00  0.000000E+00
 860.0  11.367013   -6.03393825  54.2650      -535518.7  16.35401077  2.700970E+01  2.472090E+01  2.702465E+01  54.2650   0.0000   0.0000      -535518.7   364.4272  2.472090E+01  1.615181E+02  2.288801E+00   2.1943   0.0000  0.000000E+00  0.000000E+00  0.000000E+00  0.000000E+00  0.000000E+00
 870.0  11.372600   -6.03942052  54.5601      -535248.3  16.40311818  2.705018E+01  2.472622E+01  2.706497E+01  54.5601   0.0000   0.0000      -535248.3   364.1990  2.472622E+01  1.610656E+02  2.323957E+00   2.1953   0.0000  0.000000E+00  0.000000E+00  0.000000E+00  0.000000E+00  0.000000E+00
 880.0  11.378206   -6.04493265  54.8522      -534977.4  16.45261227  2.709073E+01  2.473137E+01  2.710535E+01  54.8522   0.0000   0.0000      -534977.4   363.9693  2.473137E+01  1.606109E+02  2.359363E+00   2.1964   0.0000  0.000000E+00  0.000000E+00  0.000000E+00  0.000000E+00  0.000000E+00
 890.0  11.383832   -6.05047443  55.1415      -534706.2  16.50250498  2.713136E+01  2.473634E+01  2.714582E+01  55.1415   0.0000   0.0000      -534706.2   363.7381  2.473634E+01  1.601541E+02  2.395023E+00   2.1974   0.0000  0.000000E+00  0.000000E+00  0.000000E+00  0.000000E+00  0.000000E+00
 900.0  11.389478   -6.05604568  55.4279      -534434.5  16.55280803  2.717209E+01  2.474115E+01  2.718639E+01  55.4279   0.0000   0.0000      -534434.5   363.5055  2.474115E+01  1.596951E+02  2.430944E+00   2.1985   0.0000  0.000000E+00  0.000000E+00  0.000000E+00  0.000000E+00  0.000000E+00
 910.0  11.395144   -6.06164620  55.7116      -534162.4  16.60353340  2.721292E+01  2.474579E+01  2.722706E+01  55.7116   0.0000   0.0000      -534162.4   363.2713  2.474579E+01  1.592340E+02  2.467128E+00   2.1995   0.0000  0.000000E+00  0.000000E+00  0.000000E+00  0.000000E+00  0.000000E+00
 920.0  11.400830   -6.06727582  55.9926      -533890.0  16.65469295  2.725387E+01  2.475029E+01  2.726784E+01  55.9926   0.0000   0.0000      -533890.0   363.0354  2.475029E+01  1.587707E+02  2.503580E+00   2.2006   0.0000  0.000000E+00  0.000000E+00  0.000000E+00  0.000000E+00  0.000000E+00
 930.0  11.406536   -6.07293439  56.2710      -533617.1  16.70629845  2.729495E+01  2.475465E+01  2.730876E+01  56.2710   0.0000   0.0000      -533617.1   362.7979  2.475465E+01  1.583052E+02  2.540305E+00   2.2016   0.0000  0.000000E+00  0.000000E+00  0.000000E+00  0.000000E+00  0.000000E+00
 940.0  11.412264   -6.07862175  56.5469      -533343.8  16.75836192  2.733617E+01  2.475886E+01  2.734982E+01  56.5469   0.0000   0.0000      -533343.8   362.5587  2.475886E+01  1.578375E+02  2.577308E+00   2.2027   0.0000  0.000000E+00  0.000000E+00  0.000000E+00  0.000000E+00  0.000000E+00
 950.0  11.418011   -6.08433776  56.8203      -533070.1  16.81089545  2.737754E+01  2.476295E+01  2.739102E+01  56.8203   0.0000   0.0000      -533070.1   362.3177  2.476295E+01  1.573675E+02  2.614594E+00   2.2038   0.0000  0.000000E+00  0.000000E+00  0.000000E+00  0.000000E+00  0.000000E+00
 960.0  11.423780   -6.09008230  57.0914      -532796.0  16.86391108  2.741907E+01  2.476690E+01  2.743239E+01  57.0914   0.0000   0.0000      -532796.0   362.0749  2.476690E+01  1.568952E+02  2.652167E+00   2.2048   0.0000  0.000000E+00  0.000000E+00  0.000000E+00  0.000000E+00  0.000000E+00
 970.0  11.429571   -6.09585524  57.3600      -532521.4  16.91742964  2.746077E+01  2.477074E+01  2.747392E+01  57.3600   0.0000   0.0000      -532521.4   361.8301  2.477074E+01  1.564206E+02  2.690035E+00   2.2059   0.0000  0.000000E+00  0.000000E+00  0.000000E+00  0.000000E+00  0.000000E+00
 980.0  11.435382   -6.10165649  57.6265      -532246.5  16.97145715  2.750266E+01  2.477446E+01  2.751564E+01  57.6265   0.0000   0.0000      -532246.5   361.5835  2.477446E+01  1.559438E+02  2.728202E+00   2.2070   0.0000  0.000000E+00  0.000000E+00  0.000000E+00  0.000000E+00  0.000000E+00
 990.0  11.441215   -6.10748595  57.8907      -531971.1  17.02583704  2.754468E+01  2.477807E+01  2.755752E+01  57.8907   0.0000   0.0000      -531971.1   361.3348  2.477807E+01  1.554646E+02  2.766618E+00   2.2081   0.0000  0.000000E+00  0.000000E+00  0.000000E+00  0.000000E+00  0.000000E+00
1000.0  11.447070   -6.11334354  58.1527      -531695.3  17.08155299  2.758717E+01  2.478156E+01  2.759973E+01  58.1527   0.0000   0.0000      -531695.3   361.0840  2.478156E+01  1.549830E+02  2.805605E+00   2.2093   0.0000  0.000000E+00  0.000000E+00  0.000000E+00  0.000000E+00  0.000000E+00
1010.0  11.452946   -6.11922919  58.4127      -531419.1  17.13006005  2.762843E+01  2.478496E+01  2.764086E+01  58.4127   0.0000   0.0000      -531419.1   360.8312  2.478496E+01  1.545608E+02  2.843474E+00   2.2103   0.0000  0.000000E+00  0.000000E+00  0.000000E+00  0.000000E+00  0.000000E+00
1020.0  11.458840   -6.12514289  58.6706      -531142.5  17.17067949  2.766846E+01  2.478826E+01  2.768077E+01  58.6706   0.0000   0.0000      -531142.5   360.5763  2.478826E+01  1.542106E+02  2.880206E+00   2.2114   0.0000  0.000000E+00  0.000000E+00  0.000000E+00  0.000000E+00  0.000000E+00
1030.0  11.464752   -6.13108450  58.9265      -530865.5  17.21200480  2.770876E+01  2.479146E+01  2.772088E+01  58.9265   0.0000   0.0000      -530865.5   360.3195  2.479146E+01  1.538590E+02  2.917300E+00   2.2125   0.0000  0.000000E+00  0.000000E+00  0.000000E+00  0.000000E+00  0.000000E+00
1040.0  11.470680   -6.13705386  59.1804      -530588.1  17.25352292  2.774915E+01  2.479457E+01  2.776110E+01  59.1804   0.0000   0.0000      -530588.1   360.0607  2.479457E+01  1.535059E+02  2.954585E+00   2.2136   0.0000  0.000000E+00  0.000000E+00  0.000000E+00  0.000000E+00  0.000000E+00
1050.0  11.476626   -6.14305080  59.4324      -530310.3  17.29536013  2.778969E+01  2.479759E+01  2.780148E+01  59.4324   0.0000   0.0000      -530310.3   359.7999  2.479759E+01  1.531512E+02  2.992105E+00   2.2148   0.0000  0.000000E+00  0.000000E+00  0.000000E+00  0.000000E+00  0.000000E+00
1060.0  11.482590   -6.14907517  59.6826      -530032.1  17.33751514  2.783038E+01  2.480052E+01  2.784200E+01  59.6826   0.0000   0.0000      -530032.1   359.5371  2.480052E+01  1.527951E+02  3.029859E+00   2.2159   0.0000  0.000000E+00  0.000000E+00  0.000000E+00  0.000000E+00  0.000000E+00
1070.0  11.488571   -6.15512682  59.9309      -529753.5  17.37998478  2.787122E+01  2.480338E+01  2.788269E+01  59.9309   0.0000   0.0000      -529753.5   359.2723  2.480338E+01  1.524375E+02  3.067849E+00   2.2170   0.0000  0.000000E+00  0.000000E+00  0.000000E+00  0.000000E+00  0.000000E+00
1080.0  11.494570   -6.16120560  60.1774      -529474.4  17.42277912  2.791223E+01  2.480615E+01  2.792353E+01  60.1774   0.0000   0.0000      -529474.4   359.0054  2.480615E+01  1.520784E+02  3.106077E+00   2.2181   0.0000  0.000000E+00  0.000000E+00  0.000000E+00  0.000000E+00  0.000000E+00
1090.0  11.500587   -6.16731136  60.4222      -529195.0  17.46590500  2.795340E+01  2.480885E+01  2.796455E+01  60.4222   0.0000   0.0000      -529195.0   358.7365  2.480885E+01  1.517177E+02  3.144549E+00   2.2193   0.0000  0.000000E+00  0.000000E+00  0.000000E+00  0.000000E+00  0.000000E+00
1100.0  11.506622   -6.17344396  60.6652      -528915.1  17.50936926  2.799474E+01  2.481147E+01  2.800574E+01  60.6652   0.0000   0.0000      -528915.1   358.4655  2.481147E+01  1.513554E+02  3.183267E+00   2.2204   0.0000  0.000000E+00  0.000000E+00  0.000000E+00  0.000000E+00  0.000000E+00
1110.0  11.512676   -6.17960326  60.9065      -528634.9  17.55317885  2.803626E+01  2.481403E+01  2.804711E+01  60.9065   0.0000   0.0000      -528634.9   358.1924  2.481403E+01  1.509917E+02  3.222235E+00   2.2216   0.0000  0.000000E+00  0.000000E+00  0.000000E+00  0.000000E+00  0.000000E+00
1120.0  11.518747   -6.18578912  61.1462      -528354.2  17.59734060  2.807797E+01  2.481651E+01  2.808867E+01  61.1462   0.0000   0.0000      -528354.2   357.9172  2.481651E+01  1.506263E+02  3.261457E+00   2.2227   0.0000  0.000000E+00  0.000000E+00  0.000000E+00  0.000000E+00  0.000000E+00
1130.0  11.524838   -6.19200141  61.3843      -528073.1  17.64186163  2.811987E+01  2.481894E+01  2.813042E+01  61.3843   0.0000   0.0000      -528073.1   357.6399  2.481894E+01  1.502594E+02  3.300936E+00   2.2239   0.0000  0.000000E+00  0.000000E+00  0.000000E+00  0.000000E+00  0.000000E+00
1140.0  11.530947   -6.19824000  61.6208      -527791.6  17.68674915  2.816197E+01  2.482129E+01  2.817238E+01  61.6208   0.0000   0.0000      -527791.6   357.3604  2.482129E+01  1.498908E+02  3.340676E+00   2.2250   0.0000  0.000000E+00  0.000000E+00  0.000000E+00  0.000000E+00  0.000000E+00
1150.0  11.537075   -6.20450475  61.8558      -527509.7  17.73201009  2.820427E+01  2.482359E+01  2.821454E+01  61.8558   0.0000   0.0000      -527509.7   357.0788  2.482359E+01  1.495206E+02  3.380681E+00   2.2262   0.0000  0.000000E+00  0.000000E+00  0.000000E+00  0.000000E+00  0.000000E+00
1160.0  11.543221   -6.21079555  62.0892      -527227.3  17.77765184  2.824678E+01  2.482583E+01  2.825691E+01  62.0892   0.0000   0.0000      -527227.3   356.7950  2.482583E+01  1.491489E+02  3.420954E+00   2.2274   0.0000  0.000000E+00  0.000000E+00  0.000000E+00  0.000000E+00  0.000000E+00
1170.0  11.549387   -6.21711226  62.3211      -526944.5  17.82368171  2.828951E+01  2.482800E+01  2.829950E+01  62.3211   0.0000   0.0000      -526944.5   356.5090  2.482800E+01  1.487754E+02  3.461500E+00   2.2285   0.0000  0.000000E+00  0.000000E+00  0.000000E+00  0.000000E+00  0.000000E+00
1180.0  11.555573   -6.22345476  62.5516      -526661.3  17.87010709  2.833245E+01  2.483013E+01  2.834231E+01  62.5516   0.0000   0.0000      -526661.3   356.2209  2.483013E+01  1.484004E+02  3.502323E+00   2.2297   0.0000  0.000000E+00  0.000000E+00  0.000000E+00  0.000000E+00  0.000000E+00
1190.0  11.561777   -6.22982294  62.7806      -526377.7  17.91693552  2.837563E+01  2.483220E+01  2.838535E+01  62.7806   0.0000   0.0000      -526377.7   355.9305  2.483220E+01  1.480236E+02  3.543427E+00   2.2309   0.0000  0.000000E+00  0.000000E+00  0.000000E+00  0.000000E+00  0.000000E+00
1200.0  11.568002   -6.23621667  63.0083      -526093.6  17.96417466  2.841903E+01  2.483422E+01  2.842863E+01  63.0083   0.0000   0.0000      -526093.6   355.6378  2.483422E+01  1.476451E+02  3.584815E+00   2.2321   0.0000  0.000000E+00  0.000000E+00  0.000000E+00  0.000000E+00  0.000000E+00
1210.0  11.574246   -6.24263583  63.2345      -525809.1  18.01183224  2.846268E+01  2.483619E+01  2.847215E+01  63.2345   0.0000   0.0000      -525809.1   355.3429  2.483619E+01  1.472650E+02  3.626494E+00   2.2333   0.0000  0.000000E+00  0.000000E+00  0.000000E+00  0.000000E+00  0.000000E+00
1220.0  11.580510   -6.24908032  63.4594      -525524.2  18.05991605  2.850658E+01  2.483811E+01  2.851592E+01  63.4594   0.0000   0.0000      -525524.2   355.0457  2.483811E+01  1.468832E+02  3.668466E+00   2.2344   0.0000  0.000000E+00  0.000000E+00  0.000000E+00  0.000000E+00  0.000000E+00
1230.0  11.586795   -6.25555002  63.6830      -525238.8  18.10843415  2.855072E+01  2.483998E+01  2.855994E+01  63.6830   0.0000   0.0000      -525238.8   354.7462  2.483998E+01  1.464996E+02  3.710736E+00   2.2356   0.0000  0.000000E+00  0.000000E+00  0.000000E+00  0.000000E+00  0.000000E+00
1240.0  11.593099   -6.26204482  63.9053      -524953.0  18.15739461  2.859512E+01  2.484181E+01  2.860422E+01  63.9053   0.0000   0.0000      -524953.0   354.4444  2.484181E+01  1.461142E+02  3.753309E+00   2.2368   0.0000  0.000000E+00  0.000000E+00  0.000000E+00  0.000000E+00  0.000000E+00
1250.0  11.599425   -6.26856460  64.1263      -524666.7  18.20680570  2.863979E+01  2.484360E+01  2.864876E+01  64.1263   0.0000   0.0000      -524666.7   354.1402  2.484360E+01  1.457271E+02  3.796189E+00   2.2380   0.0000  0.000000E+00  0.000000E+00  0.000000E+00  0.000000E+00  0.000000E+00
1260.0  11.605771   -6.27510926  64.3461      -524380.0  18.25667558  2.868472E+01  2.484534E+01  2.869358E+01  64.3461   0.0000   0.0000      -524380.0   353.8337  2.484534E+01  1.453382E+02  3.839382E+00   2.2393   0.0000  0.000000E+00  0.000000E+00  0.000000E+00  0.000000E+00  0.000000E+00
1270.0  11.612138   -6.28167869  64.5647      -524092.8  18.30701309  2.872994E+01  2.484704E+01  2.873867E+01  64.5647   0.0000   0.0000      -524092.8   353.5248  2.484704E+01  1.449475E+02  3.882891E+00   2.2405   0.0000  0.000000E+00  0.000000E+00  0.000000E+00  0.000000E+00  0.000000E+00
1280.0  11.618526   -6.28827278  64.7820      -523805.2  18.35782680  2.877543E+01  2.484871E+01  2.878405E+01  64.7820   0.0000   0.0000      -523805.2   353.2134  2.484871E+01  1.445551E+02  3.926723E+00   2.2417   0.0000  0.000000E+00  0.000000E+00  0.000000E+00  0.000000E+00  0.000000E+00
1290.0  11.624935   -6.29489142  64.9982      -523517.1  18.40912545  2.882121E+01  2.485033E+01  2.882972E+01  64.9982   0.0000   0.0000      -523517.1   352.8997  2.485033E+01  1.441607E+02  3.970883E+00   2.2429   0.0000  0.000000E+00  0.000000E+00  0.000000E+00  0.000000E+00  0.000000E+00
1300.0  11.631366   -6.30153452  65.2132      -523228.6  18.46091822  2.886729E+01  2.485192E+01  2.887569E+01  65.2132   0.0000   0.0000      -523228.6   352.5835  2.485192E+01  1.437646E+02  4.015374E+00   2.2441   0.0000  0.000000E+00  0.000000E+00  0.000000E+00  0.000000E+00  0.000000E+00
1310.0  11.637819   -6.30820196  65.4270      -522939.6  18.51321402  2.891367E+01  2.485347E+01  2.892196E+01  65.4270   0.0000   0.0000      -522939.6   352.2648  2.485347E+01  1.433665E+02  4.060204E+00   2.2454   0.0000  0.000000E+00  0.000000E+00  0.000000E+00  0.000000E+00  0.000000E+00
1320.0  11.644293   -6.31489365  65.6398      -522650.2  18.56602251  2.896036E+01  2.485498E+01  2.896853E+01  65.6398   0.0000   0.0000      -522650.2   351.9436  2.485498E+01  1.429666E+02  4.105375E+00   2.2466   0.0000  0.000000E+00  0.000000E+00  0.000000E+00  0.000000E+00  0.000000E+00
1330.0  11.650790   -6.32160947  65.8514      -522360.2  18.61935308  2.900736E+01  2.485646E+01  2.901543E+01  65.8514   0.0000   0.0000      -522360.2   351.6199  2.485646E+01  1.425647E+02  4.150896E+00   2.2478   0.0000  0.000000E+00  0.000000E+00  0.000000E+00  0.000000E+00  0.000000E+00
1340.0  11.657309   -6.32834934  66.0620      -522069.9  18.67321534  2.905468E+01  2.485791E+01  2.906264E+01  66.0620   0.0000   0.0000      -522069.9   351.2936  2.485791E+01  1.421610E+02  4.196772E+00   2.2491   0.0000  0.000000E+00  0.000000E+00  0.000000E+00  0.000000E+00  0.000000E+00
1350.0  11.663851   -6.33511313  66.2715      -521779.0  18.72761959  2.910234E+01  2.485933E+01  2.911019E+01  66.2715   0.0000   0.0000      -521779.0   350.9648  2.485933E+01  1.417553E+02  4.243006E+00   2.2503   0.0000  0.000000E+00  0.000000E+00  0.000000E+00  0.000000E+00  0.000000E+00
1360.0  11.670416   -6.34190077  66.4800      -521487.7  18.78257567  2.915032E+01  2.486071E+01  2.915807E+01  66.4800   0.0000   0.0000      -521487.7   350.6334  2.486071E+01  1.413476E+02  4.289608E+00   2.2516   0.0000  0.000000E+00  0.000000E+00  0.000000E+00  0.000000E+00  0.000000E+00
1370.0  11.677003   -6.34871213  66.6875      -521195.8  18.83809407  2.919865E+01  2.486207E+01  2.920630E+01  66.6875   0.0000   0.0000      -521195.8   350.2993  2.486207E+01  1.409380E+02  4.336581E+00   2.2528   0.0000  0.000000E+00  0.000000E+00  0.000000E+00  0.000000E+00  0.000000E+00
1380.0  11.683614   -6.35554712  66.8939      -520903.5  18.89418542  2.924733E+01  2.486340E+01  2.925488E+01  66.8939   0.0000   0.0000      -520903.5   349.9627  2.486340E+01  1.405263E+02  4.383933E+00   2.2541   0.0000  0.000000E+00  0.000000E+00  0.000000E+00  0.000000E+00  0.000000E+00
1390.0  11.690248   -6.36240565  67.0994      -520610.7  18.95086046  2.929636E+01  2.486469E+01  2.930381E+01  67.0994   0.0000   0.0000      -520610.7   349.6233  2.486469E+01  1.401127E+02  4.431670E+00   2.2554   0.0000  0.000000E+00  0.000000E+00  0.000000E+00  0.000000E+00  0.000000E+00
1400.0  11.696906   -6.36928760  67.3039      -520317.4  19.00813032  2.934576E+01  2.486596E+01  2.935311E+01  67.3039   0.0000   0.0000      -520317.4   349.2812  2.486596E+01  1.396969E+02  4.479796E+00   2.2567   0.0000  0.000000E+00  0.000000E+00  0.000000E+00  0.000000E+00  0.000000E+00
1410.0  11.703589   -6.37619287  67.5074      -520023.7  19.06600627  2.939553E+01  2.486720E+01  2.940278E+01  67.5074   0.0000   0.0000      -520023.7   348.9364  2.486720E+01  1.392792E+02  4.528322E+00   2.2579   0.0000  0.000000E+00  0.000000E+00  0.000000E+00  0.000000E+00  0.000000E+00
1420.0  11.710295   -6.38312138  67.7100      -519729.4  19.12450008  2.944567E+01  2.486842E+01  2.945283E+01  67.7100   0.0000   0.0000      -519729.4   348.5889  2.486842E+01  1.388593E+02  4.577252E+00   2.2592   0.0000  0.000000E+00  0.000000E+00  0.000000E+00  0.000000E+00  0.000000E+00
1430.0  11.717026   -6.39007300  67.9117      -519434.6  19.18362338  2.949621E+01  2.486961E+01  2.950327E+01  67.9117   0.0000   0.0000      -519434.6   348.2385  2.486961E+01  1.384373E+02  4.626594E+00   2.2605   0.0000  0.000000E+00  0.000000E+00  0.000000E+00  0.000000E+00  0.000000E+00
1440.0  11.723782   -6.39704764  68.1125      -519139.3  19.24338848  2.954713E+01  2.487078E+01  2.955410E+01  68.1125   0.0000   0.0000      -519139.3   347.8854  2.487078E+01  1.380132E+02  4.676355E+00   2.2618   0.0000  0.000000E+00  0.000000E+00  0.000000E+00  0.000000E+00  0.000000E+00
1450.0  11.730562   -6.40404520  68.3124      -518843.5  19.30380771  2.959846E+01  2.487192E+01  2.960534E+01  68.3124   0.0000   0.0000      -518843.5   347.5294  2.487192E+01  1.375870E+02  4.726543E+00   2.2631   0.0000  0.000000E+00  0.000000E+00  0.000000E+00  0.000000E+00  0.000000E+00
1460.0  11.737368   -6.41106556  68.5114      -518547.2  19.36489382  2.965020E+01  2.487304E+01  2.965699E+01  68.5114   0.0000   0.0000      -518547.2   347.1705  2.487304E+01  1.371585E+02  4.777163E+00   2.2644   0.0000  0.000000E+00  0.000000E+00  0.000000E+00  0.000000E+00  0.000000E+00
1470.0  11.744200   -6.41810864  68.7095      -518250.4  19.42665993  2.970236E+01  2.487414E+01  2.970906E+01  68.7095   0.0000   0.0000      -518250.4   346.8088  2.487414E+01  1.367279E+02  4.828226E+00   2.2657   0.0000  0.000000E+00  0.000000E+00  0.000000E+00  0.000000E+00  0.000000E+00
1480.0  11.751057   -6.42517431  68.9068      -517953.0  19.48911936  2.975495E+01  2.487521E+01  2.976156E+01  68.9068   0.0000   0.0000      -517953.0   346.4440  2.487521E+01  1.362950E+02  4.879737E+00   2.2670   0.0000  0.000000E+00  0.000000E+00  0.000000E+00  0.000000E+00  0.000000E+00
1490.0  11.757941   -6.43226248  69.1033      -517655.2  19.55228588  2.980797E+01  2.487627E+01  2.981449E+01  69.1033   0.0000   0.0000      -517655.2   346.0764  2.487627E+01  1.358598E+02  4.931706E+00   2.2683   0.0000  0.000000E+00  0.000000E+00  0.000000E+00  0.000000E+00  0.000000E+00
1500.0  11.764851   -6.43937304  69.2989      -517356.7  19.61617344  2.986144E+01  2.487730E+01  2.986787E+01  69.2989   0.0000   0.0000      -517356.7   345.7057  2.487730E+01  1.354224E+02  4.984141E+00   2.2697   0.0000  0.000000E+00  0.000000E+00  0.000000E+00  0.000000E+00  0.000000E+00
1510.0  11.771788   -6.44650587  69.4937      -517057.8  19.68079647  2.991536E+01  2.487831E+01  2.992170E+01  69.4937   0.0000   0.0000      -517057.8   345.3320  2.487831E+01  1.349827E+02  5.037051E+00   2.2710   0.0000  0.000000E+00  0.000000E+00  0.000000E+00  0.000000E+00  0.000000E+00
1520.0  11.778752   -6.45366087  69.6877      -516758.3  19.74616993  2.996975E+01  2.487930E+01  2.997600E+01  69.6877   0.0000   0.0000      -516758.3   344.9552  2.487930E+01  1.345407E+02  5.090444E+00   2.2723   0.0000  0.000000E+00  0.000000E+00  0.000000E+00  0.000000E+00  0.000000E+00
1530.0  11.785743   -6.46083792  69.8810      -516458.3  19.81230890  3.002460E+01  2.488028E+01  3.003078E+01  69.8810   0.0000   0.0000      -516458.3   344.5753  2.488028E+01  1.340962E+02  5.144329E+00   2.2737   0.0000  0.000000E+00  0.000000E+00  0.000000E+00  0.000000E+00  0.000000E+00
1540.0  11.792762   -6.46803691  70.0734      -516157.7  19.87922885  3.007995E+01  2.488123E+01  3.008604E+01  70.0734   0.0000   0.0000      -516157.7   344.1923  2.488123E+01  1.336495E+02  5.198716E+00   2.2750   0.0000  0.000000E+00  0.000000E+00  0.000000E+00  0.000000E+00  0.000000E+00
1550.0  11.799809   -6.47525773  70.2651      -515856.6  19.94694593  3.013578E+01  2.488217E+01  3.014179E+01  70.2651   0.0000   0.0000      -515856.6   343.8061  2.488217E+01  1.332003E+02  5.253613E+00   2.2764   0.0000  0.000000E+00  0.000000E+00  0.000000E+00  0.000000E+00  0.000000E+00
1560.0  11.806885   -6.48250026  70.4560      -515554.9  20.01547666  3.019211E+01  2.488308E+01  3.019804E+01  70.4560   0.0000   0.0000      -515554.9   343.4167  2.488308E+01  1.327486E+02  5.309031E+00   2.2777   0.0000  0.000000E+00  0.000000E+00  0.000000E+00  0.000000E+00  0.000000E+00
1570.0  11.813989   -6.48976437  70.6462      -515252.6  20.08483791  3.024896E+01  2.488398E+01  3.025481E+01  70.6462   0.0000   0.0000      -515252.6   343.0240  2.488398E+01  1.322945E+02  5.364980E+00   2.2791   0.0000  0.000000E+00  0.000000E+00  0.000000E+00  0.000000E+00  0.000000E+00
1580.0  11.821122   -6.49704995  70.8357      -514949.8  20.15504644  3.030634E+01  2.488487E+01  3.031210E+01  70.8357   0.0000   0.0000      -514949.8   342.6281  2.488487E+01  1.318379E+02  5.421471E+00   2.2804   0.0000  0.000000E+00  0.000000E+00  0.000000E+00  0.000000E+00  0.000000E+00
1590.0  11.828284   -6.50435687  71.0244      -514646.3  20.22612230  3.036425E+01  2.488574E+01  3.036994E+01  71.0244   0.0000   0.0000      -514646.3   342.2288  2.488574E+01  1.313787E+02  5.478512E+00   2.2818   0.0000  0.000000E+00  0.000000E+00  0.000000E+00  0.000000E+00  0.000000E+00
1600.0  11.835476   -6.51168501  71.2124      -514342.4  20.29807582  3.042270E+01  2.488659E+01  3.042831E+01  71.2124   0.0000   0.0000      -514342.4   341.8262  2.488659E+01  1.309170E+02  5.536114E+00   2.2832   0.0000  0.000000E+00  0.000000E+00  0.000000E+00  0.000000E+00  0.000000E+00
