#Found quasiharmonic mode : None
#T(K), volume, F(eV), S(J/K), H(J/K), a(-6/K), Cp(J/mol), Cv, Cpion, Bt(GPa), T_ph-D(K), T-D(K), F_el_atom, S_el_atom, C_el_atom, M_el, Seebeck_coefficients(μV/K), Lorenz_number(WΩK^{−2}), Q_el, Q_p, Q_e, C_mu, W_p, W_e, Y_p, Y_e
0.0 12.189880296382682 -8.309844215230601 0.0 -801778.0789719853 0.0 0.0 0.0 0.0 62.52445828075457 400.0 400.0 0.0 0.0 0.0 0.0 0.0 2.443004551768e-08 0.0 0.0 0.0 0.0 0.0 0.0 0.0 0.0 0.0
0.28 12.189880243917832 -8.309844214414465 1.7870988991000335e-07 -801778.0788931901 -2.011836900280117e-09 5.36120990755132e-07 5.36116309241827e-07 5.361201335729454e-07 62.524444332677376 430.15029881800604 400.0 -8.887924779390117e-13 4.739223456545005e-12 8.571821866796547e-13 -0.04152937868884198 887.971172656322 1.4852351417620066e-08 5.154535247067166e-14 5.2458310571769956e-14 -9.129581010982984e-16 4.4276788258675496e-11 -2.011836900280117e-09 5.2458310571769956e-14 -9.129581010982984e-16 5.246350400794558e-14 -9.129892847633547e-16
0.8 12.189880244820792 -8.309844213737392 4.168055806118811e-06 -801778.0788245781 8.962773585067921e-10 1.2504154006337416e-05 1.2504151351625214e-05 1.2504153149084813e-05 62.52443231261965 430.15029871461417 400.0 -8.887924790553962e-13 5.641327941014318e-12 8.572526038777674e-13 -0.04100936479688876 1078.8788016136134 1.485176555662187e-08 5.1551620390586886e-14 5.247643415948244e-14 -9.24813768895547e-16 6.43142385677623e-11 -3.111868070739043e-10 5.247643415948244e-14 -9.248137688955467e-16 5.247705583512393e-14 -9.248176891629927e-16
1.56 12.189880241598889 -8.30984421385988 3.090557712550022e-05 -801778.078791518 1.048231831679238e-09 9.271672060033752e-05 9.271671351954462e-05 9.271671973919839e-05 62.524432117397055 430.15029908353284 400.0 -8.886371776273803e-13 6.239365057151548e-12 8.611391390387589e-13 -0.040138617307588276 1199.9402910280714 1.4851706670208614e-08 5.178554584179621e-14 5.2693097404165796e-14 -9.075515623695958e-16 7.929263428066117e-11 4.33279592709656e-09 5.2693097404165796e-14 -9.075515623695958e-16 5.269326319751201e-14 -9.075525564051795e-16
2.56 12.189880228090974 -8.309844214016334 0.00013667791051457853 -801778.078504931 4.3534156896836126e-10 0.0004108833452189577 0.0004108833432147498 0.00041088334435500427 62.52442018178805 429.74954564840573 400.0 -8.887785243887244e-13 6.686678949501585e-12 8.639534328656988e-13 -0.03889114701444625 1289.462684813618 1.4851692242946398e-08 5.1954836955270327e-14 5.285498179724085e-14 -9.001448419705154e-16 9.149424945680829e-11 -2.1223955101285934e-08 5.285498179724085e-14 -9.001448419705154e-16 5.285504383819489e-14 -9.001452049370246e-16
3.8 12.189878804014686 -8.309844159967838 0.000452423625589389 -801778.0719207295 -9.466193115415555e-09 0.001392844702613194 0.0013928432960157186 0.0013928447017492623 62.52341880072621 424.65001649181704 400.0 -8.887906976985679e-13 7.0276032465502254e-12 8.639317057374669e-13 -0.03724449345658426 1361.0147703859398 1.4851685631021282e-08 5.195355349888742e-14 5.287692974141941e-14 -9.233762425320044e-16 1.016403841561779e-10 -5.876705886159571e-09 5.287692974141941e-14 -9.233762425320044e-16 5.2876958010583607e-14 -9.233764158518397e-16
5.29 12.189880452167518 -8.30984423283221 0.0013087152588856798 -801778.0737471788 8.787159316155536e-09 0.004487225149117258 0.004487223461805362 0.004487225148257748 62.5244437913094 400.26235142032345 400.0 -8.887927354111966e-13 7.277216275008484e-12 8.595087252286096e-13 -0.03516707282164914 1421.775900991404 1.4851678684476055e-08 5.168759651780597e-14 5.259598605347309e-14 -9.083895356670922e-16 1.1002999200028226e-10 2.8914259128137715e-08 5.259598605347309e-14 -9.083895356670926e-16 5.259600052607205e-14 -9.083896219231106e-16
7.01 12.189880809055373 -8.309844270566828 0.0038195608360479106 -801778.057535998 1.252060824905608e-08 0.01624246576552361 0.016242461225995274 0.016242465764662584 62.524321508259234 345.4477552465657 400.0 -8.887931766543054e-13 7.531198189490794e-12 8.610257965418251e-13 -0.03267852507819104 1472.5342497029133 1.4851780522909572e-08 5.17784723890499e-14 5.268815688740179e-14 -9.09684498351889e-16 1.1804829781882721e-10 3.9719772582484715e-09 5.268815688740179e-14 -9.09684498351889e-16 5.2688165239491364e-14 -9.096845477031831e-16
8.98 12.189882612921107 -8.309844428771203 0.011960383289150387 -801777.9921712793 3.732038624350455e-08 0.05817248171149472 0.058172430044735955 0.05817248171063388 62.52442207767379 289.2359285671212 400.0 -8.88781472189442e-13 7.743142425529222e-12 8.608377507295694e-13 -0.02972824943409224 1518.038208116592 1.4852550668480337e-08 5.1764479834556165e-14 5.2679086636047033e-14 -9.146068014908754e-16 1.2517515953793156e-10 4.445340375572978e-08 5.2679086636047033e-14 -9.146068014908748e-16 5.267909163686443e-14 -9.14606831907123e-16
11.19 12.189887920384157 -8.309844954719665 0.03491003749402621 -801777.7596785136 8.818067622876728e-08 0.1667021732663312 0.16670181382941482 0.1667021732654614 62.52484430423228 253.7453148942258 400.0 -8.887880325902568e-13 8.010795977251624e-12 8.697577022576115e-13 -0.026341759437874247 1557.1063515799685 1.4855338958588243e-08 5.229104374259753e-14 5.3199484982822675e-14 -9.084412402251443e-16 1.3294655526440187e-10 8.818067622876728e-08 5.3199484982822675e-14 -9.084412402251445e-16 5.3199488220709777e-14 -9.08441259570939e-16
13.64 12.189898878861205 -8.309846420291592 0.08624141044996113 -801777.1153951889 1.6418301452736126e-07 0.37291333527823717 0.3729118164118113 0.37291333527738085 62.52522257696428 236.48757696126987 400.0 -8.888024494891641e-13 8.059306351882244e-12 8.563659850010774e-13 -0.022474140719618844 1594.2250596926597 1.4860632806740442e-08 5.1467574076993104e-14 5.238829448103192e-14 -9.20720404038808e-16 1.3701644903257121e-10 1.6418301452736126e-07 5.238829448103192e-14 -9.207204040388081e-16 5.2388296630640445e-14 -9.207204173945565e-16
16.34 12.189920305723206 -8.309850034050418 0.17973614900130896 -801775.7035140733 2.694176984744054e-07 0.6832069008662571 0.6832020012194661 0.6832069008653969 62.526799507913786 231.42116144588337 400.0 -8.888280643968438e-13 8.242680013192865e-12 8.601316398785744e-13 -0.01814875094488263 1626.5610506843086 1.486969546120117e-08 5.166238389142476e-14 5.259241641526483e-14 -9.30032523840072e-16 1.4304463317041615e-10 2.679752539830922e-07 5.259241641526483e-14 -9.30032523840072e-16 5.259241793791654e-14 -9.30032533312925e-16
19.27 12.189954848915354 -8.309857517311048 0.32327452520607625 -801773.1329275344 3.759482070975676e-07 1.0735486894435495 1.0735374376276083 1.0735486894426822 62.53013406439368 234.37666180459095 400.0 -8.888707658739508e-13 8.442916359581731e-12 8.67390405827929e-13 -0.013363973197022708 1656.6213887763054 1.4887273075406761e-08 5.2036856375742075e-14 5.294442992285931e-14 -9.07573547117235e-16 1.4923366422369195e-10 3.7790115920956054e-07 5.294442992285931e-14 -9.07573547117235e-16 5.294443101726287e-14 -9.075735536261688e-16
22.45 12.190005196572908 -8.309871222030187 0.5199515573973257 -801769.0118195494 4.815578625977002e-07 1.512429022347496 1.5124075122634126 1.5124290223466312 62.53620229489506 242.7925226775065 400.0 -8.887913319591465e-13 8.53347030089774e-12 8.648830810112551e-13 -0.008087865289638937 1684.621444554463 1.4921931590965223e-08 5.1765921525255397e-14 5.269449278912316e-14 -9.285712638677732e-16 1.53483736518674e-10 4.815578625977002e-07 5.269449278912316e-14 -9.28571263867772e-16 5.2694493590514547e-14 -9.285712688853975e-16
25.87 12.190071037234762 -8.30989373402715 0.7662452749788888 -801763.0340442528 5.725268788130619e-07 1.9677479761727956 1.9677129350748443 1.9677479761719214 62.544606911101134 255.08063730716756 400.0 -8.890144127494547e-13 8.713303065697733e-12 8.74217277459481e-13 -0.0023342137588087536 1710.6628693602445 1.4979112533039346e-08 5.212485917861521e-14 5.3050950226000165e-14 -9.260910473849618e-16 1.59122210214259e-10 5.707974207857901e-07 5.3050950226000165e-14 -9.260910473849612e-16 5.305095083049132e-14 -9.260910511409694e-16
29.53 12.190153486224826 -8.309927941051887 1.0563329808550763 -801754.9637727345 6.594785928370451e-07 2.420586180923102 2.4205331003558026 2.420586180922231 62.55587712807479 270.1724906716199 400.0 -8.942047226822348e-13 8.747301263313818e-12 8.711343083704889e-13 0.003913226742683013 1735.4877093929465 1.50695002385076e-08 5.1629493112956273e-14 5.254218600714474e-14 -9.126928941884439e-16 1.6211793347806107e-10 6.594457358555892e-07 5.254218600714474e-14 -9.126928941884445e-16 5.2542186476464275e-14 -9.126928969755607e-16
33.43 12.190253705131727 -8.309976819131862 1.3839471683835551 -801744.6079495997 7.442334320897662e-07 2.8647925068388256 2.8647159599801175 2.8647925068379467 62.57004823227382 287.2483238149378 400.0 -8.944695923694584e-13 8.871316038319873e-12 8.789054425302298e-13 0.010655941104589785 1759.1393323696325 1.5175097510849074e-08 5.1727591336681236e-14 5.263118494342385e-14 -9.035936067426065e-16 1.6661490660987691e-10 7.446783075292773e-07 5.263118494342385e-14 -9.035936067426065e-16 5.263118530779445e-14 -9.035936088696687e-16
37.58 12.190373741229095 -8.310043575884787 1.744674591855605 -801731.7494797544 8.39976573111099e-07 3.304586685096051 3.304477041093517 3.304586685095174 62.58688330104213 305.66119640907857 400.0 -8.946167263831659e-13 8.89484622884641e-12 8.76978865124565e-13 0.01796302251738687 1783.0672629006394 1.528455841754587e-08 5.1244566527961584e-14 5.216178958757131e-14 -9.172230596097355e-16 1.6925560598325598e-10 8.39976573111099e-07 5.216178958757131e-14 -9.172230596097355e-16 5.216178986306891e-14 -9.172230613386956e-16
41.96 12.190516616343775 -8.310131004056212 2.1330190152754995 -801716.2484091916 9.41129353778975e-07 3.745929852959416 3.7457761196736588 3.745929852958527 62.6063332892795 324.72390452645703 400.0 -8.892946445821041e-13 9.041099566647381e-12 8.886613970531405e-13 0.025678414856894552 1803.9146614498504 1.54006726406887e-08 5.153570462984541e-14 5.246250732889633e-14 -9.268026990509144e-16 1.7404584781484768e-10 9.41129353778975e-07 5.246250732889633e-14 -9.268026990509144e-16 5.246250754951775e-14 -9.268027004646376e-16
46.59 12.190685315965476 -8.310242615683796 2.5485159765150294 -801697.7834126828 1.0612796741318664e-06 4.200144036911919 4.19992689944679 4.200144036911016 62.62688737509752 344.01889594398193 400.0 -8.897106838429655e-13 9.209660913550328e-12 9.024780216622469e-13 0.03392781163060976 1824.306099288686 1.5506096279607502e-08 5.198113413384637e-14 5.291132994273083e-14 -9.301958088844682e-16 1.7920049124200877e-10 1.0575925406327862e-06 5.291132994273083e-14 -9.301958088844682e-16 5.291133012043951e-14 -9.301958100345122e-16
51.46 12.190886543142641 -8.310381615755228 2.989264094121711 -801676.1027098019 1.2033060993600864e-06 4.674348853788216 4.674040415776715 4.674348853787308 62.64943739529151 363.10058347089813 400.0 -8.899605082479617e-13 9.30203553318906e-12 9.084890155056551e-13 0.04272556257792112 1844.7594307574452 1.5603870025813177e-08 5.199947385237535e-14 5.293114819929933e-14 -9.316743469239748e-16 1.8290004652451057e-10 1.2033060993600864e-06 5.293114819929933e-14 -9.31674346923975e-16 5.2931148342060265e-14 -9.316743478679443e-16
56.57 12.191125316322918 -8.310551447131866 3.4550551309608024 -801650.8640081063 1.3478013604458255e-06 5.174332090358207 5.17390653389142 5.174332090357289 62.67322278397233 381.6731766403164 400.0 -8.906701998845228e-13 9.444493465788372e-12 9.178370018547731e-13 0.05201459128812818 1864.037621429395 1.5667906450900964e-08 5.2319813225900115e-14 5.326044770912174e-14 -9.406344832216368e-16 1.8753005359528877e-10 1.3478013604458255e-06 5.326044770912174e-14 -9.406344832216378e-16 5.326044782404264e-14 -9.406344840140533e-16
61.92 12.191405154675007 -8.310755673611265 3.9461133522182337 -801621.677997788 1.5255096682854323e-06 5.70321956381578 5.70262259606258 5.703219563814861 62.69643103252156 399.53835927892004 400.0 -8.910192186126384e-13 9.47694019857711e-12 9.181190067129206e-13 0.06184306328155702 1883.0032283659477 1.5757348354321222e-08 5.203881934470261e-14 5.2984987818745964e-14 -9.461684740433681e-16 1.899873980523673e-10 1.5257338316463887e-06 5.2984987818745964e-14 -9.461684740433681e-16 5.2984987913254195e-14 -9.461684747097333e-16
67.52 12.19173862077741 -8.310998858331686 4.463719975858355 -801588.0947223036 1.7189661816412565e-06 6.262572883141643 6.261745980195895 6.26257288314073 62.72322573428045 416.6088584033917 400.0 -8.91435326177639e-13 9.473587281831705e-12 9.12781533072479e-13 0.07226654921075511 1902.2175996001051 1.5808616247533483e-08 5.1568509705277336e-14 5.2524129207716676e-14 -9.556195024393305e-16 1.9172329968084164e-10 1.7189661816412565e-06 5.2524129207716676e-14 -9.556195024393305e-16 5.2524129283831846e-14 -9.556195030084051e-16
73.35 12.19212400917637 -8.311283963548567 5.006289511152555 -801549.7822309704 1.9037658658031317e-06 6.848785293448638 6.847682968324955 6.848785293447721 62.7494224626785 432.77094810034237 400.0 -8.91916497626198e-13 9.577881766328617e-12 9.17543180873813e-13 0.08311345225039923 1919.5144570438924 1.5841775701612278e-08 5.1729019279053794e-14 5.268791115029245e-14 -9.58891871238645e-16 1.9548587763304448e-10 1.901436161771384e-06 5.268791115029245e-14 -9.58891871238645e-16 5.2687911213490536e-14 -9.588918717211313e-16
79.43 12.192569554781992 -8.311616315107926 5.5757205867987825 -801506.1811309895 2.1033539296698444e-06 7.460656643746643 7.459198852205373 7.460656643745727 62.776557340973206 448.0725471313676 400.0 -8.924731408944162e-13 9.61935103343809e-12 9.156849591033216e-13 0.0945636446614663 1937.0543094409147 1.586321024933567e-08 5.1554501642892806e-14 5.252086645693195e-14 -9.6636481403915e-16 1.9797357328483554e-10 2.1033539296698444e-06 5.252086645693195e-14 -9.663648140391496e-16 5.252086650918342e-14 -9.663648144534666e-16
85.75 12.193079006106249 -8.311999907335917 6.170824220935574 -801456.9234637698 2.3039241441448655e-06 8.092804806614597 8.09091564118397 8.092804806613682 62.80478157534032 462.50625703561593 400.0 -8.982917796180623e-13 9.664475951153283e-12 9.141327887989606e-13 0.1065383586277476 1953.933615963679 1.587787788018252e-08 5.1419567841759304e-14 5.239109412174366e-14 -9.715262799843534e-16 2.0047918357185264e-10 2.3028749324701377e-06 5.239109412174366e-14 -9.715262799843533e-16 5.239109416552324e-14 -9.71526280341229e-16
92.31 12.193656093053736 -8.312439357663061 6.7910195378576415 -801401.5931379403 2.5048302808525144e-06 8.740215331010047 8.737810249497048 8.74021533100914 62.83434402684172 476.11021326153127 400.0 -8.988574735642164e-13 9.682528367454443e-12 9.082469179241347e-13 0.11910092899255148 1970.855145559022 1.5859329630825652e-08 5.114824063869792e-14 5.211704620096706e-14 -9.688055622691344e-16 2.0240992865382032e-10 2.507269052861777e-06 5.211704620096706e-14 -9.688055622691344e-16 5.2117046237385776e-14 -9.688055625714772e-16
99.11 12.19430490245803 -8.312939464206602 7.435420788672107 -801339.8005430636 2.70352386711672e-06 9.397624856585761 9.394614996594745 9.397624856584851 62.86630576006167 488.9299318459598 400.0 -8.998131940985466e-13 9.747083193027255e-12 9.085689577096094e-13 0.13209446565071575 1986.1211228053353 1.586241829198638e-08 5.1156413526592405e-14 5.2137534137449996e-14 -9.811206108576038e-16 2.0519472986836638e-10 2.70352386711672e-06 5.2137534137449996e-14 -9.81120610857603e-16 5.213753416884075e-14 -9.81120611124657e-16
106.16 12.195026461488252 -8.313505824298478 8.103820120279345 -801271.0689950242 2.896127739458246e-06 10.060756071207017 10.057054226566493 10.0607560712061 62.899282709137765 501.028776158568 400.0 -9.007094406510882e-13 9.903937462583542e-12 9.156159727500728e-13 0.1456354026190932 2000.8635883639158 1.582388677349958e-08 5.167872452717348e-14 5.2676695757546375e-14 -9.979712303728724e-16 2.098049828861059e-10 2.892863071613438e-06 5.2676695757546375e-14 -9.979712303728732e-16 5.267669578498958e-14 -9.979712306107745e-16
113.44 12.19582269015228 -8.314141864561089 8.792944759532975 -801195.2674414513 3.08232091186928e-06 10.722821438872788 10.71833791790703 10.722821438871886 62.93507702823765 512.4173985701262 400.0 -9.015437122072279e-13 9.845580541133269e-12 9.021047127685291e-13 0.15985435482787055 2016.5485666582981 1.5784964561953282e-08 5.104167680809542e-14 5.20528778034637e-14 -1.0112009953682692e-15 2.1003571014351172e-10 3.08308390585188e-06 5.20528778034637e-14 -1.0112009953682696e-15 5.205287782672239e-14 -1.011200995579731e-15
120.97 12.196697237005665 -8.31485433977141 9.503139528295646 -801111.8877135299 3.2627014013532394e-06 11.381164457476398 11.375803637463267 11.381164457475505 62.974283004921666 523.1684613286935 400.0 -9.026304348277577e-13 9.861147130536382e-12 8.939813713578352e-13 0.17459461494956766 2031.322598330718 1.57115974894437e-08 5.0818251406410584e-14 5.184531859047194e-14 -1.0270671840613664e-15 2.117232623612782e-10 3.2627014013532394e-06 5.184531859047194e-14 -1.0270671840613664e-15 5.184531861048675e-14 -1.0270671842505502e-15
128.74 12.197648786559252 -8.315647401048318 10.231788543246253 -801020.7608259043 3.4304648337636483e-06 12.030872760334429 12.024561099967638 12.030872760333537 63.01655203917812 533.3026674473225 400.0 -9.090186637028193e-13 9.960280532522269e-12 8.923183262576447e-13 0.18981108454868478 2045.0249322988002 1.5610278161786825e-08 5.1052940763412917e-14 5.208334330403483e-14 -1.0304025406219295e-15 2.1509456315164256e-10 3.426510936830408e-06 5.208334330403483e-14 -1.0304025406219295e-15 5.208334332160202e-14 -1.0304025407875475e-15
136.75 12.19867674377176 -8.316526045371756 10.977152280272149 -800921.651997997 3.589327254429301e-06 12.668537062552097 12.661191501257662 12.668537062551207 63.06166076663749 542.8528785416693 400.0 -9.10288683970171e-13 1.0050109369792502e-11 8.898015127784735e-13 0.20562579843711737 2058.6357784969628 1.550545296257608e-08 5.1253116084708405e-14 5.230193163488773e-14 -1.0488155501793522e-15 2.1821809354438765e-10 3.590116105916695e-06 5.230193163488773e-14 -1.0488155501793522e-15 5.23019316504438e-14 -1.0488155503294038e-15
145.01 12.199786402080063 -8.31749667629956 11.738378651146949 -800814.2469315565 3.7433939493105235e-06 13.292030758754603 13.283550800161278 13.292030758753729 63.1130360294808 551.8587114935148 400.0 -9.1215535690677e-13 1.0015744723234625e-11 8.748817100745458e-13 0.22214746144221986 2072.7308316423223 1.538155515259762e-08 5.079964568862214e-14 5.185482379216121e-14 -1.0551781035390575e-15 2.1875099393268488e-10 3.7433939493105235e-06 5.185482379216121e-14 -1.0551781035390575e-15 5.185482380564103e-14 -1.0551781036723343e-15
153.5 12.200970049006369 -8.318561734203353 12.511853725129674 -800698.6221385264 3.87401081281797e-06 13.89738933255951 13.8877662849466 13.897389332558642 63.16766520541884 560.3248174367674 400.0 -9.136329115009341e-13 1.005958165064322e-11 8.667429313648717e-13 0.23917210695850535 2086.0229820305003 1.5245173578418468e-08 5.0777291062616706e-14 5.1848618750420866e-14 -1.0713276878041607e-15 2.2084299999477295e-10 3.87401081281797e-06 5.1848618750420866e-14 -1.071327687804162e-15 5.1848618762364517e-14 -1.0713276879246717e-15
162.24 12.202230156414405 -8.319728680625918 13.297658585072494 -800574.3727696389 4.002149969273939e-06 14.484238633109554 14.473372475758923 14.484238633108701 63.226437299357016 568.2955093340089 400.0 -9.152083332879221e-13 1.0069090586478777e-11 8.542835462571192e-13 0.25682428404651864 2099.107158702083 1.5084380429442227e-08 5.0580854021507486e-14 5.167769499754038e-14 -1.0968409760328985e-15 2.2219525955134799e-10 4.002149969273939e-06 5.167769499754038e-14 -1.0968409760328985e-15 5.1677695008073814e-14 -1.0968409761440448e-15
171.22 12.203565598621978 -8.32100123189132 14.093185949244603 -800441.5321317334 4.118970915603432e-06 15.050339808572076 15.038179281795863 15.050339808571232 63.290757425956194 575.7832660781914 400.0 -9.165573645705031e-13 1.0123269501960103e-11 8.456426054963682e-13 0.27504459946890464 2111.7010779850425 1.491707825195589e-08 5.0630787285692324e-14 5.1743408021392104e-14 -1.1126207356998042e-15 2.244390380155604e-10 4.118616889385426e-06 5.1743408021392104e-14 -1.1126207356998044e-15 5.1743408030819345e-14 -1.112620735800774e-15
180.43 12.204972434276153 -8.322382585486684 14.895947116467413 -800300.1720521628 4.22490786257641e-06 15.594043830834412 15.58054522288131 15.594043830833584 63.36005357821065 582.8027253473291 400.0 -9.23178250215711e-13 1.0067580117785476e-11 8.276645213327375e-13 0.2940061849236273 2124.860683485696 1.4748568534951795e-08 5.012057691444557e-14 5.1261817080391573e-14 -1.1412401659459905e-15 2.2430807817789133e-10 4.22490786257641e-06 5.1261817080391573e-14 -1.1412401659459905e-15 5.1261817088696865e-14 -1.1412401660401367e-15
189.9 12.206454212923324 -8.323882095371482 15.706989604777108 -800149.7711736918 4.318079733945667e-06 16.11630771905747 16.101447652281376 16.11630771905665 63.43537963570929 589.3970231390524 400.0 -9.250107980473319e-13 1.0140295762790651e-11 8.205256051637707e-13 0.31344914909513544 2136.778856852219 1.4572350063936813e-08 5.028913150634885e-14 5.1465746920283425e-14 -1.1766154139345842e-15 2.268553186681439e-10 4.315935505997271e-06 5.1465746920283425e-14 -1.176615413934584e-15 5.146574692782724e-14 -1.176615414023156e-15
199.6 12.208002143998142 -8.32549962200826 16.522261251476024 -799990.7527486068 4.40192222236999e-06 16.615000647427575 16.598746737300463 16.615000647426765 63.514747947919886 595.5652266621098 400.0 -9.269283532222554e-13 1.0196419924686754e-11 8.115932093398888e-13 0.3334463196066716 2148.198022998659 1.4389642150916092e-08 5.037325369876158e-14 5.156230155232279e-14 -1.1890478535612051e-15 2.290491440458869e-10 4.402542024130927e-06 5.156230155232279e-14 -1.1890478535612043e-15 5.156230155916085e-14 -1.1890478536417555e-15
209.54 12.209620261974845 -8.327241433470657 17.34126164490178 -799822.9673867685 4.4790181191490075e-06 17.090534072170204 17.072841115531833 17.090534072169408 63.602218752981294 601.3352404825164 400.0 -9.290277447951726e-13 1.0191540259068864e-11 7.970257068368385e-13 0.35430556009663533 2160.5275373747295 1.4192800566370143e-08 5.015518327565671e-14 5.136375639602061e-14 -1.20857312036389e-15 2.2988310774689883e-10 4.4790181191490075e-06 5.136375639602061e-14 -1.20857312036389e-15 5.1363756402168093e-14 -1.2085731204380541e-15
219.73 12.21130306653106 -8.329113544785946 18.163514714425173 -799646.2175456618 4.541058817723665e-06 17.543310341423936 17.524209367966613 17.543310341423147 63.69369874211378 606.7326007000175 400.0 -9.360850948143356e-13 1.0279514764593452e-11 7.906973403739868e-13 0.3756004745977681 2171.542556695289 1.4005871508822725e-08 5.0421032305017277e-14 5.165568082842873e-14 -1.2346485234114563e-15 2.3268537314785772e-10 4.539092969136697e-06 5.165568082842873e-14 -1.2346485234114563e-15 5.1655680834087386e-14 -1.2346485234805885e-15
230.16 12.213049291000077 -8.331118658551123 18.98701160731723 -799460.7001098938 4.598071990827784e-06 17.97315363798465 17.952606069341215 17.973153637983867 63.79131225643863 611.7715563321306 400.0 -9.388560054097313e-13 1.0362801632686834e-11 7.835547485442415e-13 0.39763709911742606 2182.784696798804 1.3811236035671462e-08 5.066970691595312e-14 5.1928384760835126e-14 -1.2586778448820158e-15 2.353576408316983e-10 4.598071990827784e-06 5.1928384760835126e-14 -1.2586778448820162e-15 5.192838476605693e-14 -1.2586778449464028e-15
240.83 12.214856159875799 -8.333260910219064 19.810669476791748 -799266.4430350042 4.6421184932921155e-06 18.380392965482823 18.358440257718623 18.380392965482052 63.894473756850076 616.4721506022591 400.0 -9.411055917656443e-13 1.0356541087725892e-11 7.702042985083125e-13 0.4201968879228462 2193.266533769219 1.3632125568875633e-08 5.0460779270791e-14 5.174099359680839e-14 -1.2802143260173716e-15 2.3610116571712724e-10 4.6421184932921155e-06 5.174099359680839e-14 -1.2802143260173716e-15 5.1740993601546066e-14 -1.2802143260769363e-15
251.74 12.216720300187784 -8.335544304838981 20.633498264459615 -799063.4838002686 4.685148865732262e-06 18.76567067150131 18.742253071117688 18.76567067150056 64.00226307870473 620.854044228276 400.0 -9.432304026359357e-13 1.028281553718074e-11 7.525406426327888e-13 0.44382308738264026 2205.1979150830343 1.3461895001333684e-08 4.9926986530035025e-14 5.122845207622274e-14 -1.301465546187724e-15 2.3529453093872746e-10 4.684861039799329e-06 5.122845207622274e-14 -1.301465546187724e-15 5.122845208049411e-14 -1.3014655462431535e-15
262.89 12.218643243664896 -8.337972996922304 21.45460041751131 -798851.8939118807 4.7208617698968365e-06 19.129570424202427 19.104692555012715 19.129570424201688 64.118026810814 624.9363979678074 400.0 -9.456294406105719e-13 1.0283957305906191e-11 7.40957341060304e-13 0.4678382635457578 2215.785464099254 1.3295307053485928e-08 4.9774445004055667e-14 5.108844382184386e-14 -1.3139988177881794e-15 2.3611705259120474e-10 4.7208617698968365e-06 5.108844382184386e-14 -1.3139988177881794e-15 5.108844382575383e-14 -1.3139988178391485e-15
274.29 12.220620917518287 -8.340552939744862 22.273871146084677 -798631.5203390658 4.7447278923882575e-06 19.47305112222311 19.446777761879073 19.47305112222238 64.2386405509789 628.7410291506304 400.0 -9.529420409526134e-13 1.0302684554739816e-11 7.316251932609595e-13 0.49249607032182646 2226.001311909916 1.3142598526813429e-08 4.9718612833470566e-14 5.1059498778955925e-14 -1.340885945485342e-15 2.372894781334881e-10 4.744001211113728e-06 5.1059498778955925e-14 -1.3408859454853425e-15 5.105949878256284e-14 -1.3408859455332494e-15
285.93 12.222650530658456 -8.343285768027112 23.089835380891472 -798402.6216697069 4.76666435586988e-06 19.796670508994854 19.768969546966964 19.796670508994133 64.36461514966223 632.2821512160789 400.0 -9.555638267313642e-13 1.0258883442787015e-11 7.18105781327218e-13 0.5179579218699752 2236.487249839573 1.2995295280614211e-08 4.935303487234805e-14 5.0720926442625273e-14 -1.3678915702772141e-15 2.370683267137054e-10 4.76666435586988e-06 5.0720926442625273e-14 -1.3678915702772143e-15 5.072092644591825e-14 -1.3678915703224096e-15
297.81 12.224730571396355 -8.34617515570485 23.901841145339738 -798165.2745183816 4.779700097617742e-06 20.10118539664002 20.072111012673002 20.10118539663931 64.4966624753867 635.5770906046953 400.0 -9.581435205332372e-13 1.0327411293652865e-11 7.13150017808177e-13 0.5439377003681888 2246.219765293056 1.2852314686837339e-08 4.9557699686433366e-14 5.093954522258319e-14 -1.3818455361498237e-15 2.3929280763459594e-10 4.779700097617742e-06 5.093954522258319e-14 -1.3818455361498233e-15 5.0939545225666266e-14 -1.3818455361915949e-15
309.93 12.22685694289214 -8.349224478918586 24.709308317027183 -797919.5408661976 4.789627597352445e-06 20.38752590355842 20.357073216900158 20.387525903557716 64.6323965732321 638.6424071857111 400.0 -9.662937746853235e-13 1.0289644534823385e-11 7.030108409740654e-13 0.5708716661605076 2256.6496426871413 1.2752055081784522e-08 4.9237209909396533e-14 5.0638164027319315e-14 -1.4009541179227605e-15 2.391378170544459e-10 4.7883637411999195e-06 5.0638164027319315e-14 -1.4009541179227607e-15 5.0638164030156204e-14 -1.400954117961786e-15
322.29 12.229030002567203 -8.352437308698313 25.51172717760165 -797665.5131891666 4.794605292023614e-06 20.656549911860065 20.624741668848614 20.656549911859358 64.77414768512956 641.4938329096052 400.0 -9.687657933587495e-13 1.028359439551361e-11 7.074468742276214e-13 0.5983080232170203 2266.170454910044 1.2874432971217997e-08 4.907692171688182e-14 5.050251979104799e-14 -1.4255980741661623e-15 2.396809694134788e-10 4.7950152971924355e-06 5.0502519791047975e-14 -1.4255980741661623e-15 5.050251979367798e-14 -1.4255980742029668e-15
334.89 12.231246922569493 -8.355816904721678 26.308649700046004 -797403.2654879331 4.795305620916251e-06 20.909146587874016 20.876004262034844 20.909146587873195 64.92083169550581 644.1462761193463 400.0 -9.71511316287472e-13 1.0264763461122717e-11 8.208446857482444e-13 0.6265646084622947 2274.8932994459647 1.5005043816480024e-08 4.885795843761595e-14 5.029562285771764e-14 -1.4376644201017043e-15 2.399218046721815e-10 4.7958768893914e-06 5.029562285771764e-14 -1.4376644201017046e-15 5.0295622860156895e-14 -1.4376644201362059e-15
347.74 12.233508029392944 -8.359369334471854 27.100294940592565 -797132.6699876185 4.792122646457478e-06 21.14637310356761 21.111917817628036 21.14637310356579 65.0730160692537 646.6156354273983 400.0 -9.743135130162703e-13 1.0180089860156082e-11 1.8189778153520137e-12 0.6559190425487214 2276.0131431101995 3.362661203601714e-08 4.831209625783159e-14 4.9756060475911205e-14 -1.443964218079617e-15 2.3871517520415535e-10 4.792641745978504e-06 4.9756060475911205e-14 -1.443964218079617e-15 4.975606047815217e-14 -1.4439642181135282e-15
360.82 12.23580701919371 -8.363092102704764 27.885095035983472 -796854.2190887348 4.785410555253111e-06 21.368724790129907 21.332981514948195 21.368724790120975 65.22878747616451 648.9112989355348 400.0 -9.827637537003483e-13 1.02233774058288e-11 8.927532341315139e-12 0.6851515006351225 2220.758295795329 1.6499043477483404e-07 4.832637927724659e-14 4.9511457248584635e-14 -1.1850779713380332e-15 2.408226612385034e-10 4.7845843440727405e-06 4.9511457248584635e-14 -1.1850779713380328e-15 4.9511457250667045e-14 -1.1850779713730456e-15
374.15 12.238146121360774 -8.366993996507244 28.66396467538756 -796567.5722157514 4.775015801716496e-06 21.577380290658223 21.54037965367078 21.577380290609785 65.38901252265555 651.0492076746759 400.0 -9.856605048937123e-13 1.117817195625277e-11 4.8436431685216235e-11 0.7125993704307315 1950.9398618317302 8.232929915323017e-07 5.2544748247133076e-14 5.1869448731298604e-14 6.752995158344903e-16 2.6508342065990144e-10 4.775015801716496e-06 5.1869448731298604e-14 6.75299515834491e-16 5.186944873346243e-14 6.752995157902828e-16
387.72 12.240522441884057 -8.371075203457462 29.43605562061815 -796273.0237218637 4.76292631931163e-06 21.77300878635305 21.734756411510656 21.77300878615262 65.55398631574975 653.0391513354249 400.0 -9.920477778634696e-13 1.5023772309030066e-11 2.0042593850135786e-10 0.7352569273293696 1375.6665024428207 2.548749012923686e-06 7.0232551789417e-14 6.052716120596721e-14 9.70539058344979e-15 3.585187475052239e-10 4.76292631931163e-06 6.052716120596721e-14 9.705390583449789e-15 6.052716120881114e-14 9.705390583398072e-15
401.54 12.242935992424673 -8.37534168556599 30.201714637787195 -795970.4276546581 4.747117808676114e-06 21.956490542380344 21.91702797030023 21.956490541805792 65.72302788901968 654.8932583860707 400.0 -9.95870970341888e-13 2.7741485347749244e-11 5.745527471974876e-10 0.7490788381492233 721.9130666682427 3.917876677808865e-06 1.3097570255999266e-13 9.087064943841471e-14 4.0105053121577924e-14 6.547050162993551e-10 4.747133257213816e-06 9.087064943841471e-14 4.010505312157793e-14 9.08706494446874e-14 4.010505312190714e-14
415.59 12.245381187848528 -8.379790086396634 30.959670546669287 -795660.3000993724 4.728537561591684e-06 22.12832664285961 22.087687596323647 22.128326641539562 65.89599408053238 656.6189486468102 400.0 -9.996741489479645e-13 5.880347747067553e-11 1.3200485778764728e-09 0.7556352953474282 310.88233528384643 4.147913249041188e-06 2.8423126083479845e-13 1.6732698417095021e-13 1.169042766638482e-13 1.3526612746144748e-09 4.728537561591684e-06 1.6732698417095021e-13 1.1690427666384824e-13 1.6732698419147822e-13 1.169042766676422e-13
429.89 12.247860417040876 -8.384429425808094 31.710873323507375 -795342.2704527521 4.709400320298917e-06 22.28951929140387 22.24770136932783 22.28951928861805 66.07242522848617 658.2280781259825 400.0 -1.0198981378253514e-12 1.2531891438722774e-10 2.785821505826413e-09 0.7580701569088208 118.52824591410152 3.994357566531888e-06 6.2289943955949e-13 3.3644196697669436e-13 2.8645747258279567e-13 2.796797719090454e-09 4.709400320298917e-06 3.3644196697669436e-13 2.864574725827956e-13 3.3644196705590584e-13 2.8645747260593774e-13
444.42 12.250369347921389 -8.389255953561838 32.454172541677515 -795016.863558129 4.6875193098076655e-06 22.440488013741753 22.397531380483322 22.44048800813022 66.25335979191206 659.7271027578374 400.0 -1.0536402252352691e-12 2.595375411068315e-10 5.611530809814183e-09 0.7586157561513789 34.02302814550798 3.774915053311037e-06 1.3276566080428363e-12 6.887896644469954e-13 6.38866943595841e-13 5.6147346145427136e-09 4.6875193098076655e-06 6.887896644469954e-13 6.38866943595841e-13 6.887896647618508e-13 6.388669437070389e-13
459.2 12.252909187186658 -8.394278795422087 33.190517983068446 -794683.6916263486 4.663466848813222e-06 22.58209629809719 22.538034371130024 22.582096287186065 66.43718040128391 661.1261655072306 400.0 -1.1119332823093237e-12 5.203361372525512e-10 1.0911126755928704e-08 0.7583294287712079 -3.6012189504158716 3.557741778716015e-06 2.7390929501697856e-12 1.3943196011272426e-12 1.3447733490425425e-12 1.0912737501097401e-08 4.663585069609373e-06 1.3943196011272426e-12 1.3447733490425425e-12 1.394319602349763e-12 1.3447733495122672e-12
474.22 12.255477307192379 -8.399497225353207 33.91934253863313 -794343.048810552 4.638186252879224e-06 22.714865061024355 22.669717711264987 22.71486504047989 66.624257891797 662.4316721176622 400.0 -1.2309647578473958e-12 1.0103082217591583e-09 2.054446426041708e-08 0.7576459138813809 -20.48652354911289 3.3540099936291398e-06 5.470689436108694e-12 2.759946861054278e-12 2.710742575054416e-12 2.0548860719235375e-08 4.637225088963922e-06 2.759946861054278e-12 2.710742575054416e-12 2.7599468655917123e-12 2.7107425768664067e-12
489.48 12.258071619701894 -8.404913564779282 34.64061790874869 -793994.9870836477 4.61100912248589e-06 22.839355856688282 22.79316040407818 22.839355819142106 66.81234977527791 663.6505420450173 400.0 -1.4534297773456113e-12 1.903195978853536e-09 3.754617598137513e-08 0.7567693313607736 -28.250816801396454 3.164805715485593e-06 1.0595714553775768e-11 5.3223631296158065e-12 5.273351424159962e-12 3.755787926043895e-08 4.61100912248589e-06 5.3223631296158065e-12 5.273351424159962e-12 5.322363145611136e-12 5.27335143066391e-12
504.99 12.260694766401226 -8.410534206334138 35.35479043069953 -793639.3705851709 4.5836245813163555e-06 22.956220240210893 22.90897836217152 22.956220173458295 67.00663425016194 664.7898725971007 400.0 -1.882787214903593e-12 3.4860247835431406e-09 6.675259385548531e-08 0.7557908044687367 -31.82790022500646 2.989195861962473e-06 1.994460164440383e-11 9.997230115174434e-12 9.947371529229398e-12 6.677819158696087e-08 4.585055204777716e-06 9.997230115174434e-12 9.9473715292294e-12 9.997230168709105e-12 9.947371551182445e-12
520.73 12.26334072131796 -8.41635401297226 36.0609459028244 -793276.6958211455 4.553950846688536e-06 23.06577020148904 23.017533102034232 23.06577008592382 67.20316121779739 665.8541034690128 400.0 -2.654310516988908e-12 6.2144612763089526e-09 1.1556522211817318e-07 0.754763133525466 -33.670017080734745 2.8263125331895228e-06 3.6518973938096474e-11 1.828370472783328e-11 1.82352692102632e-11 1.1561564272252488e-07 4.553950846688536e-06 1.828370472783328e-11 1.82352692102632e-11 1.828370489783909e-11 1.823526928029672e-11
536.72 12.266011006216212 -8.422382511639558 36.7600036873504 -792906.5446981478 4.524826749905841e-06 23.168680345448387 23.119441664236767 23.168680150179277 67.39969965175536 666.8500472785701 400.0 -4.036342811141946e-12 1.0807226143336377e-08 1.9526911332597514e-07 0.7536986611665283 -34.45513166180028 2.674885816723502e-06 6.519884452695264e-11 3.262345454749193e-11 3.25753899794607e-11 1.9536167585986815e-07 4.524826749905841e-06 3.262345454749193e-11 3.25753899794607e-11 3.2623455061731155e-11 3.257539019180118e-11
552.95 12.268705114717111 -8.428618742768936 37.451545760737574 -792529.2464805177 4.4936305824997704e-06 23.265273345466834 23.215080727476344 23.26527302308699 67.60317811092278 667.7820428578835 400.0 -6.4349058319752034e-12 1.835443230046198e-08 3.2237984384397634e-07 0.7526106046754988 -34.71541039209546 2.5340518605530027e-06 1.1362240425795671e-10 5.683573752130733e-11 5.678666673664942e-11 3.2254183658821585e-07 4.494527812118221e-06 5.683573752130733e-11 5.678666673664941e-11 5.6835739005337716e-11 5.678666735036119e-11
569.42 12.271419712416611 -8.43506435806312 38.13561730271029 -792144.8028367853 4.4620484909648825e-06 23.35599653652861 23.304869175066575 23.35599601578809 67.80533566153758 668.6547412471023 400.0 -1.0522960315896973e-11 3.0484606872318e-08 5.207405194243315e-07 0.7515071635380698 -34.71968465181192 2.4029290202558964e-06 1.935494860092186e-10 9.679889560856321e-11 9.675059040065539e-11 5.210145944412596e-07 4.461564116902754e-06 9.679889560856321e-11 9.675059040065538e-11 9.679889970432358e-11 9.675059209680264e-11
586.14 12.274156542468836 -8.44172575546106 38.81267459320206 -791753.052095559 4.42978293818995e-06 23.441284793872036 23.38924646407051 23.441283969622706 68.00988294301828 669.4729038042286 400.0 -1.733056239874279e-11 4.959174652838218e-08 8.242493330686019e-07 0.7503904435586065 -34.55116535438009 2.2806502141258497e-06 3.2278364022873263e-10 1.614161554094922e-10 1.6136748481924043e-10 8.246996920223661e-07 4.429512995374002e-06 1.614161554094922e-10 1.6136748481924046e-10 1.6141616625245593e-10 1.6136748931628995e-10
603.09 12.27691120379017 -8.448596954319578 39.481971994329044 -791354.5005954851 4.397015662790406e-06 23.521401294180833 23.468476413244968 23.52140001494097 68.21489429720764 670.2395122564791 400.0 -2.8437027927462126e-11 7.906605107564387e-08 1.2792398664624535e-06 0.7492649214732129 -34.27938603833965 2.1666403350519854e-06 5.273230487636411e-10 2.6368516517838203e-10 2.6363788358525916e-10 1.2799613793010345e-06 4.397015662790406e-06 2.6368516517838203e-10 2.6363788358525916e-10 2.636851927431554e-10 2.636378950385622e-10
620.29 12.279686643031374 -8.455688486370946 40.14437137577769 -790948.7597900797 4.36354610595504e-06 23.596779764044406 23.54299279441315 23.596777814185863 68.42620629475884 670.9591291032506 400.0 -4.622126775476985e-11 1.2374904552144302e-07 1.9498585418274195e-06 0.748130867960288 -33.92570998430031 2.0601108607102413e-06 8.453257655761842e-10 4.2268627019448706e-10 4.2263949538169704e-10 1.950988206033319e-06 4.3638528249018654e-06 4.2268627019448706e-10 4.2263949538169704e-10 4.2268633770504513e-10 4.2263952349581823e-10
637.72 12.282477940304068 -8.462993539078344 40.79917942577415 -790536.2896439835 4.329748761446662e-06 23.667648953527493 23.613025480518598 23.66764603312441 68.63481606628083 671.6342871858076 400.0 -7.414980974435491e-11 1.9023305464275046e-07 2.9204030840983975e-06 0.746991535315381 -33.50929750841183 1.9605931769407e-06 1.330353033740743e-09 6.65200429168829e-10 6.651526045719142e-10 2.9221338443509786e-06 4.329748761446662e-06 6.65200429168829e-10 6.65152604571914e-10 6.652005886167738e-10 6.651526711546708e-10
655.4 12.285287950442399 -8.470522817380152 41.44723056284691 -790116.6923540722 4.295833507025085e-06 23.73439456011905 23.678949831739068 23.73439025597507 68.84623404361871 672.2688747932692 400.0 -1.1730301972343176e-10 2.876434719019372e-07 4.304143978751332e-06 0.7458472080452406 -33.04310785879923 1.8674344699451724e-06 2.058510148655947e-09 1.029278279537432e-09 1.0292318691185158e-09 4.306743947537845e-06 4.2959023316775975e-06 1.029278279537432e-09 1.0292318691185154e-09 1.0292786437382407e-09 1.0292320217044537e-09
673.32 12.288114124910795 -8.47827394833082 42.08823158469896 -789690.2296184335 4.26143471098029e-06 23.797236397386854 23.74099886022042 23.797230151139928 69.0580724828406 672.86536451931 400.0 -1.8286761269089612e-10 4.280830605444281e-07 6.246246926765785e-06 0.7446998714399712 -32.530056690764155 1.7802040529983992e-06 3.1337255328304527e-09 1.5668862651028013e-09 1.5668392677276505e-09 6.250078791763292e-06 4.26143471098029e-06 1.5668862651028013e-09 1.5668392677276507e-09 1.566887070643628e-09 1.5668396065248615e-09
691.49 12.290957292836278 -8.4862534156641 42.72261812864246 -789256.7160550602 4.2268952920307486e-06 23.85647187616623 23.799459185764004 23.856462941350838 69.27292581076735 673.4267082160173 400.0 -2.8102728630400636e-10 6.277127481646108e-07 8.93481539065826e-06 0.743550329069213 -31.97473582776867 1.6984123411821802e-06 4.6984438338170056e-09 2.3492448033376687e-09 2.349199030479337e-09 8.940362517536083e-06 4.2269321062365665e-06 2.3492448033376687e-09 2.349199030479337e-09 2.3492465321720617e-09 2.3491997608553584e-09
709.89 12.293813635146215 -8.49445411010429 43.34978557304337 -788816.6467110636 4.192138507810597e-06 23.91226745225976 23.85450439773395 23.91225484982571 69.48767947353862 673.9547404875798 400.0 -4.256238593764892e-10 9.072193882693373e-07 1.2602434044284991e-05 0.7424011608753357 -31.379566536116876 1.621742241288553e-06 6.9403951427421385e-09 3.4702198662889697e-09 3.4701752764531676e-09 1.2610324172769543e-05 4.192138507810597e-06 3.4702198662889697e-09 3.4701752764531684e-09 3.4702234691450753e-09 3.470176806293684e-09
728.54 12.296685497281876 -8.502886825812084 43.970511794361016 -788369.5827045877 4.157311118309803e-06 23.96491025082574 23.906415917560363 23.96489270367795 69.70338397048948 674.4523030973828 400.0 -6.35930544201812e-10 1.2938289981306395e-06 1.7547147790363243e-05 0.7412524665081531 -30.745535999423748 1.549738369698448e-06 1.0112528089775498e-08 5.0562851469255796e-09 5.056242942849922e-09 1.7558186493237086e-05 4.157506492515792e-06 5.0562851469255796e-09 5.0562429428499215e-09 5.056292454039343e-09 5.056246063349959e-09
747.43 12.299570774890082 -8.511548903061703 44.58454994117325 -787915.7926049989 4.122404197227946e-06 24.014573295929345 23.955369006560133 24.01454916592306 69.91947139805615 674.921195566945 400.0 -9.376145922899073e-10 1.8216565134066342e-06 2.4130006283974434e-05 0.7401061874308948 -30.0742690644325 1.4821037696147286e-06 1.4540870811566339e-08 7.270453776939851e-09 7.270417034626488e-09 2.414520294218914e-05 4.122037574439817e-06 7.270453776939851e-09 7.270417034626486e-09 7.270468213532027e-09 7.270423238987043e-09
766.56 12.302468208517974 -8.520442255461877 45.19199893444482 -787455.322124333 4.087250213544543e-06 24.06144480739411 24.00155559213929 24.06141201389275 70.13815787876706 675.3633557259581 400.0 -1.3649606413286468e-09 2.5337499767000664e-06 3.2793501360295174e-05 0.7389637611136793 -29.366358735214188 1.4185270373614186e-06 2.0647228478823704e-08 1.032362881451917e-08 1.032359966430454e-08 3.2814097983058775e-05 4.087250213544543e-06 1.032362881451917e-08 1.0323599664304536e-08 1.0323656634650535e-08 1.0323611704194301e-08
785.93 12.305378390581167 -8.529568256269386 45.792959395747964 -786988.1654684608 4.05286194552276e-06 24.10572816517726 24.045154281868346 24.10568409335241 70.35412149684016 675.7805780859093 400.0 -1.963077993457385e-09 3.4836448262990507e-06 4.407182485330132e-05 0.7378262915975095 -28.622746436471346 1.3587229067291388e-06 2.8969548659202556e-08 1.4484782454334444e-08 1.4484766204868115e-08 4.409932087624944e-05 4.05286194552276e-06 1.4484782454334444e-08 1.4484766204868109e-08 1.4484834808501892e-08 1.4484789035756792e-08
805.54 12.30829981890096 -8.53892891497926 46.38753131941648 -786514.3803318025 4.017575712633631e-06 24.14754357711089 24.086331351595792 24.147484973393045 70.57183994676899 676.1745205239732 400.0 -2.7906933687002303e-09 4.737251211546773e-06 5.860371784708431e-05 0.7366953030965019 -27.844050645841378 1.3024295880607439e-06 4.01867150799482e-08 2.0093353230596802e-08 2.009336184935139e-08 5.863988768591712e-05 4.017578948440056e-06 2.0093353230596802e-08 2.0093361849351395e-08 2.009344955384463e-08 2.0093404202817602e-08
825.39 12.311232059544356 -8.548525797192678 46.975815354399835 -786033.9824431553 3.9824313633069695e-06 24.187074694173912 24.125241645031743 24.186997548167206 70.78967718063247 676.5467190829472 400.0 -3.923519654923487e-09 6.374939571182109e-06 7.7146006703219e-05 0.7355721129504653 -27.030757185516865 1.249406636303751e-06 5.514691661450181e-08 2.7573432321141785e-08 2.7573484293360038e-08 7.719290721291012e-05 3.9824313633069695e-06 2.7573432321141785e-08 2.7573484293360038e-08 2.7573605765424363e-08 2.7573561238535402e-08
845.49 12.31417604270114 -8.558365501281742 47.55819846414557 -785546.7565760688 3.947986097000401e-06 24.22450195804566 24.16204712791654 24.22440135720761 71.0080452178957 676.8987656632358 400.0 -5.459051965867458e-09 8.495020979548649e-06 0.00010060083804940002 0.7344575211683289 -26.182905051256547 1.199408880544662e-06 7.491105808983371e-08 3.7455466849266834e-08 3.745559124056688e-08 0.00010066080906659177 3.948727551510413e-06 3.7455466849266834e-08 3.745559124056688e-08 3.745577289884035e-08 3.745572831452038e-08
865.83 12.317130421483848 -8.568444696394 48.134481919795114 -785052.9538028114 3.913460060872657e-06 24.259912660173004 24.19686228073652 24.259782662528835 71.2246479396459 677.2317883540841 400.0 -7.519161359131561e-09 1.1213307400753804e-05 0.00012999764416808703 0.733353334048406 -25.301442783363107 1.1522599115838544e-06 1.0076196362155618e-07 5.038085906013108e-08 5.0381104561425124e-08 0.00013007327285058414 3.912341112901129e-06 5.038085906013108e-08 5.0381104561425124e-08 5.038138860720809e-08 5.038134415977034e-08
886.41 12.32009195714787 -8.578765415251336 48.70476445007518 -784552.6400139037 3.8778603329951725e-06 24.293404925175217 24.229812800747137 24.293238388005506 71.44584863042012 677.5470077239503 400.0 -1.0257286028258014e-08 1.466834358049686e-05 0.00016653716970774625 0.7322614573611795 -24.38677229322993 1.1077714507249763e-06 1.3426802600156064e-07 6.713379101107402e-08 6.713423499048663e-08 0.00016663124855300021 3.8778603329951725e-06 6.713379101107402e-08 6.713423499048663e-08 6.713469026932532e-08 6.713464628551114e-08
907.23 12.32306456483057 -8.58932857182449 49.269147593601126 -784045.7711689484 3.845701944732181e-06 24.325235824102865 24.261015973080188 24.325024225500925 71.66193181089868 677.8455668565705 400.0 -1.38641548086423e-08 1.9023551581437477e-05 0.00021159860193939483 0.731182403737246 -23.439625103274633 1.0657698334491676e-06 1.773213231783938e-07 8.866028020745746e-08 8.86610429709363e-08 0.0002117140594390164 3.845701944732181e-06 8.866028020745746e-08 8.86610429709363e-08 8.866178022411559e-08 8.866173691396705e-08
928.29 12.32604553978101 -8.600136038830806 49.82772865231364 -783532.3997531153 3.810581446767986e-06 24.355307129739888 24.290581358287657 24.35504037327667 71.87765277147759 678.1285168242712 400.0 -1.857511346659548e-08 2.4470392067957074e-05 0.0002667564632145297 0.7301179920912493 -22.460544463098177 1.0260943456919532e-06 2.321877211554025e-07 1.1609322801442657e-07 1.1609449314097587e-07 0.0002668962645019217 3.8120022188634886e-06 1.1609322801442657e-07 1.160944931409759e-07 1.1609568772078934e-07 1.1609564483484977e-07
949.6 12.329036302666633 -8.6111945053834 50.380862047085756 -783012.2952019239 3.7768225255138545e-06 24.38387775333294 24.318624099316956 24.383543922102522 72.09222534767132 678.396959711057 400.0 -2.4681554071548038e-08 3.1235129236941605e-05 0.0003338312304176095 0.7290690271539905 -21.449799362343043 9.885792536079579e-07 3.015970323782093e-07 1.5079749393363281e-07 1.507995384445765e-07 0.0003339982659003315 3.7761230841234153e-06 1.5079749393363281e-07 1.5079953844457654e-07 1.5080146279793347e-07 1.5080142041476952e-07
971.15 12.33203203792903 -8.622500720075823 50.92837492532776 -782485.7543727228 3.7423500998429514e-06 24.410961938250693 24.345225697675513 24.410547121510163 72.31055009495132 678.6516633836122 400.0 -3.25324072314777e-08 3.957336361468501e-05 0.00041481674052823875 0.728037976228938 -20.408578446814275 9.531058695455921e-07 3.887109039078862e-07 1.94353835554087e-07 1.943570683537993e-07 0.00041501364795395676 3.7423500998429514e-06 1.94353835554087e-07 1.9435706835379926e-07 1.9436014002161496e-07 1.9436009770612108e-07
992.93 12.335035724216429 -8.63405026581113 51.4701190630155 -781952.9821163211 3.7096995172482582e-06 24.43671896512511 24.37046479984901 24.436207037521843 72.52425291894376 678.8933760163217 400.0 -4.254628123700965e-08 4.977632510463633e-05 0.0005119276032676309 0.7270257522618472 -19.33854202114428 9.195609920514981e-07 4.97209708586037e-07 2.486023460522584e-07 2.486073625337786e-07 0.0005121565952633087 3.7102537966451905e-06 2.486023460522584e-07 2.486073625337787e-07 2.4861220961769673e-07 2.4861216808902346e-07
1014.97 12.338047714955776 -8.645860960987466 52.006925350398106 -781413.2972613245 3.6762683404567377e-06 24.461182112686835 24.394459371101632 24.46055427603071 72.73884679561208 679.1232027836242 400.0 -5.5247258732503056e-08 6.21982404922289e-05 0.0006278366561255869 0.7260330027885564 -18.239197287760245 8.877807583650193e-07 6.316151422629173e-07 3.1580374412841394e-07 3.158113981345034e-07 0.0006280993901150752 3.6762683404567377e-06 3.1580374412841394e-07 3.158113981345033e-07 3.1581896222305276e-07 3.158189202066259e-07
1037.24 12.341065439971711 -8.657918076356827 52.538149200539735 -780867.4311882722 3.6439587270899728e-06 24.48446043792148 24.417254803997455 24.48369523106068 72.95137127201689 679.3415581467619 400.0 -7.122669624207012e-08 7.720882260731215e-05 0.0007652068607998868 0.7250620884665289 -17.113397863875278 8.576990856874023e-07 7.968113303231679e-07 3.983999174317389e-07 3.9841141289142893e-07 0.0007655041665403505 3.6439587270899728e-06 3.983999174317389e-07 3.98411412891429e-07 3.9842307147273736e-07 3.9842303051221133e-07
1059.75 12.344088711900245 -8.670228462296564 53.064127549504946 -780315.163570373 3.6110873046004538e-06 24.50657999076526 24.438936650755412 24.50565279635025 73.16328476425734 679.5492307317464 400.0 -9.120949266025354e-08 9.524891274540508e-05 0.0009271944150075628 0.7241141219306965 -15.962058561846343 8.291978539678514e-07 9.98675119863929e-07 4.993290560936016e-07 4.993460637703274e-07 0.0009275261831826638 3.611215717626736e-06 4.993290560936016e-07 4.993460637703273e-07 4.993638231883377e-07 4.993637818299392e-07
1082.51 12.347119143951414 -8.6827990312192 53.5851772909115 -779756.2579892144 3.578021742623515e-06 24.527632222485536 24.459583649579614 24.52651490900786 73.37398446245369 679.7469425811402 400.0 -1.1605677865554864e-07 0.00011681929902620234 0.0011173134776739353 0.7231899037759167 -14.786327900784173 8.021693404014248e-07 1.2440005474637222e-06 6.219878658579908e-07 6.220126816057316e-07 0.001117678531604563 3.578021742623515e-06 6.219878658579908e-07 6.220126816057316e-07 6.220394235797161e-07 6.22039383414462e-07
1105.5 12.350152540728287 -8.695620199747736 54.1009285479428 -779191.2264522903 3.546790994393795e-06 24.547742123470144 24.479243597255003 24.546402965297165 73.58436608526894 679.9351114321651 400.0 -1.4674360075501794e-07 0.00014245108556598082 0.0013391581729808393 0.7222917655094412 -13.589011594295492 7.765474292615371e-07 1.5401941967656007e-06 7.700792424530488e-07 7.701149543125521e-07 0.001339554160107367 3.546790994393795e-06 7.700792424530488e-07 7.701149543125523e-07 7.701547648214211e-07 7.701547240176299e-07
1128.74 12.353194156418159 -8.708704259665092 54.611918746522086 -778619.5656626958 3.515891115402041e-06 24.566931183424142 24.497995873524726 24.565334147192377 73.79115426759132 680.1144608458311 400.0 -1.8446129310937035e-07 0.00017278067101248045 0.001597036231767255 0.7214196358855972 -12.371188218330813 7.522258379651808e-07 1.8961736846348181e-06 9.480614747355489e-07 9.481122098992698e-07 0.001597459724543304 3.515891115402041e-06 9.480614747355489e-07 9.481122098992693e-07 9.481708378139709e-07 9.481707976656339e-07
1152.22 12.356239592844888 -8.72204722754741 55.11800575554428 -778041.5549245838 3.4837184744260716e-06 24.58518808797647 24.515890595152637 24.583292740328904 73.99736871766629 680.2854188103893 400.0 -2.3055224779683199e-07 0.00020848098690380432 0.0018953476475632785 0.7205756580845614 -11.135451538254383 7.291374586731224e-07 2.321619608432748e-06 1.1607742180242614e-06 1.160845390408487e-06 0.0018957942701097617 3.484127554333496e-06 1.1607742180242614e-06 1.160845390408487e-06 1.160930823693395e-06 1.1609307838045775e-06
1175.94 12.359288980379706 -8.73565041005836 55.619274137376685 -777457.2018695883 3.4490225418246745e-06 24.602515228694063 24.532983557841607 24.600276257975953 74.20250008125316 680.4484693701171 400.0 -2.865837891224168e-07 0.0002503086371456375 0.0022389707181083014 0.7197609320117151 -9.884171937873923 7.072087642233311e-07 2.8275635366475454e-06 1.4137324554057828e-06 1.4138310812417626e-06 0.0022394355239046975 3.4490225418246745e-06 1.4137324554057828e-06 1.4138310812417626e-06 1.4139543149955706e-06 1.4139542752372596e-06
1199.91 12.362340412220743 -8.749521096938361 56.116010507653726 -776866.2867608056 3.421831861387515e-06 24.619380530141232 24.549334354823507 24.616747161190506 74.40880200967287 680.6041213716767 400.0 -3.543931472849957e-07 0.00029912079944684775 0.0026333689507267795 0.7189768004901838 -8.619223287263337 6.863624689202868e-07 3.426650221481291e-06 1.7132575770405624e-06 1.7133926444407273e-06 0.0026338470054634877 3.421831861387515e-06 1.7132575770405624e-06 1.7133926444407277e-06 1.7135686957238657e-06 1.7135686566824394e-06
1224.11 12.365402576102966 -8.763648314959209 56.60788756843422 -776269.2370003217 3.396867323996585e-06 24.63560381484515 24.56497967056804 24.63251989736236 74.60602685360176 680.7526901209596 400.0 -4.359959612478443e-07 0.00035579455141168296 0.003083917482791272 0.7182228833466506 -7.344776470647845 6.665514681416411e-07 4.1321935216822415e-06 2.066005353793183e-06 2.066188167889059e-06 0.003084404740648514 3.396867323996585e-06 2.066005353793183e-06 2.066188167889059e-06 2.066437274015178e-06 2.0664372355333892e-06
1248.56 12.36846739892204 -8.778045668786808 57.09538673175579 -775665.6356596217 3.3615153257247234e-06 24.65072781910205 24.579980488632124 24.647130663003587 74.80336726985792 680.8946731359766 400.0 -5.338323147093845e-07 0.0004213855732336934 0.0035971560984636814 0.717501479896028 -6.062169927107608 6.476988467722253e-07 4.960183615596499e-06 2.4799694716400247e-06 2.4802141439564744e-06 0.00359765055382666 3.3611510154765056e-06 2.4799694716400247e-06 2.4802141439564736e-06 2.4805634832184843e-06 2.4805634446785077e-06
1273.25 12.37153227647945 -8.792708679993666 57.578380896766404 -775055.7437467878 3.3316816158253063e-06 24.665452891021772 24.594376050706067 24.66127335570867 75.00160189942727 681.0303749796119 400.0 -6.505740435332837e-07 0.0004969745480837507 0.004179535313103803 0.7168140490777396 -4.774800733479909 6.297562884386441e-07 5.927438804135356e-06 2.9635574859789885e-06 2.963881318156369e-06 0.004180038558854957 3.3297575479921887e-06 2.9635574859789885e-06 2.963881318156369e-06 2.964366953617108e-06 2.964366915616942e-06
1298.18 12.374600373590464 -8.807638399687221 58.056948962959005 -774439.5461819527 3.3021910836078616e-06 24.67960531761741 24.60821025390778 24.674767163399345 75.19765129115454 681.1601489523414 400.0 -7.892880313629341e-07 0.0005837626132713274 0.004838154218065689 0.7161608513388686 -3.485811477266784 6.1267056956446e-07 7.052844057679679e-06 3.5262100621915168e-06 3.5266339954881633e-06 0.004838673416187937 3.3015558448652956e-06 3.5262100621915168e-06 3.5266339954881633e-06 3.5273034382454207e-06 3.5273034009144446e-06
1323.35 12.377672361632413 -8.82283602613602 58.53116712799292 -773817.0442032054 3.272319127666676e-06 24.69319506164884 24.621525219691243 24.68761445198732 75.3907439135298 681.2843263822754 400.0 -9.534440417530286e-07 0.0006830556998328849 0.005580609661519321 0.7155425335831896 -2.1983204893583785 5.963917652446467e-07 8.35721550289422e-06 4.178333245094746e-06 4.178882257799472e-06 0.005581159933288542 3.272319127666676e-06 4.178333245094746e-06 4.178882257799472e-06 4.1797976145228525e-06 4.179797577405711e-06
1348.77 12.380750199909103 -8.838308828868275 59.00129344711506 -773187.9881698185 3.2518729289733076e-06 24.70670183561793 24.63436639737996 24.700286479372902 75.57979560379749 681.4032489518019 400.0 -1.1470366324115389e-06 0.0007963168912214694 0.006415356245032858 0.7149594345073593 -0.9150000744189839 5.808671062825003e-07 9.864057312308525e-06 4.931676905910796e-06 4.9323804063977276e-06 0.0064159635589552495 3.2518729289733076e-06 4.931676905910796e-06 4.932380406397728e-06 4.933622398810981e-06 4.933622362358208e-06
1374.42 12.383835159342244 -8.854045677594332 59.467032978456466 -772552.8583420895 3.2163019189441444e-06 24.71906192800343 24.646762746469513 24.711711558590512 75.76205055653905 681.517122048069 400.0 -1.374311674054288e-06 0.0009249877957467854 0.007350369412918312 0.714411984675755 0.3598205065486326 5.660648414669511e-07 1.1597238206058702e-05 5.798173181007475e-06 5.799065025051228e-06 0.00735107384286842 3.214271878750195e-06 5.798173181007475e-06 5.799065025051228e-06 5.800737327849065e-06 5.800737292412622e-06
1400.32 12.386909128801422 -8.870061116297848 59.928810474777784 -771911.2808466549 3.187286542763958e-06 24.73130070772401 24.65876182309961 24.722905089644538 75.95301187864342 681.626259542517 400.0 -1.6403895131983882e-06 0.0010708284126379562 0.008395618079472153 0.7139038544576808 1.6247694178163208 5.519322562092891e-07 1.3585589595855065e-05 6.79223543198486e-06 6.793354163870202e-06 0.008396477811588844 3.187286542763958e-06 6.79223543198486e-06 6.793354163870204e-06 6.7955898062231604e-06 6.795589769813793e-06
1426.46 12.38999951650403 -8.886348714560336 60.386527553318665 -771263.3409647822 3.160402243872069e-06 24.743234958609904 24.670395220080685 24.733674518281674 76.13061814058557 681.7309284111022 400.0 -1.9506914991905168e-06 0.0012355633865046738 0.00956044032822978 0.7134307308393549 2.8750467215858193 5.384364514923902e-07 1.5858241766266596e-05 7.928426646662614e-06 7.929815119603984e-06 0.009561535711440973 3.1624117779428483e-06 7.928426646662614e-06 7.929815119603982e-06 7.932782877703496e-06 7.932782842224186e-06
1452.84 12.393078693178643 -8.90291107224707 60.84023965723995 -770609.1978569595 3.1261087242134107e-06 24.754478379153788 24.681698687493217 24.743623133069708 76.31530544249806 681.8313065873433 400.0 -2.3113826467993373e-06 0.0014211154736808085 0.010855246084079987 0.7129977183518363 4.108622529698755 5.255412458894297e-07 1.844779482194452e-05 9.223045055076138e-06 9.22474976686838e-06 0.010856684594658963 3.1261087242134107e-06 9.223045055076138e-06 9.22474976686838e-06 9.228662753104457e-06 9.228662717891778e-06
1479.46 12.39616461929563 -8.919748420004817 61.29002370863663 -769948.7502550305 3.1057026873541863e-06 24.76604462109057 24.69270685054618 24.75375371689636 76.4934014419786 681.9276548050766 400.0 -2.729290010561035e-06 0.0016295285428139898 0.012290904194210587 0.7126019891743307 5.321723742108262 5.132124956607882e-07 2.13893803994053e-05 1.069365513874307e-05 1.0695725260662228e-05 0.012292825264191985 3.1057026873541863e-06 1.069365513874307e-05 1.069572526066223e-05 1.0700850740499805e-05 1.0700850705259548e-05
1506.33 12.399254280001632 -8.93686853564659 61.7361088908291 -769281.7758691167 3.0787138258340627e-06 24.777021074699746 24.703457578322165 24.763141503564114 76.66808481552461 682.0202069375056 400.0 -3.2121910518946317e-06 0.0018630892767404967 0.013879571135635312 0.7122442984471284 6.5119718399923565 5.014140074276009e-07 2.4722431243338732e-05 1.2359972714802079e-05 1.2362458528536656e-05 0.013882151932503889 3.078816830610915e-06 1.2359972714802079e-05 1.2362458528536652e-05 1.236913035922181e-05 1.2369130323563332e-05
1533.43 12.402345451283601 -8.95425980210266 62.17822873182406 -768608.7696103997 3.0520928373585225e-06 24.78775589661812 24.713976095990816 24.772123686884424 76.83884120596635 682.1090910707023 400.0 -3.768118459968145e-06 0.0021239666387615685 0.015632209733693527 0.7119249764542909 7.675600247624636 4.901246008965796e-07 2.8485606090221437e-05 1.4241328030656337e-05 1.4244278059565097e-05 0.015635669943645607 3.0520928373585225e-06 1.4241328030656337e-05 1.4244278059565105e-05 1.4252908726842894e-05 1.4252908692241992e-05
1560.78 12.405438820570428 -8.971936256533535 62.6167731566822 -767929.2422636213 3.0295316489674213e-06 24.798472518693398 24.724302827613236 24.780909615964685 77.00665305588352 682.194554650741 400.0 -4.406752361697963e-06 0.0024148523251350004 0.01756290272871173 0.7116440328132985 8.810771369140168 4.793078399348785e-07 3.272603240884831e-05 1.6361287037681643e-05 1.6364745371166665e-05 0.01756751143696005 3.0295316489674213e-06 1.6361287037681643e-05 1.6364745371166672e-05 1.6375844822907023e-05 1.6375844789192696e-05
1588.37 12.408538463506106 -8.989892415261238 63.05164352197968 -767243.4163885427 3.000478093921208e-06 24.808679792689563 24.734465950136684 24.788995366556087 77.16818378020584 682.2767501025588 400.0 -5.138103545523447e-06 0.0027383089789949746 0.019684426133475635 0.711400639379109 9.914226335982361 4.689415915124303e-07 3.7490013601480885e-05 1.8743006065468335e-05 1.874700753601255e-05 0.019690506327128775 3.003306593860387e-06 1.8743006065468335e-05 1.8747007536012554e-05 1.8761199888393464e-05 1.8761199854936337e-05
1616.2 12.411631124901987 -9.008129955869709 63.48289540268778 -766551.3550223858 2.967076234646937e-06 24.818514215666685 24.744497303931833 24.796503269176903 77.33145412436258 682.3558126346782 400.0 -5.973416009765106e-06 0.003097171842369164 0.022010946489780935 0.7111967319261638 10.984002813922949 4.5900121089425325e-07 4.282885653679867e-05 2.141214603130161e-05 2.1416710505497067e-05 0.022018881531057997 2.967076234646937e-06 2.141214603130161e-05 2.1416710505497067e-05 2.1434756694090737e-05 2.1434756660870382e-05
1644.27 12.414719868894835 -9.026649842132747 63.91059141480615 -765853.0398035004 2.9476466370052555e-06 24.828922888382657 24.75442827259222 24.804365683990646 77.49444582104164 682.4319037464749 400.0 -6.924999586214325e-06 0.0034944347567081777 0.024557204392013216 0.7110314930814065 12.017671533374019 4.4946348031652883e-07 4.879733535670517e-05 2.439610499176601e-05 2.4401230364939153e-05 0.024567442732227305 2.9476466370052555e-06 2.439610499176601e-05 2.4401230364939153e-05 2.442405311540662e-05 2.4424053082297647e-05
1672.59 12.41782235450772 -9.045459117734207 64.33494843725137 -765148.1357458051 2.930091352050528e-06 24.83933667286813 24.764293280626376 24.811997170594886 77.64648241295079 682.5052316492636 400.0 -8.00669685668011e-06 0.003933410788213602 0.02733950227323957 0.7109019106132703 13.012823060473606 4.4030336627285083e-07 5.545621066538083e-05 2.77252783848048e-05 2.7730932280576025e-05 0.027352562151414586 2.930091352050528e-06 2.77252783848048e-05 2.7730932280576025e-05 2.7759646794090773e-05 2.775964676187253e-05
1701.14 12.420922811796023 -9.064546190595866 64.75571904244221 -764437.2058248627 2.8999706267054007e-06 24.84904240541412 24.774116418064562 24.818670322008334 77.79612139017897 682.5758522718617 400.0 -9.232497182748273e-06 0.004417155975045557 0.030372083405788005 0.7108097681263928 13.967323354980168 4.3150699913193893e-07 6.286346743148124e-05 3.1428679763642915e-05 3.1434787667838333e-05 0.03038855556087113 2.8994937165981425e-06 3.1428679763642915e-05 3.1434787667838333e-05 3.14707284900324e-05 3.1470728457868464e-05
1729.94 12.424020051600811 -9.083925613623842 65.173254431746 -763719.7600122165 2.873401895510043e-06 24.858901937460274 24.78393542427177 24.825228022850546 77.94494728479657 682.6439376247099 400.0 -1.0619338301361325e-05 0.004949554585479682 0.03367391460972792 0.7107549608085043 14.880208486626758 4.230490456199536e-07 7.109097646176351e-05 3.554227168518302e-05 3.55487047765805e-05 0.03369446962984382 2.873401895510043e-06 3.554227168518302e-05 3.55487047765805e-05 3.559347216518912e-05 3.559347213432809e-05
1758.98 12.427119378126623 -9.103591533699865 65.58746637256877 -762996.0110138305 2.851405248577372e-06 24.868997328797672 24.793777506166347 24.83173591924636 78.08895878304732 682.7095996250978 400.0 -1.21842908587069e-05 0.005534166856830659 0.03726140955131575 0.7107359325859252 15.749344561891165 4.149145839721266e-07 8.020698146011855e-05 4.010021090803564e-05 4.010677055208291e-05 0.03728679576667771 2.853360822000956e-06 4.010021090803564e-05 4.010677055208291e-05 4.016226476601406e-05 4.016226473417947e-05
1788.26 12.430219483257202 -9.123545069612964 65.99841045350968 -762265.9586758022 2.821309933409114e-06 24.878692410378257 24.803673388811912 24.837539630265518 78.2288468374959 682.7729514334527 400.0 -1.3946369383380352e-05 0.006174921841282838 0.041152780112740886 0.7107522009647955 16.57342725020776 4.0708667468405553e-07 9.028672205313877e-05 4.514016114535545e-05 4.5146560907783305e-05 0.041183826515112376 2.821309933409114e-06 4.514016114535545e-05 4.514656090778331e-05 4.521503171974738e-05 4.521503168853143e-05
1817.79 12.433311719106555 -9.143794511117903 66.4062742069674 -761529.3890515607 2.803621401497068e-06 24.889116446149956 24.813657349210793 24.843747888187966 78.36983394162861 682.8341009947783 400.0 -1.5926956548594622e-05 0.006876216891641301 0.04536855796198762 0.7108044356949804 17.35190120536553 3.995469437759632e-07 0.00010141419677357369 5.070417642523715e-05 5.071002034833655e-05 0.04540617803048968 2.803621401497068e-06 5.070417642523715e-05 5.0710020348336535e-05 5.079412596732043e-05 5.07941259369199e-05
1847.55 12.436420067499972 -9.164326217103053 66.81084884800512 -760786.6749240794 2.7868956250441775e-06 24.899677273434374 24.823752992953786 24.849752177519633 78.49722104193428 682.8931698348343 400.0 -1.814692162058552e-05 0.00764185184938399 0.049925095914740085 0.7108880294109504 18.082384525421613 3.922853319925664e-07 0.00011366543833580482 5.683033826087447e-05 5.683510007493035e-05 0.04997027359238938 2.7868956250441775e-06 5.683033826087447e-05 5.6835100074930344e-05 5.693794693104441e-05 5.693794690073129e-05
1877.56 12.439520794674706 -9.185155990016664 67.21244713934377 -760037.424019819 2.755594903853342e-06 24.90957447447868 24.833998458787814 24.854728287485578 78.62530806645904 682.9502371398024 400.0 -2.0632068576228607e-05 0.008476946920780862 0.05484618699310087 0.7110058817016518 18.76552821606256 3.8528297664524785e-07 0.00012713883052387353 6.356791970039551e-05 6.357091082347803e-05 0.05489999202189517 2.755594903853342e-06 6.356791970039551e-05 6.357091082347806e-05 6.369614518463315e-05 6.369614515407877e-05
1907.81 12.442621210954579 -9.206277660109027 67.61098913481086 -759281.8364432724 2.734697161819855e-06 24.920192583578796 24.844421287680348 24.860041325042324 78.74914047886877 683.0053945026045 400.0 -2.3407759713680143e-05 0.00938599719687589 0.0601512585364696 0.7111558382822343 19.40024640328185 3.7852898597769166e-07 0.00014192443367947962 7.096204571115391e-05 7.096238796832572e-05 0.060214829124641586 2.736157130150168e-06 7.096204571115391e-05 7.096238796832572e-05 7.111424673870925e-05 7.11142467080889e-05
1938.3 12.445721490240883 -9.22769225198017 68.00652704658818 -758519.9002590557 2.712072676092295e-06 24.930900153445553 24.8550527077768 24.865038110881017 78.8685447240413 683.0587302326095 400.0 -2.650214984555478e-05 0.010373981748851829 0.06586204256453856 0.711336900795192 19.986191277132377 3.720107763226133e-07 0.0001581216244866886 7.90625169683048e-05 7.905910751838381e-05 0.06593658332978984 2.7091867222597127e-06 7.90625169683048e-05 7.90591075183838e-05 7.92425028528707e-05 7.924250282229992e-05
1969.03 12.44881534783855 -9.249400987260287 68.39910911677097 -757751.6283426692 2.686686247562988e-06 24.941670428633543 24.865924305464922 24.869669304157043 78.98647545848699 683.110313090086 400.0 -2.994561731116006e-05 0.011446126526957697 0.07200112447649773 0.7115488798871556 20.523416145242937 3.657164938359295e-07 0.00017583540432877868 8.792196604661678e-05 8.791343828216186e-05 0.07208790116322904 2.686686247562988e-06 8.792196604661678e-05 8.791343828216186e-05 8.813404425480369e-05 8.813404422584222e-05
2000.0 12.451920593144244 -9.271404304105364 68.7887947846147 -756976.9339311741 2.6674827248114486e-06 24.9530310337471 24.877067252534435 24.874439862585724 79.09400978120661 683.1602629487626 400.0 -3.377057902984977e-05 0.012607789198563507 0.07859117116137469 0.7117883818680255 21.01138463207152 3.596348206702779e-07 0.0001951747442700744 9.759502905437359e-05 9.757971521570081e-05 0.07869149445387631 2.685809189369035e-06 9.759502905437359e-05 9.75797152157008e-05 9.784405667998423e-05 9.784405665194275e-05
