# T(K)     volome         F(eV)   S(J/K)         H(J/K)      a(-6/K)     Cp(J/mol)         Cvion         Cpion     Sion     Sele     Smag           Hion     T-D(K)           Cv  Bt(GPa)      dCp   Gamma
# Pressure =       0.0000  GPa
   0.0  32.165650   -3.69620578   0.0000      -356629.7   0.00000000  0.000000E+00  0.000000E+00  0.000000E+00   0.0000   0.0000   0.0000      -356629.7   112.9371  0.000000E+00  3.891336E+01  0.000000E+00   0.0000   0.0000  0.000000E+00  0.000000E+00  0.000000E+00  0.000000E+00  0.000000E+00
  10.0  32.165693   -3.69620802   0.1157      -356628.7   0.40896372  5.556568E-01  5.556454E-01  7.954863E-01   0.1157   0.0000   0.0000      -356628.7   151.7687  5.556454E-01  3.891311E+01  1.134624E-05   1.6644   0.0000  0.000000E+00  0.000000E+00  0.000000E+00  0.000000E+00  0.000000E+00
  20.0  32.167606   -3.69629816   2.1337      -356595.9   4.15828398  6.832752E+00  6.830406E+00  6.660844E+00   2.1337   0.0000   0.0000      -356595.9   118.1544  6.830406E+00  3.890289E+01  2.345591E-03   1.3764   0.0000  0.000000E+00  0.000000E+00  0.000000E+00  0.000000E+00  0.000000E+00
  30.0  32.173979   -3.69672098   6.2295      -356492.5   8.71347261  1.338868E+01  1.337324E+01  1.343156E+01   6.2295   0.0000   0.0000      -356492.5   113.4714  1.337324E+01  3.886883E+01  1.543844E-02   1.4721   0.0000  0.000000E+00  0.000000E+00  0.000000E+00  0.000000E+00  0.000000E+00
  40.0  32.183883   -3.69759520  10.6795      -356336.6  11.57328195  1.740891E+01  1.737263E+01  1.742134E+01  10.6795   0.0000   0.0000      -356336.6   111.9092  1.737263E+01  3.881586E+01  3.627557E-02   1.5035   0.0000  0.000000E+00  0.000000E+00  0.000000E+00  0.000000E+00  0.000000E+00
  50.0  32.195972   -3.69891662  14.8358      -356149.4  13.32439755  1.978077E+01  1.972075E+01  1.980074E+01  14.8358   0.0000   0.0000      -356149.4   111.1751  1.972075E+01  3.875116E+01  6.002676E-02   1.5229   0.0000  0.000000E+00  0.000000E+00  0.000000E+00  0.000000E+00  0.000000E+00
  60.0  32.209414   -3.70064627  18.5752      -355943.6  14.42908526  2.124571E+01  2.116136E+01  2.126082E+01  18.5752   0.0000   0.0000      -355943.6   110.7558  2.116136E+01  3.867914E+01  8.434939E-02   1.5347   0.0000  0.000000E+00  0.000000E+00  0.000000E+00  0.000000E+00  0.000000E+00
  70.0  32.223737   -3.70274164  21.9197      -355725.9  15.16360089  2.220171E+01  2.209320E+01  2.221566E+01  21.9197   0.0000   0.0000      -355725.9   110.4819  2.209320E+01  3.860233E+01  1.085140E-01   1.5424   0.0000  0.000000E+00  0.000000E+00  0.000000E+00  0.000000E+00  0.000000E+00
  80.0  32.238662   -3.70516450  24.9221      -355500.3  15.67909571  2.285759E+01  2.272521E+01  2.286981E+01  24.9221   0.0000   0.0000      -355500.3   110.2840  2.272521E+01  3.852218E+01  1.323773E-01   1.5480   0.0000  0.000000E+00  0.000000E+00  0.000000E+00  0.000000E+00  0.000000E+00
  90.0  32.254021   -3.70788226  27.6350      -355269.1  16.05701221  2.332734E+01  2.317141E+01  2.333832E+01  27.6350   0.0000   0.0000      -355269.1   110.1295  2.317141E+01  3.843961E+01  1.559295E-01   1.5522   0.0000  0.000000E+00  0.000000E+00  0.000000E+00  0.000000E+00  0.000000E+00
 100.0  32.269707   -3.71086739  30.1038      -355033.9  16.34516540  2.367639E+01  2.349717E+01  2.368625E+01  30.1038   0.0000   0.0000      -355033.9   110.0013  2.349717E+01  3.835519E+01  1.792220E-01   1.5555   0.0000  0.000000E+00  0.000000E+00  0.000000E+00  0.000000E+00  0.000000E+00
 110.0  32.285649   -3.71409663  32.3655      -354795.7  16.57265544  2.394410E+01  2.374178E+01  2.395301E+01  32.3655   0.0000   0.0000      -354795.7   109.8897  2.374178E+01  3.826929E+01  2.023160E-01   1.5582   0.0000  0.000000E+00  0.000000E+00  0.000000E+00  0.000000E+00  0.000000E+00
 120.0  32.301797   -3.71755021  34.4504      -354555.1  16.75785833  2.415515E+01  2.392989E+01  2.416323E+01  34.4504   0.0000   0.0000      -354555.1   109.7890  2.392989E+01  3.818217E+01  2.252678E-01   1.5604   0.0000  0.000000E+00  0.000000E+00  0.000000E+00  0.000000E+00  0.000000E+00
 130.0  32.318118   -3.72121120  36.3830      -354312.6  16.91278758  2.432563E+01  2.407750E+01  2.433298E+01  36.3830   0.0000   0.0000      -354312.6   109.6956  2.407750E+01  3.809403E+01  2.481248E-01   1.5624   0.0000  0.000000E+00  0.000000E+00  0.000000E+00  0.000000E+00  0.000000E+00
 140.0  32.334586   -3.72506496  38.1833      -354068.5  17.04554289  2.446632E+01  2.419540E+01  2.447302E+01  38.1833   0.0000   0.0000      -354068.5   109.6069  2.419540E+01  3.800496E+01  2.709261E-01   1.5641   0.0000  0.000000E+00  0.000000E+00  0.000000E+00  0.000000E+00  0.000000E+00
 150.0  32.351182   -3.72909875  39.8680      -353823.2  17.16173574  2.458470E+01  2.429100E+01  2.459081E+01  39.8680   0.0000   0.0000      -353823.2   109.5214  2.429100E+01  3.791511E+01  2.937038E-01   1.5656   0.0000  0.000000E+00  0.000000E+00  0.000000E+00  0.000000E+00  0.000000E+00
 160.0  32.367894   -3.73330141  41.4508      -353576.7  17.26534910  2.468604E+01  2.436955E+01  2.469163E+01  41.4508   0.0000   0.0000      -353576.7   109.4379  2.436955E+01  3.782448E+01  3.164839E-01   1.5671   0.0000  0.000000E+00  0.000000E+00  0.000000E+00  0.000000E+00  0.000000E+00
 170.0  32.384710   -3.73766307  42.9431      -353329.4  17.35926979  2.477417E+01  2.443488E+01  2.477928E+01  42.9431   0.0000   0.0000      -353329.4   109.3556  2.443488E+01  3.773321E+01  3.392884E-01   1.5684   0.0000  0.000000E+00  0.000000E+00  0.000000E+00  0.000000E+00  0.000000E+00
 180.0  32.401622   -3.74217497  44.3547      -353081.2  17.44563147  2.485190E+01  2.448977E+01  2.485658E+01  44.3547   0.0000   0.0000      -353081.2   109.2738  2.448977E+01  3.764127E+01  3.621350E-01   1.5697   0.0000  0.000000E+00  0.000000E+00  0.000000E+00  0.000000E+00  0.000000E+00
 190.0  32.418624   -3.74682930  45.6939      -352832.3  17.52603744  2.492136E+01  2.453632E+01  2.492564E+01  45.6939   0.0000   0.0000      -352832.3   109.1921  2.453632E+01  3.754875E+01  3.850389E-01   1.5709   0.0000  0.000000E+00  0.000000E+00  0.000000E+00  0.000000E+00  0.000000E+00
 200.0  32.435711   -3.75161904  46.9677      -352582.7  17.60171163  2.498415E+01  2.457614E+01  2.498806E+01  46.9677   0.0000   0.0000      -352582.7   109.1101  2.457614E+01  3.745565E+01  4.080130E-01   1.5720   0.0000  0.000000E+00  0.000000E+00  0.000000E+00  0.000000E+00  0.000000E+00
 210.0  32.452878   -3.75653785  48.1824      -352332.5  17.67360165  2.504153E+01  2.461046E+01  2.504509E+01  48.1824   0.0000   0.0000      -352332.5   109.0274  2.461046E+01  3.736198E+01  4.310682E-01   1.5731   0.0000  0.000000E+00  0.000000E+00  0.000000E+00  0.000000E+00  0.000000E+00
 220.0  32.470123   -3.76158002  49.3433      -352081.8  17.74244999  2.509446E+01  2.464024E+01  2.509770E+01  49.3433   0.0000   0.0000      -352081.8   108.9439  2.464024E+01  3.726774E+01  4.542139E-01   1.5742   0.0000  0.000000E+00  0.000000E+00  0.000000E+00  0.000000E+00  0.000000E+00
 230.0  32.487443   -3.76674033  50.4550      -351830.6  17.80884597  2.514371E+01  2.466625E+01  2.514666E+01  50.4550   0.0000   0.0000      -351830.6   108.8593  2.466625E+01  3.717301E+01  4.774591E-01   1.5752   0.0000  0.000000E+00  0.000000E+00  0.000000E+00  0.000000E+00  0.000000E+00
 240.0  32.504836   -3.77201405  51.5216      -351578.9  17.87326242  2.518991E+01  2.468910E+01  2.519257E+01  51.5216   0.0000   0.0000      -351578.9   108.7735  2.468910E+01  3.707775E+01  5.008109E-01   1.5763   0.0000  0.000000E+00  0.000000E+00  0.000000E+00  0.000000E+00  0.000000E+00
 250.0  32.522301   -3.77739683  52.5467      -351326.7  17.93608201  2.523356E+01  2.470928E+01  2.523595E+01  52.5467   0.0000   0.0000      -351326.7   108.6862  2.470928E+01  3.698196E+01  5.242758E-01   1.5773   0.0000  0.000000E+00  0.000000E+00  0.000000E+00  0.000000E+00  0.000000E+00
 260.0  32.539835   -3.78288470  53.5336      -351074.2  17.99761792  2.527505E+01  2.472719E+01  2.527719E+01  53.5336   0.0000   0.0000      -351074.2   108.5974  2.472719E+01  3.688566E+01  5.478603E-01   1.5783   0.0000  0.000000E+00  0.000000E+00  0.000000E+00  0.000000E+00  0.000000E+00
 270.0  32.557439   -3.78847400  54.4852      -350821.2  18.05812882  2.531472E+01  2.474315E+01  2.531662E+01  54.4852   0.0000   0.0000      -350821.2   108.5069  2.474315E+01  3.678887E+01  5.715701E-01   1.5793   0.0000  0.000000E+00  0.000000E+00  0.000000E+00  0.000000E+00  0.000000E+00
 280.0  32.575111   -3.79416138  55.4040      -350567.9  18.11782953  2.535285E+01  2.475744E+01  2.535451E+01  55.4040   0.0000   0.0000      -350567.9   108.4145  2.475744E+01  3.669157E+01  5.954099E-01   1.5802   0.0000  0.000000E+00  0.000000E+00  0.000000E+00  0.000000E+00  0.000000E+00
 290.0  32.592850   -3.79994371  56.2922      -350314.1  18.17690080  2.538967E+01  2.477028E+01  2.539111E+01  56.2922   0.0000   0.0000      -350314.1   108.3203  2.477028E+01  3.659377E+01  6.193850E-01   1.5812   0.0000  0.000000E+00  0.000000E+00  0.000000E+00  0.000000E+00  0.000000E+00
 300.0  32.610657   -3.80581814  57.1521      -350060.0  18.23549527  2.542536E+01  2.478187E+01  2.542660E+01  57.1521   0.0000   0.0000      -350060.0   108.2240  2.478187E+01  3.649547E+01  6.434998E-01   1.5822   0.0000  0.000000E+00  0.000000E+00  0.000000E+00  0.000000E+00  0.000000E+00
 310.0  32.628530   -3.81178200  57.9855      -349805.6  18.29374306  2.546011E+01  2.479235E+01  2.546114E+01  57.9855   0.0000   0.0000      -349805.6   108.1256  2.479235E+01  3.639668E+01  6.677588E-01   1.5831   0.0000  0.000000E+00  0.000000E+00  0.000000E+00  0.000000E+00  0.000000E+00
 320.0  32.646471   -3.81783284  58.7941      -349550.8  18.35175594  2.549403E+01  2.480187E+01  2.549486E+01  58.7941   0.0000   0.0000      -349550.8   108.0249  2.480187E+01  3.629737E+01  6.921658E-01   1.5841   0.0000  0.000000E+00  0.000000E+00  0.000000E+00  0.000000E+00  0.000000E+00
 330.0  32.664478   -3.82396837  59.5794      -349295.7  18.40963050  2.552726E+01  2.481054E+01  2.552790E+01  59.5794   0.0000   0.0000      -349295.7   107.9219  2.481054E+01  3.619758E+01  7.167254E-01   1.5850   0.0000  0.000000E+00  0.000000E+00  0.000000E+00  0.000000E+00  0.000000E+00
 340.0  32.682551   -3.83018648  60.3429      -349040.3  18.46745088  2.555990E+01  2.481846E+01  2.556035E+01  60.3429   0.0000   0.0000      -349040.3   107.8164  2.481846E+01  3.609727E+01  7.414410E-01   1.5860   0.0000  0.000000E+00  0.000000E+00  0.000000E+00  0.000000E+00  0.000000E+00
 350.0  32.700691   -3.83648518  61.0860      -348784.5  18.52529079  2.559202E+01  2.482571E+01  2.559229E+01  61.0860   0.0000   0.0000      -348784.5   107.7084  2.482571E+01  3.599645E+01  7.663167E-01   1.5869   0.0000  0.000000E+00  0.000000E+00  0.000000E+00  0.000000E+00  0.000000E+00
 360.0  32.718899   -3.84286266  61.8097      -348528.4  18.58321570  2.562372E+01  2.483236E+01  2.562381E+01  61.8097   0.0000   0.0000      -348528.4   107.5978  2.483236E+01  3.589515E+01  7.913566E-01   1.5879   0.0000  0.000000E+00  0.000000E+00  0.000000E+00  0.000000E+00  0.000000E+00
 370.0  32.737173   -3.84931722  62.5153      -348272.0  18.64128323  2.565505E+01  2.483849E+01  2.565497E+01  62.5153   0.0000   0.0000      -348272.0   107.4845  2.483849E+01  3.579333E+01  8.165637E-01   1.5888   0.0000  0.000000E+00  0.000000E+00  0.000000E+00  0.000000E+00  0.000000E+00
 380.0  32.755514   -3.85584726  63.2038      -348015.3  18.69954559  2.568608E+01  2.484414E+01  2.568583E+01  63.2038   0.0000   0.0000      -348015.3   107.3683  2.484414E+01  3.569100E+01  8.419423E-01   1.5897   0.0000  0.000000E+00  0.000000E+00  0.000000E+00  0.000000E+00  0.000000E+00
 390.0  32.773924   -3.86245133  63.8760      -347758.3  18.75804962  2.571685E+01  2.484936E+01  2.571644E+01  63.8760   0.0000   0.0000      -347758.3   107.2492  2.484936E+01  3.558815E+01  8.674956E-01   1.5907   0.0000  0.000000E+00  0.000000E+00  0.000000E+00  0.000000E+00  0.000000E+00
 400.0  32.792401   -3.86912805  64.5329      -347501.0  18.81683742  2.574742E+01  2.485419E+01  2.574684E+01  64.5329   0.0000   0.0000      -347501.0   107.1271  2.485419E+01  3.548477E+01  8.932273E-01   1.5916   0.0000  0.000000E+00  0.000000E+00  0.000000E+00  0.000000E+00  0.000000E+00
 410.0  32.810947   -3.87587617  65.1753      -347243.4  18.87594841  2.577782E+01  2.485868E+01  2.577709E+01  65.1753   0.0000   0.0000      -347243.4   107.0019  2.485868E+01  3.538090E+01  9.191419E-01   1.5925   0.0000  0.000000E+00  0.000000E+00  0.000000E+00  0.000000E+00  0.000000E+00
 420.0  32.829561   -3.88269451  65.8040      -346985.4  18.93541807  2.580809E+01  2.486285E+01  2.580720E+01  65.8040   0.0000   0.0000      -346985.4   106.8734  2.486285E+01  3.527647E+01  9.452414E-01   1.5935   0.0000  0.000000E+00  0.000000E+00  0.000000E+00  0.000000E+00  0.000000E+00
 430.0  32.848245   -3.88958199  66.4196      -346727.2  18.99527966  2.583827E+01  2.486673E+01  2.583722E+01  66.4196   0.0000   0.0000      -346727.2   106.7416  2.486673E+01  3.517153E+01  9.715312E-01   1.5944   0.0000  0.000000E+00  0.000000E+00  0.000000E+00  0.000000E+00  0.000000E+00
 440.0  32.866999   -3.89653760  67.0229      -346468.7  19.05556393  2.586837E+01  2.487036E+01  2.586717E+01  67.0229   0.0000   0.0000      -346468.7   106.6064  2.487036E+01  3.506605E+01  9.980140E-01   1.5954   0.0000  0.000000E+00  0.000000E+00  0.000000E+00  0.000000E+00  0.000000E+00
 450.0  32.885824   -3.90356041  67.6144      -346209.9  19.11630005  2.589844E+01  2.487374E+01  2.589708E+01  67.6144   0.0000   0.0000      -346209.9   106.4676  2.487374E+01  3.496003E+01  1.024694E+00   1.5963   0.0000  0.000000E+00  0.000000E+00  0.000000E+00  0.000000E+00  0.000000E+00
 460.0  32.904719   -3.91064959  68.1948      -345950.8  19.17751561  2.592849E+01  2.487691E+01  2.592698E+01  68.1948   0.0000   0.0000      -345950.8   106.3251  2.487691E+01  3.485345E+01  1.051574E+00   1.5972   0.0000  0.000000E+00  0.000000E+00  0.000000E+00  0.000000E+00  0.000000E+00
 470.0  32.923686   -3.91780434  68.7646      -345691.3  19.23923626  2.595854E+01  2.487988E+01  2.595689E+01  68.7646   0.0000   0.0000      -345691.3   106.1789  2.487988E+01  3.474633E+01  1.078660E+00   1.5982   0.0000  0.000000E+00  0.000000E+00  0.000000E+00  0.000000E+00  0.000000E+00
 480.0  32.942725   -3.92502395  69.3243      -345431.6  19.30148721  2.598862E+01  2.488267E+01  2.598682E+01  69.3243   0.0000   0.0000      -345431.6   106.0289  2.488267E+01  3.463865E+01  1.105953E+00   1.5991   0.0000  0.000000E+00  0.000000E+00  0.000000E+00  0.000000E+00  0.000000E+00
 490.0  32.961836   -3.93230779  69.8744      -345171.6  19.36429229  2.601875E+01  2.488529E+01  2.601680E+01  69.8744   0.0000   0.0000      -345171.6   105.8748  2.488529E+01  3.453042E+01  1.133460E+00   1.6001   0.0000  0.000000E+00  0.000000E+00  0.000000E+00  0.000000E+00  0.000000E+00
 500.0  32.981022   -3.93965527  70.4154      -344911.3  19.42767487  2.604894E+01  2.488775E+01  2.604684E+01  70.4154   0.0000   0.0000      -344911.3   105.7166  2.488775E+01  3.442162E+01  1.161183E+00   1.6010   0.0000  0.000000E+00  0.000000E+00  0.000000E+00  0.000000E+00  0.000000E+00
 510.0  33.000281   -3.94706585  70.9477      -344650.7  19.49165733  2.607920E+01  2.489008E+01  2.607696E+01  70.9477   0.0000   0.0000      -344650.7   105.5541  2.489008E+01  3.431226E+01  1.189127E+00   1.6020   0.0000  0.000000E+00  0.000000E+00  0.000000E+00  0.000000E+00  0.000000E+00
 520.0  33.019616   -3.95453909  71.4718      -344389.7  19.55631263  2.610957E+01  2.489227E+01  2.610718E+01  71.4718   0.0000   0.0000      -344389.7   105.3873  2.489227E+01  3.420231E+01  1.217302E+00   1.6030   0.0000  0.000000E+00  0.000000E+00  0.000000E+00  0.000000E+00  0.000000E+00
 530.0  33.039026   -3.96207457  71.9879      -344128.5  19.62129447  2.614000E+01  2.489434E+01  2.613748E+01  71.9879   0.0000   0.0000      -344128.5   105.2159  2.489434E+01  3.409177E+01  1.245666E+00   1.6039   0.0000  0.000000E+00  0.000000E+00  0.000000E+00  0.000000E+00  0.000000E+00
 540.0  33.058513   -3.96967193  72.4966      -343867.0  19.68818617  2.617072E+01  2.489629E+01  2.616799E+01  72.4966   0.0000   0.0000      -343867.0   105.0400  2.489629E+01  3.398064E+01  1.274423E+00   1.6049   0.0000  0.000000E+00  0.000000E+00  0.000000E+00  0.000000E+00  0.000000E+00
 550.0  33.078077   -3.97733087  72.9981      -343605.2  19.75109277  2.620102E+01  2.489814E+01  2.619832E+01  72.9981   0.0000   0.0000      -343605.2   104.8592  2.489814E+01  3.387060E+01  1.302871E+00   1.6057   0.0000  0.000000E+00  0.000000E+00  0.000000E+00  0.000000E+00  0.000000E+00
 560.0  33.097709   -3.98505101  73.4928      -343343.0  19.80391337  2.623107E+01  2.489990E+01  2.622807E+01  73.4928   0.0000   0.0000      -343343.0   104.6736  2.489990E+01  3.378718E+01  1.331170E+00   1.6069   0.0000  0.000000E+00  0.000000E+00  0.000000E+00  0.000000E+00  0.000000E+00
 570.0  33.117403   -3.99283169  73.9809      -343080.6  19.85397288  2.626079E+01  2.490156E+01  2.625772E+01  73.9809   0.0000   0.0000      -343080.6   104.4834  2.490156E+01  3.370340E+01  1.359231E+00   1.6078   0.0000  0.000000E+00  0.000000E+00  0.000000E+00  0.000000E+00  0.000000E+00
 580.0  33.137160   -4.00067226  74.4627      -342817.9  19.90528986  2.629073E+01  2.490314E+01  2.628753E+01  74.4627   0.0000   0.0000      -342817.9   104.2887  2.490314E+01  3.361922E+01  1.387591E+00   1.6088   0.0000  0.000000E+00  0.000000E+00  0.000000E+00  0.000000E+00  0.000000E+00
 590.0  33.156980   -4.00857208  74.9383      -342554.9  19.95678961  2.632075E+01  2.490464E+01  2.631745E+01  74.9383   0.0000   0.0000      -342554.9   104.0896  2.490464E+01  3.353464E+01  1.416105E+00   1.6097   0.0000  0.000000E+00  0.000000E+00  0.000000E+00  0.000000E+00  0.000000E+00
 600.0  33.176863   -4.01653051  75.4080      -342291.5  20.00878323  2.635089E+01  2.490607E+01  2.634749E+01  75.4080   0.0000   0.0000      -342291.5   103.8861  2.490607E+01  3.344969E+01  1.444819E+00   1.6107   0.0000  0.000000E+00  0.000000E+00  0.000000E+00  0.000000E+00  0.000000E+00
 610.0  33.196810   -4.02454691  75.8719      -342027.9  20.06120783  2.638115E+01  2.490743E+01  2.637767E+01  75.8719   0.0000   0.0000      -342027.9   103.6785  2.490743E+01  3.336431E+01  1.473723E+00   1.6117   0.0000  0.000000E+00  0.000000E+00  0.000000E+00  0.000000E+00  0.000000E+00
 620.0  33.216821   -4.03262064  76.3303      -341764.0  20.11408627  2.641154E+01  2.490872E+01  2.640799E+01  76.3303   0.0000   0.0000      -341764.0   103.4669  2.490872E+01  3.327854E+01  1.502824E+00   1.6127   0.0000  0.000000E+00  0.000000E+00  0.000000E+00  0.000000E+00  0.000000E+00
 630.0  33.236898   -4.04075107  76.7834      -341499.7  20.16742934  2.644208E+01  2.490995E+01  2.643845E+01  76.7834   0.0000   0.0000      -341499.7   103.2513  2.490995E+01  3.319238E+01  1.532124E+00   1.6136   0.0000  0.000000E+00  0.000000E+00  0.000000E+00  0.000000E+00  0.000000E+00
 640.0  33.257039   -4.04893755  77.2311      -341235.2  20.22124870  2.647275E+01  2.491113E+01  2.646907E+01  77.2311   0.0000   0.0000      -341235.2   103.0319  2.491113E+01  3.310579E+01  1.561626E+00   1.6146   0.0000  0.000000E+00  0.000000E+00  0.000000E+00  0.000000E+00  0.000000E+00
 650.0  33.277248   -4.05717944  77.6738      -340970.4  20.27555568  2.650358E+01  2.491225E+01  2.649985E+01  77.6738   0.0000   0.0000      -340970.4   102.8089  2.491225E+01  3.301879E+01  1.591333E+00   1.6156   0.0000  0.000000E+00  0.000000E+00  0.000000E+00  0.000000E+00  0.000000E+00
 660.0  33.297523   -4.06547609  78.1116      -340705.2  20.33036124  2.653456E+01  2.491332E+01  2.653079E+01  78.1116   0.0000   0.0000      -340705.2   102.5823  2.491332E+01  3.293138E+01  1.621248E+00   1.6166   0.0000  0.000000E+00  0.000000E+00  0.000000E+00  0.000000E+00  0.000000E+00
 670.0  33.317865   -4.07382684  78.5445      -340439.7  20.38567691  2.656571E+01  2.491434E+01  2.656191E+01  78.5445   0.0000   0.0000      -340439.7   102.3524  2.491434E+01  3.284353E+01  1.651375E+00   1.6176   0.0000  0.000000E+00  0.000000E+00  0.000000E+00  0.000000E+00  0.000000E+00
 680.0  33.338275   -4.08223102  78.9728      -340174.0  20.44151403  2.659703E+01  2.491531E+01  2.659320E+01  78.9728   0.0000   0.0000      -340174.0   102.1193  2.491531E+01  3.275527E+01  1.681717E+00   1.6186   0.0000  0.000000E+00  0.000000E+00  0.000000E+00  0.000000E+00  0.000000E+00
 690.0  33.358754   -4.09068796  79.3965      -339907.9  20.49788364  2.662852E+01  2.491625E+01  2.662468E+01  79.3965   0.0000   0.0000      -339907.9   101.8831  2.491625E+01  3.266657E+01  1.712277E+00   1.6196   0.0000  0.000000E+00  0.000000E+00  0.000000E+00  0.000000E+00  0.000000E+00
 700.0  33.379302   -4.09919697  79.8156      -339641.5  20.55479739  2.666020E+01  2.491714E+01  2.665634E+01  79.8156   0.0000   0.0000      -339641.5   101.6440  2.491714E+01  3.257745E+01  1.743060E+00   1.6206   0.0000  0.000000E+00  0.000000E+00  0.000000E+00  0.000000E+00  0.000000E+00
 710.0  33.399921   -4.10775734  80.2305      -339374.8  20.61226690  2.669206E+01  2.491800E+01  2.668820E+01  80.2305   0.0000   0.0000      -339374.8   101.4021  2.491800E+01  3.248787E+01  1.774067E+00   1.6216   0.0000  0.000000E+00  0.000000E+00  0.000000E+00  0.000000E+00  0.000000E+00
 720.0  33.420610   -4.11636835  80.6410      -339107.7  20.67030366  2.672412E+01  2.491882E+01  2.672026E+01  80.6410   0.0000   0.0000      -339107.7   101.1577  2.491882E+01  3.239786E+01  1.805304E+00   1.6226   0.0000  0.000000E+00  0.000000E+00  0.000000E+00  0.000000E+00  0.000000E+00
 730.0  33.441370   -4.12502928  81.0473      -338840.3  20.72891918  2.675638E+01  2.491960E+01  2.675253E+01  81.0473   0.0000   0.0000      -338840.3   100.9109  2.491960E+01  3.230739E+01  1.836774E+00   1.6237   0.0000  0.000000E+00  0.000000E+00  0.000000E+00  0.000000E+00  0.000000E+00
 740.0  33.462202   -4.13373937  81.4495      -338572.7  20.78812616  2.678884E+01  2.492036E+01  2.678500E+01  81.4495   0.0000   0.0000      -338572.7   100.6619  2.492036E+01  3.221648E+01  1.868480E+00   1.6247   0.0000  0.000000E+00  0.000000E+00  0.000000E+00  0.000000E+00  0.000000E+00
 750.0  33.483107   -4.14249785  81.8476      -338304.6  20.84793574  2.682151E+01  2.492108E+01  2.681769E+01  81.8476   0.0000   0.0000      -338304.6   100.4108  2.492108E+01  3.212513E+01  1.900429E+00   1.6257   0.0000  0.000000E+00  0.000000E+00  0.000000E+00  0.000000E+00  0.000000E+00
 760.0  33.504085   -4.15130394  82.2417      -338036.3  20.90836056  2.685439E+01  2.492177E+01  2.685061E+01  82.2417   0.0000   0.0000      -338036.3   100.1580  2.492177E+01  3.203329E+01  1.932619E+00   1.6267   0.0000  0.000000E+00  0.000000E+00  0.000000E+00  0.000000E+00  0.000000E+00
 770.0  33.525138   -4.16015682  82.6319      -337767.6  20.96941341  2.688750E+01  2.492244E+01  2.688375E+01  82.6319   0.0000   0.0000      -337767.6    99.9034  2.492244E+01  3.194098E+01  1.965059E+00   1.6277   0.0000  0.000000E+00  0.000000E+00  0.000000E+00  0.000000E+00  0.000000E+00
 780.0  33.546266   -4.16905565  83.0181      -337498.6  21.03110626  2.692083E+01  2.492308E+01  2.691712E+01  83.0181   0.0000   0.0000      -337498.6    99.6475  2.492308E+01  3.184821E+01  1.997752E+00   1.6288   0.0000  0.000000E+00  0.000000E+00  0.000000E+00  0.000000E+00  0.000000E+00
 790.0  33.567469   -4.17799959  83.4006      -337229.3  21.09345244  2.695439E+01  2.492369E+01  2.695074E+01  83.4006   0.0000   0.0000      -337229.3    99.3903  2.492369E+01  3.175498E+01  2.030703E+00   1.6298   0.0000  0.000000E+00  0.000000E+00  0.000000E+00  0.000000E+00  0.000000E+00
 800.0  33.588749   -4.18698774  83.7792      -336959.6  21.15646490  2.698819E+01  2.492428E+01  2.698459E+01  83.7792   0.0000   0.0000      -336959.6    99.1321  2.492428E+01  3.166128E+01  2.063916E+00   1.6309   0.0000  0.000000E+00  0.000000E+00  0.000000E+00  0.000000E+00  0.000000E+00
 810.0  33.610107   -4.19601920  84.1540      -336689.6  21.22015689  2.702224E+01  2.492485E+01  2.701870E+01  84.1540   0.0000   0.0000      -336689.6    98.8732  2.492485E+01  3.156705E+01  2.097392E+00   1.6319   0.0000  0.000000E+00  0.000000E+00  0.000000E+00  0.000000E+00  0.000000E+00
 820.0  33.631542   -4.20509302  84.5251      -336419.2  21.28454195  2.705653E+01  2.492539E+01  2.705306E+01  84.5251   0.0000   0.0000      -336419.2    98.6137  2.492539E+01  3.147234E+01  2.131139E+00   1.6329   0.0000  0.000000E+00  0.000000E+00  0.000000E+00  0.000000E+00  0.000000E+00
 830.0  33.653057   -4.21420824  84.8925      -336148.5  21.34963442  2.709108E+01  2.492591E+01  2.708768E+01  84.8925   0.0000   0.0000      -336148.5    98.3539  2.492591E+01  3.137716E+01  2.165163E+00   1.6340   0.0000  0.000000E+00  0.000000E+00  0.000000E+00  0.000000E+00  0.000000E+00
 840.0  33.674651   -4.22336385  85.2562      -335877.5  21.41544814  2.712589E+01  2.492642E+01  2.712256E+01  85.2562   0.0000   0.0000      -335877.5    98.0941  2.492642E+01  3.128147E+01  2.199466E+00   1.6350   0.0000  0.000000E+00  0.000000E+00  0.000000E+00  0.000000E+00  0.000000E+00
 850.0  33.696327   -4.23255883  85.6162      -335606.1  21.48199753  2.716096E+01  2.492690E+01  2.715772E+01  85.6162   0.0000   0.0000      -335606.1    97.8345  2.492690E+01  3.118528E+01  2.234056E+00   1.6361   0.0000  0.000000E+00  0.000000E+00  0.000000E+00  0.000000E+00  0.000000E+00
 860.0  33.718084   -4.24179210  85.9726      -335334.3  21.54929739  2.719630E+01  2.492737E+01  2.719315E+01  85.9726   0.0000   0.0000      -335334.3    97.5753  2.492737E+01  3.108854E+01  2.268932E+00   1.6372   0.0000  0.000000E+00  0.000000E+00  0.000000E+00  0.000000E+00  0.000000E+00
 870.0  33.739923   -4.25106255  86.3253      -335062.2  21.61736314  2.723192E+01  2.492782E+01  2.722887E+01  86.3253   0.0000   0.0000      -335062.2    97.3169  2.492782E+01  3.099130E+01  2.304104E+00   1.6382   0.0000  0.000000E+00  0.000000E+00  0.000000E+00  0.000000E+00  0.000000E+00
 880.0  33.761846   -4.26036906  86.6743      -334789.7  21.68621021  2.726783E+01  2.492825E+01  2.726488E+01  86.6743   0.0000   0.0000      -334789.7    97.0596  2.492825E+01  3.089354E+01  2.339577E+00   1.6393   0.0000  0.000000E+00  0.000000E+00  0.000000E+00  0.000000E+00  0.000000E+00
 890.0  33.783853   -4.26971044  87.0197      -334516.9  21.75585419  2.730403E+01  2.492867E+01  2.730118E+01  87.0197   0.0000   0.0000      -334516.9    96.8036  2.492867E+01  3.079525E+01  2.375356E+00   1.6404   0.0000  0.000000E+00  0.000000E+00  0.000000E+00  0.000000E+00  0.000000E+00
 900.0  33.805946   -4.27908546  87.3614      -334243.7  21.82631155  2.734052E+01  2.492907E+01  2.733779E+01  87.3614   0.0000   0.0000      -334243.7    96.5492  2.492907E+01  3.069643E+01  2.411447E+00   1.6414   0.0000  0.000000E+00  0.000000E+00  0.000000E+00  0.000000E+00  0.000000E+00
 910.0  33.828125   -4.28849287  87.6995      -333970.2  21.89759878  2.737731E+01  2.492946E+01  2.737470E+01  87.6995   0.0000   0.0000      -333970.2    96.2967  2.492946E+01  3.059709E+01  2.447856E+00   1.6425   0.0000  0.000000E+00  0.000000E+00  0.000000E+00  0.000000E+00  0.000000E+00
 920.0  33.850392   -4.29793135  88.0339      -333696.2  21.96973310  2.741442E+01  2.492983E+01  2.741193E+01  88.0339   0.0000   0.0000      -333696.2    96.0466  2.492983E+01  3.049715E+01  2.484585E+00   1.6436   0.0000  0.000000E+00  0.000000E+00  0.000000E+00  0.000000E+00  0.000000E+00
 930.0  33.872747   -4.30739956  88.3645      -333421.9  22.04273221  2.745183E+01  2.493019E+01  2.744948E+01  88.3645   0.0000   0.0000      -333421.9    95.7990  2.493019E+01  3.039664E+01  2.521641E+00   1.6447   0.0000  0.000000E+00  0.000000E+00  0.000000E+00  0.000000E+00  0.000000E+00
 940.0  33.895191   -4.31689610  88.6914      -333147.2  22.11661366  2.748957E+01  2.493054E+01  2.748735E+01  88.6914   0.0000   0.0000      -333147.2    95.5544  2.493054E+01  3.029562E+01  2.559037E+00   1.6458   0.0000  0.000000E+00  0.000000E+00  0.000000E+00  0.000000E+00  0.000000E+00
 950.0  33.917726   -4.32641952  89.0146      -332872.2  22.19139605  2.752764E+01  2.493087E+01  2.752556E+01  89.0146   0.0000   0.0000      -332872.2    95.3132  2.493087E+01  3.019402E+01  2.596773E+00   1.6469   0.0000  0.000000E+00  0.000000E+00  0.000000E+00  0.000000E+00  0.000000E+00
 960.0  33.940352   -4.33596832  89.3340      -332596.7  22.26709838  2.756605E+01  2.493119E+01  2.756412E+01  89.3340   0.0000   0.0000      -332596.7    95.0755  2.493119E+01  3.009182E+01  2.634856E+00   1.6480   0.0000  0.000000E+00  0.000000E+00  0.000000E+00  0.000000E+00  0.000000E+00
 970.0  33.963071   -4.34554094  89.6496      -332320.9  22.34373999  2.760479E+01  2.493150E+01  2.760302E+01  89.6496   0.0000   0.0000      -332320.9    94.8420  2.493150E+01  2.998905E+01  2.673293E+00   1.6491   0.0000  0.000000E+00  0.000000E+00  0.000000E+00  0.000000E+00  0.000000E+00
 980.0  33.985884   -4.35513577  89.9613      -332044.7  22.42134086  2.764389E+01  2.493180E+01  2.764227E+01  89.9613   0.0000   0.0000      -332044.7    94.6129  2.493180E+01  2.988570E+01  2.712094E+00   1.6502   0.0000  0.000000E+00  0.000000E+00  0.000000E+00  0.000000E+00  0.000000E+00
 990.0  34.008792   -4.36475116  90.2692      -331768.0  22.49992179  2.768335E+01  2.493209E+01  2.768190E+01  90.2692   0.0000   0.0000      -331768.0    94.3886  2.493209E+01  2.978176E+01  2.751264E+00   1.6513   0.0000  0.000000E+00  0.000000E+00  0.000000E+00  0.000000E+00  0.000000E+00
1000.0  34.031796   -4.37438538  90.5730      -331491.0  22.57950357  2.772317E+01  2.493236E+01  2.772189E+01  90.5730   0.0000   0.0000      -331491.0    94.1697  2.493236E+01  2.967719E+01  2.790808E+00   1.6525   0.0000  0.000000E+00  0.000000E+00  0.000000E+00  0.000000E+00  0.000000E+00
1010.0  34.054898   -4.38403665  90.8729      -331213.6  22.66010789  2.776336E+01  2.493263E+01  2.776226E+01  90.8729   0.0000   0.0000      -331213.6    93.9564  2.493263E+01  2.957201E+01  2.830735E+00   1.6536   0.0000  0.000000E+00  0.000000E+00  0.000000E+00  0.000000E+00  0.000000E+00
1020.0  34.078098   -4.39370311  91.1688      -330935.8  22.74175752  2.780394E+01  2.493289E+01  2.780302E+01  91.1688   0.0000   0.0000      -330935.8    93.7492  2.493289E+01  2.946624E+01  2.871056E+00   1.6547   0.0000  0.000000E+00  0.000000E+00  0.000000E+00  0.000000E+00  0.000000E+00
1030.0  34.101398   -4.40338285  91.4605      -330657.5  22.82447485  2.784491E+01  2.493313E+01  2.784418E+01  91.4605   0.0000   0.0000      -330657.5    93.5486  2.493313E+01  2.935983E+01  2.911777E+00   1.6559   0.0000  0.000000E+00  0.000000E+00  0.000000E+00  0.000000E+00  0.000000E+00
1040.0  34.124799   -4.41307389  91.7481      -330378.9  22.90828381  2.788627E+01  2.493337E+01  2.788574E+01  91.7481   0.0000   0.0000      -330378.9    93.3551  2.493337E+01  2.925277E+01  2.952902E+00   1.6570   0.0000  0.000000E+00  0.000000E+00  0.000000E+00  0.000000E+00  0.000000E+00
1050.0  34.148303   -4.42277418  92.0315      -330099.8  22.99320910  2.792805E+01  2.493360E+01  2.792771E+01  92.0315   0.0000   0.0000      -330099.8    93.1691  2.493360E+01  2.914506E+01  2.994444E+00   1.6581   0.0000  0.000000E+00  0.000000E+00  0.000000E+00  0.000000E+00  0.000000E+00
1060.0  34.171911   -4.43248159  92.3105      -329820.3  23.07927576  2.797024E+01  2.493382E+01  2.797011E+01  92.3105   0.0000   0.0000      -329820.3    92.9911  2.493382E+01  2.903675E+01  3.036414E+00   1.6593   0.0000  0.000000E+00  0.000000E+00  0.000000E+00  0.000000E+00  0.000000E+00
1070.0  34.195623   -4.44219391  92.5852      -329540.4  23.16650905  2.801285E+01  2.493404E+01  2.801293E+01  92.5852   0.0000   0.0000      -329540.4    92.8217  2.493404E+01  2.892774E+01  3.078814E+00   1.6604   0.0000  0.000000E+00  0.000000E+00  0.000000E+00  0.000000E+00  0.000000E+00
1080.0  34.219443   -4.45190888  92.8554      -329260.1  23.25493609  2.805589E+01  2.493424E+01  2.805620E+01  92.8554   0.0000   0.0000      -329260.1    92.6613  2.493424E+01  2.881802E+01  3.121653E+00   1.6616   0.0000  0.000000E+00  0.000000E+00  0.000000E+00  0.000000E+00  0.000000E+00
1090.0  34.243370   -4.46162412  93.1211      -328979.3  23.34458468  2.809939E+01  2.493444E+01  2.809992E+01  93.1211   0.0000   0.0000      -328979.3    92.5105  2.493444E+01  2.870768E+01  3.164951E+00   1.6628   0.0000  0.000000E+00  0.000000E+00  0.000000E+00  0.000000E+00  0.000000E+00
1100.0  34.267407   -4.47133720  93.3822      -328698.1  23.43548295  2.814333E+01  2.493463E+01  2.814410E+01  93.3822   0.0000   0.0000      -328698.1    92.3698  2.493463E+01  2.859663E+01  3.208708E+00   1.6639   0.0000  0.000000E+00  0.000000E+00  0.000000E+00  0.000000E+00  0.000000E+00
1110.0  34.291555   -4.48104557  93.6386      -328416.4  23.52766020  2.818774E+01  2.493481E+01  2.818875E+01  93.6386   0.0000   0.0000      -328416.4    92.2398  2.493481E+01  2.848487E+01  3.252935E+00   1.6651   0.0000  0.000000E+00  0.000000E+00  0.000000E+00  0.000000E+00  0.000000E+00
1120.0  34.315816   -4.49074661  93.8901      -328134.3  23.62114647  2.823263E+01  2.493498E+01  2.823389E+01  93.8901   0.0000   0.0000      -328134.3    92.1210  2.493498E+01  2.837242E+01  3.297647E+00   1.6663   0.0000  0.000000E+00  0.000000E+00  0.000000E+00  0.000000E+00  0.000000E+00
1130.0  34.340190   -4.50043761  94.1368      -327851.7  23.71597336  2.827800E+01  2.493515E+01  2.827951E+01  94.1368   0.0000   0.0000      -327851.7    92.0141  2.493515E+01  2.825922E+01  3.342849E+00   1.6675   0.0000  0.000000E+00  0.000000E+00  0.000000E+00  0.000000E+00  0.000000E+00
1140.0  34.364681   -4.51011574  94.3784      -327568.7  23.81217284  2.832387E+01  2.493531E+01  2.832565E+01  94.3784   0.0000   0.0000      -327568.7    91.9196  2.493531E+01  2.814533E+01  3.388559E+00   1.6687   0.0000  0.000000E+00  0.000000E+00  0.000000E+00  0.000000E+00  0.000000E+00
1150.0  34.389289   -4.51977810  94.6149      -327285.2  23.90977841  2.837025E+01  2.493547E+01  2.837229E+01  94.6149   0.0000   0.0000      -327285.2    91.8382  2.493547E+01  2.803070E+01  3.434785E+00   1.6699   0.0000  0.000000E+00  0.000000E+00  0.000000E+00  0.000000E+00  0.000000E+00
1160.0  34.414016   -4.52942167  94.8462      -327001.3  24.00882487  2.841715E+01  2.493561E+01  2.841947E+01  94.8462   0.0000   0.0000      -327001.3    91.7704  2.493561E+01  2.791528E+01  3.481534E+00   1.6711   0.0000  0.000000E+00  0.000000E+00  0.000000E+00  0.000000E+00  0.000000E+00
1170.0  34.438864   -4.53904330  95.0721      -326716.8  24.10934712  2.846458E+01  2.493576E+01  2.846719E+01  95.0721   0.0000   0.0000      -326716.8    91.7170  2.493576E+01  2.779915E+01  3.528829E+00   1.6723   0.0000  0.000000E+00  0.000000E+00  0.000000E+00  0.000000E+00  0.000000E+00
1180.0  34.463834   -4.54863976  95.2925      -326431.9  24.21138228  2.851257E+01  2.493589E+01  2.851546E+01  95.2925   0.0000   0.0000      -326431.9    91.6784  2.493589E+01  2.768226E+01  3.576677E+00   1.6735   0.0000  0.000000E+00  0.000000E+00  0.000000E+00  0.000000E+00  0.000000E+00
1190.0  34.488929   -4.55820769  95.5073      -326146.5  24.31496891  2.856110E+01  2.493602E+01  2.856430E+01  95.5073   0.0000   0.0000      -326146.5    91.6556  2.493602E+01  2.756451E+01  3.625082E+00   1.6747   0.0000  0.000000E+00  0.000000E+00  0.000000E+00  0.000000E+00  0.000000E+00
1200.0  34.514151   -4.56774361  95.7164      -325860.6  24.42014596  2.861022E+01  2.493615E+01  2.861372E+01  95.7164   0.0000   0.0000      -325860.6    91.6489  2.493615E+01  2.744600E+01  3.674071E+00   1.6760   0.0000  0.000000E+00  0.000000E+00  0.000000E+00  0.000000E+00  0.000000E+00
1210.0  34.539500   -4.57724391  95.9196      -325574.2  24.52695459  2.865992E+01  2.493626E+01  2.866373E+01  95.9196   0.0000   0.0000      -325574.2    91.6593  2.493626E+01  2.732669E+01  3.723653E+00   1.6772   0.0000  0.000000E+00  0.000000E+00  0.000000E+00  0.000000E+00  0.000000E+00
1220.0  34.564980   -4.58670486  96.1168      -325287.4  24.63543740  2.871022E+01  2.493638E+01  2.871437E+01  96.1168   0.0000   0.0000      -325287.4    91.6873  2.493638E+01  2.720657E+01  3.773845E+00   1.6785   0.0000  0.000000E+00  0.000000E+00  0.000000E+00  0.000000E+00  0.000000E+00
1230.0  34.590592   -4.59612257  96.3077      -325000.0  24.74563742  2.876114E+01  2.493648E+01  2.876557E+01  96.3077   0.0000   0.0000      -325000.0    91.7336  2.493648E+01  2.708561E+01  3.824658E+00   1.6797   0.0000  0.000000E+00  0.000000E+00  0.000000E+00  0.000000E+00  0.000000E+00
1240.0  34.616339   -4.60549305  96.4924      -324712.0  24.85760091  2.881269E+01  2.493658E+01  2.881767E+01  96.4924   0.0000   0.0000      -324712.0    91.7991  2.493658E+01  2.696382E+01  3.876110E+00   1.6810   0.0000  0.000000E+00  0.000000E+00  0.000000E+00  0.000000E+00  0.000000E+00
1250.0  34.642222   -4.61481211  96.6705      -324423.6  24.97137484  2.886489E+01  2.493668E+01  2.886946E+01  96.6705   0.0000   0.0000      -324423.6    91.8843  2.493668E+01  2.684114E+01  3.928213E+00   1.6822   0.0000  0.000000E+00  0.000000E+00  0.000000E+00  0.000000E+00  0.000000E+00
1260.0  34.668244   -4.62407546  96.8420      -324134.6  25.08700844  2.891776E+01  2.493677E+01  2.892554E+01  96.8420   0.0000   0.0000      -324134.6    91.9900  2.493677E+01  2.671761E+01  3.980992E+00   1.6835   0.0000  0.000000E+00  0.000000E+00  0.000000E+00  0.000000E+00  0.000000E+00
1270.0  34.694406   -4.63331547  97.0094      -323845.1  25.20455212  2.897132E+01  2.493686E+01  2.897949E+01  97.0094   0.0000   0.0000      -323845.1    92.1000  2.493686E+01  2.659322E+01  4.034461E+00   1.6848   0.0000  0.000000E+00  0.000000E+00  0.000000E+00  0.000000E+00  0.000000E+00
1280.0  34.720712   -4.64245448  97.1670      -323555.1  25.32405848  2.902557E+01  2.493694E+01  2.903127E+01  97.1670   0.0000   0.0000      -323555.1    92.2488  2.493694E+01  2.646788E+01  4.088631E+00   1.6860   0.0000  0.000000E+00  0.000000E+00  0.000000E+00  0.000000E+00  0.000000E+00
1290.0  34.747163   -4.65152367  97.3173      -323264.5  25.44558321  2.908054E+01  2.493702E+01  2.908737E+01  97.3173   0.0000   0.0000      -323264.5    92.4204  2.493702E+01  2.634163E+01  4.143526E+00   1.6873   0.0000  0.000000E+00  0.000000E+00  0.000000E+00  0.000000E+00  0.000000E+00
1300.0  34.773762   -4.66051802  97.4603      -322973.3  25.56918238  2.913625E+01  2.493709E+01  2.914326E+01  97.4603   0.0000   0.0000      -322973.3    92.6155  2.493709E+01  2.621443E+01  4.199162E+00   1.6886   0.0000  0.000000E+00  0.000000E+00  0.000000E+00  0.000000E+00  0.000000E+00
1310.0  34.800512   -4.66943236  97.5955      -322681.6  25.69491551  2.919273E+01  2.493716E+01  2.920018E+01  97.5955   0.0000   0.0000      -322681.6    92.8349  2.493716E+01  2.608632E+01  4.255570E+00   1.6899   0.0000  0.000000E+00  0.000000E+00  0.000000E+00  0.000000E+00  0.000000E+00
1320.0  34.827415   -4.67826129  97.7230      -322389.3  25.82284453  2.924999E+01  2.493722E+01  2.925781E+01  97.7230   0.0000   0.0000      -322389.3    93.0795  2.493722E+01  2.595729E+01  4.312769E+00   1.6913   0.0000  0.000000E+00  0.000000E+00  0.000000E+00  0.000000E+00  0.000000E+00
1330.0  34.854474   -4.68699922  97.8423      -322096.5  25.95303290  2.930804E+01  2.493728E+01  2.931628E+01  97.8423   0.0000   0.0000      -322096.4    93.3498  2.493728E+01  2.582720E+01  4.370763E+00   1.6926   0.0000  0.000000E+00  0.000000E+00  0.000000E+00  0.000000E+00  0.000000E+00
1340.0  34.881691   -4.69564036  97.9533      -321803.0  26.08554819  2.936692E+01  2.493733E+01  2.937557E+01  97.9533   0.0000   0.0000      -321803.0    93.6468  2.493733E+01  2.569614E+01  4.429590E+00   1.6939   0.0000  0.000000E+00  0.000000E+00  0.000000E+00  0.000000E+00  0.000000E+00
1350.0  34.909069   -4.70417868  98.0558      -321508.9  26.22045936  2.942665E+01  2.493738E+01  2.943573E+01  98.0558   0.0000   0.0000      -321508.9    93.9712  2.493738E+01  2.556408E+01  4.489275E+00   1.6952   0.0000  0.000000E+00  0.000000E+00  0.000000E+00  0.000000E+00  0.000000E+00
1360.0  34.936611   -4.71260795  98.1495      -321214.3  26.35783892  2.948726E+01  2.493742E+01  2.949678E+01  98.1495   0.0000   0.0000      -321214.3    94.3236  2.493742E+01  2.543098E+01  4.549838E+00   1.6966   0.0000  0.000000E+00  0.000000E+00  0.000000E+00  0.000000E+00  0.000000E+00
1370.0  34.964321   -4.72092166  98.2341      -320919.0  26.49776254  2.954876E+01  2.493746E+01  2.955870E+01  98.2341   0.0000   0.0000      -320919.0    94.7050  2.493746E+01  2.529682E+01  4.611301E+00   1.6979   0.0000  0.000000E+00  0.000000E+00  0.000000E+00  0.000000E+00  0.000000E+00
1380.0  34.992201   -4.72911308  98.3094      -320623.1  26.64030909  2.961119E+01  2.493749E+01  2.962169E+01  98.3094   0.0000   0.0000      -320623.1    95.1160  2.493749E+01  2.516159E+01  4.673696E+00   1.6993   0.0000  0.000000E+00  0.000000E+00  0.000000E+00  0.000000E+00  0.000000E+00
1390.0  35.020254   -4.73717522  98.3751      -320326.6  26.78556104  2.967458E+01  2.493753E+01  2.968520E+01  98.3751   0.0000   0.0000      -320326.5    95.5574  2.493753E+01  2.502529E+01  4.737052E+00   1.7007   0.0000  0.000000E+00  0.000000E+00  0.000000E+00  0.000000E+00  0.000000E+00
1400.0  35.048484   -4.74510078  98.4309      -320029.4  26.93360349  2.973894E+01  2.493755E+01  2.975132E+01  98.4309   0.0000   0.0000      -320029.4    96.0300  2.493755E+01  2.488786E+01  4.801392E+00   1.7020   0.0000  0.000000E+00  0.000000E+00  0.000000E+00  0.000000E+00  0.000000E+00
1410.0  35.076894   -4.75288223  98.4765      -319731.6  27.08452718  2.980432E+01  2.493757E+01  2.981243E+01  98.4765   0.0000   0.0000      -319731.5    96.5345  2.493757E+01  2.474929E+01  4.866750E+00   1.7034   0.0000  0.000000E+00  0.000000E+00  0.000000E+00  0.000000E+00  0.000000E+00
1420.0  35.105488   -4.76051168  98.5117      -319433.1  27.30574524  2.989516E+01  2.493759E+01  2.989717E+01  98.5117   0.0000   0.0000      -319433.0    97.0716  2.493759E+01  2.460955E+01  4.957568E+00   1.7090   0.0000  0.000000E+00  0.000000E+00  0.000000E+00  0.000000E+00  0.000000E+00
1430.0  35.134269   -4.76798099  98.5359      -319133.9  27.08033724  2.982390E+01  2.493760E+01  2.989872E+01  98.5359   0.0000   0.0000      -319133.9    97.6422  2.493760E+01  2.446869E+01  4.886291E+00   1.6866   0.0000  0.000000E+00  0.000000E+00  0.000000E+00  0.000000E+00  0.000000E+00
1440.0  35.163240   -4.77528164  98.5491      -318834.0  28.63892444  3.041331E+01  2.493761E+01  3.021593E+01  98.5491   0.0000   0.0000      -318834.0    98.2469  2.493761E+01  2.432659E+01  5.475698E+00   1.7748   0.0000  0.000000E+00  0.000000E+00  0.000000E+00  0.000000E+00  0.000000E+00
1450.0  35.192407   -4.78240479  98.5507      -318533.5  23.79089471  2.872332E+01  2.493762E+01  2.936047E+01  98.5507   0.0000   0.0000      -318533.5    98.8865  2.493762E+01  2.418323E+01  3.785701E+00   1.4669   0.0000  0.000000E+00  0.000000E+00  0.000000E+00  0.000000E+00  0.000000E+00
1460.0  35.209005   -4.79078841  98.6206      -318254.8   6.26070827  2.520086E+01  2.493765E+01  2.610662E+01  98.6206   0.0000   0.0000      -318254.8    99.2643  2.493765E+01  2.410159E+01  2.632041E-01   0.3849   0.0000  0.000000E+00  0.000000E+00  0.000000E+00  0.000000E+00  0.000000E+00
1470.0  35.209005   -4.80101854  98.7908      -318005.4  -1.67889801  2.495679E+01  2.493773E+01  2.462451E+01  98.7908   0.0000   0.0000      -318005.4    99.2642  2.493773E+01  2.410156E+01  1.905717E-02  -0.1032   0.0000  0.000000E+00 -0.000000E+00  0.000000E+00  0.000000E+00  0.000000E+00
1480.0  35.209005   -4.81126626  98.9599      -317756.0   0.45488360  2.493922E+01  2.493781E+01  2.502174E+01  98.9599   0.0000   0.0000      -317756.0    99.2642  2.493781E+01  2.410155E+01  1.408492E-03   0.0280   0.0000  0.000000E+00  0.000000E+00  0.000000E+00  0.000000E+00  0.000000E+00
1490.0  35.209005   -4.82153144  99.1278      -317506.7  -0.12264519  2.493799E+01  2.493788E+01  2.491540E+01  99.1278   0.0000   0.0000      -317506.7    99.2642  2.493788E+01  2.410158E+01  1.030813E-04  -0.0075   0.0000  0.000000E+00 -0.000000E+00  0.000000E+00  0.000000E+00  0.000000E+00
1500.0  35.209005   -4.83181397  99.2946      -317257.3   0.02339276  2.493796E+01  2.493796E+01  2.494398E+01  99.2946   0.0000   0.0000      -317257.3    99.2642  2.493796E+01  2.410161E+01  3.775267E-06   0.0014   0.0000  0.000000E+00  0.000000E+00  0.000000E+00  0.000000E+00  0.000000E+00
1510.0  35.209005   -4.84211373  99.4603      -317007.9   0.00000000  2.493803E+01  2.493803E+01  2.493641E+01  99.4603   0.0000   0.0000      -317007.9    99.2642  2.493803E+01  2.410155E+01  0.000000E+00   0.0000   0.0000  0.000000E+00  0.000000E+00  0.000000E+00  0.000000E+00  0.000000E+00
1520.0  35.209005   -4.85243060  99.6249      -316758.5   0.00000000  2.493810E+01  2.493810E+01  2.493853E+01  99.6249   0.0000   0.0000      -316758.5    99.2642  2.493810E+01  2.410155E+01  0.000000E+00   0.0000   0.0000  0.000000E+00  0.000000E+00  0.000000E+00  0.000000E+00  0.000000E+00
1530.0  35.209005   -4.86276448  99.7885      -316509.1   0.00000000  2.493817E+01  2.493817E+01  2.493805E+01  99.7885   0.0000   0.0000      -316509.1    99.2642  2.493817E+01  2.410155E+01  0.000000E+00   0.0000   0.0000  0.000000E+00  0.000000E+00  0.000000E+00  0.000000E+00  0.000000E+00
1540.0  35.209005   -4.87311526  99.9509      -316259.8   0.00000000  2.493824E+01  2.493824E+01  2.493827E+01  99.9509   0.0000   0.0000      -316259.8    99.2641  2.493824E+01  2.410161E+01  0.000000E+00   0.0000   0.0000  0.000000E+00  0.000000E+00  0.000000E+00  0.000000E+00  0.000000E+00
1550.0  35.209005   -4.88348281 100.1123      -316010.4   0.00000000  2.493830E+01  2.493830E+01  2.493830E+01 100.1123   0.0000   0.0000      -316010.4    99.2641  2.493830E+01  2.410161E+01  0.000000E+00   0.0000   0.0000  0.000000E+00  0.000000E+00  0.000000E+00  0.000000E+00  0.000000E+00
1560.0  35.209005   -4.89386705 100.2727      -315761.0   0.00000000  2.493837E+01  2.493837E+01  2.493837E+01 100.2727   0.0000   0.0000      -315761.0    99.2641  2.493837E+01  2.410158E+01  0.000000E+00   0.0000   0.0000  0.000000E+00  0.000000E+00  0.000000E+00  0.000000E+00  0.000000E+00
1570.0  35.209005   -4.90426785 100.4321      -315511.6   0.00000000  2.493843E+01  2.493843E+01  2.493843E+01 100.4321   0.0000   0.0000      -315511.6    99.2641  2.493843E+01  2.410161E+01  0.000000E+00   0.0000   0.0000  0.000000E+00  0.000000E+00  0.000000E+00  0.000000E+00  0.000000E+00
1580.0  35.209005   -4.91468511 100.5904      -315262.2   0.00000000  2.493850E+01  2.493850E+01  2.493850E+01 100.5904   0.0000   0.0000      -315262.2    99.2641  2.493850E+01  2.410158E+01  0.000000E+00   0.0000   0.0000  0.000000E+00  0.000000E+00  0.000000E+00  0.000000E+00  0.000000E+00
1590.0  35.209005   -4.92511873 100.7478      -315012.8   0.00000000  2.493856E+01  2.493856E+01  2.493856E+01 100.7478   0.0000   0.0000      -315012.8    99.2641  2.493856E+01  2.410158E+01  0.000000E+00   0.0000   0.0000  0.000000E+00  0.000000E+00  0.000000E+00  0.000000E+00  0.000000E+00
1600.0  35.209005   -4.93556861 100.9041      -314763.5   0.00000000  2.493862E+01  2.493862E+01  2.493862E+01 100.9041   0.0000   0.0000      -314763.5    99.2641  2.493862E+01  2.410158E+01  0.000000E+00   0.0000   0.0000  0.000000E+00  0.000000E+00  0.000000E+00  0.000000E+00  0.000000E+00
