   0.0     0.0000     0.0000     0.0000     0.0000     0.0000     0.0000     0.0000
  10.0     0.0623     0.0832     0.1096     0.1160     0.1381     0.2380     0.1583
  20.0     1.2603     1.5434     1.9540     2.1187     2.4441     3.4262     2.8186
  30.0     4.2557     4.9199     5.8127     6.1889     6.8412     8.5815     7.5590
  40.0     7.9348     8.8802    10.0990    10.6180    11.4717    13.6368    12.3895
  50.0    11.6030    12.7304    14.1510    14.7576    15.7299    18.1344    16.7623
  60.0    15.0274    16.2729    17.8209    18.4826    19.5279    22.0761    20.6296
  70.0    18.1597    19.4842    21.1161    21.8140    22.9064    25.5465    24.0527
  80.0    21.0125    22.3917    24.0813    24.8039    25.9283    28.6301    27.1047
  90.0    23.6153    25.0339    26.7644    27.5046    28.6517    31.3969    29.8492
 100.0    26.0000    27.4475    29.2081    29.9612    31.1248    33.9016    32.3377
 110.0    28.1952    29.6646    31.4480    32.2108    33.3868    36.1872    34.6113
 120.0    30.2258    31.7122    33.5131    34.2834    35.4690    38.2875    36.7023
 130.0    32.1128    33.6126    35.4273    36.2035    37.3966    40.2293    38.6368
 140.0    33.8740    35.3845    37.2102    37.9911    39.1902    42.0343    40.4361
 150.0    35.5241    37.0434    38.8781    39.6628    40.8668    43.7201    42.1171
 160.0    37.0758    38.6023    40.4444    41.2322    42.4402    45.3011    43.6942
 170.0    38.5397    40.0722    41.9204    42.7109    43.9222    46.7893    45.1793
 180.0    39.9249    41.4624    43.3158    44.1085    45.3226    48.1950    46.5823
 190.0    41.2391    42.7809    44.6387    45.4333    46.6497    49.5266    47.9116
 200.0    42.4891    44.0346    45.8961    46.6923    47.9108    50.7915    49.1746
 210.0    43.6807    45.2294    47.0942    47.8917    49.1120    51.9960    50.3774
 220.0    44.8191    46.3705    48.2381    49.0369    50.2586    53.1455    51.5254
 230.0    45.9086    47.4625    49.3325    50.1324    51.3554    54.2448    52.6234
 240.0    46.9533    48.5093    50.3815    51.1823    52.4065    55.2981    53.6756
 250.0    47.9567    49.5145    51.3886    52.1902    53.4155    56.3090    54.6855
 260.0    48.9217    50.4813    52.3571    53.1593    54.3855    57.2808    55.6564
 270.0    49.8513    51.4123    53.2896    54.0926    55.3196    58.2164    56.5912
 280.0    50.7479    52.3102    54.1889    54.9924    56.2201    59.1183    57.4924
 290.0    51.6137    53.1772    55.0571    55.8611    57.0895    59.9889    58.3624
 300.0    52.4507    54.0154    55.8963    56.7008    57.9298    60.8303    59.2033
 310.0    53.2609    54.8265    56.7085    57.5134    58.7429    61.6444    60.0169
 320.0    54.0458    55.6122    57.4951    58.3004    59.5304    62.4329    60.8049
 330.0    54.8069    56.3742    58.2579    59.0635    60.2940    63.1973    61.5688
 340.0    55.5457    57.1137    58.9982    59.8041    61.0350    63.9390    62.3102
 350.0    56.2634    57.8321    59.7172    60.5235    61.7547    64.6595    63.0303
 360.0    56.9611    58.5304    60.4162    61.2228    62.4543    65.3597    63.7302
 370.0    57.6400    59.2099    61.0963    61.9031    63.1349    66.0409    64.4111
 380.0    58.3010    59.8714    61.7584    62.5654    63.7975    66.7041    65.0740
 390.0    58.9451    60.5160    62.4034    63.2106    64.4431    67.3501    65.7197
 400.0    59.5730    61.1444    63.0322    63.8397    65.0724    67.9798    66.3492
 410.0    60.1856    61.7574    63.6457    64.4533    65.6862    68.5941    66.9633
 420.0    60.7836    62.3558    64.2445    65.0522    66.2854    69.1937    67.5627
 430.0    61.3676    62.9402    64.8293    65.6372    66.8705    69.7792    68.1480
 440.0    61.9384    63.5113    65.4007    66.2088    67.4423    70.3513    68.7199
 450.0    62.4965    64.0697    65.9594    66.7676    68.0013    70.9107    69.2791
 460.0    63.0423    64.6158    66.5059    67.3142    68.5481    71.4577    69.8260
 470.0    63.5766    65.1504    67.0407    67.8491    69.0831    71.9931    70.3612
 480.0    64.0997    65.6737    67.5643    68.3729    69.6070    72.5172    70.8852
 490.0    64.6120    66.1863    68.0772    68.8858    70.1201    73.0306    71.3985
 500.0    65.1142    66.6887    68.5797    69.3885    70.6229    73.5336    71.9014
 510.0    65.6064    67.1811    69.0724    69.8813    71.1158    74.0267    72.3944
 520.0    66.0891    67.6641    69.5555    70.3645    71.5991    74.5103    72.8778
 530.0    66.5627    68.1378    70.0295    70.8386    72.0733    74.9847    73.3521
 540.0    67.0275    68.6028    70.4947    71.3038    72.5387    75.4502    73.8176
 550.0    67.4838    69.0593    70.9514    71.7606    72.9955    75.9072    74.2745
 560.0    67.9320    69.5076    71.3999    72.2091    73.4442    76.3560    74.7232
 570.0    68.3723    69.9481    71.8404    72.6498    73.8849    76.7969    75.1640
 580.0    68.8049    70.3809    72.2734    73.0828    74.3180    77.2302    75.5972
 590.0    69.2302    70.8063    72.6990    73.5084    74.7437    77.6560    76.0230
 600.0    69.6484    71.2246    73.1174    73.9269    75.1623    78.0747    76.4416
 610.0    70.0597    71.6360    73.5290    74.3385    75.5739    78.4865    76.8534
 620.0    70.4643    72.0408    73.9338    74.7435    75.9790    78.8917    77.2584
 630.0    70.8625    72.4391    74.3323    75.1420    76.3775    79.2903    77.6570
 640.0    71.2545    72.8312    74.7245    75.5342    76.7698    79.6827    78.0494
 650.0    71.6404    73.2172    75.1106    75.9203    77.1560    80.0691    78.4356
 660.0    72.0204    73.5973    75.4908    76.3006    77.5363    80.4495    78.8160
 670.0    72.3948    73.9717    75.8653    76.6752    77.9110    80.8242    79.1907
 680.0    72.7636    74.3407    76.2343    77.0442    78.2801    81.1934    79.5598
 690.0    73.1270    74.7042    76.5980    77.4079    78.6438    81.5572    79.9236
 700.0    73.4853    75.0625    76.9564    77.7664    79.0023    81.9158    80.2821
 710.0    73.8385    75.4158    77.3097    78.1197    79.3557    82.2693    80.6356
 720.0    74.1867    75.7641    77.6581    78.4682    79.7042    82.6179    80.9841
 730.0    74.5302    76.1077    78.0018    78.8118    80.0479    82.9616    81.3278
 740.0    74.8690    76.4466    78.3407    79.1508    80.3869    83.3007    81.6669
 750.0    75.2033    76.7809    78.6751    79.4853    80.7214    83.6353    82.0014
 760.0    75.5332    77.1108    79.0051    79.8153    81.0514    83.9654    82.3315
 770.0    75.8587    77.4365    79.3308    80.1410    81.3772    84.2912    82.6573
 780.0    76.1801    77.7579    79.6523    80.4626    81.6988    84.6129    82.9789
 790.0    76.4974    78.0753    79.9698    80.7800    82.0162    84.9304    83.2964
 800.0    76.8107    78.3886    80.2832    81.0934    82.3297    85.2439    83.6099
 810.0    77.1202    78.6981    80.5927    81.4030    82.6393    85.5536    83.9195
 820.0    77.4258    79.0038    80.8985    81.7088    82.9451    85.8594    84.2254
 830.0    77.7278    79.3058    81.2005    82.0109    83.2472    86.1616    84.5275
 840.0    78.0261    79.6042    81.4990    82.3093    83.5457    86.4601    84.8260
 850.0    78.3209    79.8991    81.7939    82.6043    83.8407    86.7552    85.1210
 860.0    78.6123    80.1905    82.0854    82.8958    84.1322    87.0467    85.4125
 870.0    78.9003    80.4786    82.3735    83.1839    84.4204    87.3349    85.7007
 880.0    79.1851    80.7634    82.6583    83.4687    84.7052    87.6198    85.9856
 890.0    79.4666    81.0450    82.9399    83.7504    84.9869    87.9015    86.2673
 900.0    79.7450    81.3234    83.2184    84.0289    85.2654    88.1801    86.5458
 910.0    80.0203    81.5988    83.4938    84.3043    85.5408    88.4555    86.8213
 920.0    80.2927    81.8711    83.7662    84.5767    85.8132    88.7280    87.0937
 930.0    80.5620    82.1405    84.0356    84.8462    86.0827    88.9975    87.3632
 940.0    80.8285    82.4071    84.3022    85.1127    86.3493    89.2642    87.6298
 950.0    81.0922    82.6708    84.5660    85.3765    86.6131    89.5280    87.8937
 960.0    81.3532    82.9318    84.8270    85.6375    86.8742    89.7891    88.1547
 970.0    81.6114    83.1900    85.0853    85.8958    87.1325    90.0474    88.4130
 980.0    81.8670    83.4457    85.3409    86.1515    87.3882    90.3031    88.6687
 990.0    82.1200    83.6987    85.5940    86.4046    87.6413    90.5563    88.9219
1000.0    82.3705    83.9492    85.8445    86.6551    87.8918    90.8068    89.1724
1010.0    82.6184    84.1972    86.0926    86.9032    88.1399    91.0549    89.4205
1020.0    82.8640    84.4428    86.3381    87.1488    88.3855    91.3006    89.6661
1030.0    83.1071    84.6859    86.5813    87.3920    88.6287    91.5438    89.9094
1040.0    83.3479    84.9268    86.8222    87.6328    88.8696    91.7847    90.1503
1050.0    83.5864    85.1653    87.0607    87.8714    89.1082    92.0233    90.3888
1060.0    83.8227    85.4015    87.2970    88.1077    89.3445    92.2597    90.6252
1070.0    84.0567    85.6356    87.5311    88.3418    89.5786    92.4938    90.8593
1080.0    84.2886    85.8675    87.7630    88.5737    89.8105    92.7257    91.0912
1090.0    84.5183    86.0972    87.9928    88.8035    90.0403    92.9556    91.3210
1100.0    84.7459    86.3249    88.2205    89.0312    90.2680    93.1833    91.5487
1110.0    84.9715    86.5505    88.4461    89.2568    90.4936    93.4089    91.7744
1120.0    85.1950    86.7740    88.6697    89.4804    90.7172    93.6326    91.9980
1130.0    85.4166    86.9956    88.8913    89.7020    90.9389    93.8542    92.2196
1140.0    85.6362    87.2152    89.1109    89.9217    91.1585    94.0739    92.4393
1150.0    85.8539    87.4330    89.3287    90.1394    91.3763    94.2917    92.6571
1160.0    86.0697    87.6488    89.5445    90.3553    91.5922    94.5076    92.8729
1170.0    86.2837    87.8628    89.7585    90.5693    91.8062    94.7216    93.0870
1180.0    86.4959    88.0750    89.9707    90.7815    92.0184    94.9338    93.2992
1190.0    86.7062    88.2853    90.1811    90.9919    92.2288    95.1442    93.5096
1200.0    86.9148    88.4940    90.3897    91.2005    92.4375    95.3529    93.7183
1210.0    87.1217    88.7008    90.5966    91.4074    92.6444    95.5599    93.9252
1220.0    87.3269    88.9060    90.8018    91.6126    92.8496    95.7651    94.1304
1230.0    87.5304    89.1095    91.0054    91.8162    93.0531    95.9687    94.3340
1240.0    87.7322    89.3114    91.2073    92.0181    93.2550    96.1706    94.5359
1250.0    87.9325    89.5117    91.4075    92.2183    93.4553    96.3709    94.7362
1260.0    88.1311    89.7103    91.6062    92.4170    93.6540    96.5696    94.9349
1270.0    88.3282    89.9074    91.8033    92.6141    93.8511    96.7667    95.1320
1280.0    88.5237    90.1030    91.9988    92.8097    94.0467    96.9623    95.3276
1290.0    88.7177    90.2970    92.1929    93.0037    94.2407    97.1563    95.5216
1300.0    88.9102    90.4895    92.3854    93.1963    94.4333    97.3489    95.7142
1310.0    89.1013    90.6806    92.5765    93.3873    94.6244    97.5400    95.9053
1320.0    89.2908    90.8702    92.7661    93.5770    94.8140    97.7296    96.0949
1330.0    89.4790    91.0583    92.9543    93.7651    95.0022    97.9178    96.2831
1340.0    89.6658    91.2451    93.1411    93.9519    95.1890    98.1046    96.4699
1350.0    89.8511    91.4305    93.3264    94.1373    95.3744    98.2900    96.6553
1360.0    90.0351    91.6145    93.5105    94.3213    95.5584    98.4741    96.8393
1370.0    90.2178    91.7971    93.6931    94.5040    95.7411    98.6568    97.0220
1380.0    90.3991    91.9785    93.8745    94.6854    95.9224    98.8381    97.2034
1390.0    90.5791    92.1585    94.0545    94.8654    96.1025    99.0182    97.3834
1400.0    90.7578    92.3372    94.2333    95.0442    96.2812    99.1970    97.5622
1410.0    90.9353    92.5147    94.4107    95.2216    96.4587    99.3745    97.7397
1420.0    91.1115    92.6909    94.5870    95.3979    96.6350    99.5507    97.9159
1430.0    91.2864    92.8659    94.7619    95.5729    96.8099    99.7257    98.0909
1440.0    91.4602    93.0396    94.9357    95.7466    96.9837    99.8995    98.2647
1450.0    91.6327    93.2122    95.1083    95.9192    97.1563   100.0721    98.4373
1460.0    91.8041    93.3836    95.2796    96.0906    97.3277   100.2435    98.6087
1470.0    91.9743    93.5538    95.4499    96.2608    97.4979   100.4137    98.7789
1480.0    92.1433    93.7228    95.6189    96.4299    97.6670   100.5828    98.9479
1490.0    92.3112    93.8907    95.7868    96.5978    97.8349   100.7507    99.1159
1500.0    92.4780    94.0575    95.9536    96.7646    98.0017   100.9175    99.2827
1510.0    92.6437    94.2232    96.1193    96.9303    98.1674   101.0832    99.4484
1520.0    92.8083    94.3878    96.2839    97.0949    98.3320   101.2478    99.6130
1530.0    92.9718    94.5513    96.4474    97.2584    98.4955   101.4114    99.7765
1540.0    93.1342    94.7137    96.6099    97.4208    98.6580   101.5738    99.9390
1550.0    93.2956    94.8751    96.7713    97.5822    98.8194   101.7353   100.1004
1560.0    93.4559    95.0355    96.9317    97.7426    98.9798   101.8956   100.2608
1570.0    93.6153    95.1948    97.0910    97.9020    99.1391   102.0550   100.4201
1580.0    93.7736    95.3531    97.2493    98.0603    99.2975   102.2133   100.5785
1590.0    93.9309    95.5105    97.4067    98.2176    99.4548   102.3707   100.7358
1600.0    94.0872    95.6668    97.5630    98.3740    99.6111   102.5270   100.8922
