# T(K)     a(1,1) da/dT(-4/K)     a(1,2) da/dT(-4/K)     a(1,3) da/dT(-4/K)     a(2,1) da/dT(-4/K)     a(2,2) da/dT(-4/K)     a(2,3) da/dT(-4/K)     a(3,1) da/dT(-4/K)     a(3,2) da/dT(-4/K)     a(3,3) da/dT(-4/K)
   0.0   0.000000    0.000000   2.524183   -0.000759   2.524183   -0.000759   2.524183   -0.000759   0.000000    0.000000   2.524183   -0.000759   2.524183   -0.000759   2.524183   -0.000759   0.000000    0.000000
  10.0   0.000000    0.000000   2.524184    0.010324   2.524184    0.010324   2.524184    0.010324   0.000000    0.000000   2.524184    0.010324   2.524184    0.010324   2.524184    0.010324   0.000000    0.000000
  20.0   0.000000    0.000000   2.524234    0.104964   2.524234    0.104964   2.524234    0.104964   0.000000    0.000000   2.524234    0.104964   2.524234    0.104964   2.524234    0.104964   0.000000    0.000000
  30.0   0.000000    0.000000   2.524401    0.219963   2.524401    0.219963   2.524401    0.219963   0.000000    0.000000   2.524401    0.219963   2.524401    0.219963   2.524401    0.219963   0.000000    0.000000
  40.0   0.000000    0.000000   2.524660    0.292186   2.524660    0.292186   2.524660    0.292186   0.000000    0.000000   2.524660    0.292186   2.524660    0.292186   2.524660    0.292186   0.000000    0.000000
  50.0   0.000000    0.000000   2.524976    0.336438   2.524976    0.336438   2.524976    0.336438   0.000000    0.000000   2.524976    0.336438   2.524976    0.336438   2.524976    0.336438   0.000000    0.000000
  60.0   0.000000    0.000000   2.525327    0.364382   2.525327    0.364382   2.525327    0.364382   0.000000    0.000000   2.525327    0.364382   2.525327    0.364382   2.525327    0.364382   0.000000    0.000000
  70.0   0.000000    0.000000   2.525701    0.382987   2.525701    0.382987   2.525701    0.382987   0.000000    0.000000   2.525701    0.382987   2.525701    0.382987   2.525701    0.382987   0.000000    0.000000
  80.0   0.000000    0.000000   2.526091    0.396068   2.526091    0.396068   2.526091    0.396068   0.000000    0.000000   2.526091    0.396068   2.526091    0.396068   2.526091    0.396068   0.000000    0.000000
  90.0   0.000000    0.000000   2.526492    0.405679   2.526492    0.405679   2.526492    0.405679   0.000000    0.000000   2.526492    0.405679   2.526492    0.405679   2.526492    0.405679   0.000000    0.000000
 100.0   0.000000    0.000000   2.526902    0.413026   2.526902    0.413026   2.526902    0.413026   0.000000    0.000000   2.526902    0.413026   2.526902    0.413026   2.526902    0.413026   0.000000    0.000000
 110.0   0.000000    0.000000   2.527318    0.418844   2.527318    0.418844   2.527318    0.418844   0.000000    0.000000   2.527318    0.418844   2.527318    0.418844   2.527318    0.418844   0.000000    0.000000
 120.0   0.000000    0.000000   2.527739    0.423595   2.527739    0.423595   2.527739    0.423595   0.000000    0.000000   2.527739    0.423595   2.527739    0.423595   2.527739    0.423595   0.000000    0.000000
 130.0   0.000000    0.000000   2.528165    0.427583   2.528165    0.427583   2.528165    0.427583   0.000000    0.000000   2.528165    0.427583   2.528165    0.427583   2.528165    0.427583   0.000000    0.000000
 140.0   0.000000    0.000000   2.528594    0.431013   2.528594    0.431013   2.528594    0.431013   0.000000    0.000000   2.528594    0.431013   2.528594    0.431013   2.528594    0.431013   0.000000    0.000000
 150.0   0.000000    0.000000   2.529027    0.434025   2.529027    0.434025   2.529027    0.434025   0.000000    0.000000   2.529027    0.434025   2.529027    0.434025   2.529027    0.434025   0.000000    0.000000
 160.0   0.000000    0.000000   2.529462    0.436721   2.529462    0.436721   2.529462    0.436721   0.000000    0.000000   2.529462    0.436721   2.529462    0.436721   2.529462    0.436721   0.000000    0.000000
 170.0   0.000000    0.000000   2.529900    0.439172   2.529900    0.439172   2.529900    0.439172   0.000000    0.000000   2.529900    0.439172   2.529900    0.439172   2.529900    0.439172   0.000000    0.000000
 180.0   0.000000    0.000000   2.530340    0.441434   2.530340    0.441434   2.530340    0.441434   0.000000    0.000000   2.530340    0.441434   2.530340    0.441434   2.530340    0.441434   0.000000    0.000000
 190.0   0.000000    0.000000   2.530783    0.443546   2.530783    0.443546   2.530783    0.443546   0.000000    0.000000   2.530783    0.443546   2.530783    0.443546   2.530783    0.443546   0.000000    0.000000
 200.0   0.000000    0.000000   2.531227    0.445539   2.531227    0.445539   2.531227    0.445539   0.000000    0.000000   2.531227    0.445539   2.531227    0.445539   2.531227    0.445539   0.000000    0.000000
 210.0   0.000000    0.000000   2.531674    0.447438   2.531674    0.447438   2.531674    0.447438   0.000000    0.000000   2.531674    0.447438   2.531674    0.447438   2.531674    0.447438   0.000000    0.000000
 220.0   0.000000    0.000000   2.532122    0.449260   2.532122    0.449260   2.532122    0.449260   0.000000    0.000000   2.532122    0.449260   2.532122    0.449260   2.532122    0.449260   0.000000    0.000000
 230.0   0.000000    0.000000   2.532572    0.451022   2.532572    0.451022   2.532572    0.451022   0.000000    0.000000   2.532572    0.451022   2.532572    0.451022   2.532572    0.451022   0.000000    0.000000
 240.0   0.000000    0.000000   2.533024    0.452734   2.533024    0.452734   2.533024    0.452734   0.000000    0.000000   2.533024    0.452734   2.533024    0.452734   2.533024    0.452734   0.000000    0.000000
 250.0   0.000000    0.000000   2.533478    0.454407   2.533478    0.454407   2.533478    0.454407   0.000000    0.000000   2.533478    0.454407   2.533478    0.454407   2.533478    0.454407   0.000000    0.000000
 260.0   0.000000    0.000000   2.533933    0.456047   2.533933    0.456047   2.533933    0.456047   0.000000    0.000000   2.533933    0.456047   2.533933    0.456047   2.533933    0.456047   0.000000    0.000000
 270.0   0.000000    0.000000   2.534390    0.457663   2.534390    0.457663   2.534390    0.457663   0.000000    0.000000   2.534390    0.457663   2.534390    0.457663   2.534390    0.457663   0.000000    0.000000
 280.0   0.000000    0.000000   2.534848    0.459259   2.534848    0.459259   2.534848    0.459259   0.000000    0.000000   2.534848    0.459259   2.534848    0.459259   2.534848    0.459259   0.000000    0.000000
 290.0   0.000000    0.000000   2.535308    0.460840   2.535308    0.460840   2.535308    0.460840   0.000000    0.000000   2.535308    0.460840   2.535308    0.460840   2.535308    0.460840   0.000000    0.000000
 300.0   0.000000    0.000000   2.535770    0.462410   2.535770    0.462410   2.535770    0.462410   0.000000    0.000000   2.535770    0.462410   2.535770    0.462410   2.535770    0.462410   0.000000    0.000000
 310.0   0.000000    0.000000   2.536233    0.463972   2.536233    0.463972   2.536233    0.463972   0.000000    0.000000   2.536233    0.463972   2.536233    0.463972   2.536233    0.463972   0.000000    0.000000
 320.0   0.000000    0.000000   2.536698    0.465528   2.536698    0.465528   2.536698    0.465528   0.000000    0.000000   2.536698    0.465528   2.536698    0.465528   2.536698    0.465528   0.000000    0.000000
 330.0   0.000000    0.000000   2.537164    0.467082   2.537164    0.467082   2.537164    0.467082   0.000000    0.000000   2.537164    0.467082   2.537164    0.467082   2.537164    0.467082   0.000000    0.000000
 340.0   0.000000    0.000000   2.537632    0.468636   2.537632    0.468636   2.537632    0.468636   0.000000    0.000000   2.537632    0.468636   2.537632    0.468636   2.537632    0.468636   0.000000    0.000000
 350.0   0.000000    0.000000   2.538101    0.470190   2.538101    0.470190   2.538101    0.470190   0.000000    0.000000   2.538101    0.470190   2.538101    0.470190   2.538101    0.470190   0.000000    0.000000
 360.0   0.000000    0.000000   2.538572    0.471748   2.538572    0.471748   2.538572    0.471748   0.000000    0.000000   2.538572    0.471748   2.538572    0.471748   2.538572    0.471748   0.000000    0.000000
 370.0   0.000000    0.000000   2.539045    0.473310   2.539045    0.473310   2.539045    0.473310   0.000000    0.000000   2.539045    0.473310   2.539045    0.473310   2.539045    0.473310   0.000000    0.000000
 380.0   0.000000    0.000000   2.539519    0.474878   2.539519    0.474878   2.539519    0.474878   0.000000    0.000000   2.539519    0.474878   2.539519    0.474878   2.539519    0.474878   0.000000    0.000000
 390.0   0.000000    0.000000   2.539995    0.476453   2.539995    0.476453   2.539995    0.476453   0.000000    0.000000   2.539995    0.476453   2.539995    0.476453   2.539995    0.476453   0.000000    0.000000
 400.0   0.000000    0.000000   2.540472    0.478036   2.540472    0.478036   2.540472    0.478036   0.000000    0.000000   2.540472    0.478036   2.540472    0.478036   2.540472    0.478036   0.000000    0.000000
 410.0   0.000000    0.000000   2.540951    0.479628   2.540951    0.479628   2.540951    0.479628   0.000000    0.000000   2.540951    0.479628   2.540951    0.479628   2.540951    0.479628   0.000000    0.000000
 420.0   0.000000    0.000000   2.541431    0.481230   2.541431    0.481230   2.541431    0.481230   0.000000    0.000000   2.541431    0.481230   2.541431    0.481230   2.541431    0.481230   0.000000    0.000000
 430.0   0.000000    0.000000   2.541913    0.482843   2.541913    0.482843   2.541913    0.482843   0.000000    0.000000   2.541913    0.482843   2.541913    0.482843   2.541913    0.482843   0.000000    0.000000
 440.0   0.000000    0.000000   2.542397    0.484468   2.542397    0.484468   2.542397    0.484468   0.000000    0.000000   2.542397    0.484468   2.542397    0.484468   2.542397    0.484468   0.000000    0.000000
 450.0   0.000000    0.000000   2.542882    0.486105   2.542882    0.486105   2.542882    0.486105   0.000000    0.000000   2.542882    0.486105   2.542882    0.486105   2.542882    0.486105   0.000000    0.000000
 460.0   0.000000    0.000000   2.543369    0.487755   2.543369    0.487755   2.543369    0.487755   0.000000    0.000000   2.543369    0.487755   2.543369    0.487755   2.543369    0.487755   0.000000    0.000000
 470.0   0.000000    0.000000   2.543858    0.489419   2.543858    0.489419   2.543858    0.489419   0.000000    0.000000   2.543858    0.489419   2.543858    0.489419   2.543858    0.489419   0.000000    0.000000
 480.0   0.000000    0.000000   2.544348    0.491097   2.544348    0.491097   2.544348    0.491097   0.000000    0.000000   2.544348    0.491097   2.544348    0.491097   2.544348    0.491097   0.000000    0.000000
 490.0   0.000000    0.000000   2.544840    0.492790   2.544840    0.492790   2.544840    0.492790   0.000000    0.000000   2.544840    0.492790   2.544840    0.492790   2.544840    0.492790   0.000000    0.000000
 500.0   0.000000    0.000000   2.545334    0.494499   2.545334    0.494499   2.545334    0.494499   0.000000    0.000000   2.545334    0.494499   2.545334    0.494499   2.545334    0.494499   0.000000    0.000000
 510.0   0.000000    0.000000   2.545829    0.496224   2.545829    0.496224   2.545829    0.496224   0.000000    0.000000   2.545829    0.496224   2.545829    0.496224   2.545829    0.496224   0.000000    0.000000
 520.0   0.000000    0.000000   2.546326    0.497968   2.546326    0.497968   2.546326    0.497968   0.000000    0.000000   2.546326    0.497968   2.546326    0.497968   2.546326    0.497968   0.000000    0.000000
 530.0   0.000000    0.000000   2.546825    0.499720   2.546825    0.499720   2.546825    0.499720   0.000000    0.000000   2.546825    0.499720   2.546825    0.499720   2.546825    0.499720   0.000000    0.000000
 540.0   0.000000    0.000000   2.547325    0.501523   2.547325    0.501523   2.547325    0.501523   0.000000    0.000000   2.547325    0.501523   2.547325    0.501523   2.547325    0.501523   0.000000    0.000000
 550.0   0.000000    0.000000   2.547828    0.503224   2.547828    0.503224   2.547828    0.503224   0.000000    0.000000   2.547828    0.503224   2.547828    0.503224   2.547828    0.503224   0.000000    0.000000
 560.0   0.000000    0.000000   2.548332    0.504670   2.548332    0.504670   2.548332    0.504670   0.000000    0.000000   2.548332    0.504670   2.548332    0.504670   2.548332    0.504670   0.000000    0.000000
 570.0   0.000000    0.000000   2.548837    0.506046   2.548837    0.506046   2.548837    0.506046   0.000000    0.000000   2.548837    0.506046   2.548837    0.506046   2.548837    0.506046   0.000000    0.000000
 580.0   0.000000    0.000000   2.549344    0.507455   2.549344    0.507455   2.549344    0.507455   0.000000    0.000000   2.549344    0.507455   2.549344    0.507455   2.549344    0.507455   0.000000    0.000000
 590.0   0.000000    0.000000   2.549852    0.508869   2.549852    0.508869   2.549852    0.508869   0.000000    0.000000   2.549852    0.508869   2.549852    0.508869   2.549852    0.508869   0.000000    0.000000
 600.0   0.000000    0.000000   2.550362    0.510297   2.550362    0.510297   2.550362    0.510297   0.000000    0.000000   2.550362    0.510297   2.550362    0.510297   2.550362    0.510297   0.000000    0.000000
 610.0   0.000000    0.000000   2.550873    0.511737   2.550873    0.511737   2.550873    0.511737   0.000000    0.000000   2.550873    0.511737   2.550873    0.511737   2.550873    0.511737   0.000000    0.000000
 620.0   0.000000    0.000000   2.551385    0.513189   2.551385    0.513189   2.551385    0.513189   0.000000    0.000000   2.551385    0.513189   2.551385    0.513189   2.551385    0.513189   0.000000    0.000000
 630.0   0.000000    0.000000   2.551899    0.514654   2.551899    0.514654   2.551899    0.514654   0.000000    0.000000   2.551899    0.514654   2.551899    0.514654   2.551899    0.514654   0.000000    0.000000
 640.0   0.000000    0.000000   2.552414    0.516131   2.552414    0.516131   2.552414    0.516131   0.000000    0.000000   2.552414    0.516131   2.552414    0.516131   2.552414    0.516131   0.000000    0.000000
 650.0   0.000000    0.000000   2.552931    0.517622   2.552931    0.517622   2.552931    0.517622   0.000000    0.000000   2.552931    0.517622   2.552931    0.517622   2.552931    0.517622   0.000000    0.000000
 660.0   0.000000    0.000000   2.553450    0.519127   2.553450    0.519127   2.553450    0.519127   0.000000    0.000000   2.553450    0.519127   2.553450    0.519127   2.553450    0.519127   0.000000    0.000000
 670.0   0.000000    0.000000   2.553970    0.520645   2.553970    0.520645   2.553970    0.520645   0.000000    0.000000   2.553970    0.520645   2.553970    0.520645   2.553970    0.520645   0.000000    0.000000
 680.0   0.000000    0.000000   2.554491    0.522178   2.554491    0.522178   2.554491    0.522178   0.000000    0.000000   2.554491    0.522178   2.554491    0.522178   2.554491    0.522178   0.000000    0.000000
 690.0   0.000000    0.000000   2.555014    0.523725   2.555014    0.523725   2.555014    0.523725   0.000000    0.000000   2.555014    0.523725   2.555014    0.523725   2.555014    0.523725   0.000000    0.000000
 700.0   0.000000    0.000000   2.555538    0.525287   2.555538    0.525287   2.555538    0.525287   0.000000    0.000000   2.555538    0.525287   2.555538    0.525287   2.555538    0.525287   0.000000    0.000000
 710.0   0.000000    0.000000   2.556065    0.526864   2.556065    0.526864   2.556065    0.526864   0.000000    0.000000   2.556065    0.526864   2.556065    0.526864   2.556065    0.526864   0.000000    0.000000
 720.0   0.000000    0.000000   2.556592    0.528456   2.556592    0.528456   2.556592    0.528456   0.000000    0.000000   2.556592    0.528456   2.556592    0.528456   2.556592    0.528456   0.000000    0.000000
 730.0   0.000000    0.000000   2.557121    0.530065   2.557121    0.530065   2.557121    0.530065   0.000000    0.000000   2.557121    0.530065   2.557121    0.530065   2.557121    0.530065   0.000000    0.000000
 740.0   0.000000    0.000000   2.557652    0.531689   2.557652    0.531689   2.557652    0.531689   0.000000    0.000000   2.557652    0.531689   2.557652    0.531689   2.557652    0.531689   0.000000    0.000000
 750.0   0.000000    0.000000   2.558185    0.533330   2.558185    0.533330   2.558185    0.533330   0.000000    0.000000   2.558185    0.533330   2.558185    0.533330   2.558185    0.533330   0.000000    0.000000
 760.0   0.000000    0.000000   2.558719    0.534987   2.558719    0.534987   2.558719    0.534987   0.000000    0.000000   2.558719    0.534987   2.558719    0.534987   2.558719    0.534987   0.000000    0.000000
 770.0   0.000000    0.000000   2.559255    0.536662   2.559255    0.536662   2.559255    0.536662   0.000000    0.000000   2.559255    0.536662   2.559255    0.536662   2.559255    0.536662   0.000000    0.000000
 780.0   0.000000    0.000000   2.559792    0.538353   2.559792    0.538353   2.559792    0.538353   0.000000    0.000000   2.559792    0.538353   2.559792    0.538353   2.559792    0.538353   0.000000    0.000000
 790.0   0.000000    0.000000   2.560332    0.540063   2.560332    0.540063   2.560332    0.540063   0.000000    0.000000   2.560332    0.540063   2.560332    0.540063   2.560332    0.540063   0.000000    0.000000
 800.0   0.000000    0.000000   2.560872    0.541791   2.560872    0.541791   2.560872    0.541791   0.000000    0.000000   2.560872    0.541791   2.560872    0.541791   2.560872    0.541791   0.000000    0.000000
 810.0   0.000000    0.000000   2.561415    0.543537   2.561415    0.543537   2.561415    0.543537   0.000000    0.000000   2.561415    0.543537   2.561415    0.543537   2.561415    0.543537   0.000000    0.000000
 820.0   0.000000    0.000000   2.561960    0.545302   2.561960    0.545302   2.561960    0.545302   0.000000    0.000000   2.561960    0.545302   2.561960    0.545302   2.561960    0.545302   0.000000    0.000000
 830.0   0.000000    0.000000   2.562506    0.547086   2.562506    0.547086   2.562506    0.547086   0.000000    0.000000   2.562506    0.547086   2.562506    0.547086   2.562506    0.547086   0.000000    0.000000
 840.0   0.000000    0.000000   2.563054    0.548890   2.563054    0.548890   2.563054    0.548890   0.000000    0.000000   2.563054    0.548890   2.563054    0.548890   2.563054    0.548890   0.000000    0.000000
 850.0   0.000000    0.000000   2.563604    0.550713   2.563604    0.550713   2.563604    0.550713   0.000000    0.000000   2.563604    0.550713   2.563604    0.550713   2.563604    0.550713   0.000000    0.000000
 860.0   0.000000    0.000000   2.564155    0.552557   2.564155    0.552557   2.564155    0.552557   0.000000    0.000000   2.564155    0.552557   2.564155    0.552557   2.564155    0.552557   0.000000    0.000000
 870.0   0.000000    0.000000   2.564709    0.554422   2.564709    0.554422   2.564709    0.554422   0.000000    0.000000   2.564709    0.554422   2.564709    0.554422   2.564709    0.554422   0.000000    0.000000
 880.0   0.000000    0.000000   2.565264    0.556308   2.565264    0.556308   2.565264    0.556308   0.000000    0.000000   2.565264    0.556308   2.565264    0.556308   2.565264    0.556308   0.000000    0.000000
 890.0   0.000000    0.000000   2.565821    0.558216   2.565821    0.558216   2.565821    0.558216   0.000000    0.000000   2.565821    0.558216   2.565821    0.558216   2.565821    0.558216   0.000000    0.000000
 900.0   0.000000    0.000000   2.566380    0.560146   2.566380    0.560146   2.566380    0.560146   0.000000    0.000000   2.566380    0.560146   2.566380    0.560146   2.566380    0.560146   0.000000    0.000000
 910.0   0.000000    0.000000   2.566942    0.562098   2.566942    0.562098   2.566942    0.562098   0.000000    0.000000   2.566942    0.562098   2.566942    0.562098   2.566942    0.562098   0.000000    0.000000
 920.0   0.000000    0.000000   2.567505    0.564073   2.567505    0.564073   2.567505    0.564073   0.000000    0.000000   2.567505    0.564073   2.567505    0.564073   2.567505    0.564073   0.000000    0.000000
 930.0   0.000000    0.000000   2.568070    0.566072   2.568070    0.566072   2.568070    0.566072   0.000000    0.000000   2.568070    0.566072   2.568070    0.566072   2.568070    0.566072   0.000000    0.000000
 940.0   0.000000    0.000000   2.568637    0.568094   2.568637    0.568094   2.568637    0.568094   0.000000    0.000000   2.568637    0.568094   2.568637    0.568094   2.568637    0.568094   0.000000    0.000000
 950.0   0.000000    0.000000   2.569206    0.570141   2.569206    0.570141   2.569206    0.570141   0.000000    0.000000   2.569206    0.570141   2.569206    0.570141   2.569206    0.570141   0.000000    0.000000
 960.0   0.000000    0.000000   2.569777    0.572213   2.569777    0.572213   2.569777    0.572213   0.000000    0.000000   2.569777    0.572213   2.569777    0.572213   2.569777    0.572213   0.000000    0.000000
 970.0   0.000000    0.000000   2.570350    0.574311   2.570350    0.574311   2.570350    0.574311   0.000000    0.000000   2.570350    0.574311   2.570350    0.574311   2.570350    0.574311   0.000000    0.000000
 980.0   0.000000    0.000000   2.570926    0.576434   2.570926    0.576434   2.570926    0.576434   0.000000    0.000000   2.570926    0.576434   2.570926    0.576434   2.570926    0.576434   0.000000    0.000000
 990.0   0.000000    0.000000   2.571503    0.578584   2.571503    0.578584   2.571503    0.578584   0.000000    0.000000   2.571503    0.578584   2.571503    0.578584   2.571503    0.578584   0.000000    0.000000
1000.0   0.000000    0.000000   2.572083    0.580762   2.572083    0.580762   2.572083    0.580762   0.000000    0.000000   2.572083    0.580762   2.572083    0.580762   2.572083    0.580762   0.000000    0.000000
1010.0   0.000000    0.000000   2.572665    0.582967   2.572665    0.582967   2.572665    0.582967   0.000000    0.000000   2.572665    0.582967   2.572665    0.582967   2.572665    0.582967   0.000000    0.000000
1020.0   0.000000    0.000000   2.573249    0.585200   2.573249    0.585200   2.573249    0.585200   0.000000    0.000000   2.573249    0.585200   2.573249    0.585200   2.573249    0.585200   0.000000    0.000000
1030.0   0.000000    0.000000   2.573835    0.587462   2.573835    0.587462   2.573835    0.587462   0.000000    0.000000   2.573835    0.587462   2.573835    0.587462   2.573835    0.587462   0.000000    0.000000
1040.0   0.000000    0.000000   2.574424    0.589754   2.574424    0.589754   2.574424    0.589754   0.000000    0.000000   2.574424    0.589754   2.574424    0.589754   2.574424    0.589754   0.000000    0.000000
1050.0   0.000000    0.000000   2.575015    0.592076   2.575015    0.592076   2.575015    0.592076   0.000000    0.000000   2.575015    0.592076   2.575015    0.592076   2.575015    0.592076   0.000000    0.000000
1060.0   0.000000    0.000000   2.575608    0.594429   2.575608    0.594429   2.575608    0.594429   0.000000    0.000000   2.575608    0.594429   2.575608    0.594429   2.575608    0.594429   0.000000    0.000000
1070.0   0.000000    0.000000   2.576204    0.596814   2.576204    0.596814   2.576204    0.596814   0.000000    0.000000   2.576204    0.596814   2.576204    0.596814   2.576204    0.596814   0.000000    0.000000
1080.0   0.000000    0.000000   2.576802    0.599231   2.576802    0.599231   2.576802    0.599231   0.000000    0.000000   2.576802    0.599231   2.576802    0.599231   2.576802    0.599231   0.000000    0.000000
1090.0   0.000000    0.000000   2.577402    0.601681   2.577402    0.601681   2.577402    0.601681   0.000000    0.000000   2.577402    0.601681   2.577402    0.601681   2.577402    0.601681   0.000000    0.000000
1100.0   0.000000    0.000000   2.578005    0.604165   2.578005    0.604165   2.578005    0.604165   0.000000    0.000000   2.578005    0.604165   2.578005    0.604165   2.578005    0.604165   0.000000    0.000000
1110.0   0.000000    0.000000   2.578610    0.606684   2.578610    0.606684   2.578610    0.606684   0.000000    0.000000   2.578610    0.606684   2.578610    0.606684   2.578610    0.606684   0.000000    0.000000
1120.0   0.000000    0.000000   2.579218    0.609238   2.579218    0.609238   2.579218    0.609238   0.000000    0.000000   2.579218    0.609238   2.579218    0.609238   2.579218    0.609238   0.000000    0.000000
1130.0   0.000000    0.000000   2.579829    0.611828   2.579829    0.611828   2.579829    0.611828   0.000000    0.000000   2.579829    0.611828   2.579829    0.611828   2.579829    0.611828   0.000000    0.000000
1140.0   0.000000    0.000000   2.580442    0.614456   2.580442    0.614456   2.580442    0.614456   0.000000    0.000000   2.580442    0.614456   2.580442    0.614456   2.580442    0.614456   0.000000    0.000000
1150.0   0.000000    0.000000   2.581058    0.617122   2.581058    0.617122   2.581058    0.617122   0.000000    0.000000   2.581058    0.617122   2.581058    0.617122   2.581058    0.617122   0.000000    0.000000
1160.0   0.000000    0.000000   2.581676    0.619827   2.581676    0.619827   2.581676    0.619827   0.000000    0.000000   2.581676    0.619827   2.581676    0.619827   2.581676    0.619827   0.000000    0.000000
1170.0   0.000000    0.000000   2.582297    0.622572   2.582297    0.622572   2.582297    0.622572   0.000000    0.000000   2.582297    0.622572   2.582297    0.622572   2.582297    0.622572   0.000000    0.000000
1180.0   0.000000    0.000000   2.582921    0.625358   2.582921    0.625358   2.582921    0.625358   0.000000    0.000000   2.582921    0.625358   2.582921    0.625358   2.582921    0.625358   0.000000    0.000000
1190.0   0.000000    0.000000   2.583548    0.628186   2.583548    0.628186   2.583548    0.628186   0.000000    0.000000   2.583548    0.628186   2.583548    0.628186   2.583548    0.628186   0.000000    0.000000
1200.0   0.000000    0.000000   2.584178    0.631057   2.584178    0.631057   2.584178    0.631057   0.000000    0.000000   2.584178    0.631057   2.584178    0.631057   2.584178    0.631057   0.000000    0.000000
1210.0   0.000000    0.000000   2.584810    0.633972   2.584810    0.633972   2.584810    0.633972   0.000000    0.000000   2.584810    0.633972   2.584810    0.633972   2.584810    0.633972   0.000000    0.000000
1220.0   0.000000    0.000000   2.585446    0.636933   2.585446    0.636933   2.585446    0.636933   0.000000    0.000000   2.585446    0.636933   2.585446    0.636933   2.585446    0.636933   0.000000    0.000000
1230.0   0.000000    0.000000   2.586084    0.639940   2.586084    0.639940   2.586084    0.639940   0.000000    0.000000   2.586084    0.639940   2.586084    0.639940   2.586084    0.639940   0.000000    0.000000
1240.0   0.000000    0.000000   2.586726    0.642995   2.586726    0.642995   2.586726    0.642995   0.000000    0.000000   2.586726    0.642995   2.586726    0.642995   2.586726    0.642995   0.000000    0.000000
1250.0   0.000000    0.000000   2.587370    0.646100   2.587370    0.646100   2.587370    0.646100   0.000000    0.000000   2.587370    0.646100   2.587370    0.646100   2.587370    0.646100   0.000000    0.000000
1260.0   0.000000    0.000000   2.588018    0.649252   2.588018    0.649252   2.588018    0.649252   0.000000    0.000000   2.588018    0.649252   2.588018    0.649252   2.588018    0.649252   0.000000    0.000000
1270.0   0.000000    0.000000   2.588669    0.652459   2.588669    0.652459   2.588669    0.652459   0.000000    0.000000   2.588669    0.652459   2.588669    0.652459   2.588669    0.652459   0.000000    0.000000
1280.0   0.000000    0.000000   2.589323    0.655721   2.589323    0.655721   2.589323    0.655721   0.000000    0.000000   2.589323    0.655721   2.589323    0.655721   2.589323    0.655721   0.000000    0.000000
1290.0   0.000000    0.000000   2.589980    0.659034   2.589980    0.659034   2.589980    0.659034   0.000000    0.000000   2.589980    0.659034   2.589980    0.659034   2.589980    0.659034   0.000000    0.000000
1300.0   0.000000    0.000000   2.590641    0.662405   2.590641    0.662405   2.590641    0.662405   0.000000    0.000000   2.590641    0.662405   2.590641    0.662405   2.590641    0.662405   0.000000    0.000000
1310.0   0.000000    0.000000   2.591305    0.665833   2.591305    0.665833   2.591305    0.665833   0.000000    0.000000   2.591305    0.665833   2.591305    0.665833   2.591305    0.665833   0.000000    0.000000
1320.0   0.000000    0.000000   2.591973    0.669321   2.591973    0.669321   2.591973    0.669321   0.000000    0.000000   2.591973    0.669321   2.591973    0.669321   2.591973    0.669321   0.000000    0.000000
1330.0   0.000000    0.000000   2.592644    0.672870   2.592644    0.672870   2.592644    0.672870   0.000000    0.000000   2.592644    0.672870   2.592644    0.672870   2.592644    0.672870   0.000000    0.000000
1340.0   0.000000    0.000000   2.593318    0.676483   2.593318    0.676483   2.593318    0.676483   0.000000    0.000000   2.593318    0.676483   2.593318    0.676483   2.593318    0.676483   0.000000    0.000000
1350.0   0.000000    0.000000   2.593997    0.680160   2.593997    0.680160   2.593997    0.680160   0.000000    0.000000   2.593997    0.680160   2.593997    0.680160   2.593997    0.680160   0.000000    0.000000
1360.0   0.000000    0.000000   2.594679    0.683904   2.594679    0.683904   2.594679    0.683904   0.000000    0.000000   2.594679    0.683904   2.594679    0.683904   2.594679    0.683904   0.000000    0.000000
1370.0   0.000000    0.000000   2.595364    0.687717   2.595364    0.687717   2.595364    0.687717   0.000000    0.000000   2.595364    0.687717   2.595364    0.687717   2.595364    0.687717   0.000000    0.000000
1380.0   0.000000    0.000000   2.596054    0.691601   2.596054    0.691601   2.596054    0.691601   0.000000    0.000000   2.596054    0.691601   2.596054    0.691601   2.596054    0.691601   0.000000    0.000000
1390.0   0.000000    0.000000   2.596748    0.695558   2.596748    0.695558   2.596748    0.695558   0.000000    0.000000   2.596748    0.695558   2.596748    0.695558   2.596748    0.695558   0.000000    0.000000
1400.0   0.000000    0.000000   2.597445    0.699591   2.597445    0.699591   2.597445    0.699591   0.000000    0.000000   2.597445    0.699591   2.597445    0.699591   2.597445    0.699591   0.000000    0.000000
1410.0   0.000000    0.000000   2.598147    0.703703   2.598147    0.703703   2.598147    0.703703   0.000000    0.000000   2.598147    0.703703   2.598147    0.703703   2.598147    0.703703   0.000000    0.000000
1420.0   0.000000    0.000000   2.598853    0.709640   2.598853    0.709640   2.598853    0.709640   0.000000    0.000000   2.598853    0.709640   2.598853    0.709640   2.598853    0.709640   0.000000    0.000000
1430.0   0.000000    0.000000   2.599563    0.703990   2.599563    0.703990   2.599563    0.703990   0.000000    0.000000   2.599563    0.703990   2.599563    0.703990   2.599563    0.703990   0.000000    0.000000
1440.0   0.000000    0.000000   2.600277    0.744682   2.600277    0.744682   2.600277    0.744682   0.000000    0.000000   2.600277    0.744682   2.600277    0.744682   2.600277    0.744682   0.000000    0.000000
1450.0   0.000000    0.000000   2.600996    0.618827   2.600996    0.618827   2.600996    0.618827   0.000000    0.000000   2.600996    0.618827   2.600996    0.618827   2.600996    0.618827   0.000000    0.000000
1460.0   0.000000    0.000000   2.601405    0.162864   2.601405    0.162864   2.601405    0.162864   0.000000    0.000000   2.601405    0.162864   2.601405    0.162864   2.601405    0.162864   0.000000    0.000000
1470.0   0.000000    0.000000   2.601405   -0.043674   2.601405   -0.043674   2.601405   -0.043674   0.000000    0.000000   2.601405   -0.043674   2.601405   -0.043674   2.601405   -0.043674   0.000000    0.000000
1480.0   0.000000    0.000000   2.601405    0.011833   2.601405    0.011833   2.601405    0.011833   0.000000    0.000000   2.601405    0.011833   2.601405    0.011833   2.601405    0.011833   0.000000    0.000000
1490.0   0.000000    0.000000   2.601405   -0.003191   2.601405   -0.003191   2.601405   -0.003191   0.000000    0.000000   2.601405   -0.003191   2.601405   -0.003191   2.601405   -0.003191   0.000000    0.000000
1500.0   0.000000    0.000000   2.601405    0.000609   2.601405    0.000609   2.601405    0.000609   0.000000    0.000000   2.601405    0.000609   2.601405    0.000609   2.601405    0.000609   0.000000    0.000000
1510.0   0.000000    0.000000   2.601405    0.000000   2.601405    0.000000   2.601405    0.000000   0.000000    0.000000   2.601405    0.000000   2.601405    0.000000   2.601405    0.000000   0.000000    0.000000
1520.0   0.000000    0.000000   2.601405    0.000000   2.601405    0.000000   2.601405    0.000000   0.000000    0.000000   2.601405    0.000000   2.601405    0.000000   2.601405    0.000000   0.000000    0.000000
1530.0   0.000000    0.000000   2.601405    0.000000   2.601405    0.000000   2.601405    0.000000   0.000000    0.000000   2.601405    0.000000   2.601405    0.000000   2.601405    0.000000   0.000000    0.000000
1540.0   0.000000    0.000000   2.601405    0.000000   2.601405    0.000000   2.601405    0.000000   0.000000    0.000000   2.601405    0.000000   2.601405    0.000000   2.601405    0.000000   0.000000    0.000000
1550.0   0.000000    0.000000   2.601405    0.000000   2.601405    0.000000   2.601405    0.000000   0.000000    0.000000   2.601405    0.000000   2.601405    0.000000   2.601405    0.000000   0.000000    0.000000
1560.0   0.000000    0.000000   2.601405    0.000000   2.601405    0.000000   2.601405    0.000000   0.000000    0.000000   2.601405    0.000000   2.601405    0.000000   2.601405    0.000000   0.000000    0.000000
1570.0   0.000000    0.000000   2.601405    0.000000   2.601405    0.000000   2.601405    0.000000   0.000000    0.000000   2.601405    0.000000   2.601405    0.000000   2.601405    0.000000   0.000000    0.000000
1580.0   0.000000    0.000000   2.601405    0.000000   2.601405    0.000000   2.601405    0.000000   0.000000    0.000000   2.601405    0.000000   2.601405    0.000000   2.601405    0.000000   0.000000    0.000000
1590.0   0.000000    0.000000   2.601405    0.000000   2.601405    0.000000   2.601405    0.000000   0.000000    0.000000   2.601405    0.000000   2.601405    0.000000   2.601405    0.000000   0.000000    0.000000
1600.0   0.000000    0.000000   2.601405    0.000000   2.601405    0.000000   2.601405    0.000000   0.000000    0.000000   2.601405    0.000000   2.601405    0.000000   2.601405    0.000000   0.000000    0.000000
