# T(K) V(Ang^3) B(GPa) C11 C12 C13 C33 C44 E(GPa) G(GPa) B_correction_factor
0.0  10.410371   229.67   405.03   151.76   129.23   436.56   128.19   338.47   134.91     0.91
0.16  10.410371   229.67   405.03   151.76   129.23   436.56   128.19   338.47   134.91     0.91
0.41  10.410371   229.67   405.03   151.76   129.23   436.56   128.19   338.47   134.91     0.91
0.76  10.410371   229.67   405.03   151.76   129.23   436.56   128.19   338.47   134.91     0.91
1.19  10.410371   229.67   405.03   151.76   129.23   436.56   128.19   338.47   134.91     0.91
1.72  10.410371   229.67   405.03   151.76   129.23   436.56   128.19   338.47   134.91     0.91
2.33  10.410371   229.67   405.03   151.76   129.23   436.56   128.19   338.47   134.91     0.91
3.04  10.410371   229.67   405.03   151.76   129.23   436.56   128.19   338.47   134.91     0.91
3.83  10.410371   229.67   405.03   151.76   129.23   436.56   128.19   338.47   134.91     0.91
4.72  10.410371   229.67   405.03   151.76   129.23   436.56   128.19   338.47   134.91     0.91
5.7  10.410371   229.67   405.03   151.76   129.23   436.56   128.19   338.47   134.91     0.91
6.77  10.410371   229.67   405.03   151.76   129.23   436.56   128.19   338.47   134.91     0.91
7.92  10.410371   229.67   405.03   151.76   129.23   436.56   128.19   338.47   134.91     0.91
9.17  10.410370   229.67   405.03   151.76   129.23   436.56   128.19   338.47   134.91     0.91
10.51  10.410370   229.67   405.03   151.76   129.23   436.56   128.19   338.47   134.91     0.91
11.94  10.410370   229.67   405.03   151.76   129.23   436.56   128.19   338.47   134.91     0.91
13.47  10.410370   229.67   405.03   151.76   129.23   436.56   128.19   338.47   134.91     0.91
15.08  10.410370   229.67   405.03   151.76   129.23   436.56   128.19   338.47   134.91     0.91
16.78  10.410370   229.67   405.03   151.76   129.23   436.56   128.19   338.47   134.91     0.91
18.57  10.410370   229.67   405.03   151.76   129.23   436.56   128.19   338.47   134.91     0.91
20.46  10.410370   229.67   405.03   151.76   129.23   436.56   128.19   338.47   134.91     0.91
22.43  10.410369   229.67   405.03   151.76   129.23   436.56   128.19   338.47   134.91     0.91
24.5  10.410369   229.67   405.03   151.76   129.23   436.56   128.19   338.47   134.91     0.91
26.65  10.410368   229.67   405.03   151.76   129.23   436.56   128.19   338.47   134.91     0.91
28.9  10.410368   229.67   405.03   151.76   129.23   436.56   128.19   338.47   134.91     0.91
31.24  10.410367   229.67   405.03   151.76   129.23   436.56   128.19   338.47   134.91     0.91
33.67  10.410365   229.67   405.03   151.76   129.23   436.56   128.19   338.47   134.91     0.91
36.18  10.410364   229.67   405.03   151.76   129.23   436.56   128.19   338.47   134.91     0.91
38.79  10.410361   229.67   405.03   151.76   129.23   436.56   128.19   338.47   134.91     0.91
41.49  10.410359   229.67   405.03   151.76   129.23   436.56   128.19   338.47   134.91     0.91
44.28  10.410355   229.67   405.03   151.76   129.23   436.56   128.19   338.47   134.91     0.91
47.16  10.410351   229.67   405.03   151.76   129.23   436.56   128.19   338.47   134.91     0.91
50.14  10.410346   229.67   405.03   151.76   129.23   436.56   128.19   338.47   134.91     0.91
53.2  10.410340   229.67   405.03   151.76   129.23   436.55   128.19   338.47   134.91     0.91
56.35  10.410333   229.67   405.03   151.76   129.23   436.55   128.19   338.47   134.91     0.91
59.6  10.410325   229.67   405.03   151.76   129.23   436.55   128.19   338.47   134.91     0.91
62.93  10.410315   229.67   405.03   151.76   129.23   436.55   128.19   338.47   134.91     0.91
66.35  10.410304   229.67   405.02   151.76   129.23   436.55   128.19   338.47   134.91     0.91
69.87  10.410292   229.67   405.02   151.76   129.23   436.54   128.19   338.47   134.91     0.91
73.48  10.410278   229.67   405.02   151.76   129.23   436.54   128.20   338.46   134.91     0.91
77.17  10.410262   229.67   405.02   151.76   129.23   436.54   128.20   338.46   134.91     0.91
80.96  10.410246   229.66   405.01   151.75   129.23   436.53   128.20   338.46   134.91     0.91
84.84  10.410227   229.66   405.01   151.75   129.23   436.53   128.20   338.46   134.91     0.91
88.81  10.410207   229.66   405.00   151.75   129.23   436.52   128.20   338.46   134.91     0.91
92.87  10.410186   229.66   405.00   151.75   129.22   436.52   128.20   338.46   134.91     0.91
97.02  10.410164   229.65   404.99   151.75   129.22   436.51   128.20   338.46   134.91     0.91
101.26  10.410141   229.65   404.98   151.75   129.22   436.50   128.20   338.45   134.91     0.91
105.59  10.410116   229.65   404.97   151.74   129.22   436.49   128.20   338.45   134.91     0.91
110.01  10.410091   229.64   404.97   151.74   129.22   436.48   128.20   338.45   134.91     0.91
114.52  10.410066   229.64   404.96   151.74   129.21   436.47   128.20   338.44   134.91     0.91
119.13  10.410040   229.63   404.94   151.73   129.21   436.46   128.20   338.44   134.91     0.91
123.82  10.410014   229.62   404.93   151.73   129.21   436.45   128.20   338.43   134.90     0.91
128.61  10.409989   229.61   404.92   151.72   129.20   436.43   128.20   338.43   134.90     0.91
133.48  10.409964   229.61   404.90   151.72   129.20   436.42   128.20   338.42   134.90     0.91
138.45  10.409941   229.60   404.88   151.71   129.20   436.40   128.20   338.42   134.90     0.91
143.5  10.409919   229.59   404.87   151.71   129.19   436.38   128.20   338.41   134.90     0.91
148.65  10.409900   229.58   404.84   151.70   129.18   436.36   128.20   338.40   134.89     0.91
153.89  10.409883   229.56   404.82   151.69   129.18   436.33   128.20   338.39   134.89     0.91
159.22  10.409869   229.55   404.80   151.68   129.17   436.30   128.21   338.38   134.89     0.91
164.64  10.409859   229.53   404.77   151.67   129.16   436.28   128.21   338.37   134.88     0.91
170.15  10.409854   229.52   404.74   151.66   129.15   436.24   128.21   338.36   134.88     0.91
175.75  10.409853   229.50   404.71   151.65   129.14   436.21   128.21   338.34   134.87     0.91
181.44  10.409858   229.48   404.68   151.64   129.13   436.17   128.21   338.33   134.87     0.91
187.22  10.409870   229.46   404.64   151.62   129.12   436.13   128.21   338.31   134.86     0.91
193.09  10.409888   229.44   404.60   151.61   129.11   436.09   128.20   338.30   134.86     0.91
199.05  10.409914   229.41   404.56   151.59   129.09   436.04   128.20   338.28   134.85     0.91
205.11  10.409948   229.39   404.51   151.57   129.08   436.00   128.20   338.26   134.85     0.91
211.25  10.409991   229.36   404.46   151.55   129.06   435.94   128.20   338.24   134.84     0.91
217.49  10.410044   229.33   404.41   151.53   129.04   435.89   128.20   338.21   134.83     0.91
223.81  10.410107   229.29   404.36   151.51   129.02   435.83   128.20   338.19   134.82     0.91
230.23  10.410181   229.26   404.30   151.49   129.00   435.77   128.20   338.16   134.81     0.91
236.73  10.410266   229.22   404.24   151.46   128.98   435.70   128.20   338.13   134.81     0.91
243.33  10.410364   229.19   404.17   151.44   128.96   435.63   128.19   338.10   134.80     0.91
250.02  10.410475   229.15   404.10   151.41   128.93   435.55   128.19   338.07   134.78     0.91
256.8  10.410599   229.10   404.03   151.38   128.90   435.48   128.19   338.04   134.77     0.91
263.67  10.410738   229.06   403.96   151.35   128.88   435.40   128.18   338.00   134.76     0.91
270.63  10.410890   229.01   403.88   151.32   128.85   435.31   128.18   337.96   134.75     0.91
277.68  10.411058   228.96   403.80   151.28   128.82   435.22   128.18   337.92   134.74     0.91
284.82  10.411242   228.91   403.71   151.25   128.78   435.13   128.17   337.88   134.72     0.91
292.05  10.411441   228.86   403.62   151.21   128.75   435.03   128.17   337.84   134.71     0.91
299.37  10.411657   228.80   403.53   151.17   128.71   434.93   128.16   337.79   134.69     0.91
306.79  10.411890   228.74   403.44   151.13   128.68   434.83   128.15   337.75   134.68     0.91
314.29  10.412140   228.68   403.34   151.09   128.64   434.72   128.15   337.70   134.66     0.91
321.89  10.412408   228.62   403.24   151.04   128.60   434.61   128.14   337.65   134.64     0.91
329.57  10.412693   228.55   403.13   151.00   128.56   434.49   128.13   337.59   134.63     0.90
337.35  10.412997   228.48   403.02   150.95   128.51   434.38   128.13   337.54   134.61     0.90
345.21  10.413319   228.41   402.91   150.90   128.47   434.25   128.12   337.48   134.59     0.90
353.17  10.413660   228.34   402.79   150.85   128.42   434.13   128.11   337.42   134.57     0.90
361.22  10.414019   228.27   402.67   150.80   128.37   434.00   128.10   337.36   134.55     0.90
369.36  10.414398   228.19   402.55   150.74   128.32   433.86   128.09   337.30   134.53     0.90
377.59  10.414796   228.11   402.43   150.69   128.27   433.73   128.08   337.24   134.51     0.90
385.91  10.415213   228.03   402.30   150.63   128.22   433.59   128.07   337.17   134.48     0.90
394.32  10.415650   227.95   402.17   150.57   128.16   433.44   128.06   337.10   134.46     0.90
402.82  10.416107   227.87   402.03   150.51   128.11   433.30   128.05   337.03   134.44     0.90
411.41  10.416582   227.78   401.89   150.45   128.05   433.14   128.04   336.96   134.41     0.90
420.09  10.417078   227.69   401.75   150.39   127.99   432.99   128.02   336.89   134.39     0.90
428.86  10.417594   227.60   401.61   150.32   127.93   432.83   128.01   336.81   134.36     0.90
437.73  10.418129   227.51   401.46   150.26   127.87   432.67   128.00   336.73   134.34     0.90
446.68  10.418684   227.41   401.31   150.19   127.80   432.51   127.98   336.66   134.31     0.90
455.73  10.419260   227.32   401.16   150.12   127.74   432.34   127.97   336.58   134.28     0.90
464.86  10.419854   227.22   401.01   150.05   127.67   432.17   127.95   336.49   134.26     0.90
474.09  10.420469   227.12   400.85   149.98   127.60   432.00   127.94   336.41   134.23     0.90
483.4  10.421103   227.02   400.69   149.91   127.53   431.83   127.92   336.32   134.20     0.90
492.81  10.421758   226.91   400.52   149.83   127.46   431.65   127.91   336.24   134.17     0.90
502.31  10.422432   226.80   400.36   149.75   127.39   431.46   127.89   336.15   134.14     0.90
511.9  10.423126   226.70   400.19   149.68   127.32   431.28   127.87   336.05   134.11     0.90
521.58  10.423839   226.59   400.02   149.60   127.24   431.09   127.85   335.96   134.08     0.90
531.35  10.424572   226.48   399.84   149.52   127.16   430.90   127.84   335.87   134.04     0.90
541.21  10.425324   226.36   399.67   149.44   127.09   430.71   127.82   335.77   134.01     0.90
551.16  10.426096   226.25   399.49   149.35   127.01   430.51   127.80   335.67   133.98     0.90
561.2  10.426887   226.13   399.31   149.27   126.93   430.31   127.78   335.58   133.94     0.90
571.33  10.427697   226.01   399.12   149.18   126.84   430.11   127.76   335.47   133.91     0.90
581.56  10.428528   225.89   398.94   149.10   126.76   429.91   127.74   335.37   133.87     0.90
591.87  10.429376   225.77   398.75   149.01   126.68   429.70   127.72   335.27   133.84     0.90
602.27  10.430244   225.65   398.55   148.92   126.59   429.49   127.69   335.16   133.80     0.90
612.77  10.431131   225.52   398.36   148.83   126.50   429.28   127.67   335.05   133.77     0.90
623.36  10.432037   225.39   398.16   148.74   126.42   429.06   127.65   334.95   133.73     0.90
634.03  10.432961   225.26   397.97   148.65   126.33   428.84   127.63   334.84   133.69     0.90
644.8  10.433904   225.13   397.76   148.55   126.24   428.62   127.60   334.72   133.65     0.90
655.66  10.434866   225.00   397.56   148.46   126.14   428.40   127.58   334.61   133.62     0.90
666.61  10.435847   224.87   397.36   148.36   126.05   428.18   127.55   334.50   133.58     0.90
677.64  10.436845   224.73   397.15   148.26   125.96   427.95   127.53   334.38   133.54     0.90
688.77  10.437862   224.60   396.94   148.16   125.86   427.72   127.50   334.26   133.50     0.90
699.99  10.438898   224.46   396.72   148.06   125.76   427.48   127.48   334.14   133.46     0.90
711.3  10.439951   224.32   396.51   147.96   125.67   427.25   127.45   334.02   133.41     0.90
722.71  10.441024   224.18   396.29   147.86   125.57   427.01   127.42   333.90   133.37     0.90
734.2  10.442114   224.03   396.07   147.76   125.47   426.77   127.40   333.78   133.33     0.90
745.78  10.443221   223.89   395.85   147.65   125.36   426.53   127.37   333.65   133.29     0.90
757.45  10.444347   223.74   395.63   147.55   125.26   426.28   127.34   333.52   133.24     0.90
769.22  10.445491   223.59   395.40   147.44   125.16   426.03   127.31   333.39   133.20     0.90
781.07  10.446652   223.45   395.17   147.33   125.05   425.78   127.28   333.26   133.15     0.90
793.02  10.447832   223.29   394.94   147.23   124.95   425.53   127.25   333.13   133.11     0.90
805.05  10.449028   223.14   394.71   147.12   124.84   425.27   127.22   333.00   133.06     0.90
817.18  10.450242   222.99   394.47   147.01   124.73   425.02   127.19   332.87   133.02     0.90
829.4  10.451475   222.83   394.24   146.89   124.62   424.76   127.16   332.73   132.97     0.90
841.71  10.452724   222.68   394.00   146.78   124.51   424.49   127.13   332.59   132.92     0.89
854.11  10.453991   222.52   393.76   146.67   124.40   424.23   127.10   332.46   132.88     0.89
866.59  10.455274   222.36   393.51   146.55   124.29   423.96   127.06   332.32   132.83     0.89
879.17  10.456575   222.20   393.27   146.44   124.17   423.69   127.03   332.17   132.78     0.89
891.84  10.457894   222.04   393.02   146.32   124.06   423.42   127.00   332.03   132.73     0.89
904.61  10.459231   221.87   392.77   146.20   123.94   423.15   126.97   331.89   132.68     0.89
917.46  10.460583   221.71   392.52   146.08   123.82   422.87   126.93   331.74   132.63     0.89
930.4  10.461953   221.54   392.26   145.96   123.71   422.59   126.90   331.60   132.58     0.89
943.43  10.463340   221.37   392.00   145.84   123.59   422.31   126.86   331.45   132.53     0.89
956.56  10.464745   221.20   391.75   145.72   123.47   422.03   126.83   331.30   132.48     0.89
969.77  10.466165   221.03   391.48   145.59   123.35   421.74   126.79   331.15   132.43     0.89
983.08  10.467604   220.86   391.22   145.47   123.22   421.45   126.75   330.99   132.37     0.89
996.47  10.469058   220.68   390.96   145.34   123.10   421.16   126.72   330.84   132.32     0.89
1009.96  10.470530   220.51   390.69   145.22   122.97   420.87   126.68   330.68   132.27     0.89
1023.53  10.472018   220.33   390.42   145.09   122.85   420.57   126.64   330.53   132.21     0.89
1037.2  10.473524   220.15   390.15   144.96   122.72   420.28   126.61   330.37   132.16     0.89
1050.96  10.475046   219.97   389.87   144.83   122.59   419.98   126.57   330.21   132.10     0.89
1064.81  10.476586   219.79   389.60   144.70   122.47   419.68   126.53   330.05   132.05     0.89
1078.75  10.478142   219.61   389.32   144.57   122.34   419.37   126.49   329.89   131.99     0.89
1092.78  10.479714   219.43   389.04   144.44   122.21   419.06   126.45   329.72   131.94     0.89
1106.9  10.481303   219.24   388.76   144.31   122.07   418.75   126.41   329.56   131.88     0.89
1121.11  10.482909   219.06   388.47   144.17   121.94   418.44   126.37   329.39   131.82     0.89
1135.41  10.484532   218.87   388.19   144.04   121.81   418.13   126.33   329.22   131.76     0.89
1149.81  10.486172   218.68   387.90   143.90   121.67   417.81   126.29   329.05   131.70     0.89
1164.29  10.487828   218.49   387.61   143.77   121.54   417.50   126.25   328.88   131.64     0.89
1178.86  10.489500   218.29   387.31   143.63   121.40   417.18   126.20   328.71   131.59     0.89
1193.53  10.491190   218.10   387.02   143.49   121.26   416.85   126.16   328.53   131.52     0.89
1208.28  10.492896   217.91   386.72   143.35   121.12   416.53   126.12   328.36   131.46     0.89
1223.13  10.494619   217.71   386.42   143.21   120.98   416.20   126.08   328.18   131.40     0.89
1238.07  10.496359   217.51   386.12   143.07   120.84   415.87   126.03   328.00   131.34     0.89
1253.09  10.498115   217.31   385.82   142.92   120.70   415.54   125.99   327.83   131.28     0.89
1268.21  10.499888   217.11   385.51   142.78   120.56   415.20   125.94   327.64   131.22     0.89
1283.42  10.501678   216.91   385.20   142.64   120.41   414.87   125.90   327.46   131.15     0.89
1298.72  10.503484   216.71   384.89   142.49   120.27   414.53   125.85   327.28   131.09     0.89
1314.11  10.505307   216.50   384.58   142.34   120.12   414.19   125.81   327.09   131.03     0.89
1329.59  10.507147   216.30   384.27   142.20   119.98   413.84   125.76   326.91   130.96     0.89
1345.16  10.509004   216.09   383.95   142.05   119.83   413.50   125.72   326.72   130.90     0.89
1360.82  10.510877   215.88   383.63   141.90   119.68   413.15   125.67   326.53   130.83     0.89
1376.57  10.512767   215.67   383.31   141.75   119.53   412.80   125.62   326.34   130.76     0.89
1392.42  10.514675   215.46   382.99   141.60   119.38   412.44   125.57   326.15   130.70     0.89
1408.35  10.516598   215.25   382.66   141.45   119.23   412.09   125.53   325.95   130.63     0.89
1424.37  10.518538   215.03   382.34   141.29   119.07   411.73   125.48   325.76   130.56     0.88
1440.49  10.520496   214.82   382.01   141.14   118.92   411.37   125.43   325.56   130.50     0.88
1456.7  10.522471   214.60   381.68   140.98   118.77   411.01   125.38   325.37   130.43     0.88
1472.99  10.524462   214.38   381.34   140.83   118.61   410.65   125.33   325.17   130.36     0.88
1489.38  10.526470   214.16   381.01   140.67   118.45   410.28   125.28   324.97   130.29     0.88
1505.86  10.528496   213.94   380.67   140.51   118.30   409.91   125.23   324.76   130.22     0.88
1522.42  10.530537   213.72   380.33   140.35   118.14   409.54   125.18   324.56   130.15     0.88
1539.08  10.532597   213.49   379.99   140.19   117.98   409.16   125.12   324.36   130.08     0.88
1555.83  10.534673   213.27   379.64   140.03   117.82   408.79   125.07   324.15   130.00     0.88
1572.67  10.536767   213.04   379.30   139.87   117.66   408.41   125.02   323.94   129.93     0.88
1589.6  10.538877   212.81   378.95   139.71   117.50   408.03   124.97   323.73   129.86     0.88
1606.62  10.541005   212.59   378.60   139.55   117.33   407.65   124.91   323.52   129.79     0.88
1623.74  10.543151   212.35   378.25   139.38   117.17   407.26   124.86   323.31   129.71     0.88
1640.94  10.545313   212.12   377.89   139.22   117.00   406.87   124.81   323.10   129.64     0.88
1658.23  10.547493   211.89   377.54   139.05   116.84   406.48   124.75   322.88   129.56     0.88
1675.62  10.549691   211.65   377.18   138.88   116.67   406.09   124.70   322.67   129.49     0.88
1693.09  10.551905   211.42   376.81   138.72   116.50   405.69   124.64   322.45   129.41     0.88
1710.66  10.554138   211.18   376.45   138.55   116.34   405.30   124.59   322.23   129.34     0.88
1728.31  10.556386   210.94   376.09   138.38   116.17   404.90   124.53   322.01   129.26     0.88
1746.06  10.558654   210.70   375.72   138.21   116.00   404.49   124.47   321.79   129.18     0.88
1763.9  10.560939   210.46   375.35   138.03   115.82   404.09   124.42   321.56   129.11     0.88
1781.82  10.563241   210.22   374.98   137.86   115.65   403.68   124.36   321.34   129.03     0.88
1799.84  10.565561   209.97   374.60   137.69   115.48   403.27   124.30   321.11   128.95     0.88
1817.95  10.567899   209.73   374.23   137.51   115.30   402.86   124.24   320.88   128.87     0.88
1836.15  10.570255   209.48   373.85   137.34   115.13   402.45   124.19   320.65   128.79     0.88
1854.44  10.572629   209.23   373.47   137.16   114.95   402.03   124.13   320.42   128.71     0.88
1872.82  10.575020   208.98   373.08   136.98   114.78   401.61   124.07   320.19   128.63     0.88
1891.29  10.577430   208.73   372.70   136.80   114.60   401.19   124.01   319.96   128.55     0.88
1909.86  10.579859   208.48   372.31   136.62   114.42   400.77   123.95   319.72   128.46     0.88
1928.51  10.582304   208.23   371.92   136.44   114.24   400.34   123.89   319.49   128.38     0.88
1947.25  10.584768   207.97   371.53   136.26   114.06   399.91   123.83   319.25   128.30     0.88
1966.09  10.587251   207.71   371.14   136.08   113.88   399.48   123.76   319.01   128.22     0.88
1985.01  10.589752   207.46   370.74   135.89   113.70   399.05   123.70   318.77   128.13     0.88
2004.03  10.592271   207.20   370.34   135.71   113.51   398.61   123.64   318.53   128.05     0.87
2023.13  10.594808   206.94   369.94   135.52   113.33   398.18   123.58   318.28   127.96     0.87
2042.33  10.597365   206.67   369.54   135.33   113.14   397.73   123.51   318.04   127.88     0.87
2061.62  10.599941   206.41   369.14   135.15   112.96   397.29   123.45   317.79   127.79     0.87
2081.0  10.602535   206.15   368.73   134.96   112.77   396.85   123.39   317.54   127.70     0.87
2100.46  10.605146   205.88   368.32   134.77   112.58   396.40   123.32   317.29   127.62     0.87
2120.02  10.607777   205.61   367.91   134.58   112.40   395.95   123.26   317.04   127.53     0.87
2139.67  10.610428   205.34   367.50   134.38   112.21   395.49   123.19   316.79   127.44     0.87
2159.41  10.613097   205.07   367.08   134.19   112.02   395.04   123.13   316.54   127.35     0.87
2179.25  10.615787   204.80   366.67   134.00   111.83   394.58   123.06   316.28   127.26     0.87
2199.17  10.618494   204.53   366.25   133.80   111.63   394.12   122.99   316.02   127.18     0.87
2219.18  10.621221   204.25   365.82   133.60   111.44   393.66   122.93   315.77   127.09     0.87
2239.28  10.623967   203.98   365.40   133.41   111.25   393.19   122.86   315.51   126.99     0.87
2259.48  10.626734   203.70   364.97   133.21   111.05   392.72   122.79   315.25   126.90     0.87
2279.76  10.629518   203.42   364.55   133.01   110.86   392.25   122.72   314.98   126.81     0.87
2300.14  10.632324   203.14   364.12   132.81   110.66   391.78   122.65   314.72   126.72     0.87
2320.6  10.635148   202.86   363.68   132.61   110.47   391.30   122.58   314.45   126.63     0.87
2341.16  10.637993   202.58   363.25   132.40   110.27   390.83   122.52   314.19   126.53     0.87
2361.81  10.640858   202.29   362.81   132.20   110.07   390.35   122.45   313.92   126.44     0.87
2382.54  10.643742   202.01   362.37   131.99   109.87   389.86   122.37   313.65   126.35     0.87
2403.37  10.646647   201.72   361.93   131.79   109.67   389.38   122.30   313.38   126.25     0.87
2424.29  10.649572   201.43   361.49   131.58   109.47   388.89   122.23   313.10   126.16     0.87
2445.3  10.652517   201.14   361.04   131.37   109.27   388.40   122.16   312.83   126.06     0.87
2466.4  10.655483   200.85   360.59   131.16   109.06   387.90   122.09   312.55   125.97     0.87
2487.59  10.658469   200.56   360.14   130.95   108.86   387.41   122.02   312.28   125.87     0.87
2508.87  10.661475   200.26   359.69   130.73   108.65   386.91   121.94   312.00   125.77     0.87
2530.25  10.664504   199.97   359.24   130.52   108.45   386.41   121.87   311.72   125.67     0.87
2551.71  10.667552   199.67   358.78   130.30   108.24   385.91   121.80   311.44   125.58     0.87
2573.26  10.670621   199.37   358.32   130.09   108.04   385.40   121.72   311.16   125.48     0.86
2594.91  10.673712   199.07   357.86   129.87   107.83   384.89   121.65   310.87   125.38     0.86
2616.64  10.676823   198.77   357.40   129.65   107.62   384.38   121.57   310.59   125.28     0.86
2638.47  10.679957   198.47   356.93   129.43   107.41   383.86   121.50   310.30   125.18     0.86
2660.38  10.683110   198.17   356.47   129.21   107.20   383.35   121.42   310.01   125.08     0.86
2682.39  10.686287   197.86   356.00   128.99   106.99   382.83   121.34   309.72   124.98     0.86
2704.49  10.689485   197.55   355.53   128.76   106.78   382.30   121.27   309.43   124.87     0.86
2726.67  10.692703   197.25   355.05   128.54   106.56   381.78   121.19   309.14   124.77     0.86
2748.95  10.695944   196.94   354.58   128.31   106.35   381.25   121.11   308.84   124.67     0.86
2771.32  10.699208   196.63   354.10   128.08   106.14   380.72   121.03   308.54   124.57     0.86
2793.78  10.702494   196.31   353.62   127.85   105.92   380.19   120.96   308.25   124.46     0.86
2816.33  10.705801   196.00   353.14   127.62   105.71   379.65   120.88   307.95   124.36     0.86
2838.97  10.709132   195.68   352.65   127.38   105.49   379.11   120.80   307.65   124.26     0.86
2861.71  10.712486   195.37   352.17   127.15   105.27   378.57   120.72   307.35   124.15     0.86
2884.53  10.715861   195.05   351.68   126.91   105.05   378.03   120.64   307.04   124.05     0.86
2907.44  10.719259   194.73   351.19   126.68   104.84   377.48   120.56   306.74   123.94     0.86
2930.44  10.722680   194.41   350.70   126.44   104.62   376.93   120.48   306.44   123.83     0.86
2953.54  10.726126   194.08   350.20   126.20   104.40   376.38   120.39   306.13   123.73     0.86
2976.72  10.729593   193.76   349.71   125.95   104.17   375.82   120.31   305.82   123.62     0.86
3000.0  10.733085   193.43   349.21   125.71   103.95   375.27   120.23   305.51   123.51     0.86
