#T volume alpha alpha_xx alpha_yy alpha_zz alpha_yz alpha_zx alpha_xz alpha_zx alpha_xy alpha_yx
0.0  10.410371   0.0000e+00   7.3643e-13   7.3511e-13   6.8672e-13   0.0000e+00   0.0000e+00   0.0000e+00   0.0000e+00   2.7576e-15  -5.7567e-19
0.16  10.410371  -4.1034e-15   1.8432e-13   1.8423e-13   1.7214e-13   0.0000e+00   0.0000e+00   0.0000e+00   0.0000e+00  -4.0315e-16  -1.4659e-19
0.41  10.410371  -4.8840e-14  -1.0404e-13  -1.0395e-13  -9.7167e-14   0.0000e+00   0.0000e+00   0.0000e+00   0.0000e+00  -3.3168e-16   8.1237e-20
0.76  10.410371  -3.1334e-13  -3.0294e-13  -3.0296e-13  -2.8245e-13   0.0000e+00   0.0000e+00   0.0000e+00   0.0000e+00   8.2880e-16   2.3859e-19
1.19  10.410371  -1.2087e-12  -1.2456e-12  -1.2457e-12  -1.1587e-12   0.0000e+00   0.0000e+00   0.0000e+00   0.0000e+00  -3.2110e-16   9.7571e-19
1.72  10.410371  -3.6502e-12  -3.7357e-12  -3.7363e-12  -3.4752e-12   0.0000e+00   0.0000e+00   0.0000e+00   0.0000e+00   1.9204e-16   2.9293e-18
2.33  10.410371  -9.0738e-12  -9.2841e-12  -9.2836e-12  -8.6371e-12   0.0000e+00   0.0000e+00   0.0000e+00   0.0000e+00   8.6555e-18   7.2783e-18
3.04  10.410371  -2.0125e-11  -2.0601e-11  -2.0601e-11  -1.9165e-11   0.0000e+00   0.0000e+00   0.0000e+00   0.0000e+00  -1.4106e-16   1.6150e-17
3.83  10.410371  -4.0079e-11  -4.1029e-11  -4.1030e-11  -3.8171e-11   0.0000e+00   0.0000e+00   0.0000e+00   0.0000e+00   3.9375e-16   3.2166e-17
4.72  10.410371  -7.4360e-11  -7.6127e-11  -7.6128e-11  -7.0823e-11   0.0000e+00   0.0000e+00   0.0000e+00   0.0000e+00   3.4078e-16   5.9681e-17
5.7  10.410371  -1.2915e-10  -1.3222e-10  -1.3222e-10  -1.2301e-10   0.0000e+00   0.0000e+00   0.0000e+00   0.0000e+00   5.2675e-16   1.0365e-16
6.77  10.410371  -2.1243e-10  -2.1748e-10  -2.1748e-10  -2.0232e-10   0.0000e+00   0.0000e+00   0.0000e+00   0.0000e+00   8.3663e-16   1.7049e-16
7.92  10.410371  -3.3273e-10  -3.4064e-10  -3.4064e-10  -3.1690e-10   0.0000e+00   0.0000e+00   0.0000e+00   0.0000e+00   1.6685e-15   2.6705e-16
9.17  10.410370  -5.0378e-10  -5.1576e-10  -5.1576e-10  -4.7982e-10   0.0000e+00   0.0000e+00   0.0000e+00   0.0000e+00   2.3926e-15   4.0434e-16
10.51  10.410370  -7.3847e-10  -7.5602e-10  -7.5603e-10  -7.0334e-10   0.0000e+00   0.0000e+00   0.0000e+00   0.0000e+00   3.2439e-15   5.9270e-16
11.94  10.410370  -1.0530e-09  -1.0780e-09  -1.0780e-09  -1.0029e-09   0.0000e+00   0.0000e+00   0.0000e+00   0.0000e+00   4.8575e-15   8.4514e-16
13.47  10.410370  -1.4694e-09  -1.5044e-09  -1.5044e-09  -1.3995e-09   0.0000e+00   0.0000e+00   0.0000e+00   0.0000e+00   6.7398e-15   1.1794e-15
15.08  10.410370  -2.0050e-09  -2.0527e-09  -2.0527e-09  -1.9097e-09   0.0000e+00   0.0000e+00   0.0000e+00   0.0000e+00   9.2062e-15   1.6093e-15
16.78  10.410370  -2.6896e-09  -2.7535e-09  -2.7535e-09  -2.5616e-09   0.0000e+00   0.0000e+00   0.0000e+00   0.0000e+00   1.2304e-14   2.1587e-15
18.57  10.410370  -3.5566e-09  -3.6411e-09  -3.6412e-09  -3.3874e-09   0.0000e+00   0.0000e+00   0.0000e+00   0.0000e+00   1.6191e-14   2.8546e-15
20.46  10.410370  -4.6541e-09  -4.7648e-09  -4.7648e-09  -4.4327e-09   0.0000e+00   0.0000e+00   0.0000e+00   0.0000e+00   2.1309e-14   3.7354e-15
22.43  10.410369  -6.0222e-09  -6.1653e-09  -6.1654e-09  -5.7357e-09   0.0000e+00   0.0000e+00   0.0000e+00   0.0000e+00   2.7646e-14   4.8335e-15
24.5  10.410369  -7.7371e-09  -7.9211e-09  -7.9212e-09  -7.3691e-09   0.0000e+00   0.0000e+00   0.0000e+00   0.0000e+00   3.5325e-14   6.2100e-15
26.65  10.410368  -9.8544e-09  -1.0089e-08  -1.0089e-08  -9.3857e-09   0.0000e+00   0.0000e+00   0.0000e+00   0.0000e+00   4.5158e-14   7.9094e-15
28.9  10.410368  -1.2473e-08  -1.2769e-08  -1.2769e-08  -1.1879e-08   0.0000e+00   0.0000e+00   0.0000e+00   0.0000e+00   5.7162e-14   1.0011e-14
31.24  10.410367  -1.5664e-08  -1.6036e-08  -1.6036e-08  -1.4919e-08   0.0000e+00   0.0000e+00   0.0000e+00   0.0000e+00   7.1625e-14   1.2573e-14
33.67  10.410365  -1.9505e-08  -1.9969e-08  -1.9969e-08  -1.8577e-08   0.0000e+00   0.0000e+00   0.0000e+00   0.0000e+00   8.9278e-14   1.5656e-14
36.18  10.410364  -2.4043e-08  -2.4614e-08  -2.4615e-08  -2.2899e-08   0.0000e+00   0.0000e+00   0.0000e+00   0.0000e+00   1.1008e-13   1.9299e-14
38.79  10.410361  -2.9362e-08  -3.0061e-08  -3.0061e-08  -2.7966e-08   0.0000e+00   0.0000e+00   0.0000e+00   0.0000e+00   1.3440e-13   2.3569e-14
41.49  10.410359  -3.5474e-08  -3.6318e-08  -3.6318e-08  -3.3787e-08   0.0000e+00   0.0000e+00   0.0000e+00   0.0000e+00   1.6243e-13   2.8476e-14
44.28  10.410355  -4.2380e-08  -4.3387e-08  -4.3388e-08  -4.0364e-08   0.0000e+00   0.0000e+00   0.0000e+00   0.0000e+00   1.9397e-13   3.4021e-14
47.16  10.410351  -5.0053e-08  -5.1243e-08  -5.1244e-08  -4.7673e-08   0.0000e+00   0.0000e+00   0.0000e+00   0.0000e+00   2.2913e-13   4.0183e-14
50.14  10.410346  -5.8470e-08  -5.9860e-08  -5.9861e-08  -5.5689e-08   0.0000e+00   0.0000e+00   0.0000e+00   0.0000e+00   2.6773e-13   4.6943e-14
53.2  10.410340  -6.7495e-08  -6.9100e-08  -6.9101e-08  -6.4285e-08   0.0000e+00   0.0000e+00   0.0000e+00   0.0000e+00   3.0901e-13   5.4192e-14
56.35  10.410333  -7.7053e-08  -7.8885e-08  -7.8886e-08  -7.3388e-08   0.0000e+00   0.0000e+00   0.0000e+00   0.0000e+00   3.5284e-13   6.1872e-14
59.6  10.410325  -8.7051e-08  -8.9121e-08  -8.9122e-08  -8.2911e-08   0.0000e+00   0.0000e+00   0.0000e+00   0.0000e+00   3.9863e-13   6.9907e-14
62.93  10.410315  -9.7289e-08  -9.9603e-08  -9.9604e-08  -9.2662e-08   0.0000e+00   0.0000e+00   0.0000e+00   0.0000e+00   4.4560e-13   7.8139e-14
66.35  10.410304  -1.0765e-07  -1.1020e-07  -1.1021e-07  -1.0253e-07   0.0000e+00   0.0000e+00   0.0000e+00   0.0000e+00   4.9308e-13   8.6468e-14
69.87  10.410292  -1.1799e-07  -1.2079e-07  -1.2079e-07  -1.1238e-07   0.0000e+00   0.0000e+00   0.0000e+00   0.0000e+00   5.4043e-13   9.4789e-14
73.48  10.410278  -1.2811e-07  -1.3116e-07  -1.3116e-07  -1.2202e-07   0.0000e+00   0.0000e+00   0.0000e+00   0.0000e+00   5.8699e-13   1.0294e-13
77.17  10.410262  -1.3783e-07  -1.4111e-07  -1.4111e-07  -1.3128e-07   0.0000e+00   0.0000e+00   0.0000e+00   0.0000e+00   6.3164e-13   1.1077e-13
80.96  10.410246  -1.4702e-07  -1.5052e-07  -1.5052e-07  -1.4003e-07   0.0000e+00   0.0000e+00   0.0000e+00   0.0000e+00   6.7380e-13   1.1818e-13
84.84  10.410227  -1.5548e-07  -1.5918e-07  -1.5918e-07  -1.4809e-07   0.0000e+00   0.0000e+00   0.0000e+00   0.0000e+00   7.1274e-13   1.2501e-13
88.81  10.410207  -1.6305e-07  -1.6692e-07  -1.6693e-07  -1.5529e-07   0.0000e+00   0.0000e+00   0.0000e+00   0.0000e+00   7.4758e-13   1.3113e-13
92.87  10.410186  -1.6956e-07  -1.7359e-07  -1.7359e-07  -1.6149e-07   0.0000e+00   0.0000e+00   0.0000e+00   0.0000e+00   7.7759e-13   1.3640e-13
97.02  10.410164  -1.7485e-07  -1.7901e-07  -1.7901e-07  -1.6653e-07   0.0000e+00   0.0000e+00   0.0000e+00   0.0000e+00   8.0209e-13   1.4069e-13
101.26  10.410141  -1.7877e-07  -1.8302e-07  -1.8302e-07  -1.7027e-07   0.0000e+00   0.0000e+00   0.0000e+00   0.0000e+00   8.2029e-13   1.4389e-13
105.59  10.410116  -1.8117e-07  -1.8548e-07  -1.8548e-07  -1.7255e-07   0.0000e+00   0.0000e+00   0.0000e+00   0.0000e+00   8.3145e-13   1.4586e-13
110.01  10.410091  -1.8190e-07  -1.8623e-07  -1.8623e-07  -1.7325e-07   0.0000e+00   0.0000e+00   0.0000e+00   0.0000e+00   8.3505e-13   1.4650e-13
114.52  10.410066  -1.8084e-07  -1.8513e-07  -1.8514e-07  -1.7223e-07   0.0000e+00   0.0000e+00   0.0000e+00   0.0000e+00   8.3042e-13   1.4568e-13
119.13  10.410040  -1.7782e-07  -1.8205e-07  -1.8205e-07  -1.6937e-07   0.0000e+00   0.0000e+00   0.0000e+00   0.0000e+00   8.1677e-13   1.4330e-13
123.82  10.410014  -1.7276e-07  -1.7686e-07  -1.7686e-07  -1.6454e-07   0.0000e+00   0.0000e+00   0.0000e+00   0.0000e+00   7.9371e-13   1.3926e-13
128.61  10.409989  -1.6549e-07  -1.6943e-07  -1.6943e-07  -1.5762e-07   0.0000e+00   0.0000e+00   0.0000e+00   0.0000e+00   7.6058e-13   1.3345e-13
133.48  10.409964  -1.5595e-07  -1.5966e-07  -1.5966e-07  -1.4854e-07   0.0000e+00   0.0000e+00   0.0000e+00   0.0000e+00   7.1691e-13   1.2580e-13
138.45  10.409941  -1.4401e-07  -1.4743e-07  -1.4743e-07  -1.3716e-07   0.0000e+00   0.0000e+00   0.0000e+00   0.0000e+00   6.6214e-13   1.1619e-13
143.5  10.409919  -1.2961e-07  -1.3269e-07  -1.3269e-07  -1.2344e-07   0.0000e+00   0.0000e+00   0.0000e+00   0.0000e+00   5.9606e-13   1.0460e-13
148.65  10.409900  -1.1263e-07  -1.1531e-07  -1.1531e-07  -1.0727e-07   0.0000e+00   0.0000e+00   0.0000e+00   0.0000e+00   5.1812e-13   9.0920e-14
153.89  10.409883  -9.3037e-08  -9.5249e-08  -9.5250e-08  -8.8612e-08   0.0000e+00   0.0000e+00   0.0000e+00   0.0000e+00   4.2807e-13   7.5120e-14
159.22  10.409869  -7.0790e-08  -7.2473e-08  -7.2474e-08  -6.7423e-08   0.0000e+00   0.0000e+00   0.0000e+00   0.0000e+00   3.2573e-13   5.7167e-14
164.64  10.409859  -4.5862e-08  -4.6953e-08  -4.6953e-08  -4.3681e-08   0.0000e+00   0.0000e+00   0.0000e+00   0.0000e+00   2.1108e-13   3.7041e-14
170.15  10.409854  -1.8245e-08  -1.8679e-08  -1.8679e-08  -1.7378e-08   0.0000e+00   0.0000e+00   0.0000e+00   0.0000e+00   8.3963e-14   1.4737e-14
175.75  10.409853   1.2050e-08   1.2336e-08   1.2337e-08   1.1477e-08   0.0000e+00   0.0000e+00   0.0000e+00   0.0000e+00  -5.5467e-14  -9.7329e-15
181.44  10.409858   4.4995e-08   4.6065e-08   4.6065e-08   4.2855e-08   0.0000e+00   0.0000e+00   0.0000e+00   0.0000e+00  -2.0705e-13  -3.6341e-14
187.22  10.409870   8.0543e-08   8.2458e-08   8.2459e-08   7.6713e-08   0.0000e+00   0.0000e+00   0.0000e+00   0.0000e+00  -3.7065e-13  -6.5043e-14
193.09  10.409888   1.1863e-07   1.2145e-07   1.2145e-07   1.1299e-07   0.0000e+00   0.0000e+00   0.0000e+00   0.0000e+00  -5.4579e-13  -9.5779e-14
199.05  10.409914   1.5917e-07   1.6296e-07   1.6296e-07   1.5160e-07   0.0000e+00   0.0000e+00   0.0000e+00   0.0000e+00  -7.3209e-13  -1.2847e-13
205.11  10.409948   2.0215e-07   2.0696e-07   2.0696e-07   1.9254e-07   0.0000e+00   0.0000e+00   0.0000e+00   0.0000e+00  -9.2944e-13  -1.6309e-13
211.25  10.409991   2.4731e-07   2.5319e-07   2.5319e-07   2.3555e-07   0.0000e+00   0.0000e+00   0.0000e+00   0.0000e+00  -1.1366e-12  -1.9942e-13
217.49  10.410044   2.9467e-07   3.0168e-07   3.0168e-07   2.8066e-07   0.0000e+00   0.0000e+00   0.0000e+00   0.0000e+00  -1.3534e-12  -2.3746e-13
223.81  10.410107   3.4395e-07   3.5213e-07   3.5213e-07   3.2759e-07   0.0000e+00   0.0000e+00   0.0000e+00   0.0000e+00  -1.5787e-12  -2.7695e-13
230.23  10.410181   3.9516e-07   4.0455e-07   4.0456e-07   3.7636e-07   0.0000e+00   0.0000e+00   0.0000e+00   0.0000e+00  -1.8124e-12  -3.1790e-13
236.73  10.410266   4.4799e-07   4.5864e-07   4.5864e-07   4.2668e-07   0.0000e+00   0.0000e+00   0.0000e+00   0.0000e+00  -2.0528e-12  -3.6002e-13
243.33  10.410364   5.0244e-07   5.1439e-07   5.1439e-07   4.7854e-07   0.0000e+00   0.0000e+00   0.0000e+00   0.0000e+00  -2.2999e-12  -4.0329e-13
250.02  10.410475   5.5828e-07   5.7156e-07   5.7156e-07   5.3173e-07   0.0000e+00   0.0000e+00   0.0000e+00   0.0000e+00  -2.5525e-12  -4.4751e-13
256.8  10.410599   6.1535e-07   6.2998e-07   6.2999e-07   5.8608e-07   0.0000e+00   0.0000e+00   0.0000e+00   0.0000e+00  -2.8097e-12  -4.9249e-13
263.67  10.410738   6.7348e-07   6.8949e-07   6.8950e-07   6.4145e-07   0.0000e+00   0.0000e+00   0.0000e+00   0.0000e+00  -3.0706e-12  -5.3810e-13
270.63  10.410890   7.3251e-07   7.4993e-07   7.4993e-07   6.9767e-07   0.0000e+00   0.0000e+00   0.0000e+00   0.0000e+00  -3.3343e-12  -5.8416e-13
277.68  10.411058   7.9229e-07   8.1112e-07   8.1113e-07   7.5461e-07   0.0000e+00   0.0000e+00   0.0000e+00   0.0000e+00  -3.6000e-12  -6.3052e-13
284.82  10.411242   8.5266e-07   8.7293e-07   8.7294e-07   8.1211e-07   0.0000e+00   0.0000e+00   0.0000e+00   0.0000e+00  -3.8667e-12  -6.7703e-13
292.05  10.411441   9.1347e-07   9.3519e-07   9.3520e-07   8.7003e-07   0.0000e+00   0.0000e+00   0.0000e+00   0.0000e+00  -4.1337e-12  -7.2352e-13
299.37  10.411657   9.7459e-07   9.9776e-07   9.9777e-07   9.2824e-07   0.0000e+00   0.0000e+00   0.0000e+00   0.0000e+00  -4.4001e-12  -7.6986e-13
306.79  10.411890   1.0360e-06   1.0606e-06   1.0606e-06   9.8669e-07   0.0000e+00   0.0000e+00   0.0000e+00   0.0000e+00  -4.6655e-12  -8.1597e-13
314.29  10.412140   1.0973e-06   1.1234e-06   1.1234e-06   1.0451e-06   0.0000e+00   0.0000e+00   0.0000e+00   0.0000e+00  -4.9284e-12  -8.6158e-13
321.89  10.412408   1.1586e-06   1.1861e-06   1.1861e-06   1.1035e-06   0.0000e+00   0.0000e+00   0.0000e+00   0.0000e+00  -5.1889e-12  -9.0668e-13
329.57  10.412693   1.2196e-06   1.2486e-06   1.2486e-06   1.1616e-06   0.0000e+00   0.0000e+00   0.0000e+00   0.0000e+00  -5.4455e-12  -9.5104e-13
337.35  10.412997   1.2804e-06   1.3109e-06   1.3109e-06   1.2195e-06   0.0000e+00   0.0000e+00   0.0000e+00   0.0000e+00  -5.6984e-12  -9.9465e-13
345.21  10.413319   1.3408e-06   1.3726e-06   1.3726e-06   1.2770e-06   0.0000e+00   0.0000e+00   0.0000e+00   0.0000e+00  -5.9462e-12  -1.0373e-12
353.17  10.413660   1.4007e-06   1.4340e-06   1.4340e-06   1.3341e-06   0.0000e+00   0.0000e+00   0.0000e+00   0.0000e+00  -6.1892e-12  -1.0790e-12
361.22  10.414019   1.4600e-06   1.4947e-06   1.4947e-06   1.3906e-06   0.0000e+00   0.0000e+00   0.0000e+00   0.0000e+00  -6.4264e-12  -1.1196e-12
369.36  10.414398   1.5187e-06   1.5548e-06   1.5548e-06   1.4465e-06   0.0000e+00   0.0000e+00   0.0000e+00   0.0000e+00  -6.6574e-12  -1.1590e-12
377.59  10.414796   1.5767e-06   1.6141e-06   1.6142e-06   1.5017e-06   0.0000e+00   0.0000e+00   0.0000e+00   0.0000e+00  -6.8817e-12  -1.1972e-12
385.91  10.415213   1.6339e-06   1.6727e-06   1.6727e-06   1.5562e-06   0.0000e+00   0.0000e+00   0.0000e+00   0.0000e+00  -7.0992e-12  -1.2340e-12
394.32  10.415650   1.6902e-06   1.7304e-06   1.7304e-06   1.6099e-06   0.0000e+00   0.0000e+00   0.0000e+00   0.0000e+00  -7.3093e-12  -1.2694e-12
402.82  10.416107   1.7457e-06   1.7872e-06   1.7873e-06   1.6627e-06   0.0000e+00   0.0000e+00   0.0000e+00   0.0000e+00  -7.5119e-12  -1.3034e-12
411.41  10.416582   1.8003e-06   1.8431e-06   1.8431e-06   1.7147e-06   0.0000e+00   0.0000e+00   0.0000e+00   0.0000e+00  -7.7067e-12  -1.3359e-12
420.09  10.417078   1.8540e-06   1.8981e-06   1.8981e-06   1.7659e-06   0.0000e+00   0.0000e+00   0.0000e+00   0.0000e+00  -7.8934e-12  -1.3669e-12
428.86  10.417594   1.9067e-06   1.9520e-06   1.9520e-06   1.8160e-06   0.0000e+00   0.0000e+00   0.0000e+00   0.0000e+00  -8.0720e-12  -1.3963e-12
437.73  10.418129   1.9584e-06   2.0050e-06   2.0050e-06   1.8653e-06   0.0000e+00   0.0000e+00   0.0000e+00   0.0000e+00  -8.2424e-12  -1.4241e-12
446.68  10.418684   2.0091e-06   2.0569e-06   2.0569e-06   1.9136e-06   0.0000e+00   0.0000e+00   0.0000e+00   0.0000e+00  -8.4042e-12  -1.4503e-12
455.73  10.419260   2.0588e-06   2.1078e-06   2.1078e-06   1.9610e-06   0.0000e+00   0.0000e+00   0.0000e+00   0.0000e+00  -8.5576e-12  -1.4749e-12
464.86  10.419854   2.1075e-06   2.1576e-06   2.1576e-06   2.0073e-06   0.0000e+00   0.0000e+00   0.0000e+00   0.0000e+00  -8.7023e-12  -1.4979e-12
474.09  10.420469   2.1551e-06   2.2063e-06   2.2064e-06   2.0527e-06   0.0000e+00   0.0000e+00   0.0000e+00   0.0000e+00  -8.8385e-12  -1.5192e-12
483.4  10.421103   2.2017e-06   2.2540e-06   2.2540e-06   2.0971e-06   0.0000e+00   0.0000e+00   0.0000e+00   0.0000e+00  -8.9659e-12  -1.5388e-12
492.81  10.421758   2.2473e-06   2.3007e-06   2.3007e-06   2.1405e-06   0.0000e+00   0.0000e+00   0.0000e+00   0.0000e+00  -9.0849e-12  -1.5567e-12
502.31  10.422432   2.2918e-06   2.3463e-06   2.3463e-06   2.1829e-06   0.0000e+00   0.0000e+00   0.0000e+00   0.0000e+00  -9.1952e-12  -1.5731e-12
511.9  10.423126   2.3354e-06   2.3908e-06   2.3909e-06   2.2244e-06   0.0000e+00   0.0000e+00   0.0000e+00   0.0000e+00  -9.2971e-12  -1.5877e-12
521.58  10.423839   2.3779e-06   2.4344e-06   2.4344e-06   2.2649e-06   0.0000e+00   0.0000e+00   0.0000e+00   0.0000e+00  -9.3906e-12  -1.6008e-12
531.35  10.424572   2.4194e-06   2.4769e-06   2.4769e-06   2.3045e-06   0.0000e+00   0.0000e+00   0.0000e+00   0.0000e+00  -9.4756e-12  -1.6122e-12
541.21  10.425324   2.4599e-06   2.5183e-06   2.5184e-06   2.3431e-06   0.0000e+00   0.0000e+00   0.0000e+00   0.0000e+00  -9.5524e-12  -1.6219e-12
551.16  10.426096   2.4995e-06   2.5588e-06   2.5588e-06   2.3807e-06   0.0000e+00   0.0000e+00   0.0000e+00   0.0000e+00  -9.6210e-12  -1.6301e-12
561.2  10.426887   2.5380e-06   2.5983e-06   2.5983e-06   2.4175e-06   0.0000e+00   0.0000e+00   0.0000e+00   0.0000e+00  -9.6816e-12  -1.6367e-12
571.33  10.427697   2.5757e-06   2.6368e-06   2.6369e-06   2.4534e-06   0.0000e+00   0.0000e+00   0.0000e+00   0.0000e+00  -9.7343e-12  -1.6418e-12
581.56  10.428528   2.6124e-06   2.6744e-06   2.6745e-06   2.4884e-06   0.0000e+00   0.0000e+00   0.0000e+00   0.0000e+00  -9.7792e-12  -1.6453e-12
591.87  10.429376   2.6482e-06   2.7111e-06   2.7111e-06   2.5225e-06   0.0000e+00   0.0000e+00   0.0000e+00   0.0000e+00  -9.8165e-12  -1.6473e-12
602.27  10.430244   2.6831e-06   2.7468e-06   2.7469e-06   2.5558e-06   0.0000e+00   0.0000e+00   0.0000e+00   0.0000e+00  -9.8463e-12  -1.6478e-12
612.77  10.431131   2.7172e-06   2.7817e-06   2.7817e-06   2.5882e-06   0.0000e+00   0.0000e+00   0.0000e+00   0.0000e+00  -9.8689e-12  -1.6469e-12
623.36  10.432037   2.7505e-06   2.8157e-06   2.8157e-06   2.6199e-06   0.0000e+00   0.0000e+00   0.0000e+00   0.0000e+00  -9.8843e-12  -1.6445e-12
634.03  10.432961   2.7828e-06   2.8488e-06   2.8489e-06   2.6508e-06   0.0000e+00   0.0000e+00   0.0000e+00   0.0000e+00  -9.8927e-12  -1.6407e-12
644.8  10.433904   2.8144e-06   2.8812e-06   2.8812e-06   2.6809e-06   0.0000e+00   0.0000e+00   0.0000e+00   0.0000e+00  -9.8943e-12  -1.6355e-12
655.66  10.434866   2.8452e-06   2.9127e-06   2.9127e-06   2.7102e-06   0.0000e+00   0.0000e+00   0.0000e+00   0.0000e+00  -9.8893e-12  -1.6290e-12
666.61  10.435847   2.8753e-06   2.9434e-06   2.9435e-06   2.7389e-06   0.0000e+00   0.0000e+00   0.0000e+00   0.0000e+00  -9.8778e-12  -1.6211e-12
677.64  10.436845   2.9045e-06   2.9734e-06   2.9734e-06   2.7668e-06   0.0000e+00   0.0000e+00   0.0000e+00   0.0000e+00  -9.8600e-12  -1.6119e-12
688.77  10.437862   2.9331e-06   3.0026e-06   3.0027e-06   2.7940e-06   0.0000e+00   0.0000e+00   0.0000e+00   0.0000e+00  -9.8361e-12  -1.6015e-12
699.99  10.438898   2.9609e-06   3.0311e-06   3.0312e-06   2.8205e-06   0.0000e+00   0.0000e+00   0.0000e+00   0.0000e+00  -9.8063e-12  -1.5898e-12
711.3  10.439951   2.9881e-06   3.0590e-06   3.0590e-06   2.8465e-06   0.0000e+00   0.0000e+00   0.0000e+00   0.0000e+00  -9.7708e-12  -1.5769e-12
722.71  10.441024   3.0147e-06   3.0861e-06   3.0861e-06   2.8718e-06   0.0000e+00   0.0000e+00   0.0000e+00   0.0000e+00  -9.7296e-12  -1.5628e-12
734.2  10.442114   3.0405e-06   3.1126e-06   3.1126e-06   2.8964e-06   0.0000e+00   0.0000e+00   0.0000e+00   0.0000e+00  -9.6831e-12  -1.5476e-12
745.78  10.443221   3.0658e-06   3.1384e-06   3.1384e-06   2.9205e-06   0.0000e+00   0.0000e+00   0.0000e+00   0.0000e+00  -9.6315e-12  -1.5312e-12
757.45  10.444347   3.0904e-06   3.1636e-06   3.1636e-06   2.9440e-06   0.0000e+00   0.0000e+00   0.0000e+00   0.0000e+00  -9.5747e-12  -1.5137e-12
769.22  10.445491   3.1145e-06   3.1882e-06   3.1883e-06   2.9670e-06   0.0000e+00   0.0000e+00   0.0000e+00   0.0000e+00  -9.5132e-12  -1.4952e-12
781.07  10.446652   3.1380e-06   3.2123e-06   3.2123e-06   2.9894e-06   0.0000e+00   0.0000e+00   0.0000e+00   0.0000e+00  -9.4469e-12  -1.4756e-12
793.02  10.447832   3.1609e-06   3.2357e-06   3.2358e-06   3.0113e-06   0.0000e+00   0.0000e+00   0.0000e+00   0.0000e+00  -9.3762e-12  -1.4550e-12
805.05  10.449028   3.1833e-06   3.2587e-06   3.2587e-06   3.0327e-06   0.0000e+00   0.0000e+00   0.0000e+00   0.0000e+00  -9.3012e-12  -1.4334e-12
817.18  10.450242   3.2052e-06   3.2811e-06   3.2811e-06   3.0536e-06   0.0000e+00   0.0000e+00   0.0000e+00   0.0000e+00  -9.2220e-12  -1.4109e-12
829.4  10.451475   3.2266e-06   3.3030e-06   3.3030e-06   3.0740e-06   0.0000e+00   0.0000e+00   0.0000e+00   0.0000e+00  -9.1388e-12  -1.3874e-12
841.71  10.452724   3.2476e-06   3.3244e-06   3.3244e-06   3.0940e-06   0.0000e+00   0.0000e+00   0.0000e+00   0.0000e+00  -9.0519e-12  -1.3629e-12
854.11  10.453991   3.2680e-06   3.3453e-06   3.3453e-06   3.1135e-06   0.0000e+00   0.0000e+00   0.0000e+00   0.0000e+00  -8.9613e-12  -1.3377e-12
866.59  10.455274   3.2880e-06   3.3657e-06   3.3657e-06   3.1326e-06   0.0000e+00   0.0000e+00   0.0000e+00   0.0000e+00  -8.8673e-12  -1.3115e-12
879.17  10.456575   3.3076e-06   3.3857e-06   3.3858e-06   3.1513e-06   0.0000e+00   0.0000e+00   0.0000e+00   0.0000e+00  -8.7700e-12  -1.2846e-12
891.84  10.457894   3.3267e-06   3.4053e-06   3.4053e-06   3.1696e-06   0.0000e+00   0.0000e+00   0.0000e+00   0.0000e+00  -8.6696e-12  -1.2568e-12
904.61  10.459231   3.3455e-06   3.4245e-06   3.4245e-06   3.1875e-06   0.0000e+00   0.0000e+00   0.0000e+00   0.0000e+00  -8.5661e-12  -1.2282e-12
917.46  10.460583   3.3639e-06   3.4433e-06   3.4433e-06   3.2050e-06   0.0000e+00   0.0000e+00   0.0000e+00   0.0000e+00  -8.4600e-12  -1.1989e-12
930.4  10.461953   3.3818e-06   3.4616e-06   3.4617e-06   3.2222e-06   0.0000e+00   0.0000e+00   0.0000e+00   0.0000e+00  -8.3512e-12  -1.1688e-12
943.43  10.463340   3.3994e-06   3.4796e-06   3.4797e-06   3.2391e-06   0.0000e+00   0.0000e+00   0.0000e+00   0.0000e+00  -8.2399e-12  -1.1381e-12
956.56  10.464745   3.4167e-06   3.4973e-06   3.4973e-06   3.2556e-06   0.0000e+00   0.0000e+00   0.0000e+00   0.0000e+00  -8.1263e-12  -1.1066e-12
969.77  10.466165   3.4336e-06   3.5146e-06   3.5146e-06   3.2718e-06   0.0000e+00   0.0000e+00   0.0000e+00   0.0000e+00  -8.0105e-12  -1.0745e-12
983.08  10.467604   3.4503e-06   3.5316e-06   3.5316e-06   3.2876e-06   0.0000e+00   0.0000e+00   0.0000e+00   0.0000e+00  -7.8928e-12  -1.0418e-12
996.47  10.469058   3.4665e-06   3.5482e-06   3.5482e-06   3.3032e-06   0.0000e+00   0.0000e+00   0.0000e+00   0.0000e+00  -7.7732e-12  -1.0084e-12
1009.96  10.470530   3.4825e-06   3.5645e-06   3.5645e-06   3.3185e-06   0.0000e+00   0.0000e+00   0.0000e+00   0.0000e+00  -7.6519e-12  -9.7447e-13
1023.53  10.472018   3.4982e-06   3.5805e-06   3.5806e-06   3.3335e-06   0.0000e+00   0.0000e+00   0.0000e+00   0.0000e+00  -7.5292e-12  -9.3997e-13
1037.2  10.473524   3.5136e-06   3.5963e-06   3.5963e-06   3.3483e-06   0.0000e+00   0.0000e+00   0.0000e+00   0.0000e+00  -7.4050e-12  -9.0488e-13
1050.96  10.475046   3.5288e-06   3.6117e-06   3.6118e-06   3.3628e-06   0.0000e+00   0.0000e+00   0.0000e+00   0.0000e+00  -7.2796e-12  -8.6927e-13
1064.81  10.476586   3.5436e-06   3.6269e-06   3.6270e-06   3.3771e-06   0.0000e+00   0.0000e+00   0.0000e+00   0.0000e+00  -7.1531e-12  -8.3316e-13
1078.75  10.478142   3.5583e-06   3.6419e-06   3.6419e-06   3.3911e-06   0.0000e+00   0.0000e+00   0.0000e+00   0.0000e+00  -7.0257e-12  -7.9656e-13
1092.78  10.479714   3.5727e-06   3.6565e-06   3.6566e-06   3.4049e-06   0.0000e+00   0.0000e+00   0.0000e+00   0.0000e+00  -6.8975e-12  -7.5950e-13
1106.9  10.481303   3.5868e-06   3.6710e-06   3.6710e-06   3.4184e-06   0.0000e+00   0.0000e+00   0.0000e+00   0.0000e+00  -6.7687e-12  -7.2199e-13
1121.11  10.482909   3.6007e-06   3.6852e-06   3.6852e-06   3.4318e-06   0.0000e+00   0.0000e+00   0.0000e+00   0.0000e+00  -6.6394e-12  -6.8406e-13
1135.41  10.484532   3.6144e-06   3.6992e-06   3.6992e-06   3.4449e-06   0.0000e+00   0.0000e+00   0.0000e+00   0.0000e+00  -6.5098e-12  -6.4574e-13
1149.81  10.486172   3.6280e-06   3.7130e-06   3.7130e-06   3.4579e-06   0.0000e+00   0.0000e+00   0.0000e+00   0.0000e+00  -6.3800e-12  -6.0700e-13
1164.29  10.487828   3.6413e-06   3.7265e-06   3.7266e-06   3.4707e-06   0.0000e+00   0.0000e+00   0.0000e+00   0.0000e+00  -6.2502e-12  -5.6793e-13
1178.86  10.489500   3.6544e-06   3.7399e-06   3.7399e-06   3.4833e-06   0.0000e+00   0.0000e+00   0.0000e+00   0.0000e+00  -6.1205e-12  -5.2852e-13
1193.53  10.491190   3.6673e-06   3.7531e-06   3.7531e-06   3.4957e-06   0.0000e+00   0.0000e+00   0.0000e+00   0.0000e+00  -5.9911e-12  -4.8876e-13
1208.28  10.492896   3.6801e-06   3.7661e-06   3.7661e-06   3.5080e-06   0.0000e+00   0.0000e+00   0.0000e+00   0.0000e+00  -5.8621e-12  -4.4872e-13
1223.13  10.494619   3.6926e-06   3.7789e-06   3.7789e-06   3.5201e-06   0.0000e+00   0.0000e+00   0.0000e+00   0.0000e+00  -5.7336e-12  -4.0837e-13
1238.07  10.496359   3.7051e-06   3.7916e-06   3.7916e-06   3.5320e-06   0.0000e+00   0.0000e+00   0.0000e+00   0.0000e+00  -5.6058e-12  -3.6776e-13
1253.09  10.498115   3.7173e-06   3.8041e-06   3.8041e-06   3.5438e-06   0.0000e+00   0.0000e+00   0.0000e+00   0.0000e+00  -5.4790e-12  -3.2694e-13
1268.21  10.499888   3.7294e-06   3.8164e-06   3.8164e-06   3.5555e-06   0.0000e+00   0.0000e+00   0.0000e+00   0.0000e+00  -5.3531e-12  -2.8586e-13
1283.42  10.501678   3.7414e-06   3.8286e-06   3.8286e-06   3.5671e-06   0.0000e+00   0.0000e+00   0.0000e+00   0.0000e+00  -5.2284e-12  -2.4458e-13
1298.72  10.503484   3.7533e-06   3.8406e-06   3.8407e-06   3.5785e-06   0.0000e+00   0.0000e+00   0.0000e+00   0.0000e+00  -5.1049e-12  -2.0311e-13
1314.11  10.505307   3.7650e-06   3.8526e-06   3.8526e-06   3.5898e-06   0.0000e+00   0.0000e+00   0.0000e+00   0.0000e+00  -4.9830e-12  -1.6148e-13
1329.59  10.507147   3.7765e-06   3.8643e-06   3.8644e-06   3.6009e-06   0.0000e+00   0.0000e+00   0.0000e+00   0.0000e+00  -4.8626e-12  -1.1970e-13
1345.16  10.509004   3.7880e-06   3.8760e-06   3.8760e-06   3.6120e-06   0.0000e+00   0.0000e+00   0.0000e+00   0.0000e+00  -4.7440e-12  -7.7785e-14
1360.82  10.510877   3.7993e-06   3.8875e-06   3.8875e-06   3.6229e-06   0.0000e+00   0.0000e+00   0.0000e+00   0.0000e+00  -4.6274e-12  -3.5765e-14
1376.57  10.512767   3.8106e-06   3.8989e-06   3.8990e-06   3.6338e-06   0.0000e+00   0.0000e+00   0.0000e+00   0.0000e+00  -4.5128e-12   6.3442e-15
1392.42  10.514675   3.8217e-06   3.9103e-06   3.9103e-06   3.6446e-06   0.0000e+00   0.0000e+00   0.0000e+00   0.0000e+00  -4.4003e-12   4.8551e-14
1408.35  10.516598   3.8327e-06   3.9215e-06   3.9215e-06   3.6552e-06   0.0000e+00   0.0000e+00   0.0000e+00   0.0000e+00  -4.2903e-12   9.0783e-14
1424.37  10.518538   3.8436e-06   3.9326e-06   3.9326e-06   3.6658e-06   0.0000e+00   0.0000e+00   0.0000e+00   0.0000e+00  -4.1829e-12   1.3305e-13
1440.49  10.520496   3.8545e-06   3.9436e-06   3.9436e-06   3.6763e-06   0.0000e+00   0.0000e+00   0.0000e+00   0.0000e+00  -4.0780e-12   1.7535e-13
1456.7  10.522471   3.8652e-06   3.9545e-06   3.9545e-06   3.6867e-06   0.0000e+00   0.0000e+00   0.0000e+00   0.0000e+00  -3.9761e-12   2.1765e-13
1472.99  10.524462   3.8759e-06   3.9653e-06   3.9653e-06   3.6971e-06   0.0000e+00   0.0000e+00   0.0000e+00   0.0000e+00  -3.8772e-12   2.5989e-13
1489.38  10.526470   3.8865e-06   3.9761e-06   3.9761e-06   3.7074e-06   0.0000e+00   0.0000e+00   0.0000e+00   0.0000e+00  -3.7814e-12   3.0211e-13
1505.86  10.528496   3.8970e-06   3.9867e-06   3.9868e-06   3.7176e-06   0.0000e+00   0.0000e+00   0.0000e+00   0.0000e+00  -3.6890e-12   3.4427e-13
1522.42  10.530537   3.9075e-06   3.9973e-06   3.9974e-06   3.7277e-06   0.0000e+00   0.0000e+00   0.0000e+00   0.0000e+00  -3.6001e-12   3.8632e-13
1539.08  10.532597   3.9178e-06   4.0079e-06   4.0079e-06   3.7378e-06   0.0000e+00   0.0000e+00   0.0000e+00   0.0000e+00  -3.5148e-12   4.2828e-13
1555.83  10.534673   3.9282e-06   4.0183e-06   4.0183e-06   3.7479e-06   0.0000e+00   0.0000e+00   0.0000e+00   0.0000e+00  -3.4334e-12   4.7012e-13
1572.67  10.536767   3.9384e-06   4.0287e-06   4.0287e-06   3.7578e-06   0.0000e+00   0.0000e+00   0.0000e+00   0.0000e+00  -3.3560e-12   5.1181e-13
1589.6  10.538877   3.9486e-06   4.0390e-06   4.0391e-06   3.7678e-06   0.0000e+00   0.0000e+00   0.0000e+00   0.0000e+00  -3.2828e-12   5.5334e-13
1606.62  10.541005   3.9588e-06   4.0493e-06   4.0493e-06   3.7777e-06   0.0000e+00   0.0000e+00   0.0000e+00   0.0000e+00  -3.2140e-12   5.9468e-13
1623.74  10.543151   3.9689e-06   4.0595e-06   4.0596e-06   3.7875e-06   0.0000e+00   0.0000e+00   0.0000e+00   0.0000e+00  -3.1496e-12   6.3583e-13
1640.94  10.545313   3.9789e-06   4.0697e-06   4.0697e-06   3.7974e-06   0.0000e+00   0.0000e+00   0.0000e+00   0.0000e+00  -3.0901e-12   6.7673e-13
1658.23  10.547493   3.9889e-06   4.0798e-06   4.0799e-06   3.8071e-06   0.0000e+00   0.0000e+00   0.0000e+00   0.0000e+00  -3.0354e-12   7.1738e-13
1675.62  10.549691   3.9989e-06   4.0899e-06   4.0899e-06   3.8169e-06   0.0000e+00   0.0000e+00   0.0000e+00   0.0000e+00  -2.9858e-12   7.5778e-13
1693.09  10.551905   4.0089e-06   4.1000e-06   4.1000e-06   3.8266e-06   0.0000e+00   0.0000e+00   0.0000e+00   0.0000e+00  -2.9414e-12   7.9786e-13
1710.66  10.554138   4.0188e-06   4.1100e-06   4.1100e-06   3.8363e-06   0.0000e+00   0.0000e+00   0.0000e+00   0.0000e+00  -2.9026e-12   8.3764e-13
1728.31  10.556386   4.0286e-06   4.1199e-06   4.1200e-06   3.8460e-06   0.0000e+00   0.0000e+00   0.0000e+00   0.0000e+00  -2.8694e-12   8.7707e-13
1746.06  10.558654   4.0385e-06   4.1299e-06   4.1299e-06   3.8556e-06   0.0000e+00   0.0000e+00   0.0000e+00   0.0000e+00  -2.8420e-12   9.1615e-13
1763.9  10.560939   4.0483e-06   4.1398e-06   4.1398e-06   3.8653e-06   0.0000e+00   0.0000e+00   0.0000e+00   0.0000e+00  -2.8206e-12   9.5485e-13
1781.82  10.563241   4.0581e-06   4.1497e-06   4.1497e-06   3.8749e-06   0.0000e+00   0.0000e+00   0.0000e+00   0.0000e+00  -2.8056e-12   9.9312e-13
1799.84  10.565561   4.0678e-06   4.1595e-06   4.1595e-06   3.8845e-06   0.0000e+00   0.0000e+00   0.0000e+00   0.0000e+00  -2.7970e-12   1.0310e-12
1817.95  10.567899   4.0776e-06   4.1693e-06   4.1694e-06   3.8941e-06   0.0000e+00   0.0000e+00   0.0000e+00   0.0000e+00  -2.7950e-12   1.0684e-12
1836.15  10.570255   4.0873e-06   4.1791e-06   4.1792e-06   3.9037e-06   0.0000e+00   0.0000e+00   0.0000e+00   0.0000e+00  -2.7999e-12   1.1053e-12
1854.44  10.572629   4.0971e-06   4.1889e-06   4.1890e-06   3.9133e-06   0.0000e+00   0.0000e+00   0.0000e+00   0.0000e+00  -2.8119e-12   1.1417e-12
1872.82  10.575020   4.1068e-06   4.1987e-06   4.1987e-06   3.9229e-06   0.0000e+00   0.0000e+00   0.0000e+00   0.0000e+00  -2.8311e-12   1.1776e-12
1891.29  10.577430   4.1165e-06   4.2085e-06   4.2085e-06   3.9324e-06   0.0000e+00   0.0000e+00   0.0000e+00   0.0000e+00  -2.8580e-12   1.2129e-12
1909.86  10.579859   4.1262e-06   4.2182e-06   4.2183e-06   3.9420e-06   0.0000e+00   0.0000e+00   0.0000e+00   0.0000e+00  -2.8925e-12   1.2477e-12
1928.51  10.582304   4.1359e-06   4.2280e-06   4.2280e-06   3.9516e-06   0.0000e+00   0.0000e+00   0.0000e+00   0.0000e+00  -2.9350e-12   1.2819e-12
1947.25  10.584768   4.1455e-06   4.2377e-06   4.2377e-06   3.9612e-06   0.0000e+00   0.0000e+00   0.0000e+00   0.0000e+00  -2.9857e-12   1.3154e-12
1966.09  10.587251   4.1552e-06   4.2474e-06   4.2475e-06   3.9708e-06   0.0000e+00   0.0000e+00   0.0000e+00   0.0000e+00  -3.0449e-12   1.3482e-12
1985.01  10.589752   4.1649e-06   4.2572e-06   4.2572e-06   3.9804e-06   0.0000e+00   0.0000e+00   0.0000e+00   0.0000e+00  -3.1128e-12   1.3804e-12
2004.03  10.592271   4.1746e-06   4.2669e-06   4.2669e-06   3.9900e-06   0.0000e+00   0.0000e+00   0.0000e+00   0.0000e+00  -3.1896e-12   1.4119e-12
2023.13  10.594808   4.1843e-06   4.2766e-06   4.2766e-06   3.9997e-06   0.0000e+00   0.0000e+00   0.0000e+00   0.0000e+00  -3.2755e-12   1.4426e-12
2042.33  10.597365   4.1940e-06   4.2864e-06   4.2864e-06   4.0093e-06   0.0000e+00   0.0000e+00   0.0000e+00   0.0000e+00  -3.3709e-12   1.4725e-12
2061.62  10.599941   4.2037e-06   4.2961e-06   4.2961e-06   4.0190e-06   0.0000e+00   0.0000e+00   0.0000e+00   0.0000e+00  -3.4759e-12   1.5017e-12
2081.0  10.602535   4.2135e-06   4.3058e-06   4.3059e-06   4.0287e-06   0.0000e+00   0.0000e+00   0.0000e+00   0.0000e+00  -3.5909e-12   1.5300e-12
2100.46  10.605146   4.2232e-06   4.3156e-06   4.3156e-06   4.0384e-06   0.0000e+00   0.0000e+00   0.0000e+00   0.0000e+00  -3.7161e-12   1.5574e-12
2120.02  10.607777   4.2329e-06   4.3253e-06   4.3254e-06   4.0481e-06   0.0000e+00   0.0000e+00   0.0000e+00   0.0000e+00  -3.8518e-12   1.5840e-12
2139.67  10.610428   4.2427e-06   4.3351e-06   4.3351e-06   4.0579e-06   0.0000e+00   0.0000e+00   0.0000e+00   0.0000e+00  -3.9982e-12   1.6096e-12
2159.41  10.613097   4.2525e-06   4.3449e-06   4.3449e-06   4.0677e-06   0.0000e+00   0.0000e+00   0.0000e+00   0.0000e+00  -4.1557e-12   1.6343e-12
2179.25  10.615787   4.2623e-06   4.3547e-06   4.3547e-06   4.0775e-06   0.0000e+00   0.0000e+00   0.0000e+00   0.0000e+00  -4.3246e-12   1.6580e-12
2199.17  10.618494   4.2721e-06   4.3645e-06   4.3645e-06   4.0873e-06   0.0000e+00   0.0000e+00   0.0000e+00   0.0000e+00  -4.5050e-12   1.6807e-12
2219.18  10.621221   4.2820e-06   4.3744e-06   4.3744e-06   4.0972e-06   0.0000e+00   0.0000e+00   0.0000e+00   0.0000e+00  -4.6973e-12   1.7023e-12
2239.28  10.623967   4.2919e-06   4.3842e-06   4.3842e-06   4.1071e-06   0.0000e+00   0.0000e+00   0.0000e+00   0.0000e+00  -4.9018e-12   1.7228e-12
2259.48  10.626734   4.3018e-06   4.3941e-06   4.3941e-06   4.1171e-06   0.0000e+00   0.0000e+00   0.0000e+00   0.0000e+00  -5.1190e-12   1.7422e-12
2279.76  10.629518   4.3117e-06   4.4040e-06   4.4040e-06   4.1271e-06   0.0000e+00   0.0000e+00   0.0000e+00   0.0000e+00  -5.3489e-12   1.7604e-12
2300.14  10.632324   4.3216e-06   4.4139e-06   4.4139e-06   4.1371e-06   0.0000e+00   0.0000e+00   0.0000e+00   0.0000e+00  -5.5920e-12   1.7775e-12
2320.6  10.635148   4.3316e-06   4.4238e-06   4.4238e-06   4.1472e-06   0.0000e+00   0.0000e+00   0.0000e+00   0.0000e+00  -5.8485e-12   1.7933e-12
2341.16  10.637993   4.3417e-06   4.4338e-06   4.4338e-06   4.1573e-06   0.0000e+00   0.0000e+00   0.0000e+00   0.0000e+00  -6.1190e-12   1.8078e-12
2361.81  10.640858   4.3517e-06   4.4438e-06   4.4438e-06   4.1675e-06   0.0000e+00   0.0000e+00   0.0000e+00   0.0000e+00  -6.4036e-12   1.8210e-12
2382.54  10.643742   4.3618e-06   4.4539e-06   4.4539e-06   4.1777e-06   0.0000e+00   0.0000e+00   0.0000e+00   0.0000e+00  -6.7025e-12   1.8329e-12
2403.37  10.646647   4.3719e-06   4.4639e-06   4.4639e-06   4.1879e-06   0.0000e+00   0.0000e+00   0.0000e+00   0.0000e+00  -7.0165e-12   1.8433e-12
2424.29  10.649572   4.3821e-06   4.4740e-06   4.4740e-06   4.1982e-06   0.0000e+00   0.0000e+00   0.0000e+00   0.0000e+00  -7.3456e-12   1.8524e-12
2445.3  10.652517   4.3923e-06   4.4841e-06   4.4841e-06   4.2086e-06   0.0000e+00   0.0000e+00   0.0000e+00   0.0000e+00  -7.6904e-12   1.8600e-12
2466.4  10.655483   4.4026e-06   4.4943e-06   4.4943e-06   4.2190e-06   0.0000e+00   0.0000e+00   0.0000e+00   0.0000e+00  -8.0511e-12   1.8660e-12
2487.59  10.658469   4.4128e-06   4.5045e-06   4.5045e-06   4.2295e-06   0.0000e+00   0.0000e+00   0.0000e+00   0.0000e+00  -8.4281e-12   1.8705e-12
2508.87  10.661475   4.4232e-06   4.5148e-06   4.5148e-06   4.2400e-06   0.0000e+00   0.0000e+00   0.0000e+00   0.0000e+00  -8.8219e-12   1.8734e-12
2530.25  10.664504   4.4336e-06   4.5251e-06   4.5251e-06   4.2506e-06   0.0000e+00   0.0000e+00   0.0000e+00   0.0000e+00  -9.2330e-12   1.8746e-12
2551.71  10.667552   4.4440e-06   4.5354e-06   4.5354e-06   4.2612e-06   0.0000e+00   0.0000e+00   0.0000e+00   0.0000e+00  -9.6614e-12   1.8742e-12
2573.26  10.670621   4.4545e-06   4.5457e-06   4.5457e-06   4.2719e-06   0.0000e+00   0.0000e+00   0.0000e+00   0.0000e+00  -1.0108e-11   1.8720e-12
2594.91  10.673712   4.4650e-06   4.5562e-06   4.5562e-06   4.2827e-06   0.0000e+00   0.0000e+00   0.0000e+00   0.0000e+00  -1.0573e-11   1.8680e-12
2616.64  10.676823   4.4756e-06   4.5666e-06   4.5666e-06   4.2936e-06   0.0000e+00   0.0000e+00   0.0000e+00   0.0000e+00  -1.1056e-11   1.8621e-12
2638.47  10.679957   4.4862e-06   4.5771e-06   4.5771e-06   4.3045e-06   0.0000e+00   0.0000e+00   0.0000e+00   0.0000e+00  -1.1559e-11   1.8544e-12
2660.38  10.683110   4.4969e-06   4.5877e-06   4.5877e-06   4.3154e-06   0.0000e+00   0.0000e+00   0.0000e+00   0.0000e+00  -1.2082e-11   1.8447e-12
2682.39  10.686287   4.5077e-06   4.5983e-06   4.5983e-06   4.3265e-06   0.0000e+00   0.0000e+00   0.0000e+00   0.0000e+00  -1.2625e-11   1.8331e-12
2704.49  10.689485   4.5185e-06   4.6090e-06   4.6090e-06   4.3376e-06   0.0000e+00   0.0000e+00   0.0000e+00   0.0000e+00  -1.3188e-11   1.8194e-12
2726.67  10.692703   4.5294e-06   4.6197e-06   4.6197e-06   4.3488e-06   0.0000e+00   0.0000e+00   0.0000e+00   0.0000e+00  -1.3772e-11   1.8036e-12
2748.95  10.695944   4.5403e-06   4.6304e-06   4.6304e-06   4.3601e-06   0.0000e+00   0.0000e+00   0.0000e+00   0.0000e+00  -1.4378e-11   1.7856e-12
2771.32  10.699208   4.5513e-06   4.6413e-06   4.6413e-06   4.3714e-06   0.0000e+00   0.0000e+00   0.0000e+00   0.0000e+00  -1.5007e-11   1.7654e-12
2793.78  10.702494   4.5624e-06   4.6522e-06   4.6521e-06   4.3829e-06   0.0000e+00   0.0000e+00   0.0000e+00   0.0000e+00  -1.5658e-11   1.7429e-12
2816.33  10.705801   4.5735e-06   4.6631e-06   4.6631e-06   4.3944e-06   0.0000e+00   0.0000e+00   0.0000e+00   0.0000e+00  -1.6332e-11   1.7181e-12
2838.97  10.709132   4.5847e-06   4.6741e-06   4.6741e-06   4.4060e-06   0.0000e+00   0.0000e+00   0.0000e+00   0.0000e+00  -1.7029e-11   1.6909e-12
2861.71  10.712486   4.5960e-06   4.6852e-06   4.6852e-06   4.4177e-06   0.0000e+00   0.0000e+00   0.0000e+00   0.0000e+00  -1.7751e-11   1.6613e-12
2884.53  10.715861   4.6074e-06   4.6963e-06   4.6963e-06   4.4295e-06   0.0000e+00   0.0000e+00   0.0000e+00   0.0000e+00  -1.8498e-11   1.6291e-12
2907.44  10.719259   4.6188e-06   4.7075e-06   4.7075e-06   4.4414e-06   0.0000e+00   0.0000e+00   0.0000e+00   0.0000e+00  -1.9270e-11   1.5943e-12
2930.44  10.722680   4.6303e-06   4.7188e-06   4.7187e-06   4.4533e-06   0.0000e+00   0.0000e+00   0.0000e+00   0.0000e+00  -2.0068e-11   1.5569e-12
2953.54  10.726126   4.6419e-06   4.7301e-06   4.7301e-06   4.4654e-06   0.0000e+00   0.0000e+00   0.0000e+00   0.0000e+00  -2.0893e-11   1.5168e-12
2976.72  10.729593   4.6535e-06   4.7415e-06   4.7415e-06   4.4775e-06   0.0000e+00   0.0000e+00   0.0000e+00   0.0000e+00  -2.1730e-11   1.4753e-12
3000.0  10.733085   4.6653e-06   4.7530e-06   4.7530e-06   4.4898e-06   0.0000e+00   0.0000e+00   0.0000e+00   0.0000e+00  -2.2565e-11   1.4337e-12
