#T volume alpha alpha_xx alpha_yy alpha_zz alpha_yz alpha_zx alpha_xz alpha_zx alpha_xy alpha_yx
0.0  11.440496   0.0000e+00   3.6570e-14   3.6570e-14   3.6570e-14   0.0000e+00   0.0000e+00   0.0000e+00   0.0000e+00   0.0000e+00   0.0000e+00
0.22  11.440496   1.0180e-10   1.0178e-10   1.0178e-10   1.0178e-10   0.0000e+00   0.0000e+00   0.0000e+00   0.0000e+00   0.0000e+00   0.0000e+00
0.55  11.440496   2.5484e-10   2.5485e-10   2.5485e-10   2.5485e-10   0.0000e+00   0.0000e+00   0.0000e+00   0.0000e+00   0.0000e+00   0.0000e+00
1.01  11.440496   4.6982e-10   4.6982e-10   4.6982e-10   4.6982e-10   0.0000e+00   0.0000e+00   0.0000e+00   0.0000e+00   0.0000e+00   0.0000e+00
1.59  11.440496   7.4567e-10   7.4564e-10   7.4564e-10   7.4564e-10   0.0000e+00   0.0000e+00   0.0000e+00   0.0000e+00   0.0000e+00   0.0000e+00
2.29  11.440496   1.0896e-09   1.0896e-09   1.0896e-09   1.0896e-09   0.0000e+00   0.0000e+00   0.0000e+00   0.0000e+00   0.0000e+00   0.0000e+00
3.11  11.440496   1.5142e-09   1.5142e-09   1.5142e-09   1.5142e-09   0.0000e+00   0.0000e+00   0.0000e+00   0.0000e+00   0.0000e+00   0.0000e+00
4.05  11.440496   2.0361e-09   2.0362e-09   2.0362e-09   2.0362e-09   0.0000e+00   0.0000e+00   0.0000e+00   0.0000e+00   0.0000e+00   0.0000e+00
5.11  11.440496   2.6746e-09   2.6746e-09   2.6746e-09   2.6746e-09   0.0000e+00   0.0000e+00   0.0000e+00   0.0000e+00   0.0000e+00   0.0000e+00
6.29  11.440496   3.4513e-09   3.4513e-09   3.4513e-09   3.4513e-09   0.0000e+00   0.0000e+00   0.0000e+00   0.0000e+00   0.0000e+00   0.0000e+00
7.6  11.440496   4.4025e-09   4.4025e-09   4.4025e-09   4.4025e-09   0.0000e+00   0.0000e+00   0.0000e+00   0.0000e+00   0.0000e+00   0.0000e+00
9.02  11.440497   5.5536e-09   5.5537e-09   5.5537e-09   5.5537e-09   0.0000e+00   0.0000e+00   0.0000e+00   0.0000e+00   0.0000e+00   0.0000e+00
10.57  11.440497   6.9707e-09   6.9709e-09   6.9709e-09   6.9709e-09   0.0000e+00   0.0000e+00   0.0000e+00   0.0000e+00   0.0000e+00   0.0000e+00
12.23  11.440497   8.6836e-09   8.6837e-09   8.6837e-09   8.6837e-09   0.0000e+00   0.0000e+00   0.0000e+00   0.0000e+00   0.0000e+00   0.0000e+00
14.02  11.440498   1.0744e-08   1.0744e-08   1.0744e-08   1.0744e-08   0.0000e+00   0.0000e+00   0.0000e+00   0.0000e+00   0.0000e+00   0.0000e+00
15.93  11.440499   1.3182e-08   1.3180e-08   1.3180e-08   1.3180e-08   0.0000e+00   0.0000e+00   0.0000e+00   0.0000e+00   0.0000e+00   0.0000e+00
17.95  11.440500   1.6159e-08   1.6156e-08   1.6156e-08   1.6156e-08   0.0000e+00   0.0000e+00   0.0000e+00   0.0000e+00   0.0000e+00   0.0000e+00
20.1  11.440501   2.0307e-08   2.0303e-08   2.0303e-08   2.0303e-08   0.0000e+00   0.0000e+00   0.0000e+00   0.0000e+00   0.0000e+00   0.0000e+00
22.37  11.440503   2.6999e-08   2.6995e-08   2.6995e-08   2.6995e-08   0.0000e+00   0.0000e+00   0.0000e+00   0.0000e+00   0.0000e+00   0.0000e+00
24.77  11.440506   3.8756e-08   3.8754e-08   3.8754e-08   3.8754e-08   0.0000e+00   0.0000e+00   0.0000e+00   0.0000e+00   0.0000e+00   0.0000e+00
27.28  11.440510   5.9081e-08   5.9082e-08   5.9082e-08   5.9082e-08   0.0000e+00   0.0000e+00   0.0000e+00   0.0000e+00   0.0000e+00   0.0000e+00
29.91  11.440517   9.2505e-08   9.2509e-08   9.2509e-08   9.2509e-08   0.0000e+00   0.0000e+00   0.0000e+00   0.0000e+00   0.0000e+00   0.0000e+00
32.66  11.440528   1.4396e-07   1.4397e-07   1.4397e-07   1.4397e-07   0.0000e+00   0.0000e+00   0.0000e+00   0.0000e+00   0.0000e+00   0.0000e+00
35.54  11.440545   2.1856e-07   2.1857e-07   2.1857e-07   2.1857e-07   0.0000e+00   0.0000e+00   0.0000e+00   0.0000e+00   0.0000e+00   0.0000e+00
38.53  11.440573   3.1994e-07   3.1995e-07   3.1995e-07   3.1995e-07   0.0000e+00   0.0000e+00   0.0000e+00   0.0000e+00   0.0000e+00   0.0000e+00
41.65  11.440614   4.5186e-07   4.5187e-07   4.5187e-07   4.5187e-07   0.0000e+00   0.0000e+00   0.0000e+00   0.0000e+00   0.0000e+00   0.0000e+00
44.89  11.440673   6.1582e-07   6.1583e-07   6.1583e-07   6.1583e-07   0.0000e+00   0.0000e+00   0.0000e+00   0.0000e+00   0.0000e+00   0.0000e+00
48.25  11.440755   8.1222e-07   8.1223e-07   8.1223e-07   8.1223e-07   0.0000e+00   0.0000e+00   0.0000e+00   0.0000e+00   0.0000e+00   0.0000e+00
51.72  11.440865   1.0395e-06   1.0395e-06   1.0395e-06   1.0395e-06   0.0000e+00   0.0000e+00   0.0000e+00   0.0000e+00   0.0000e+00   0.0000e+00
55.32  11.441009   1.2970e-06   1.2970e-06   1.2970e-06   1.2970e-06   0.0000e+00   0.0000e+00   0.0000e+00   0.0000e+00   0.0000e+00   0.0000e+00
59.04  11.441193   1.5812e-06   1.5812e-06   1.5812e-06   1.5812e-06   0.0000e+00   0.0000e+00   0.0000e+00   0.0000e+00   0.0000e+00   0.0000e+00
62.89  11.441422   1.8895e-06   1.8895e-06   1.8895e-06   1.8895e-06   0.0000e+00   0.0000e+00   0.0000e+00   0.0000e+00   0.0000e+00   0.0000e+00
66.85  11.441701   2.2163e-06   2.2163e-06   2.2163e-06   2.2163e-06   0.0000e+00   0.0000e+00   0.0000e+00   0.0000e+00   0.0000e+00   0.0000e+00
70.93  11.442035   2.5583e-06   2.5583e-06   2.5583e-06   2.5583e-06   0.0000e+00   0.0000e+00   0.0000e+00   0.0000e+00   0.0000e+00   0.0000e+00
75.14  11.442431   2.9123e-06   2.9123e-06   2.9123e-06   2.9123e-06   0.0000e+00   0.0000e+00   0.0000e+00   0.0000e+00   0.0000e+00   0.0000e+00
79.46  11.442889   3.2728e-06   3.2728e-06   3.2728e-06   3.2728e-06   0.0000e+00   0.0000e+00   0.0000e+00   0.0000e+00   0.0000e+00   0.0000e+00
83.91  11.443417   3.6377e-06   3.6377e-06   3.6377e-06   3.6377e-06   0.0000e+00   0.0000e+00   0.0000e+00   0.0000e+00   0.0000e+00   0.0000e+00
88.47  11.444015   4.0021e-06   4.0021e-06   4.0021e-06   4.0021e-06   0.0000e+00   0.0000e+00   0.0000e+00   0.0000e+00   0.0000e+00   0.0000e+00
93.16  11.444689   4.3646e-06   4.3647e-06   4.3647e-06   4.3647e-06   0.0000e+00   0.0000e+00   0.0000e+00   0.0000e+00   0.0000e+00   0.0000e+00
97.97  11.445440   4.7221e-06   4.7221e-06   4.7221e-06   4.7221e-06   0.0000e+00   0.0000e+00   0.0000e+00   0.0000e+00   0.0000e+00   0.0000e+00
102.9  11.446269   5.0723e-06   5.0723e-06   5.0723e-06   5.0723e-06   0.0000e+00   0.0000e+00   0.0000e+00   0.0000e+00   0.0000e+00   0.0000e+00
107.95  11.447178   5.4136e-06   5.4137e-06   5.4137e-06   5.4137e-06   0.0000e+00   0.0000e+00   0.0000e+00   0.0000e+00   0.0000e+00   0.0000e+00
113.12  11.448169   5.7447e-06   5.7447e-06   5.7447e-06   5.7447e-06   0.0000e+00   0.0000e+00   0.0000e+00   0.0000e+00   0.0000e+00   0.0000e+00
118.41  11.449242   6.0646e-06   6.0646e-06   6.0646e-06   6.0646e-06   0.0000e+00   0.0000e+00   0.0000e+00   0.0000e+00   0.0000e+00   0.0000e+00
123.82  11.450398   6.3726e-06   6.3726e-06   6.3726e-06   6.3726e-06   0.0000e+00   0.0000e+00   0.0000e+00   0.0000e+00   0.0000e+00   0.0000e+00
129.36  11.451640   6.6687e-06   6.6687e-06   6.6687e-06   6.6687e-06   0.0000e+00   0.0000e+00   0.0000e+00   0.0000e+00   0.0000e+00   0.0000e+00
135.01  11.452962   6.9518e-06   6.9518e-06   6.9518e-06   6.9518e-06   0.0000e+00   0.0000e+00   0.0000e+00   0.0000e+00   0.0000e+00   0.0000e+00
140.79  11.454370   7.2228e-06   7.2228e-06   7.2228e-06   7.2228e-06   0.0000e+00   0.0000e+00   0.0000e+00   0.0000e+00   0.0000e+00   0.0000e+00
146.68  11.455858   7.4808e-06   7.4809e-06   7.4809e-06   7.4809e-06   0.0000e+00   0.0000e+00   0.0000e+00   0.0000e+00   0.0000e+00   0.0000e+00
152.7  11.457432   7.7272e-06   7.7272e-06   7.7272e-06   7.7272e-06   0.0000e+00   0.0000e+00   0.0000e+00   0.0000e+00   0.0000e+00   0.0000e+00
158.84  11.459088   7.9616e-06   7.9617e-06   7.9617e-06   7.9617e-06   0.0000e+00   0.0000e+00   0.0000e+00   0.0000e+00   0.0000e+00   0.0000e+00
165.09  11.460823   8.1843e-06   8.1844e-06   8.1844e-06   8.1844e-06   0.0000e+00   0.0000e+00   0.0000e+00   0.0000e+00   0.0000e+00   0.0000e+00
171.47  11.462642   8.3965e-06   8.3965e-06   8.3965e-06   8.3965e-06   0.0000e+00   0.0000e+00   0.0000e+00   0.0000e+00   0.0000e+00   0.0000e+00
177.97  11.464541   8.5982e-06   8.5982e-06   8.5982e-06   8.5982e-06   0.0000e+00   0.0000e+00   0.0000e+00   0.0000e+00   0.0000e+00   0.0000e+00
184.6  11.466524   8.7903e-06   8.7903e-06   8.7903e-06   8.7903e-06   0.0000e+00   0.0000e+00   0.0000e+00   0.0000e+00   0.0000e+00   0.0000e+00
191.34  11.468584   8.9727e-06   8.9727e-06   8.9727e-06   8.9727e-06   0.0000e+00   0.0000e+00   0.0000e+00   0.0000e+00   0.0000e+00   0.0000e+00
198.2  11.470723   9.1463e-06   9.1463e-06   9.1463e-06   9.1463e-06   0.0000e+00   0.0000e+00   0.0000e+00   0.0000e+00   0.0000e+00   0.0000e+00
205.18  11.472940   9.3117e-06   9.3117e-06   9.3117e-06   9.3117e-06   0.0000e+00   0.0000e+00   0.0000e+00   0.0000e+00   0.0000e+00   0.0000e+00
212.29  11.475238   9.4696e-06   9.4696e-06   9.4696e-06   9.4696e-06   0.0000e+00   0.0000e+00   0.0000e+00   0.0000e+00   0.0000e+00   0.0000e+00
219.51  11.477611   9.6201e-06   9.6201e-06   9.6201e-06   9.6201e-06   0.0000e+00   0.0000e+00   0.0000e+00   0.0000e+00   0.0000e+00   0.0000e+00
226.86  11.480064   9.7640e-06   9.7641e-06   9.7641e-06   9.7641e-06   0.0000e+00   0.0000e+00   0.0000e+00   0.0000e+00   0.0000e+00   0.0000e+00
234.33  11.482595   9.9018e-06   9.9018e-06   9.9018e-06   9.9018e-06   0.0000e+00   0.0000e+00   0.0000e+00   0.0000e+00   0.0000e+00   0.0000e+00
241.92  11.485201   1.0034e-05   1.0034e-05   1.0034e-05   1.0034e-05   0.0000e+00   0.0000e+00   0.0000e+00   0.0000e+00   0.0000e+00   0.0000e+00
249.62  11.487880   1.0160e-05   1.0160e-05   1.0160e-05   1.0160e-05   0.0000e+00   0.0000e+00   0.0000e+00   0.0000e+00   0.0000e+00   0.0000e+00
257.45  11.490639   1.0282e-05   1.0282e-05   1.0282e-05   1.0282e-05   0.0000e+00   0.0000e+00   0.0000e+00   0.0000e+00   0.0000e+00   0.0000e+00
265.41  11.493477   1.0399e-05   1.0399e-05   1.0399e-05   1.0399e-05   0.0000e+00   0.0000e+00   0.0000e+00   0.0000e+00   0.0000e+00   0.0000e+00
273.48  11.496387   1.0512e-05   1.0512e-05   1.0512e-05   1.0512e-05   0.0000e+00   0.0000e+00   0.0000e+00   0.0000e+00   0.0000e+00   0.0000e+00
281.67  11.499372   1.0621e-05   1.0622e-05   1.0622e-05   1.0622e-05   0.0000e+00   0.0000e+00   0.0000e+00   0.0000e+00   0.0000e+00   0.0000e+00
289.98  11.502433   1.0727e-05   1.0727e-05   1.0727e-05   1.0727e-05   0.0000e+00   0.0000e+00   0.0000e+00   0.0000e+00   0.0000e+00   0.0000e+00
298.42  11.505573   1.0830e-05   1.0830e-05   1.0830e-05   1.0830e-05   0.0000e+00   0.0000e+00   0.0000e+00   0.0000e+00   0.0000e+00   0.0000e+00
306.97  11.508784   1.0930e-05   1.0930e-05   1.0930e-05   1.0930e-05   0.0000e+00   0.0000e+00   0.0000e+00   0.0000e+00   0.0000e+00   0.0000e+00
315.65  11.512075   1.1027e-05   1.1027e-05   1.1027e-05   1.1027e-05   0.0000e+00   0.0000e+00   0.0000e+00   0.0000e+00   0.0000e+00   0.0000e+00
324.44  11.515437   1.1122e-05   1.1122e-05   1.1122e-05   1.1122e-05   0.0000e+00   0.0000e+00   0.0000e+00   0.0000e+00   0.0000e+00   0.0000e+00
333.36  11.518880   1.1215e-05   1.1215e-05   1.1215e-05   1.1215e-05   0.0000e+00   0.0000e+00   0.0000e+00   0.0000e+00   0.0000e+00   0.0000e+00
342.4  11.522398   1.1307e-05   1.1307e-05   1.1307e-05   1.1307e-05   0.0000e+00   0.0000e+00   0.0000e+00   0.0000e+00   0.0000e+00   0.0000e+00
351.56  11.525993   1.1396e-05   1.1396e-05   1.1396e-05   1.1396e-05   0.0000e+00   0.0000e+00   0.0000e+00   0.0000e+00   0.0000e+00   0.0000e+00
360.84  11.529665   1.1485e-05   1.1485e-05   1.1485e-05   1.1485e-05   0.0000e+00   0.0000e+00   0.0000e+00   0.0000e+00   0.0000e+00   0.0000e+00
370.24  11.533414   1.1572e-05   1.1572e-05   1.1572e-05   1.1572e-05   0.0000e+00   0.0000e+00   0.0000e+00   0.0000e+00   0.0000e+00   0.0000e+00
379.76  11.537240   1.1658e-05   1.1658e-05   1.1658e-05   1.1658e-05   0.0000e+00   0.0000e+00   0.0000e+00   0.0000e+00   0.0000e+00   0.0000e+00
389.4  11.541145   1.1743e-05   1.1743e-05   1.1743e-05   1.1743e-05   0.0000e+00   0.0000e+00   0.0000e+00   0.0000e+00   0.0000e+00   0.0000e+00
399.17  11.545132   1.1828e-05   1.1828e-05   1.1828e-05   1.1828e-05   0.0000e+00   0.0000e+00   0.0000e+00   0.0000e+00   0.0000e+00   0.0000e+00
409.05  11.549195   1.1912e-05   1.1912e-05   1.1912e-05   1.1912e-05   0.0000e+00   0.0000e+00   0.0000e+00   0.0000e+00   0.0000e+00   0.0000e+00
419.06  11.553342   1.1996e-05   1.1996e-05   1.1996e-05   1.1996e-05   0.0000e+00   0.0000e+00   0.0000e+00   0.0000e+00   0.0000e+00   0.0000e+00
429.18  11.557565   1.2080e-05   1.2080e-05   1.2080e-05   1.2080e-05   0.0000e+00   0.0000e+00   0.0000e+00   0.0000e+00   0.0000e+00   0.0000e+00
439.43  11.561874   1.2164e-05   1.2164e-05   1.2164e-05   1.2164e-05   0.0000e+00   0.0000e+00   0.0000e+00   0.0000e+00   0.0000e+00   0.0000e+00
449.8  11.566266   1.2248e-05   1.2248e-05   1.2248e-05   1.2248e-05   0.0000e+00   0.0000e+00   0.0000e+00   0.0000e+00   0.0000e+00   0.0000e+00
460.29  11.570740   1.2332e-05   1.2332e-05   1.2332e-05   1.2332e-05   0.0000e+00   0.0000e+00   0.0000e+00   0.0000e+00   0.0000e+00   0.0000e+00
470.89  11.575294   1.2417e-05   1.2417e-05   1.2417e-05   1.2417e-05   0.0000e+00   0.0000e+00   0.0000e+00   0.0000e+00   0.0000e+00   0.0000e+00
481.62  11.579938   1.2502e-05   1.2502e-05   1.2502e-05   1.2502e-05   0.0000e+00   0.0000e+00   0.0000e+00   0.0000e+00   0.0000e+00   0.0000e+00
492.48  11.584671   1.2588e-05   1.2588e-05   1.2588e-05   1.2588e-05   0.0000e+00   0.0000e+00   0.0000e+00   0.0000e+00   0.0000e+00   0.0000e+00
503.45  11.589488   1.2674e-05   1.2674e-05   1.2674e-05   1.2674e-05   0.0000e+00   0.0000e+00   0.0000e+00   0.0000e+00   0.0000e+00   0.0000e+00
514.54  11.594393   1.2762e-05   1.2762e-05   1.2762e-05   1.2762e-05   0.0000e+00   0.0000e+00   0.0000e+00   0.0000e+00   0.0000e+00   0.0000e+00
525.75  11.599387   1.2850e-05   1.2850e-05   1.2850e-05   1.2850e-05   0.0000e+00   0.0000e+00   0.0000e+00   0.0000e+00   0.0000e+00   0.0000e+00
537.09  11.604477   1.2939e-05   1.2939e-05   1.2939e-05   1.2939e-05   0.0000e+00   0.0000e+00   0.0000e+00   0.0000e+00   0.0000e+00   0.0000e+00
548.54  11.609654   1.3030e-05   1.3030e-05   1.3030e-05   1.3030e-05   0.0000e+00   0.0000e+00   0.0000e+00   0.0000e+00   0.0000e+00   0.0000e+00
560.12  11.614929   1.3122e-05   1.3122e-05   1.3122e-05   1.3122e-05   0.0000e+00   0.0000e+00   0.0000e+00   0.0000e+00   0.0000e+00   0.0000e+00
571.82  11.620298   1.3215e-05   1.3215e-05   1.3215e-05   1.3215e-05   0.0000e+00   0.0000e+00   0.0000e+00   0.0000e+00   0.0000e+00   0.0000e+00
583.64  11.625764   1.3309e-05   1.3309e-05   1.3309e-05   1.3309e-05   0.0000e+00   0.0000e+00   0.0000e+00   0.0000e+00   0.0000e+00   0.0000e+00
595.57  11.631323   1.3406e-05   1.3406e-05   1.3406e-05   1.3406e-05   0.0000e+00   0.0000e+00   0.0000e+00   0.0000e+00   0.0000e+00   0.0000e+00
607.63  11.636987   1.3503e-05   1.3503e-05   1.3503e-05   1.3503e-05   0.0000e+00   0.0000e+00   0.0000e+00   0.0000e+00   0.0000e+00   0.0000e+00
619.82  11.642756   1.3603e-05   1.3603e-05   1.3603e-05   1.3603e-05   0.0000e+00   0.0000e+00   0.0000e+00   0.0000e+00   0.0000e+00   0.0000e+00
632.12  11.648623   1.3705e-05   1.3705e-05   1.3705e-05   1.3705e-05   0.0000e+00   0.0000e+00   0.0000e+00   0.0000e+00   0.0000e+00   0.0000e+00
644.54  11.654595   1.3808e-05   1.3808e-05   1.3808e-05   1.3808e-05   0.0000e+00   0.0000e+00   0.0000e+00   0.0000e+00   0.0000e+00   0.0000e+00
657.08  11.660674   1.3914e-05   1.3914e-05   1.3914e-05   1.3914e-05   0.0000e+00   0.0000e+00   0.0000e+00   0.0000e+00   0.0000e+00   0.0000e+00
669.75  11.666867   1.4022e-05   1.4021e-05   1.4021e-05   1.4021e-05   0.0000e+00   0.0000e+00   0.0000e+00   0.0000e+00   0.0000e+00   0.0000e+00
682.53  11.673165   1.4132e-05   1.4131e-05   1.4131e-05   1.4131e-05   0.0000e+00   0.0000e+00   0.0000e+00   0.0000e+00   0.0000e+00   0.0000e+00
695.44  11.679581   1.4244e-05   1.4244e-05   1.4244e-05   1.4244e-05   0.0000e+00   0.0000e+00   0.0000e+00   0.0000e+00   0.0000e+00   0.0000e+00
708.46  11.686107   1.4359e-05   1.4359e-05   1.4359e-05   1.4359e-05   0.0000e+00   0.0000e+00   0.0000e+00   0.0000e+00   0.0000e+00   0.0000e+00
721.61  11.692756   1.4477e-05   1.4477e-05   1.4477e-05   1.4477e-05   0.0000e+00   0.0000e+00   0.0000e+00   0.0000e+00   0.0000e+00   0.0000e+00
734.88  11.699524   1.4597e-05   1.4597e-05   1.4597e-05   1.4597e-05   0.0000e+00   0.0000e+00   0.0000e+00   0.0000e+00   0.0000e+00   0.0000e+00
748.27  11.706415   1.4720e-05   1.4720e-05   1.4720e-05   1.4720e-05   0.0000e+00   0.0000e+00   0.0000e+00   0.0000e+00   0.0000e+00   0.0000e+00
761.78  11.713431   1.4846e-05   1.4846e-05   1.4846e-05   1.4846e-05   0.0000e+00   0.0000e+00   0.0000e+00   0.0000e+00   0.0000e+00   0.0000e+00
775.41  11.720575   1.4976e-05   1.4976e-05   1.4976e-05   1.4976e-05   0.0000e+00   0.0000e+00   0.0000e+00   0.0000e+00   0.0000e+00   0.0000e+00
789.16  11.727850   1.5108e-05   1.5108e-05   1.5108e-05   1.5108e-05   0.0000e+00   0.0000e+00   0.0000e+00   0.0000e+00   0.0000e+00   0.0000e+00
803.03  11.735258   1.5244e-05   1.5244e-05   1.5244e-05   1.5244e-05   0.0000e+00   0.0000e+00   0.0000e+00   0.0000e+00   0.0000e+00   0.0000e+00
817.03  11.742808   1.5384e-05   1.5384e-05   1.5384e-05   1.5384e-05   0.0000e+00   0.0000e+00   0.0000e+00   0.0000e+00   0.0000e+00   0.0000e+00
831.14  11.750493   1.5527e-05   1.5527e-05   1.5527e-05   1.5527e-05   0.0000e+00   0.0000e+00   0.0000e+00   0.0000e+00   0.0000e+00   0.0000e+00
845.38  11.758327   1.5674e-05   1.5674e-05   1.5674e-05   1.5674e-05   0.0000e+00   0.0000e+00   0.0000e+00   0.0000e+00   0.0000e+00   0.0000e+00
859.73  11.766302   1.5826e-05   1.5825e-05   1.5825e-05   1.5825e-05   0.0000e+00   0.0000e+00   0.0000e+00   0.0000e+00   0.0000e+00   0.0000e+00
874.21  11.774433   1.5981e-05   1.5981e-05   1.5981e-05   1.5981e-05   0.0000e+00   0.0000e+00   0.0000e+00   0.0000e+00   0.0000e+00   0.0000e+00
888.81  11.782719   1.6141e-05   1.6141e-05   1.6141e-05   1.6141e-05   0.0000e+00   0.0000e+00   0.0000e+00   0.0000e+00   0.0000e+00   0.0000e+00
903.53  11.791164   1.6306e-05   1.6306e-05   1.6306e-05   1.6306e-05   0.0000e+00   0.0000e+00   0.0000e+00   0.0000e+00   0.0000e+00   0.0000e+00
918.36  11.799765   1.6475e-05   1.6475e-05   1.6475e-05   1.6475e-05   0.0000e+00   0.0000e+00   0.0000e+00   0.0000e+00   0.0000e+00   0.0000e+00
933.32  11.808539   1.6650e-05   1.6650e-05   1.6650e-05   1.6650e-05   0.0000e+00   0.0000e+00   0.0000e+00   0.0000e+00   0.0000e+00   0.0000e+00
948.41  11.817490   1.6830e-05   1.6830e-05   1.6830e-05   1.6830e-05   0.0000e+00   0.0000e+00   0.0000e+00   0.0000e+00   0.0000e+00   0.0000e+00
963.61  11.826613   1.7015e-05   1.7015e-05   1.7015e-05   1.7015e-05   0.0000e+00   0.0000e+00   0.0000e+00   0.0000e+00   0.0000e+00   0.0000e+00
978.93  11.835917   1.7206e-05   1.7206e-05   1.7206e-05   1.7206e-05   0.0000e+00   0.0000e+00   0.0000e+00   0.0000e+00   0.0000e+00   0.0000e+00
994.37  11.845408   1.7404e-05   1.7404e-05   1.7404e-05   1.7404e-05   0.0000e+00   0.0000e+00   0.0000e+00   0.0000e+00   0.0000e+00   0.0000e+00
1009.94  11.855097   1.7608e-05   1.7608e-05   1.7608e-05   1.7608e-05   0.0000e+00   0.0000e+00   0.0000e+00   0.0000e+00   0.0000e+00   0.0000e+00
1025.62  11.864979   1.7819e-05   1.7819e-05   1.7819e-05   1.7819e-05   0.0000e+00   0.0000e+00   0.0000e+00   0.0000e+00   0.0000e+00   0.0000e+00
1041.43  11.875072   1.8037e-05   1.8037e-05   1.8037e-05   1.8037e-05   0.0000e+00   0.0000e+00   0.0000e+00   0.0000e+00   0.0000e+00   0.0000e+00
1057.36  11.885377   1.8262e-05   1.8262e-05   1.8262e-05   1.8262e-05   0.0000e+00   0.0000e+00   0.0000e+00   0.0000e+00   0.0000e+00   0.0000e+00
1073.41  11.895899   1.8496e-05   1.8496e-05   1.8496e-05   1.8496e-05   0.0000e+00   0.0000e+00   0.0000e+00   0.0000e+00   0.0000e+00   0.0000e+00
1089.57  11.906640   1.8738e-05   1.8738e-05   1.8738e-05   1.8738e-05   0.0000e+00   0.0000e+00   0.0000e+00   0.0000e+00   0.0000e+00   0.0000e+00
1105.86  11.917621   1.8989e-05   1.8989e-05   1.8989e-05   1.8989e-05   0.0000e+00   0.0000e+00   0.0000e+00   0.0000e+00   0.0000e+00   0.0000e+00
1122.28  11.928850   1.9249e-05   1.9249e-05   1.9249e-05   1.9249e-05   0.0000e+00   0.0000e+00   0.0000e+00   0.0000e+00   0.0000e+00   0.0000e+00
1138.81  11.940322   1.9519e-05   1.9519e-05   1.9519e-05   1.9519e-05   0.0000e+00   0.0000e+00   0.0000e+00   0.0000e+00   0.0000e+00   0.0000e+00
1155.46  11.952053   1.9800e-05   1.9800e-05   1.9800e-05   1.9800e-05   0.0000e+00   0.0000e+00   0.0000e+00   0.0000e+00   0.0000e+00   0.0000e+00
1172.23  11.964052   2.0092e-05   2.0092e-05   2.0092e-05   2.0092e-05   0.0000e+00   0.0000e+00   0.0000e+00   0.0000e+00   0.0000e+00   0.0000e+00
1189.13  11.976338   2.0396e-05   2.0396e-05   2.0396e-05   2.0396e-05   0.0000e+00   0.0000e+00   0.0000e+00   0.0000e+00   0.0000e+00   0.0000e+00
1206.14  11.988906   2.0713e-05   2.0713e-05   2.0713e-05   2.0713e-05   0.0000e+00   0.0000e+00   0.0000e+00   0.0000e+00   0.0000e+00   0.0000e+00
1223.28  12.001783   2.1043e-05   2.1043e-05   2.1043e-05   2.1043e-05   0.0000e+00   0.0000e+00   0.0000e+00   0.0000e+00   0.0000e+00   0.0000e+00
1240.53  12.014966   2.1388e-05   2.1388e-05   2.1388e-05   2.1388e-05   0.0000e+00   0.0000e+00   0.0000e+00   0.0000e+00   0.0000e+00   0.0000e+00
1257.91  12.028484   2.1748e-05   2.1748e-05   2.1748e-05   2.1748e-05   0.0000e+00   0.0000e+00   0.0000e+00   0.0000e+00   0.0000e+00   0.0000e+00
1275.41  12.042344   2.2124e-05   2.2124e-05   2.2124e-05   2.2124e-05   0.0000e+00   0.0000e+00   0.0000e+00   0.0000e+00   0.0000e+00   0.0000e+00
1293.03  12.056561   2.2519e-05   2.2519e-05   2.2519e-05   2.2519e-05   0.0000e+00   0.0000e+00   0.0000e+00   0.0000e+00   0.0000e+00   0.0000e+00
1310.77  12.071150   2.2932e-05   2.2932e-05   2.2932e-05   2.2932e-05   0.0000e+00   0.0000e+00   0.0000e+00   0.0000e+00   0.0000e+00   0.0000e+00
1328.63  12.086131   2.3366e-05   2.3366e-05   2.3366e-05   2.3366e-05   0.0000e+00   0.0000e+00   0.0000e+00   0.0000e+00   0.0000e+00   0.0000e+00
1346.61  12.101521   2.3822e-05   2.3822e-05   2.3822e-05   2.3822e-05   0.0000e+00   0.0000e+00   0.0000e+00   0.0000e+00   0.0000e+00   0.0000e+00
1364.71  12.117342   2.4302e-05   2.4302e-05   2.4302e-05   2.4302e-05   0.0000e+00   0.0000e+00   0.0000e+00   0.0000e+00   0.0000e+00   0.0000e+00
1382.94  12.133624   2.4808e-05   2.4808e-05   2.4808e-05   2.4808e-05   0.0000e+00   0.0000e+00   0.0000e+00   0.0000e+00   0.0000e+00   0.0000e+00
1401.28  12.150374   2.5342e-05   2.5342e-05   2.5342e-05   2.5342e-05   0.0000e+00   0.0000e+00   0.0000e+00   0.0000e+00   0.0000e+00   0.0000e+00
1419.75  12.167637   2.5908e-05   2.5908e-05   2.5908e-05   2.5908e-05   0.0000e+00   0.0000e+00   0.0000e+00   0.0000e+00   0.0000e+00   0.0000e+00
1438.33  12.185423   2.6506e-05   2.6506e-05   2.6506e-05   2.6506e-05   0.0000e+00   0.0000e+00   0.0000e+00   0.0000e+00   0.0000e+00   0.0000e+00
1457.04  12.203781   2.7142e-05   2.7142e-05   2.7142e-05   2.7142e-05   0.0000e+00   0.0000e+00   0.0000e+00   0.0000e+00   0.0000e+00   0.0000e+00
1475.87  12.222738   2.7818e-05   2.7818e-05   2.7818e-05   2.7818e-05   0.0000e+00   0.0000e+00   0.0000e+00   0.0000e+00   0.0000e+00   0.0000e+00
1494.82  12.242332   2.8539e-05   2.8539e-05   2.8539e-05   2.8539e-05   0.0000e+00   0.0000e+00   0.0000e+00   0.0000e+00   0.0000e+00   0.0000e+00
1513.88  12.262593   2.9309e-05   2.9309e-05   2.9309e-05   2.9309e-05   0.0000e+00   0.0000e+00   0.0000e+00   0.0000e+00   0.0000e+00   0.0000e+00
1533.07  12.283590   3.0135e-05   3.0135e-05   3.0135e-05   3.0135e-05   0.0000e+00   0.0000e+00   0.0000e+00   0.0000e+00   0.0000e+00   0.0000e+00
1552.39  12.305376   3.1022e-05   3.1022e-05   3.1022e-05   3.1022e-05   0.0000e+00   0.0000e+00   0.0000e+00   0.0000e+00   0.0000e+00   0.0000e+00
1571.82  12.327988   3.1979e-05   3.1979e-05   3.1979e-05   3.1979e-05   0.0000e+00   0.0000e+00   0.0000e+00   0.0000e+00   0.0000e+00   0.0000e+00
1591.37  12.351501   3.3013e-05   3.3013e-05   3.3013e-05   3.3013e-05   0.0000e+00   0.0000e+00   0.0000e+00   0.0000e+00   0.0000e+00   0.0000e+00
1611.04  12.375991   3.4136e-05   3.4136e-05   3.4136e-05   3.4136e-05   0.0000e+00   0.0000e+00   0.0000e+00   0.0000e+00   0.0000e+00   0.0000e+00
1630.84  12.401557   3.5361e-05   3.5362e-05   3.5362e-05   3.5362e-05   0.0000e+00   0.0000e+00   0.0000e+00   0.0000e+00   0.0000e+00   0.0000e+00
1650.75  12.428269   3.6703e-05   3.6703e-05   3.6703e-05   3.6703e-05   0.0000e+00   0.0000e+00   0.0000e+00   0.0000e+00   0.0000e+00   0.0000e+00
1670.79  12.456267   3.8180e-05   3.8180e-05   3.8180e-05   3.8180e-05   0.0000e+00   0.0000e+00   0.0000e+00   0.0000e+00   0.0000e+00   0.0000e+00
1690.95  12.485671   3.9816e-05   3.9816e-05   3.9816e-05   3.9816e-05   0.0000e+00   0.0000e+00   0.0000e+00   0.0000e+00   0.0000e+00   0.0000e+00
1711.23  12.516635   4.1639e-05   4.1640e-05   4.1640e-05   4.1640e-05   0.0000e+00   0.0000e+00   0.0000e+00   0.0000e+00   0.0000e+00   0.0000e+00
1731.62  12.549327   4.3686e-05   4.3686e-05   4.3686e-05   4.3686e-05   0.0000e+00   0.0000e+00   0.0000e+00   0.0000e+00   0.0000e+00   0.0000e+00
1752.14  12.584002   4.6006e-05   4.6006e-05   4.6006e-05   4.6006e-05   0.0000e+00   0.0000e+00   0.0000e+00   0.0000e+00   0.0000e+00   0.0000e+00
1772.79  12.620933   4.8662e-05   4.8662e-05   4.8662e-05   4.8662e-05   0.0000e+00   0.0000e+00   0.0000e+00   0.0000e+00   0.0000e+00   0.0000e+00
1793.55  12.660424   5.1737e-05   5.1737e-05   5.1737e-05   5.1737e-05   0.0000e+00   0.0000e+00   0.0000e+00   0.0000e+00   0.0000e+00   0.0000e+00
1814.43  12.702919   5.5350e-05   5.5350e-05   5.5350e-05   5.5350e-05   0.0000e+00   0.0000e+00   0.0000e+00   0.0000e+00   0.0000e+00   0.0000e+00
1835.43  12.748975   5.9672e-05   5.9672e-05   5.9672e-05   5.9672e-05   0.0000e+00   0.0000e+00   0.0000e+00   0.0000e+00   0.0000e+00   0.0000e+00
1856.56  12.799361   6.4959e-05   6.4954e-05   6.4954e-05   6.4954e-05   0.0000e+00   0.0000e+00   0.0000e+00   0.0000e+00   0.0000e+00   0.0000e+00
1877.8  12.855065   7.1612e-05   7.1621e-05   7.1621e-05   7.1621e-05   0.0000e+00   0.0000e+00   0.0000e+00   0.0000e+00   0.0000e+00   0.0000e+00
1899.17  12.917653   8.0322e-05   8.0268e-05   8.0268e-05   8.0268e-05   0.0000e+00   0.0000e+00   0.0000e+00   0.0000e+00   0.0000e+00   0.0000e+00
1920.65  12.989430   9.2362e-05   9.2521e-05   9.2521e-05   9.2521e-05   0.0000e+00   0.0000e+00   0.0000e+00   0.0000e+00   0.0000e+00   0.0000e+00
1942.26  13.074544   1.1051e-04   1.0979e-04   1.0979e-04   1.0979e-04   0.0000e+00   0.0000e+00   0.0000e+00   0.0000e+00   0.0000e+00   0.0000e+00
1963.99  13.181235   1.4230e-04   1.4447e-04   1.4447e-04   1.4447e-04   0.0000e+00   0.0000e+00   0.0000e+00   0.0000e+00   0.0000e+00   0.0000e+00
1985.84  13.332645   2.2165e-04   2.0889e-04   2.0889e-04   2.0889e-04   0.0000e+00   0.0000e+00   0.0000e+00   0.0000e+00   0.0000e+00   0.0000e+00
