0.0 0.0 0.0 2.2313717380484376e-07 0.0 0.0 0.0 0.0
10.0 -2.230941358760674e-06 4.4623130956592895e-07 4.4611004614836245e-07 -2.0076666610210377e-06 0.0 -0.006268558120983648 0.0015740311007800996
20.0 -8.923823632045469e-06 8.923012278257713e-07 8.917573623534736e-07 -7.844145947571445e-06 0.0 -0.04811921493004942 0.0031476747888306853
30.0 -2.0075987556822383e-05 1.338083551351523e-06 1.3369442678268228e-06 -1.7241336234136457e-05 0.0 -0.157712363365567 0.004720490502268849
40.0 -3.568473840331876e-05 1.7836456170726258e-06 1.7823292351337727e-06 -3.0108999496910564e-05 0.0 -0.3676193667277866 0.006292473224400309
50.0 -5.574899798688193e-05 2.2292420334764722e-06 2.2292125466449874e-06 -4.649331580507759e-05 0.0 -0.715538058622792 0.0078640162661456
60.0 -8.027101824126248e-05 2.6752725909083322e-06 2.6792114182327962e-06 -6.660127183437948e-05 0.0 -1.2500204319010608 0.009435884216927749
70.0 -0.0001092574758629894 3.122211541657442e-06 3.133945683764239e-06 -9.079532504696489e-05 0.0 -2.0337134033119284 0.011009104486583909
80.0 -0.0001427199238293042 3.5705521839694805e-06 3.594845740728658e-06 -0.00011955771200240854 0.0 -3.1440548059370808 0.01258484262382633
90.0 -0.0001806747721495583 4.020766877954141e-06 4.063027047784829e-06 -0.00015344720301884728 0.0 -4.6720847687501506 0.01416430040444967
100.0 -0.00022314292136016434 4.473277132021877e-06 4.539209676934774e-06 -0.00019305719422407238 0.0 -6.719786902387613 0.015748638454784622
110.0 -0.0002701491415173507 4.9284325629445725e-06 5.0236866805164485e-06 -0.0002389781849250365 0.0 -9.396424770604924 0.017338918555867548
120.0 -0.00032172128401697364 5.386498412258788e-06 5.516336792332766e-06 -0.00029176628220566183 0.0 -12.814397593440175 0.018936062301653567
130.0 -0.0003778894075594508 5.847650644698179e-06 6.016669284214516e-06 -0.0003519186386819956 0.0 -17.085091271733 0.020540824041861236
140.0 -0.00043868488695153474 6.31197712920947e-06 6.523887952170071e-06 -0.00041985600921497966 0.0 -22.31508815845858 0.022153776329520033
150.0 -0.0005041395572717988 6.779483283790538e-06 7.036963488893378e-06 -0.0004959120066773274 0.0 -28.602971065461652 0.023775305978328908
160.0 -0.0005742849305541142 7.250100696678105e-06 7.554706306578396e-06 -0.0005803282281179307 0.0 -36.03684091579112 0.025405618692934208
170.0 -0.0006491515082274191 7.723697468554739e-06 8.075834365151024e-06 -0.0006732542092244541 0.0 -44.69257446315699 0.02704475020862601
180.0 -0.0007287682012950825 8.200089275074073e-06 8.599032581102506e-06 -0.0007747511074312358 0.0 -54.63278150608726 0.028692581985828757
190.0 -0.0008131618615188074 8.679050392462212e-06 9.123002043764928e-06 -0.0008847980652316546 0.0 -65.90637852299368 0.030348859719737577
200.0 -0.0009023569202959436 9.16032414695791e-06 9.646498530635483e-06 -0.0010033003231405837 0.0 -78.54867376752806 0.032013213203435045
210.0 -0.000996375127670035 9.643632434911145e-06 1.0168360731022118e-05 -0.0011300983030399158 0.0 -92.58185270380882 0.03368517638335909
220.0 -0.0010952353809301485 1.0128684112023354e-05 1.0687529191244493e-05 -0.0012649770424880138 0.0 -108.01575733860642 0.03536420673790641
230.0 -0.0011989536311460824 1.0615182167971076e-05 1.1203057320940957e-05 -0.001407675512901617 0.0 -124.84886426379887 0.037049703372761124
240.0 -0.001307542855283117 1.1102829689231657e-05 1.1714115924199574e-05 -0.0015578954896412983 0.0 -143.06938072671275 0.0387410234493647
250.0 -0.0014210130821616929 1.1591334672526344e-05 1.2219992686191006e-05 -0.0017153097555186578 0.0 -162.6563934219521 0.04043749674231461
260.0 -0.0015393714612201848 1.2080413788761821e-05 1.2720087932116541e-05 -0.001879569510160999 0.0 -183.581019414804 0.042138438258937504
270.0 -0.0016626223641331705 1.2569795217577683e-05 1.3213907793740987e-05 -0.0020503109275598398 0.0 -205.8075217856184 0.043843158954309513
280.0 -0.0017907675106876297 1.3059220680072513e-05 1.3701055733505996e-05 -0.0022271608552852187 0.0 -229.29436382624854 0.04555097464348977
290.0 -0.0019238061114954519 1.354844679579317e-05 1.4181223184905888e-05 -0.002409741684720743 0.0 -253.99518483712794 0.04726121325581794
300.0 -0.002061735021392508 1.4037245882736594e-05 1.4654179889994623e-05 -0.0025976754449555245 0.0 -279.859687871694 0.048973220599641765
310.0 -0.0022045488984900885 1.4525406308305435e-05 1.5119764366033906e-05 -0.002790587186820251 0.0 -306.83443536030626 0.050686364814829105
320.0 -0.0023522403649742785 1.5012732486639297e-05 1.5577874808236915e-05 -0.0029881077302096153 0.0 -334.86355267091005 0.05240003968913437
330.0 -0.0025048001663208197 1.549904460475651e-05 1.602846062400687e-05 -0.003189875849389863 0.0 -363.88934258224106 0.054113667006306244
340.0 -0.00266221732685068 1.5984178147300265e-05 1.647151471750874e-05 -0.0033955399691226614 0.0 -393.8528156006413 0.05582669808134018
350.0 -0.0028244792996723334 1.6467983277919566e-05 1.6907066583016216e-05 -0.003604759440143869 0.0 -424.6941422545753 0.05753861462347845
360.0 -0.002991572109994678 1.6950324124687585e-05 1.7335176215205194e-05 -0.0038172054571508954 0.0 -456.35303413538315 0.05924892905178815
370.0 -0.0031634804909153047 1.7431078007616906e-05 1.7755928814544576e-05 -0.004032561676125648 0.0 -488.7690606688508 0.060957184372453316
380.0 -0.0033401880113537175 1.7910134638253976e-05 1.816943023928985e-05 -0.004250524581608883 0.0 -521.8819085218498 0.06266295371185661
390.0 -0.0035216771959660775 1.8387395314494503e-05 1.8575803152209856e-05 -0.004470803648229465 0.0 -555.6315902670436 0.06436583958557011
400.0 -0.003707929636988183 1.886277212804098e-05 1.8975183791170024e-05 -0.004693121334912003 0.0 -589.9586085210823 0.06606547297069143
410.0 -0.003898926098344191 1.9336187197208366e-05 1.9367719291629727e-05 -0.004917212944878144 0.0 -624.8040812911798 0.06776151223762708
420.0 -0.0040946466122022684 1.9807571933956123e-05 1.975356549959173e-05 -0.005142826379522461 0.0 -660.1098337565538 0.06945364198749568
430.0 -0.004295070568407056 2.027686635095612e-05 2.0132885201817886e-05 -0.0053697218099936 0.0 -695.8184611957868 0.07114157183266745
440.0 -0.004500176797218813 2.0744018412075816e-05 2.0505846712559618e-05 -0.0055976712864484746 0.0 -731.8733672781045 0.07282503515053415
450.0 -0.004709943645746506 2.120898342777953e-05 2.0872622762446724e-05 -0.005826458301607032 0.0 -768.2187814669669 0.07450378783429104
460.0 -0.00492434904858996 2.1671723495507136e-05 2.123338963269106e-05 -0.006055877322392857 0.0 -804.7997588565502 0.07617760705917649
470.0 -0.00514337059308545 2.213220698402924e-05 2.1588326491261968e-05 -0.006285733300949411 0.0 -841.5621653678401 0.07784629007817183
480.0 -0.005366985579630779 2.259040806000284e-05 2.193761488999968e-05 -0.006515841174269953 0.0 -878.4526508813058 0.07950965305746396
490.0 -0.005595171077459327 2.3046306254425885e-05 2.2281438386784203e-05 -0.006746025359895474 0.0 -915.4186125685449 0.08116752995894672
500.0 -0.005827903976271642 2.3499886066351127e-05 2.2619982263094584e-05 -0.006976119253639896 0.0 -952.4081504080359 0.08281977147457321
510.0 -0.006065161034054967 2.3951136601029165e-05 2.295343330764865e-05 -0.007205964734082489 0.0 -989.3700166254918 0.08446624401538243
520.0 -0.0063069189215241295 2.440005123957893e-05 2.3281979649958373e-05 -0.007435411677526901 0.0 -1026.2535605835453 0.08610682875644599
530.0 -0.0065531542632975 2.4846627337299196e-05 2.3605810625149103e-05 -0.007664317486282879 0.0 -1063.0086704553182 0.08774142073774327
540.0 -0.006803843676259191 2.5290865947815993e-05 2.3925116648371157e-05 -0.007892546632371903 0.0 -1099.5857128500122 0.08936992802002912
550.0 -0.007058963805274487 2.5732771570384678e-05 2.4240089100047156e-05 -0.00811997021826113 0.0 -1135.9354714109777 0.0909922708940275
560.0 -0.00731849135642193 2.6172351917830658e-05 2.4550920201704685e-05 -0.008346465555682586 0.0 -1172.0090852748951 0.09260838114077768
570.0 -0.007582403128118642 2.6609617702787305e-05 2.485780288292716e-05 -0.008571915763253926 0.0 -1207.7579881663962 0.0942182013405872
580.0 -0.007850676040028759 2.7044582440085264e-05 2.5160930632139866e-05 -0.008796209383286282 0.0 -1243.1338487970868 0.0958216842278167
590.0 -0.008123287160255899 2.7477262263341193e-05 2.5460497328744224e-05 -0.009019240017916732 0.0 -1278.0885131458047 0.09741879208859068
600.0 -0.008400213730599404 2.790767575399079e-05 2.5756697059620137e-05 -0.009240905984509194 0.0 -1312.5739491118156 0.09900949619847771
610.0 -0.00868143319022252 2.8335843781195612e-05 2.6049723908272425e-05 -0.009461109990120217 0.0 -1346.542193959359 0.10059377629719721
620.0 -0.008966923197810672 2.8761789351242018e-05 2.6339771729411156e-05 -0.009679758824653982 0.0 -1379.9453048997887 0.10217162009748496
630.0 -0.009256661652191411 2.9185537465213986e-05 2.6627033906123644e-05 -0.009896763072300363 0.0 -1412.735313097702 0.10374302282533632
640.0 -0.009550626711604338 2.9607114983885572e-05 2.691170308661839e-05 -0.010112036840729562 0.0 -1444.8641813288837 0.10530798678898702
650.0 -0.009848796811674276 3.0026550498923783e-05 2.7193970910133204e-05 -0.010325497507477117 0.0 -1476.2837654663344 0.10686652097413304
660.0 -0.010151150682066401 3.0443874209625815e-05 2.747402772094176e-05 -0.010537065482918754 0.0 -1506.9457799236395 0.1084186406630504
670.0 -0.010457667361993828 3.085911780453894e-05 2.7752062272234923e-05 -0.010746663989186698 0.0 -1536.8017671403395 0.10996436707544696
680.0 -0.010768326214510182 3.1272314347414345e-05 2.8028261424140057e-05 -0.010954218854398902 0.0 -1565.8030711571273 0.11150372702903624
690.0 -0.011083106939736354 3.168349816704984e-05 2.8302809838898213e-05 -0.011159658321521347 0.0 -1593.9008152897827 0.11303675261800206
700.0 -0.011401989586950378 3.2092704750654756e-05 2.857588967639657e-05 -0.011362912871202205 0.0 -1621.0458838823365 0.11456348090767841
710.0 -0.01172495456566125 3.249997064044787e-05 2.8847680288279776e-05 -0.011563915057933569 0.0 -1647.1889080887393 0.11608395364392632
720.0 -0.012051982655677307 3.290533333326411e-05 2.9118357921653627e-05 -0.011762599358862291 0.0 -1672.2802556071583 0.11759821697584665
730.0 -0.012383055016101707 3.3308831182999103e-05 2.9388095424565108e-05 -0.011958902034620751 0.0 -1696.2700242682938 0.11910632119060308
740.0 -0.012718153193500115 3.3710503305765745e-05 2.9657061962495845e-05 -0.012152761001544955 0.0 -1719.1080393608552 0.1206083204592645
750.0 -0.013057259129020338 3.4110389487679566e-05 2.9925422749244034e-05 -0.012344115714660228 0.0 -1740.7438545572797 0.1221042725927025
760.0 -0.013400355164616684 3.4508530095220766e-05 3.0193338781714373e-05 -0.012532907060811435 0.0 -1761.1267562889993 0.12359423880669751
770.0 -0.013747424048492718 3.4904965988139905e-05 3.0460966597267714e-05 -0.012719077261406232 0.0 -1780.2057714116515 0.12507828349549688
780.0 -0.014098448939531494 3.5299738434908336e-05 3.072845804474866e-05 -0.012902569784144873 0.0 -1797.9296779825106 0.1265564740131896
790.0 -0.014453413410997484 3.569288903071444e-05 3.0995960065105524e-05 -0.013083329263235396 0.0 -1814.2470189736462 0.12802888046232508
800.0 -0.014812301453424936 3.6084459618030676e-05 3.1263614497945016e-05 -0.01326130142753073 0.0 -1829.1061187306236 0.12949557548930216
810.0 -0.015175097476692656 3.647449220977667e-05 3.153155790300843e-05 -0.013436433036106667 0.0 -1842.4551019859557 0.1309566340861093
820.0 -0.015541786311331407 3.686302891511124e-05 3.17999213981679e-05 -0.013608671820784693 0.0 -1854.2419152327786 0.1324121333980704
830.0 -0.015912353209156294 3.72501118678898e-05 3.2068830517495425e-05 -0.013777966435113217 0.0 -1864.4143502613824 0.13386215253730577
840.0 -0.01628678384316018 3.7635783157818735e-05 3.233840508869435e-05 -0.013944266409374321 0.0 -1872.9200696644211 0.13530677240166056
850.0 -0.016665064306724986 3.802008476434273e-05 3.260875913042582e-05 -0.014107522111194919 0.0 -1879.7066341130896 0.13674607549890133
860.0 -0.017047181112214815 3.8403058493292056e-05 3.288000076491215e-05 -0.014267684711315572 0.0 -1884.7215312139554 0.13818014577602022
870.0 -0.017433121188933143 3.878474591631636e-05 3.315223215221153e-05 -0.014424706154160109 0.0 -1887.9122057548213 0.13960906845351276
880.0 -0.017822871880490254 3.9165188313124536e-05 3.342554944314457e-05 -0.014578539132812126 0.0 -1889.2260911545102 0.14103292986452703
890.0 -0.018216420941595146 3.9544426616542284e-05 3.370004274785288e-05 -0.014729137068049488 0.0 -1888.6106419372254 0.14245181729880285
900.0 -0.018613756534339387 3.9922501360398694e-05 3.397579612229862e-05 -0.014876454091087343 0.0 -1886.0133670525593 0.14386581885134203
910.0 -0.01901486722394452 4.02994526302383e-05 3.425288757146206e-05 -0.01502044502972842 0.0 -1881.3818638751022 0.1452750232757603
920.0 -0.01941974197405827 4.067532001685354e-05 3.4531389069591965e-05 -0.015161065397590018 0.0 -1874.6638527194327 0.14667951984229033
930.0 -0.019828370141578233 4.1050142572625894e-05 3.481136659537754e-05 -0.01529827138613594 0.0 -1865.8072117129993 0.1480793982004125
940.0 -0.02024074147105992 4.142395877065237e-05 3.5092880180442876e-05 -0.0154320198592366 0.0 -1854.7600118803512 0.1494747482460949
950.0 -0.02065684608873042 4.1796806466634404e-05 3.537598397329589e-05 -0.015562268350010825 0.0 -1841.470552293712 0.1508656599936322
960.0 -0.021076674496132597 4.2168722863493286e-05 3.566072631357997e-05 -0.01568897505965763 0.0 -1825.887395158604 0.15225222345207995
970.0 -0.021500217563467316 4.253974447867323e-05 3.5947149823023494e-05 -0.015812098858136156 0.0 -1807.9594007068285 0.15363452850626774
980.0 -0.021927466522527084 4.2909907114089774e-05 3.6235291505093414e-05 -0.015931599286384032 0.0 -1787.6357617765368 0.15501266480239695
990.0 -0.022358412959437857 4.3279245828669944e-05 3.6525182853353044e-05 -0.016047436559933716 0.0 -1764.8660379708804 0.15638672163820672
1000.0 -0.02279304880708466 4.364779491343225e-05 3.681684997154377e-05 -0.016159571573738294 0.0 -1739.6001892888328 0.15775678785770075
1010.0 -0.02323136633735956 4.401558786904523e-05 3.711031370379203e-05 -0.01626796590797022 0.0 -1711.7886091343512 0.15912295175042773
1020.0 -0.02367335815309346 4.438265738580231e-05 3.740558977156638e-05 -0.01637258183470959 0.0 -1681.3821566137137 0.16048530095529062
1030.0 -0.02411901717991327 4.474903532594379e-05 3.770268891596373e-05 -0.016473382325308324 0.0 -1648.3321880426547 0.16184392236887107
1040.0 -0.024568336657846856 4.511475270825929e-05 3.800161704852201e-05 -0.016570331058312016 0.0 -1612.590587585311 0.163198902058242
1050.0 -0.025021310132860464 4.547983969489489e-05 3.830237540949355e-05 -0.01666339242780092 0.0 -1574.1097969612772 0.16455032517823873
1060.0 -0.02547793144816879 4.584432558028525e-05 3.860496072611852e-05 -0.016752531552298392 0.0 -1532.8428441667052 0.16589827589312117
1070.0 -0.025938194735616094 4.6208238782165693e-05 3.890936537835899e-05 -0.01683771428228411 0.0 -1488.7433711125059 0.16724283730280587
1080.0 -0.02640209440675534 4.6571606834494836e-05 3.921557757049499e-05 -0.016918907211680333 0.0 -1441.7656602569946 0.1685840913729777
1090.0 -0.02686962514405522 4.6934456382353846e-05 3.952358149810209e-05 -0.0169960776842395 0.0 -1391.8646599906538 0.16992211887008626
1100.0 -0.027340781891997068 4.729681317859913e-05 3.98333575258647e-05 -0.017069193803525087 0.0 -1338.9960089346898 0.17125699930013794
1110.0 -0.027815559848093585 4.7658702082270376e-05 4.0144882361836666e-05 -0.017138224441312015 0.0 -1283.1160590093937 0.17258881085182212
1120.0 -0.028293954453982195 4.8020147058644766e-05 4.045812923170189e-05 -0.017203139245958683 0.0 -1224.1818972862743 0.1739176303437138
1130.0 -0.028775961386511284 4.838117118086171e-05 4.077306805800873e-05 -0.017263908650430735 0.0 -1162.1513665974142 0.17524353317551133
1140.0 -0.02926157654879802 4.8741796633033546e-05 4.1089665637272785e-05 -0.017320503879986186 0.0 -1096.9830848926513 0.17656659328322558
1150.0 -0.029750796061374984 4.910204471476643e-05 4.14078858153033e-05 -0.017372896959405793 0.0 -1028.6364633293415 0.17788688309824913
1160.0 -0.030243616253361694 4.9461935847005704e-05 4.172768966164142e-05 -0.01742106071978005 0.0 -957.071723097485 0.17920447351021185
1170.0 -0.030740033653746224 4.982148957913301e-05 4.204903564541951e-05 -0.017464968804752803 0.0 -882.2499109712567 0.18051943383354596
1180.0 -0.031240044982659754 5.0180724597232954e-05 4.237187980606905e-05 -0.017504595676248697 0.0 -804.1329135971363 0.1818318317776579
1190.0 -0.03174364714285005 5.0539658733456e-05 4.269617592456143e-05 -0.01753991661960115 0.0 -722.6834705204282 0.18314173342062154
1200.0 -0.03225083721111588 5.089830897640171e-05 4.302187568914206e-05 -0.01757090774808626 0.0 -637.8651859626268 0.18444920318629007
1210.0 -0.032761612430018516 5.125669148244927e-05 4.334892886284081e-05 -0.017597546006842654 0.0 -549.6425393626496 0.18575430382472716
1220.0 -0.033275970199490246 5.161482158796209e-05 4.367728343872557e-05 -0.017619809177140046 0.0 -457.98089472407975 0.18705709639578022
1230.0 -0.03379390806892957 5.1972713822316255e-05 4.4006885804392935e-05 -0.017637675875009484 0.0 -362.8465086227776 0.18835764025615592
1240.0 -0.03431542372891272 5.233038192163179e-05 4.433768089882051e-05 -0.017651125559194118 0.0 -264.20653731035367 0.18965599304871822
1250.0 -0.03484051500352692 5.268783884321679e-05 4.4669612353231966e-05 -0.017660138528466884 0.0 -162.0290423846177 0.1909522106954767
1260.0 -0.03536917984258636 5.304509678060352e-05 4.500262264581778e-05 -0.017664695923236995 0.0 -56.28299546354443 0.19224634739297147
1270.0 -0.03590141631409338 5.340216717913746e-05 4.533665324153446e-05 -0.017664779725532136 0.0 53.061718270804036 0.1935384556104182
1280.0 -0.03643722259683102 5.375906075205838e-05 4.567164473083807e-05 -0.0176603727582805 0.0 166.03429760659282 0.1948285860904294
1290.0 -0.03697659697311906 5.411578749701501e-05 4.600753696468729e-05 -0.017651458683959433 0.0 282.6630238810194 0.1961167878521978
1300.0 -0.037519537821751214 5.447235671296049e-05 4.6344269182618804e-05 -0.01763802200259232 0.0 402.9752605748324 0.1974031081970343
1310.0 -0.03806604361108157 5.482877701737515e-05 4.668178013815805e-05 -0.017620048049024017 0.0 526.9974538914934 0.1986875927161554
1320.0 -0.03861611289230993 5.518505636376649e-05 4.7020008219611495e-05 -0.01759752298972092 0.0 654.7551342790825 0.1999702853005973
1330.0 -0.03916974429293063 5.5541202059401216e-05 4.735889156606277e-05 -0.01757043381884931 0.0 786.2729188730603 0.20125122815316554
1340.0 -0.039726936510330546 5.589722078321888e-05 4.769836817661854e-05 -0.017538768353737723 0.0 921.5745148159169 0.20253046180230455
1350.0 -0.04028768830564644 5.625311860388957e-05 4.803837601716765e-05 -0.017502515229784573 0.0 1060.6827234239825 0.20380802511778173
1360.0 -0.04085199849771115 5.6608900997969996e-05 4.8378853123764995e-05 -0.017461663894815307 0.0 1203.6194451604063 0.20508395532808044
1370.0 -0.041419865957244895 5.696457286812166e-05 4.8719737696956146e-05 -0.017416204602861207 0.0 1350.4056853837244 0.2063582880394017
1380.0 -0.04199128960120291 5.7320138561353065e-05 4.9060968194680754e-05 -0.01736612840741881 0.0 1501.061560832736 0.2076310572561717
1390.0 -0.04256626838730426 5.7675601887252176e-05 4.940248342180098e-05 -0.017311427154180672 0.0 1655.6063068146366 0.20890229540295602
1400.0 -0.043144801308741876 5.803096613617463e-05 4.974422260684008e-05 -0.017252093473302685 0.0 1814.0582850558476 0.21017203334768136
1410.0 -0.04372688738914832 5.8386234097348365e-05 5.008612549239899e-05 -0.017188120770173055 0.0 1976.4349922194847 0.21144030042609802
1420.0 -0.04431252567749411 5.874140807693135e-05 5.042813239661825e-05 -0.01711950322075614 0.0 2142.7530688502525 0.21270712446722914
1430.0 -0.04490171524358999 5.9096489915827997e-05 5.0770184281567765e-05 -0.017046235756488497 0.0 2313.0283092090767 0.21397253182011844
1440.0 -0.04549445517336537 5.9451481007462536e-05 5.1112222833360475e-05 -0.016968314058796594 0.0 2487.275671304356 0.2152365473812435
1450.0 -0.04609074456450202 5.9806382315318844e-05 5.1454190509048206e-05 -0.016885734548205692 0.0 2665.509287577739 0.21649919462292277
1460.0 -0.046690582522266766 6.016119439029378e-05 5.1796030598616485e-05 -0.016798494374111333 0.0 2847.7424760163985 0.2177604956224651
1470.0 -0.04729396815542586 6.051591738782989e-05 5.2137687278097645e-05 -0.01670659140419469 0.0 3033.98775168842 0.21902047109200823
1480.0 -0.047900900572397376 6.087055108481145e-05 5.247910565611136e-05 -0.01661002421354629 0.0 3224.2568386706175 0.2202791404089671
1490.0 -0.0485113788775422 6.122509489620721e-05 5.282023182022755e-05 -0.01650879207347051 0.0 3418.5606823396893 0.2215365216470192
1500.0 -0.04912540216763617 6.15795478914433e-05 5.316101287764496e-05 -0.01640289494004155 0.0 3616.909461990756 0.22279263160755022
1510.0 -0.04974296952848789 6.19339088104944e-05 5.3501396993738123e-05 -0.016292333442420138 0.0 3819.312603757868 0.22404748585149203
1520.0 -0.050364080031709335 6.228817607967884e-05 5.384133342385411e-05 -0.016177108870911335 0.0 4025.77879380547 0.22530109873148524
1530.0 -0.05098873273169957 6.26423478271479e-05 5.4180772545464605e-05 -0.016057223164819168 0.0 4236.315991763773 0.22655348342429954
1540.0 -0.05161692666269957 6.299642189805912e-05 5.451966588729817e-05 -0.0159326789001244 0.0 4450.931444378841 0.2278046519634528
1550.0 -0.05224866083602819 6.335039586942552e-05 5.485796614923544e-05 -0.015803479277009192 0.0 4669.631699351147 0.22905461527196572
1560.0 -0.05288393423753135 6.370426706463294e-05 5.519562722682281e-05 -0.015669628107220508 0.0 4892.422619339021 0.23030338319519933
1570.0 -0.05352274582504535 6.405803256761935e-05 5.553260422885842e-05 -0.015531129801331721 0.0 5119.30939609884 0.2315509645337181
1580.0 -0.05416509452612672 6.441168923670996e-05 5.586885349444515e-05 -0.015387989355871901 0.0 5350.2965647407755 0.2327973670761292
1590.0 -0.054810979235824675 6.476523371813208e-05 5.6204332595299886e-05 -0.015240212341372768 0.0 5585.388018043625 0.23404259763187493
1600.0 -0.055460398814698664 6.51186624590485e-05 5.637187437734781e-05 -0.015087804885348482 0.0 5824.587021012198 0.23528666206377696
