0.0 0.0 0.0 2.6101939454292733e-07 0.0 0.0 0.0 0.0
10.0 -2.6100330181577647e-06 5.220226963934179e-07 5.218546970553461e-07 -1.0215961995592454e-06 0.0 -0.003779268159047207 0.0018413623753556325
20.0 -1.0439776382042965e-05 1.0438435162129423e-06 1.042598292144703e-06 -4.260428819579399e-06 0.0 -0.03369613201420574 0.0036823622542110157
30.0 -2.3484221269853833e-05 1.5648793685763828e-06 1.5612830894795593e-06 -1.0470818626401285e-05 0.0 -0.13191927845593857 0.005521530857187564
40.0 -4.1733992020454025e-05 2.0849186937926103e-06 2.0783778309052535e-06 -2.035140697740947e-05 0.0 -0.34873630839979086 0.00735779483726379
50.0 -6.51800291109339e-05 2.6041949103523817e-06 2.5955041802916414e-06 -3.4241410509269006e-05 0.0 -0.7334304908818416 0.009191222263459656
60.0 -9.381684619924613e-05 3.1231614256076794e-06 3.114648448665491e-06 -5.2331806729658734e-05 0.0 -1.3398474894775165 0.01102261614671066
70.0 -0.00012764409989429737 3.6423826467706687e-06 3.637921374277653e-06 -7.48568232581253e-05 0.0 -2.2359782138084054 0.012853167361535411
80.0 -0.00016666742996207518 4.162483709823117e-06 4.1674056999951855e-06 -0.00010218239762404014 0.0 -3.51064907440948 0.014684280095430546
90.0 -0.00021089885204261805 4.684107238029884e-06 4.704945228262147e-06 -0.00013481550368241708 0.0 -5.275071771935352 0.016517471781086986
100.0 -0.00026035670913771014 5.207868805251251e-06 5.2519415472573884e-06 -0.00017336851673928114 0.0 -7.659766513538503 0.01835429117170337
110.0 -0.0003150651932521953 5.7343165779871455e-06 5.809218134089633e-06 -0.00021850546574905352 0.0 -10.80846079771385 0.02019624022856884
120.0 -0.0003750535072448713 6.263900344288532e-06 6.376968552679329e-06 -0.00027088721987117133 0.0 -14.870629292785603 0.022044702578012824
130.0 -0.0004403547742803937 6.796952120457952e-06 6.954779493106855e-06 -0.0003311246895204388 0.0 -19.993988779759185 0.02390088440562675
140.0 -0.0005110048109173704 7.333678106060973e-06 7.54170888690453e-06 -0.0003997437722160483 0.0 -26.317826455953572 0.025765771763429392
150.0 -0.0005870408700516805 7.874160327779705e-06 8.136397092606274e-06 -0.00047716257234899025 0.0 -33.96765007727059 0.02764010546698588
160.0 -0.0006685004391115967 8.418365655593813e-06 8.737191179619686e-06 -0.0005636796986474756 0.0 -43.05134380444515 0.029524372475594217
170.0 -0.0007554201551300821 8.966159751986659e-06 9.342266577405667e-06 -0.0006594716564259705 0.0 -53.65679905650425 0.03141881120458174
180.0 -0.0008478348745306619 9.517323732567169e-06 9.949735416192596e-06 -0.0007645971349331851 0.0 -65.85085592066008 0.033323427547553075
190.0 -0.0009457769153229378 1.0071571717661862e-05 1.0557735651062217e-05 -0.0008790061002911968 0.0 -79.67932219425883 0.035238018299912334
200.0 -0.00104927547337752 1.062856791864439e-05 1.1164498937965562e-05 -0.0010025518834053896 0.0 -95.16781656191927 0.03716219896902115
210.0 -0.0011583562033585793 1.11879423483415e-05 1.1768397992462098e-05 -0.001135004797455289 0.0 -112.32319349650213 0.03909543345456622
220.0 -0.001273040947445736 1.174930462566793e-05 1.2367975818960985e-05 -0.0012760661685295724 0.0 -131.1353367966159 0.04103706365226803
230.0 -0.001393347591555738 1.2312255642291598e-05 1.2961960003465833e-05 -0.001425381979759554 0.0 -151.57914621802183 0.04298633758675173
240.0 -0.0015192900273959253 1.2876397073615699e-05 1.3549265450052417e-05 -0.0015825555972532553 0.0 -173.61658061802765 0.04494243516483744
250.0 -0.0016508781993032073 1.3441338857903972e-05 1.4128988713224544e-05 -0.0017471592601146532 0.0 -197.19865726772122 0.0469044910366266
260.0 -0.0017881182165666587 1.4006704850393834e-05 1.4700396663691607e-05 -0.0019187441796533749 0.0 -222.2673383355419 0.048871614355288306
270.0 -0.001931012514177155 1.4572136898600095e-05 1.526291171174421e-05 -0.0020968492105308974 0.0 -248.75726121115147 0.0508429054452091
280.0 -0.0020795600475302933 1.513729759392603e-05 1.5816095315912548e-05 -0.0022810081371114417 0.0 -276.597289381713 0.052817469535247005
290.0 -0.002233756508985607 1.570187194396185e-05 1.6359631037410338e-05 -0.002470755669430093 0.0 -305.7118755306054 0.05479442780389961
300.0 -0.0023935945567785666 1.626556818765617e-05 1.6893308024634735e-05 -0.0026656322722072353 0.0 -336.02223916304206 0.05677292603020677
310.0 -0.002559064048558213 1.682811794778642e-05 1.7417005505215854e-05 -0.002865187963269239 0.0 -367.44736818911434 0.058752141160302924
320.0 -0.002730152273841213 1.7389275885826817e-05 1.7930678612998463e-05 -0.003068985219625847 0.0 -399.9048582812132 0.06073128609460513
330.0 -0.0029068441811404 1.79488189959303e-05 1.8434345715334642e-05 -0.0032766011239920914 0.0 -433.31160615497976 0.06270961298237557
340.0 -0.003089122596652061 1.850654564877119e-05 1.8928077275504052e-05 -0.003487628874675696 0.0 -467.58437376588546 0.06468641528454754
350.0 -0.003276968432569305 1.906227447313651e-05 1.9411986207451547e-05 -0.0037016787696172635 0.0 -502.64024022585954 0.06666102883631836
360.0 -0.0034703608836252897 1.9615843143624306e-05 1.988621962336623e-05 -0.003918378762202712 0.0 -538.3969573851375 0.06863283211090343
370.0 -0.0036692776113156356 2.0167107126512666e-05 2.035095184904634e-05 -0.004137374673544501 0.0 -574.7732237569659 0.07060124585676085
380.0 -0.0038736949155051548 2.0715938422542813e-05 2.080637857169165e-05 -0.004358330133468632 0.0 -611.6888899878521 0.0725657322536628
390.0 -0.004083587893582319 2.1262224334642792e-05 2.1252711973929193e-05 -0.004580926311232782 0.0 -649.0651075315208 0.07452579370868861
400.0 -0.004298930587527394 2.1805866280168112e-05 2.1690176730970733e-05 -0.004804861486751519 0.0 -686.8244306594613 0.07648097139184062
410.0 -0.0045196961193134655 2.234677866063292e-05 2.2119006738030577e-05 -0.005029850504290758 0.0 -724.890880505593 0.07843084359242425
420.0 -0.004745856815386418 2.2884887796870483e-05 2.2539442457691906e-05 -0.005255624142815362 0.0 -763.1899785201671 0.08037502396151244
430.0 -0.004977384320813627 2.342013093375225e-05 2.2951728789522008e-05 -0.005481928430639967 0.0 -801.6487555275219 0.08231315969243165
440.0 -0.005214249703858087 2.3952455315789863e-05 2.3356113373118603e-05 -0.005708523926459585 0.0 -840.195741540268 0.08424492968003172
450.0 -0.005456423551645884 2.4481817332912117e-05 2.3752845253355304e-05 -0.005935184984200448 0.0 -878.7609405824605 0.08617004269023681
460.0 -0.005703876057616242 2.5008181734289586e-05 2.414217383570616e-05 -0.0061616990152486015 0.0 -917.2757940032038 0.0880882355637739
470.0 -0.005956577101468241 2.553152090712177e-05 2.4524348084042914e-05 -0.006387865758481067 0.0 -955.6731351106416 0.08999927147176429
480.0 -0.006214496322176188 2.605181421669268e-05 2.4899615908857698e-05 -0.006613496565918128 0.0 -993.8871374152169 0.0919029382358503
490.0 -0.006477603184741554 2.6569047403665153e-05 2.526822371216042e-05 -0.006838413709730958 0.0 -1031.8532583184835 0.09379904672150376
500.0 -0.006745867041136222 2.7083212034431864e-05 2.563041605530003e-05 -0.007062449714646241 0.0 -1069.5081797181208 0.0956874293099614
510.0 -0.007019257186012595 2.759430500033798e-05 2.59864354179129e-05 -0.007285446718484456 0.0 -1106.7897466977865 0.09756793845170669
520.0 -0.0072977429076317435 2.8102328061676454e-05 2.6336522029346555e-05 -0.007507255862479546 0.0 -1143.6369052332261 0.0994404453024561
530.0 -0.00758129353448922 2.860728743252326e-05 2.6680913756749192e-05 -0.007727736712231933 0.0 -1179.9896396496558 0.10130483844109824
540.0 -0.007869878477869463 2.9109193402675285e-05 2.70198460304627e-05 -0.007946756709515586 0.0 -1215.7889104170094 0.10316102266789065
550.0 -0.008163467270897229 2.9608059993189776e-05 2.7353551792508313e-05 -0.008164190654681963 0.0 -1250.976592746482 0.10500891788038313
560.0 -0.008462029604245913 3.010390464226677e-05 2.7682261465677983e-05 -0.008379920219020212 0.0 -1285.495416359057 0.10684845802393979
570.0 -0.00876553535885094 3.05967479184596e-05 2.800620293044176e-05 -0.008593833486228651 0.0 -1319.2889067248866 0.10867959011331521
580.0 -0.009073954635869796 3.108661325845175e-05 2.8325601500256427e-05 -0.008805824521943308 0.0 -1352.3013280119976 0.11050227332149243
590.0 -0.009387257784180036 3.1573526726872064e-05 2.8640679899183398e-05 -0.009015792970138565 0.0 -1384.4776279419275 0.11231647813185638
600.0 -0.009705415425493413 3.205751679585196e-05 2.8951658231868294e-05 -0.009223643675190206 0.0 -1415.7633847124523 0.11412218554972893
610.0 -0.010028398477459177 3.253861414224784e-05 2.9258753943928183e-05 -0.009429286328297473 0.0 -1446.1047561201167 0.11591938636933331
620.0 -0.010356178174706798 3.3016851460650464e-05 2.956218177558867e-05 -0.009632635137031699 0.0 -1475.4484309943937 0.11770808049232723
630.0 -0.010688726088190492 3.349226329050144e-05 2.986215370093248e-05 -0.009833608516699942 0.0 -1503.7415830339996 0.11948827629418862
640.0 -0.011026014142803575 3.396488585580718e-05 3.0158878858799197e-05 -0.01003212880233802 0.0 -1530.9318271217767 0.12125999003487603
650.0 -0.011368014633468704 3.443475691610867e-05 3.0452563471428105e-05 -0.01022812198010289 0.0 -1556.9671781792356 0.12302324531037652
660.0 -0.011714700239814135 3.490191562751168e-05 3.074341075244291e-05 -0.010421517436946866 0.0 -1581.796012609037 0.12477807254193192
670.0 -0.012066044039471535 3.536640241272056e-05 3.103162080879685e-05 -0.01061224772746969 0.0 -1605.3670323619542 0.12652450849993468
680.0 -0.01242201952009836 3.582825883914292e-05 3.131739052992799e-05 -0.010800248356892816 0.0 -1627.6292316526913 0.12826259585968675
690.0 -0.012782600590281135 3.628752750424627e-05 3.160091347034211e-05 -0.010985457579201885 0.0 -1648.5318663365406 0.12999238278640135
700.0 -0.013147761589287654 3.674425192744541e-05 3.188237973095198e-05 -0.011167816209488497 0.0 -1668.0244259514682 0.13171392254703243
710.0 -0.013517477295739155 3.719847644789678e-05 3.216197583064684e-05 -0.011347267449646464 0.0 -1686.0566084144543 0.13342727314669428
720.0 -0.013891722935372997 3.76502461276528e-05 3.243988457874991e-05 -0.011523756726560383 0.0 -1702.5782973549608 0.13513249698762247
730.0 -0.014270474187743076 3.809960665970582e-05 3.271628494516676e-05 -0.011697231542029451 0.0 -1717.539542054598 0.1368296605487913
740.0 -0.014653707192135101 3.854660428051073e-05 3.299135192715852e-05 -0.011867641333674182 0.0 -1730.8905399571868 0.1385188340844697
750.0 -0.015041398552593677 3.899128568664065e-05 3.326525642588507e-05 -0.012034937346160835 0.0 -1742.5816216971114 0.14020009134014635
760.0 -0.015433525342047005 3.9433697955272435e-05 3.353816511690866e-05 -0.012199072512059742 0.0 -1752.5632385922056 0.14187350928440484
770.0 -0.015830065105824076 3.987388846824554e-05 3.381024032869107e-05 -0.012360001341755295 0.0 -1760.7859525357571 0.14353916785545218
780.0 -0.016230995864262354 4.03119048394797e-05 3.40816399274857e-05 -0.012517679821821988 0.0 -1767.2004282130579 0.14519714972113718
790.0 -0.01663629611471862 4.074779484556138e-05 3.4352517204361274e-05 -0.01267206532132518 0.0 -1771.757427566677 0.14684754005140144
800.0 -0.017045944832858595 4.1181606359346405e-05 3.462302077306134e-05 -0.01282311650557082 0.0 -1774.4078064219002 0.1484904263022114
810.0 -0.01745992147328934 4.161338728644888e-05 3.489329447461387e-05 -0.012970793256600856 0.0 -1775.102513181224 0.15012589801015436
820.0 -0.017878205969566352 4.2043185504485644e-05 3.5163477288335796e-05 -0.013115056600678349 0.0 -1773.7925895003607 0.15175404659681246
830.0 -0.01830077873366065 4.247104880501624e-05 3.54337032529628e-05 -0.013255868641154508 0.0 -1770.4291728305316 0.15337496518243487
840.0 -0.018727620654800603 4.289702483806033e-05 3.57041014011017e-05 -0.013393192497520745 0.0 -1764.9635007413638 0.15498874840808274
850.0 -0.01915871309774886 4.332116105914591e-05 3.59747956967027e-05 -0.013526992249536273 0.0 -1757.3469169089071 0.1565954922658275
860.0 -0.01959403790067782 4.374350467881977e-05 3.624590498620961e-05 -0.013657232886330804 0.0 -1747.530878665896 0.15819529393646586
870.0 -0.020033577372426947 4.4164102614569686e-05 3.65175429626774e-05 -0.013783880260095301 0.0 -1735.4669660049556 0.15978825163432475
880.0 -0.02047731428931243 4.458300144508337e-05 3.6789818133620146e-05 -0.0139069010450492 0.0 -1721.1068919480406 0.16137446445860748
890.0 -0.020925231891670393 4.500024736695636e-05 3.706283380591202e-05 -0.014026262695454426 0.0 -1704.4025140524325 0.16295403225186236
900.0 -0.021377313879597182 4.5415886153416134e-05 3.733668807708313e-05 -0.014141933417502502 0.0 -1685.3058472504147 0.16452705546289492
910.0 -0.021833544408714545 4.582996311557678e-05 3.76114738363853e-05 -0.014253882133433043 0.0 -1663.769077488283 0.16609363501719754
920.0 -0.022293908085259773 4.6242523065722126e-05 3.788727877882536e-05 -0.014362078455754101 0.0 -1639.7445764195493 0.16765387219180966
930.0 -0.0227583899609769 4.6653610282811505e-05 3.816418542594846e-05 -0.014466492662143718 0.0 -1613.184916870486 0.16920786849582095
940.0 -0.023226975527581573 4.706326848011076e-05 3.8442271157634875e-05 -0.014567095673356576 0.0 -1584.0428890239314 0.17075572555592344
950.0 -0.023699650710977238 4.747154077491456e-05 3.8721608253133866e-05 -0.01466385903366496 0.0 -1552.2715172210671 0.1722975450068694
960.0 -0.024176401865123154 4.78784696603239e-05 3.900226393884765e-05 -0.014756754893585923 0.0 -1517.824077284093 0.1738334283866828
970.0 -0.02465721576569635 4.82840969790364e-05 3.9284300444464296e-05 -0.014845755994738441 0.0 -1480.6541142701506 0.17536347703646807
980.0 -0.025142079603451606 4.868846389911054e-05 3.9567775071880364e-05 -0.014930835656653686 0.0 -1440.715460566613 0.176887792004684
990.0 -0.025630980977336293 4.9091610891659986e-05 3.985274026518937e-05 -0.015011967765348118 0.0 -1397.9622542436061 0.17840647395575926
1000.0 -0.026123907887452447 4.949357771043272e-05 4.013924368919675e-05 -0.01508912676352653 0.0 -1352.3489575842339 0.1799196230829313
1010.0 -0.026620848727773705 4.989440337323107e-05 4.042732831717188e-05 -0.015162287642263392 0.0 -1303.8303757136605 0.18142733902520222
1020.0 -0.027121792278702372 5.029412614512404e-05 4.071703252321868e-05 -0.015231425934006807 0.0 -1252.3616752550486 0.18292972078831227
1030.0 -0.027626727699452402 5.069278352340388e-05 4.100839017731062e-05 -0.015296517706808066 0.0 -1197.8984029429353 0.18442686666963065
1040.0 -0.028135644520336456 5.109041222423684e-05 4.130143075009585e-05 -0.015357539559609099 0.0 -1140.3965041284214 0.18591887418687897
1050.0 -0.0286485326348469 5.148704817095657e-05 4.1596179419300935e-05 -0.015414468618533383 0.0 -1079.812341116296 0.18740584001059135
1060.0 -0.029165382291729713 5.188272648394908e-05 4.189265717986501e-05 -0.015467282534007308 0.0 -1016.102711274728 0.1888878599002352
1070.0 -0.02968618408686652 5.2277481472075135e-05 4.219088096100165e-05 -0.015515959478666309 0.0 -949.2248648659413 0.1903650286439032
1080.0 -0.030210928955145988 5.267134662557648e-05 4.249086374272792e-05 -0.015560478145925172 0.0 -879.1365225482938 0.1918374400014983
1090.0 -0.03073960816224286 5.306435461041358e-05 4.279261467772244e-05 -0.015600817749123376 0.0 -805.7958925011648 0.19330518665133467
1100.0 -0.031272213296343665 5.345653726397559e-05 4.3096139213716356e-05 -0.01563695802118559 0.0 -729.1616871364128 0.19476836014007015
1110.0 -0.031808736259865356 5.3847925592113576e-05 4.340143921979234e-05 -0.0156688792146995 0.0 -649.1931393507004 0.1962270508358987
1120.0 -0.03234916926110287 5.423854976743675e-05 4.37085131130388e-05 -0.01569656210234939 0.0 -565.8500182898624 0.19768134788492145
1130.0 -0.0328935048059229 5.4628439128819685e-05 4.4017355985737086e-05 -0.01571998797764798 0.0 -479.0926445900727 0.1991313391706208
1140.0 -0.033441735689411445 5.5017622182063735e-05 4.4327959735923625e-05 -0.015739138655892715 0.0 -388.88190507002486 0.20057711127635866
1150.0 -0.03399385498754626 5.5406126601660326e-05 4.4640313196175896e-05 -0.015753996475303074 0.0 -295.179266846194 0.2020187494508252
1160.0 -0.03454985604891192 5.579397923359933e-05 4.495440226257585e-05 -0.015764544298280163 0.0 -197.94679085235848 0.20345633757635628
1170.0 -0.035109732486418466 5.618120609917169e-05 4.52702100247393e-05 -0.01577076551273805 0.0 -97.14714474093681 0.20488995814004785
1180.0 -0.03567347816909816 5.656783239971047e-05 4.5587716895845173e-05 -0.01577264403349267 0.0 7.256384846060157 0.2063196922075819
1190.0 -0.03624108721391295 5.6953882522221604e-05 4.590690074124382e-05 -0.015770164303617128 0.0 115.29988065550612 0.207745619399697
1200.0 -0.0368125539776365 5.73393800458494e-05 4.622773700351246e-05 -0.015763311295776124 0.0 227.0187838563937 0.20916781787121477
1210.0 -0.03738787304884639 5.772434774913066e-05 4.655019883159639e-05 -0.015752070513484793 0.0 342.4478837422956 0.21058636429255348
1220.0 -0.037967039239923395 5.8108807617983245e-05 4.687425720533156e-05 -0.01573642799226122 0.0 461.6213081033039 0.21200133383364417
1230.0 -0.03855004757918934 5.849278085438625e-05 4.7199881058546114e-05 -0.01571637030066624 0.0 584.572514278058 0.21341280015017655
1240.0 -0.039136893303080456 5.88762878856998e-05 4.752703740056319e-05 -0.01569188454116476 0.0 711.3342808829847 0.21482083537209415
1250.0 -0.03972757184850906 5.9259348374582033e-05 4.785569143592738e-05 -0.015662958350845926 0.0 841.9387002213015 0.21622551009426172
1260.0 -0.040322078845210996 5.964198122945845e-05 4.818580668395356e-05 -0.01562957990193236 0.0 976.4171713721007 0.2176268933692292
1270.0 -0.040920410108284955 6.0024204615497445e-05 4.851734509134786e-05 -0.015591737902092251 0.0 1114.8003939512769 0.21902505270201278
1280.0 -0.04152256163081702 6.040603596605378e-05 4.8850267147315664e-05 -0.015549421594527135 0.0 1257.1183625448414 0.2204200540468193
1290.0 -0.04212852957660829 6.0787491994537266e-05 4.918453199369566e-05 -0.015502620757834259 0.0 1403.4003618053434 0.22181196180563534
1300.0 -0.0427383102730623 6.116858870666762e-05 4.9520097532784746e-05 -0.015451325705618373 0.0 1553.6749622049022 0.2232008388286082
1310.0 -0.04335190020413293 6.154934141307827e-05 4.985692053338653e-05 -0.0153955272858584 0.0 1707.9700164358974 0.2245867464161421
1320.0 -0.043969296003471214 6.19297647422324e-05 5.0194956732418916e-05 -0.015335216880018997 0.0 1866.3126564497422 0.22596974432263695
1330.0 -0.044590494447660944 6.230987265361493e-05 5.053416093634411e-05 -0.015270386401900295 0.0 2028.7292911208929 0.22734989076179507
1340.0 -0.045215492449564465 6.268967845116887e-05 5.087448711549314e-05 -0.015201028296219532 0.0 2195.245604527177 0.2287272424134252
1350.0 -0.04584428705191357 6.306919479694218e-05 5.121588850283132e-05 -0.015127135536923107 0.0 2365.8865548317735 0.2301018544316718
1360.0 -0.04647687542083645 6.344843372492218e-05 5.1558317677091735e-05 -0.01504870162574322 0.0 2540.67637372965 0.2314737804545926
1370.0 -0.0471132548398181 6.382740665497498e-05 5.190172666083015e-05 -0.0149657205875922 0.0 2719.638566599495 0.23284307261505735
1380.0 -0.04775342270341554 6.420612440702085e-05 5.224606700053869e-05 -0.014878186972872971 0.0 2902.795912889257 0.23420978155277933
1390.0 -0.04839737651153442 6.458459721514031e-05 5.259128984320682e-05 -0.014786095849288214 0.0 3090.1704675091296 0.2355739564276127
1400.0 -0.04904511386351729 6.496283474189794e-05 5.2937346031178834e-05 -0.014689442802504303 0.0 3281.78356233828 0.23693564493383973
1410.0 -0.04969663245250544 6.534084609265278e-05 5.3284186157043224e-05 -0.01458822393272693 0.0 3477.6558084149456 0.23829489331553516
1420.0 -0.050351930060049455 6.571863982980899e-05 5.3631760654226925e-05 -0.014482435847216969 0.0 3677.807098800074 0.23965174638285427
1430.0 -0.05101100455057761 6.609622398727035e-05 5.398001986502976e-05 -0.014372075662704206 0.0 3882.256611445947 0.2410062475292554
1440.0 -0.05167385386631551 6.647360608465035e-05 5.43289140946257e-05 -0.014257140996414168 0.0 4091.022813044031 0.24235843874951868
1450.0 -0.05234047602218794 6.68507931415851e-05 5.467839369028837e-05 -0.01413762996398622 0.0 4304.123462981612 0.2437083606585721
1460.0 -0.05301086910084507 6.722779169193763e-05 5.502840909628048e-05 -0.014013541174605433 0.0 4521.575617845091 0.24505605251102877
1470.0 -0.05368503124792667 6.76046077979329e-05 5.537891091336178e-05 -0.013884873726296985 0.0 4743.395636311039 0.24640155222139104
1480.0 -0.05436296066737967 6.798124706421076e-05 5.5729849950481024e-05 -0.01375162720137589 0.0 4969.599184409465 0.24774489638487687
1490.0 -0.055044655617003 6.835771465171087e-05 5.6081177289435405e-05 -0.013613801659365758 0.0 5200.201241272389 0.24908612029874178
1500.0 -0.055730114403974795 6.873401529161172e-05 5.64328443227069e-05 -0.013471397636354304 0.0 5435.216104913633 0.2504252579842952
1510.0 -0.05641933538076671 6.911015329885207e-05 5.6784802802489766e-05 -0.013324416133502878 0.0 5674.65739886458 0.25176234220907284
1520.0 -0.05711231694092689 6.948613258580116e-05 5.713700489256013e-05 -0.013172858616345762 0.0 5918.538078594986 0.2530974045097471
1530.0 -0.05780905751520038 6.986195667552431e-05 5.7489403205934764e-05 -0.013016727005034553 0.0 6166.870438669172 0.25443047521511125
1540.0 -0.05850955556764603 7.02376287151021e-05 5.784195084785892e-05 -0.01285602367206508 0.0 6419.66611981384 0.25576158346966965
1550.0 -0.0592138095919843 7.061315148857655e-05 5.8194601446004415e-05 -0.012690751433246654 0.0 6676.93611657796 0.2570907572572464
1560.0 -0.059921818108009006 7.098852742983267e-05 5.854730919256923e-05 -0.012520913542632914 0.0 6938.69078504233 0.2584180234249961
1570.0 -0.06063357965816962 7.136375863524238e-05 5.8900028876429644e-05 -0.012346513685854186 0.0 7204.939850837017 0.2597434077075517
1580.0 -0.06134909280420331 7.173884687611493e-05 5.9252715909785536e-05 -0.012167555973568642 0.0 7475.692417366818 0.2610669347513447
1590.0 -0.062068356124033386 7.21137936109363e-05 5.9605326357292654e-05 -0.01198404493475185 0.0 7750.956974240526 0.26238862813904273
1600.0 -0.06279136820863229 7.248859999739763e-05 5.978160698489887e-05 -0.011795985509923288 0.0 8030.741405887772 0.2637085104140792
