#Found quasiharmonic mode : None
#T(K), volume, F(eV), S(J/K), H(J/K), a(-6/K), Cp(J/mol), Cv, Cpion, Bt(GPa), T_ph-D(K), T-D(K), F_el_atom, S_el_atom, C_el_atom, M_el, Seebeck_coefficients(μV/K), Lorenz_number(WΩK^{−2}), Q_el, Q_p, Q_e, C_mu, W_p, W_e, Y_p, Y_e
0.0 11.655091506003169 -10.178141968666532 0.0 -982041.408211301 0.0 0.0 0.0 0.0 137.4836530750948 400.0 400.0 0.0 0.0 0.0 0.0 0.0 2.443004551768e-08 0.0 0.0 0.0 0.0 0.0 0.0 0.0 0.0
0.28 11.772869960403996 -10.112144195371995 2.8161720587282407e-06 -975673.5911350086 1.706681454477213e-06 1.072946561949186e-05 3.2747640102047135e-06 8.184279930408053e-06 143.24897920870973 388.1643953613104 400.0 -3.432879157364747e-12 2.5729792850212714e-06 2.5451856890838057e-06 2.4711676555340173e-06 16.203143741394918 2.4166149350059147e-08 1.128768435286065e-06 1.128768435286065e-06 0.0 3.200046787275264e-10 6.08034734239679e-07 5.207337010463861e-07 9.983028649771943e-06 0.0
0.8 11.772859056455125 -10.112144316935357 1.2743096809664067e-05 -975673.602854684 4.248408629429662e-07 2.4798762738065042e-05 2.3478967416539338e-05 1.8335983702114902e-05 143.24803602719678 388.1660348195877 400.0 -2.966075727539121e-11 7.071034016134332e-06 6.46277903595014e-06 1.9014303975434757e-05 47.84310023675455 2.2346905600005557e-08 3.099522205147883e-06 3.0995222051478827e-06 0.0 8.865291889709847e-10 1.9140688513804218e-06 1.185453353767462e-06 9.983029894562541e-06 0.0
1.56 11.772830390332858 -10.112144636658202 5.453658019225794e-05 -975673.6336283663 -5.069473085651871e-07 0.00013952989422547882 0.00013586547322083992 0.00012983312782671952 143.24544572173738 388.1703450335019 400.0 -1.0759887097529512e-10 1.2480344584897719e-05 9.696766398759268e-06 7.350973620839029e-05 95.09479154420112 1.935711073245426e-08 5.368824871742144e-06 5.368824871742144e-06 0.0 1.7720578112635905e-09 4.0033649731228574e-06 1.3654598986192875e-06 9.98303313492254e-06 0.0
2.56 11.772864074509096 -10.11214426246363 0.00020354733808642606 -975673.5970880747 -2.234928432144053e-08 0.0005681277390742776 0.000568116051277168 0.0005565229803689855 143.24844490861477 388.4158458389959 400.0 -2.658816778812973e-10 1.7783881483473832e-05 1.1604758705292102e-05 0.00019660339540052688 149.2858171450315 1.7260722437621586e-08 7.205597261595946e-06 7.205597261595946e-06 0.0 3.316420811030578e-09 6.522177964529576e-06 6.834192970663709e-07 9.983029314543623e-06 0.0
3.8 11.772854583944005 -10.112144373233487 0.000626731367618231 -975673.6059152432 -4.884397037702591e-07 0.001815416421347437 0.0018071299791030202 0.0018028088919210949 143.2476154256071 390.25541149031784 400.0 -5.268615844354521e-10 2.2580940349902936e-05 1.2607529426342232e-05 0.00041627292815994335 202.8035460626891 1.614471322641755e-08 8.369364724582252e-06 8.369364724582252e-06 0.0 5.585920784030315e-09 8.382705566126155e-06 -1.3340841543900175e-08 9.983030383531312e-06 0.0
5.29 11.772888388671632 -10.112144013104347 0.0016299228540011164 -975673.5649273507 1.1226566025787773e-07 0.004706812591818697 0.004706203164696912 0.0046936865273208405 143.2503849415046 394.322367331152 400.0 -9.100934184522749e-10 2.684458331508951e-05 1.3126064497856618e-05 0.0007572135277941211 252.69621609477466 1.5578609780332254e-08 9.030227126704695e-06 9.030227126704695e-06 0.0 8.366135781384314e-09 9.028229408501595e-06 1.9977182030978748e-09 9.983026566274799e-06 0.0
7.01 11.772869339905192 -10.112144271058101 0.003669491186340264 -975673.572715263 1.97337754314512e-09 0.010571816534697732 0.010571816285178762 0.010558416076940772 143.2482919776274 398.78002901506255 400.0 -1.4233882338080432e-09 3.0581276565375396e-05 1.3400457756958458e-05 0.0012319898306264216 297.5661820574674 1.529008960488341e-08 9.39295934010968e-06 9.392959340109679e-06 0.0 1.137912541345724e-08 9.388050227396892e-06 4.909112712786095e-09 9.983028722837352e-06 0.0
8.98 11.77286966549667 -10.112144378456078 0.007510563718921083 -975673.5413558636 1.039639151114434e-08 0.02187680255949467 0.021876793687833494 0.021863253795476274 143.2476844538479 400.7917387189023 400.0 -2.0832132686703996e-09 3.392020609963292e-05 1.3548764018396005e-05 0.0018597735117404837 338.24892987080835 1.512545878378727e-08 9.600281353904028e-06 9.600281353904028e-06 0.0 1.4505643259536253e-08 9.593536527675411e-06 6.744826228620211e-09 9.983028689030805e-06 0.0
11.19 11.772872663882753 -10.112144589745522 0.014379286311766095 -975673.468282844 1.7079680973311674e-07 0.043165150889427246 0.0431621672324872 0.043151568846365666 143.24630651831004 398.15869535092077 400.0 -2.8956065912246905e-09 3.6907290356396666e-05 1.3582043061573889e-05 0.002649293403170961 374.95562363291856 1.4970074625812106e-08 9.723754301730314e-06 9.723754301730318e-06 0.0 1.7631078541593203e-08 9.716433823153661e-06 7.320478576654125e-09 9.98302834758758e-06 0.0
13.64 11.772999905912636 -10.112143677697667 0.026367789072596792 -975673.1815311747 3.7213114419790597e-07 0.08245796715617063 0.08244070100384962 0.08244451848648023 143.25461066327435 391.14615575273103 400.0 -3.868042621096972e-09 3.958715768141277e-05 1.344866969039934e-05 0.0036099222992234483 408.032068207455 1.4705452394860294e-08 9.801527808491672e-06 9.801527808491672e-06 0.0 2.06803932975528e-08 9.794250767060645e-06 7.2770414310313585e-09 9.98301396068996e-06 0.0
16.34 11.772841802494275 -10.112146443721961 0.04685492164448326 -975673.0424591707 6.587991727918088e-08 0.15159890659641376 0.15159825843559024 0.15158580339898625 143.23525152196893 382.45586897657694 400.0 -5.010476627667325e-09 4.198795754004179e-05 1.3103197427484613e-05 0.004752914391613071 437.7079944535731 1.4252297348942253e-08 9.85338038762441e-06 9.85338038762441e-06 0.0 2.359369355587143e-08 9.847023575219507e-06 6.356812404904012e-09 9.983031830902757e-06 0.0
19.27 11.77290640544634 -10.11214762158525 0.08027399734303074 -975672.374835192 2.1613377136476183e-07 0.2633189104355103 0.2633106833347995 0.2633063467091918 143.2328826883916 375.2124950613949 400.0 -6.318885769656502e-09 4.410783545287133e-05 1.2563726318525348e-05 0.006075191728790679 463.92261765738914 1.3616477977769545e-08 9.888866598520168e-06 9.888866598520172e-06 0.0 2.6301810555279746e-08 9.884261157197775e-06 4.605441322394296e-09 9.983024531300008e-06 0.0
22.45 11.772942070512393 -10.11215067913598 0.13227772860826764 -975671.2470889112 3.407507469830851e-07 0.42946222519974964 0.4294384028449662 0.42945033153700846 143.22416234819687 371.3354314446165 400.0 -7.804518014869403e-09 4.597758785717631e-05 1.1893662741157995e-05 0.007588551390128473 487.0507552230468 1.285793256444533e-08 9.91373520100709e-06 9.913735201007092e-06 0.0 2.8795416502596367e-08 9.91137752511782e-06 2.3576758892691514e-09 9.983020503060664e-06 0.0
25.87 11.772986349533213 -10.112156159212267 0.20830948031394364 -975669.3565046435 4.5572235372113274e-07 0.6559358328010928 0.6558867358168411 0.6559246550627899 143.21142699579917 371.43732037765426 400.0 -9.464266852986118e-09 4.761415809450957e-05 1.117773830289591e-05 0.009290141579414364 507.30931709835085 1.2062882611779114e-08 9.931061580135338e-06 9.931061580135338e-06 0.0 3.106285193069141e-08 9.93059868932228e-06 4.628908130582447e-10 9.983015491418507e-06 0.0
29.53 11.773059912508268 -10.11216515626962 0.3132554307485164 -975666.3631220962 6.351546153034209e-07 0.943405703775839 0.9432968519228172 0.9433952171051494 143.19593755069909 375.2426807541897 400.0 -1.1298595754481246e-08 4.904775730745825e-05 1.0486670689649796e-05 0.011180583330189899 525.0755480510984 1.1303441818023947e-08 9.943053262668737e-06 9.943053262668737e-06 0.0 3.3119852040352213e-08 9.943053262668735e-06 0.0 9.983007182414373e-06 0.0
33.43 11.773163991842397 -10.112179355281269 0.45088092749017367 -975661.9106019146 8.862706124466772e-07 1.2881621205269236 1.287922220625297 1.2881522526164053 143.1773731301616 382.1265544086438 400.0 -1.3307581510904563e-08 5.0310160907642785e-05 9.867910518072191e-06 0.013260054891855907 540.7399242446621 1.0627609488037392e-08 9.951360369801647e-06 9.951360369801647e-06 0.0 3.499161999443844e-08 9.951360369801649e-06 0.0 9.982995405955164e-06 0.0
37.58 11.773314385773846 -10.112200709205798 0.6241421884371837 -975655.5886283795 1.1439918765595143e-06 1.6849236905845992 1.6844744232254503 1.6849143451362258 143.15616539120487 391.4458484767725 400.0 -1.5496610786673053e-08 5.1434236840094346e-05 9.345448373156584e-06 0.015534244340778313 554.703723477897 1.0059012582111827e-08 9.957209164665646e-06 9.957209164665646e-06 0.0 3.6710771337142744e-08 9.957209164665646e-06 0.0 9.982978393293544e-06 0.0
41.96 11.773530806745582 -10.11223129677992 0.8335455850599932 -975647.0195713198 1.3840943369510397e-06 2.1245689618124413 2.1238347659724823 2.1245600313076562 143.1346960497027 402.57406415999674 400.0 -1.7855336053966264e-08 5.244176184643085e-05 8.930504784724746e-06 0.01799250598393293 567.2309577374565 9.608331028364206e-09 9.961411692450011e-06 9.961411692450011e-06 0.0 3.829752305887441e-08 9.961411692450011e-06 0.0 9.98295389363946e-06 0.0
46.59 11.773720735501776 -10.112275016295277 1.0803754781484687 -975635.8787425014 1.6044783635179556e-06 2.6019489853940767 2.6008537182425693 2.6019403647968407 143.10423294515908 415.0963579618447 400.0 -2.039475766848606e-08 5.336026165954241e-05 8.620597235578574e-06 0.02064635588509696 578.6581795585586 9.27198270628878e-09 9.964547477707318e-06 9.964547477707318e-06 0.0 3.9784743276249297e-08 9.964547477707318e-06 0.0 9.982932370335623e-06 0.0
51.46 11.774035347217643 -10.112333127611459 1.3638829275599684 -975621.6349102176 1.8872969848137344e-06 3.1099729642581333 3.108299390532174 3.109964552354876 143.07897754732784 428.6098984880386 400.0 -2.3110551264014734e-08 5.420735251202765e-05 8.411903257551679e-06 0.023491537048253096 589.202557895496 9.045347871898993e-09 9.96693978177226e-06 9.966939781772258e-06 0.0 4.119308580032369e-08 9.96693978177226e-06 0.0 9.982896706454912e-06 0.0
56.57 11.77440405209243 -10.112409657355794 1.6831845919036772 -975603.9865711053 2.161330203954875e-06 3.64324470394219 3.6408322805041453 3.6432364041563536 143.05161604048308 442.81814541388167 400.0 -2.6003641316760607e-08 5.4998983561783584e-05 8.299785836431283e-06 0.02652916275954566 599.0601478761612 8.923106017031787e-09 9.968818113483614e-06 9.968818113483614e-06 0.0 4.25429483082662e-08 9.968818113483614e-06 0.0 9.98285484938014e-06 0.0
61.92 11.77483652116379 -10.112507957302162 2.0371210927672427 -975582.5502883778 2.4402048415118332e-06 4.197645270402488 4.19427983050273 4.19763698947386 143.0243638274923 457.4722261304108 400.0 -2.9075451306053477e-08 5.5748810306822145e-05 8.280928626423149e-06 0.029760973985658665 608.399895209703 8.901486219155242e-09 9.970325950277234e-06 9.970325950277234e-06 0.0 4.385315661012749e-08 9.970325950277234e-06 0.0 9.98280570294831e-06 0.0
67.52 11.775371673415277 -10.112631502849531 2.42510124946337 -975556.866323248 2.7082219940108595e-06 4.771055145964277 4.766535467444388 4.771046792463172 143.0008286589516 472.38414788878345 400.0 -3.2333714528389004e-08 5.6469783690700555e-05 8.353501105387014e-06 0.03319544067915838 617.3826993062435 8.978387911372376e-09 9.97155773440635e-06 9.97155773440635e-06 0.0 4.514321964061083e-08 9.97155773440635e-06 0.0 9.982744785163901e-06 0.0
73.35 11.775885604742703 -10.112785014070147 2.8442661600754153 -975526.7938178753 2.9942594595096435e-06 5.359125093907544 5.353124261259433 5.35911657816912 142.9702072253593 487.3189651583805 400.0 -3.576861581771651e-08 5.716901282770569e-05 8.515738423350366e-06 0.036822441265125926 626.0956625347119 9.151815276463562e-09 9.972588661673951e-06 9.97258866167395e-06 0.0 4.642343714894038e-08 9.972588661673951e-06 0.0 9.982686205062748e-06 0.0
79.43 11.776703531959887 -10.11296948220609 3.294928981733198 -975491.50300106 3.3091262838639113e-06 5.962522201435927 5.954585316089918 5.962513438136276 142.96235965714797 502.1522606082451 400.0 -3.9395413219509567e-08 5.7858293099891404e-05 8.76329965067962e-06 0.040658797191581976 634.6880840094918 9.41706929636513e-09 9.973434384593097e-06 9.973434384593099e-06 0.0 4.771349373500843e-08 9.973434384593095e-06 0.0 9.982592775220362e-06 0.0
85.75 11.777423939184388 -10.113193166837993 3.7747161645798073 -975451.1195849655 3.5981738383196917e-06 6.57819658466745 6.568066807819799 6.5781874947790975 142.94130622324704 516.730475222318 400.0 -4.3210028152791274e-08 5.854262515480238e-05 9.089888352723913e-06 0.04470026276677889 643.2187647350612 9.76730185676636e-09 9.974170277516862e-06 9.974170277516864e-06 0.0 4.902088837677923e-08 9.974170277516864e-06 0.0 9.982510295311966e-06 0.0
92.31 11.778296123818812 -10.11345763629406 4.282542187617808 -975404.9974500434 3.8979562028983495e-06 7.205161565774731 7.19236412871008 7.205152083388663 142.9303510960849 530.9235150598813 400.0 -4.7216519794620257e-08 5.922821851633129e-05 9.48238606884628e-06 0.048951882296294234 651.7669832095228 1.018841288787063e-08 9.974794007111346e-06 9.974794007111345e-06 0.0 5.035550140213407e-08 9.974794007111345e-06 0.0 9.982410205668531e-06 0.0
99.11 11.779205608437849 -10.11376852577728 4.817037411723529 -975352.8986165477 4.187448284612712e-06 7.841627620544528 7.825770788514016 7.841617696348514 142.91921505564162 544.6370234378271 400.0 -5.1418164189722016e-08 5.991886039767796e-05 9.924196013291678e-06 0.05341754417586102 660.3788586807401 1.0662538681844748e-08 9.9753364509389e-06 9.9753364509389e-06 0.0 5.17225194196668e-08 9.9753364509389e-06 0.0 9.98230554671006e-06 0.0
106.16 11.780320958064955 -10.114129116130437 5.377937626362789 -975294.1850159925 4.501649488941713e-06 8.487135760239523 8.467503856465486 8.487125365942719 142.92480842122566 557.8044916682018 400.0 -5.5825684107385777e-08 6.06179912777871e-05 1.03942968040418e-05 0.05810943197124831 669.098639836947 1.1167103038976676e-08 9.975793008225392e-06 9.97579300822539e-06 0.0 5.312650919696041e-08 9.975793008225394e-06 0.0 9.982176833297244e-06 0.0
113.44 11.78152293671983 -10.114544255170065 5.9622799674394305 -975228.8006630155 4.8076760872684695e-06 9.137363847696228 9.113432090288365 9.137352979013738 142.9364953648228 570.33647079289 400.0 -6.043022786448584e-08 6.132399639212798e-05 1.0868682490139742e-05 0.06301856653763961 677.9051502088282 1.1676299748501551e-08 9.976185253030803e-06 9.976185253030803e-06 0.0 5.456189383039586e-08 9.976185253030802e-06 0.0 9.982037668577481e-06 0.0
120.97 11.78282710079788 -10.115019673831371 6.570400679218526 -975156.211259789 5.112554498233687e-06 9.791714404543505 9.762847542886144 9.791703079238005 142.9562253724232 582.2289821905675 400.0 -6.524853410719753e-08 6.20378106938683e-05 1.1325305501306531e-05 0.06816339618169182 686.8101539121138 1.2166444468727643e-08 9.976520209611689e-06 9.976520209611689e-06 0.0 5.602835910184152e-08 9.97652020961169e-06 0.0 9.981886142524313e-06 0.0
128.74 11.7843677305859 -10.115558233715246 7.200364298602232 -975076.020859414 5.438320814610366e-06 10.447058834168013 10.412283242467302 10.447047092657613 142.9985645748148 593.4361467643813 400.0 -7.027873829599644e-08 6.275611939862341e-05 1.174151039856695e-05 0.07354271129103561 695.7735796962381 1.2613223957768089e-08 9.976786967310437e-06 9.976786967310436e-06 0.0 5.751717673278813e-08 9.976786967310436e-06 0.0 9.981706440079569e-06 0.0
136.75 11.785863857537516 -10.116167692386501 7.85041532287358 -974988.2552861227 5.7271351734630706e-06 11.099475574996745 11.058492750607426 11.099463473941821 143.03583349938546 603.9649204343949 400.0 -7.55236440707041e-08 6.347560813912365e-05 1.2101054924896198e-05 0.07915963537278342 704.751598346853 1.2999155824515123e-08 9.97702180147148e-06 9.97702180147148e-06 0.0 5.901972148189213e-08 9.977021801471479e-06 0.0 9.981531222756454e-06 0.0
145.01 11.787584960465423 -10.116851075454962 8.520321101319585 -974892.2042609487 6.022135122729894e-06 11.747717771779802 11.699639912378048 11.747705381604073 143.09614400895995 613.8178856747346 400.0 -8.099425886545975e-08 6.41931900633867e-05 1.2390175729985481e-05 0.08502686905057226 713.7082563827564 1.3309500652344333e-08 9.97719689850292e-06 9.97719689850292e-06 0.0 6.052828346168738e-08 9.97719689850292e-06 0.0 9.98132881625888e-06 0.0
153.5 11.789411397797215 -10.117612841401868 9.206832299385871 -974787.9865062805 6.307417036189402e-06 12.387006731832438 12.331140967497696 12.386994130570836 143.1689160575802 622.9910764448075 400.0 -8.668002508958639e-08 6.490300259438034e-05 1.2601261602340222e-05 0.0911333591404416 722.5694601690426 1.3536071592827723e-08 9.977327405282438e-06 9.977327405282438e-06 0.0 6.202945736725924e-08 9.977327405282438e-06 0.0 9.98111303899427e-06 0.0
162.24 11.791505375551813 -10.11845818098743 9.910332845360722 -974674.9457340719 6.604424763523807e-06 13.01675880427337 12.951961891782348 13.01674607242372 143.27278916570955 631.5182616551966 400.0 -9.259745861726883e-08 6.560247156134306e-05 1.2731849651810335e-05 0.09749750822497065 731.3047582377777 1.367625207260817e-08 9.977396778984004e-06 9.977396778984004e-06 0.0 6.351709092590231e-08 9.977396778984004e-06 0.0 9.98086445718876e-06 0.0
171.22 11.793568789253248 -10.119394065400085 10.628000577394253 -974553.3709944228 6.845203200762728e-06 13.631961907338104 13.558435981468937 13.631949122278737 143.37540691126054 639.4312945391218 400.0 -9.874120852766068e-08 6.628734918441124e-05 1.2785059367024457e-05 0.1041133996985778 739.8584106631663 1.3733347252479856e-08 9.977441414948636e-06 9.977441414948635e-06 0.0 6.498145111208738e-08 9.977441414948635e-06 0.0 9.980618288351123e-06 0.0
180.43 11.79584890915445 -10.120421820571304 11.357950602254013 -974422.9455251526 7.1192531304158845e-06 14.231956082326652 14.148054068730639 14.231943316580603 143.5066914687183 646.7380256890598 400.0 -1.0510682193734559e-07 6.695341214449289e-05 1.2765746048308469e-05 0.11097694273368519 748.1802586937134 1.3712612740336861e-08 9.97743318881455e-06 9.97743318881455e-06 0.0 6.641319609519726e-08 9.97743318881455e-06 0.0 9.98034491174202e-06 0.0
189.9 11.798270643302807 -10.121550581656452 12.100899936790608 -974283.2085425055 7.372839917208914e-06 14.815499075481512 14.720670825031744 14.815486393111268 143.65852346137927 653.4977277449788 400.0 -1.1171622746823178e-07 6.760028061710716e-05 1.2682370241929722e-05 0.11811188298974623 756.2649074558685 1.3623121014129163e-08 9.977383189884579e-06 9.977383189884582e-06 0.0 6.781114205396388e-08 9.977383189884582e-06 0.0 9.980053027033627e-06 0.0
199.6 11.800845968738566 -10.122781527092586 12.853038680106422 -974134.4710991798 7.595679133572768e-06 15.3788243524933 15.27288350321396 15.378811807649944 143.83452345106411 659.7195869048692 400.0 -1.1854958716926672e-07 6.822387295637444e-05 1.2544843355881648e-05 0.12549704104730405 764.0616789662713 1.3475517773973837e-08 9.977290570297965e-06 9.977290570297967e-06 0.0 6.916619974718852e-08 9.977290570297967e-06 0.0 9.979740993328647e-06 0.0
209.54 11.803644686433957 -10.12411997854768 13.613854837657456 -973976.4314102175 7.819431051838733e-06 15.922248552298253 15.804182033997433 15.922236188910885 144.04559039134284 665.4399079375087 400.0 -1.2561456257535756e-07 6.88234493396179e-05 1.236338736752016e-05 0.13314098388791717 771.5621430029493 1.3280789177228957e-08 9.977148422290135e-06 9.977148422290137e-06 0.0 7.04765147863212e-08 9.977148422290137e-06 0.0 9.97940003478153e-06 0.0
219.73 11.806412751100245 -10.12557434130746 14.382184028419896 -973809.205930236 8.009184703985626e-06 16.443947192026318 16.313834236032225 16.443935043555136 144.25909238316012 670.7132483917821 400.0 -1.3291824371101362e-07 6.939941255125994e-05 1.2148471181592161e-05 0.14105096679942813 778.7687102965466 1.3050133560557726e-08 9.976989386691946e-06 9.976989386691946e-06 0.0 7.174247675274402e-08 9.976989386691948e-06 0.0 9.979061000288122e-06 0.0
230.16 11.809410577618939 -10.12714558432806 15.156464332950028 -973632.5933006126 8.199662379212137e-06 16.944191104435884 16.80105575305309 16.944179194998 144.51185787091038 675.5485023261854 400.0 -1.404540982466809e-07 6.995039217811312e-05 1.1909437882563572e-05 0.14922057555225032 785.6670628266295 1.2793624062131898e-08 9.976782800567283e-06 9.976782800567281e-06 3.504479279093704e-88 7.296096288408837e-08 9.976782800567283e-06 3.5044792790937045e-88 9.978691884445407e-06 3.5044792790937033e-88
240.83 11.812544802179891 -10.128839032578343 15.935247167778032 -973446.7124729251 8.361571020757823e-06 17.421530003138468 17.265441521533837 17.421518348029092 144.7930191725825 679.9827534852612 400.0 -1.482218715399886e-07 7.047684436330349e-05 1.1655109373969726e-05 0.15764941553978032 792.2619378349144 1.252071644759606e-08 9.97654146488283e-06 9.97654146488283e-06 3.7006159016859535e-84 7.413253663197025e-08 9.976541464882831e-06 3.7006159016859535e-84 9.978303941986517e-06 3.7006159016859535e-84
251.74 11.81577738076156 -10.13065939238957 16.717264564203244 -973251.6318879125 8.507889975906949e-06 17.87623880110502 17.706915975309293 17.876227408094625 145.09880583625278 684.048205437849 400.0 -1.5622133092211534e-07 7.09794632989939e-05 1.139301039863292e-05 0.16633719604217187 798.5615900024369 1.2239483027829398e-08 9.976271464185994e-06 9.976271464185994e-06 2.0012270532410558e-80 7.52583061044916e-08 9.976271464185994e-06 2.0012270532410558e-80 9.977901775853151e-06 2.0012270532410558e-80
262.89 11.819186494840901 -10.132610347430655 17.501589816306094 -973047.2816675865 8.641188698853413e-06 18.30865002900587 18.125758580825877 18.30863889955293 145.44250875760667 687.7673780682566 400.0 -1.644521828032922e-07 7.145891674934246e-05 1.1129452944851254e-05 0.17528384417135728 804.5752121037236 1.1956712010556945e-08 9.975964328640617e-06 9.975964328640615e-06 6.299700028801385e-77 7.633941416067588e-08 9.975964328640617e-06 6.299700028801384e-77 9.977475541669496e-06 6.299700028801385e-77
274.29 11.82258378623988 -10.134699414224325 18.287439433870944 -972833.7771554871 8.752584047294342e-06 18.718773498897406 18.52246685810993 18.718762629546557 145.7963410790267 691.183041901539 400.0 -1.7292154467679622e-07 7.191713316961686e-05 1.086935085039979e-05 0.18449666402430695 810.3247445229816 1.1677650112439306e-08 9.975645046702505e-06 9.975645046702506e-06 1.2141708292582599e-73 7.737957058714256e-08 9.975645046702505e-06 1.2141708292582599e-73 9.977048788148212e-06 1.2141708292582599e-73
285.93 11.826461953896034 -10.136925369749106 19.07433561344792 -972610.686193943 8.87273468821689e-06 19.10872288502098 18.897713156060068 19.108712267687032 146.2444904440423 694.280722114774 400.0 -1.8162134544290476e-07 7.235357428781436e-05 1.0617333947392256e-05 0.1939682304438511 815.8090352192899 1.1407340899461936e-08 9.975252463238984e-06 9.975252463238983e-06 1.483786581530807e-70 7.83776320024505e-08 9.975252463238984e-06 1.4837865815308074e-70 9.976559392597321e-06 1.4837865815308074e-70
297.81 11.830108164418398 -10.139297332180918 19.859721488255058 -972379.0469024886 8.951092015452352e-06 19.475790383401083 19.251398664388464 19.475780007213324 146.66732748472432 697.1350083803932 400.0 -1.9055169855668664e-07 7.277134837972266e-05 1.0376187756655804e-05 0.20369682217433172 821.058752396684 1.1148670397020964e-08 9.974877813651205e-06 9.974877813651206e-06 1.1890287391250182e-67 7.933943483526695e-08 9.974877813651205e-06 1.1890287391250182e-67 9.976097293793116e-06 1.189028739125018e-67
309.93 11.83397119916817 -10.141815984276926 20.643888100142085 -972138.323304007 9.01793223308498e-06 19.822616894572313 19.584742604979137 19.82260674595703 147.1451775771929 699.7348043322477 400.0 -1.997118352141177e-07 7.317058824031875e-05 1.01486152788534e-05 0.21368284535899318 826.0806300422022 1.0904606594543818e-08 9.974465350038327e-06 9.974465350038327e-06 6.468350011551012e-65 8.026533862419505e-08 9.974465350038327e-06 6.4683500115510114e-65 9.975605851485212e-06 6.4683500115510114e-65
322.29 11.837496660204819 -10.144488595863233 21.424744971067007 -971889.3703026914 9.05392218155756e-06 20.14818554931654 19.898042782864604 20.148175613600305 147.57551995126747 702.1412505745116 400.0 -2.0910254427414944e-07 7.355404110844535e-05 9.93571623636595e-06 0.22392558308892022 830.902440835203 1.0676253300038401e-08 9.974086937150138e-06 9.974086937150136e-06 2.456064352090247e-62 8.116058454853637e-08 9.974086937150138e-06 2.4560643520902473e-62 9.975155877126731e-06 2.4560643520902473e-62
334.89 11.842016206497092 -10.147310702894424 22.205014566553402 -971630.4059654062 9.124962489489953e-06 20.458644001377458 20.193381769242592 20.45863426094151 148.21494655117672 704.2728989565212 400.0 -2.1872038961592347e-07 7.39195116558117e-05 9.74043595069321e-06 0.2344253336846232 835.5123862297828 1.0466957631550485e-08 9.973572927208458e-06 9.973572927208458e-06 6.717144954882486e-60 8.202126656869383e-08 9.973572927208458e-06 6.717144954882486e-60 9.974577234908972e-06 6.717144954882486e-60
347.74 11.846229186527308 -10.150296245017381 22.981444638967446 -971363.1367581363 9.15459827333515e-06 20.74912447495048 20.47066474970176 20.749114913182503 148.8180521517586 706.2457539288339 400.0 -2.2857582193579603e-07 7.427191663980434e-05 9.561767978097894e-06 0.24518966947172402 839.9565144810581 1.0275459812391525e-08 9.97309084163018e-06 9.97309084163018e-06 1.355296768159174e-57 8.285684154784752e-08 9.97309084163018e-06 1.3552967681591743e-57 9.974036340982533e-06 1.3552967681591743e-57
360.82 11.850468821991797 -10.153441911232452 23.753174697836602 -971087.5944719173 9.16962369084932e-06 21.021901924168045 20.73068565254873 21.021892523288845 149.44901776960086 708.0469814118878 400.0 -2.386526072976937e-07 7.461101817207103e-05 9.400879200041707e-06 0.2562019261536836 844.2357098657886 1.0103060678701933e-08 9.9725988458094e-06 9.9725988458094e-06 2.0481826047474903e-55 8.366679506863016e-08 9.9725988458094e-06 2.04818260474749e-55 9.973490882586857e-06 2.04818260474749e-55
374.15 11.8548184703408 -10.156755466412635 24.521140775477143 -970803.3396173039 9.17221606938323e-06 21.27844532995423 20.97481588659225 21.278436072087903 150.12784833388804 709.6878407766397 400.0 -2.4896579307100637e-07 7.493828268114426e-05 9.257866329841836e-06 0.26747886151007416 848.3692122422661 9.94987628508079e-09 9.97208711847566e-06 9.972087118475659e-06 2.3846926674264833e-53 8.445435005898061e-08 9.97208711847566e-06 2.3846926674264833e-53 9.972930390329138e-06 2.3846926674264833e-53
387.72 11.859155273693608 -10.16023838033003 25.284041309852633 -970510.8460478577 9.160604617629504e-06 21.51908148137278 21.203657471221522 21.51907234867816 150.8276969974663 711.1893134813902 400.0 -2.595081865298294e-07 7.525483764461095e-05 9.132694617014949e-06 0.2790122776760251 852.3695586027791 9.815854962039494e-09 9.971572287613064e-06 9.971572287613064e-06 2.1696841480267915e-51 8.522169690395955e-08 9.971572287613064e-06 2.1696841480267912e-51 9.972370991242837e-06 2.1696841480267915e-51
401.54 11.863749659119295 -10.163895372459777 26.0427960605189 -970209.5963145719 9.145519545712338e-06 21.745851860247644 21.41843294957926 21.745842834565806 151.61521788130733 712.5436841786602 400.0 -2.7028636994717e-07 7.556125750384032e-05 9.025681836350187e-06 0.29081041244584377 856.2471444796546 9.701374319938427e-09 9.971020226320195e-06 9.971020226320198e-06 1.5748065450453908e-49 8.59702800052669e-08 9.971020226320196e-06 1.5748065450453908e-49 9.971778124829503e-06 1.5748065450453908e-49
415.59 11.86828424897027 -10.167725582998074 26.795185553679215 -969900.5686163363 9.114255223916199e-06 21.95793534942711 21.61946232110875 21.957926413188943 152.41764791146076 713.7842739565027 400.0 -2.8128638808806355e-07 7.585885402779783e-05 8.936238168317981e-06 0.3028569634027432 860.0144331407649 9.605762111875823e-09 9.97047265814501e-06 9.97047265814501e-06 9.196109193018322e-48 8.670252770799627e-08 9.97047265814501e-06 9.196109193018322e-48 9.971193104048637e-06 9.19610919301832e-48
429.89 11.872929953718986 -10.171736820752228 27.542476725005525 -969583.1700681989 9.067672416190463e-06 22.1566146175243 21.807971862834936 22.156605753236356 153.27818168672442 714.9102215123365 400.0 -2.9252326397089326e-07 7.614855778508576e-05 8.864287946799797e-06 0.31516907421368434 863.685059547966 9.528960572271246e-09 9.96990830609912e-06 9.969908306099118e-06 4.40974037148272e-46 8.742068696859983e-08 9.969908306099116e-06 4.409740371482721e-46 9.970594270138539e-06 4.4097403714827206e-46
444.42 11.877611950696094 -10.175926664858899 28.28323037085807 -969258.030646258 9.025264836115175e-06 22.343750173066493 21.98444202751926 22.3437413635563 154.18105540547097 715.9346558334007 400.0 -3.0398197236025704e-07 7.643099343529308e-05 8.809510194636672e-06 0.3277301180832633 867.2658487143221 9.470617604768822e-09 9.969337526072835e-06 9.969337526072837e-06 1.7494351360611133e-44 8.812592996648491e-08 9.969337526072835e-06 1.7494351360611133e-44 9.969991696391629e-06 1.7494351360611133e-44
459.2 11.882344355441328 -10.18030370882497 29.018313577067968 -968924.7748338556 8.96691992916326e-06 22.518754989553567 22.149875765584376 22.51874621803296 155.13156961345248 716.8669697141485 400.0 -3.156786421067727e-07 7.670734039400489e-05 8.77152061020731e-06 0.34055790112345385 870.7716301585347 9.43032408978438e-09 9.968759273660487e-06 9.968759273660487e-06 5.841021696796883e-43 8.882096390087605e-08 9.968759273660487e-06 5.841021696796883e-43 9.96938401456489e-06 5.841021696796883e-43
474.22 11.887142489563674 -10.184867857617567 29.74712086350209 -968583.678184654 8.900663773187581e-06 22.682794716198753 22.304874079542987 22.68278596614089 156.13672642191753 717.7128098014662 400.0 -3.2760573824274043e-07 7.697811861935488e-05 8.75005786408299e-06 0.35364435265337774 874.2090218760485 9.407803288967863e-09 9.968172293533341e-06 9.968172293533341e-06 1.655303523772295e-41 8.950689961226282e-08 9.968172293533343e-06 1.655303523772295e-41 9.96876974576539e-06 1.6553035237722951e-41
489.48 11.891942241119947 -10.189621947522808 30.469360080134297 -968234.9154119552 8.822731439882523e-06 22.836079466194754 22.450081231813158 22.83607072156116 157.18027504765098 718.4845174253626 400.0 -3.397643180209757e-07 7.724418992425908e-05 8.744633592579101e-06 0.3669904641301119 877.5879293189915 9.402524768932903e-09 9.967585499521736e-06 9.967585499521738e-06 4.02200895029063e-40 9.018560324591454e-08 9.967585499521736e-06 4.022008950290629e-40 9.968157574194544e-06 4.022008950290629e-40
504.99 11.896814618196915 -10.19457173437271 31.18559049235322 -967878.2282693818 8.74405517989913e-06 22.98032960895346 22.586258660466235 22.980320853925008 158.28572719561873 719.1837168990768 400.0 -3.5216252589188683e-07 7.75062355934569e-05 8.755028454179781e-06 0.3806055841121298 880.9176664706466 9.414263602590323e-09 9.966990544168433e-06 9.966990544168433e-06 8.475565111524247e-39 9.08587309976213e-08 9.966990544168433e-06 8.475565111524248e-39 9.967538952197176e-06 8.475565111524248e-39
520.73 11.90170147662012 -10.199713489162963 31.894678323791435 -967514.2276871847 8.65531695721258e-06 23.115018696326608 22.713807801042908 23.115009915587905 159.4379501349303 719.8197513411134 400.0 -3.647855376526034e-07 7.776466320755648e-05 8.780738703859803e-06 0.39447332213581304 884.2025422959351 9.442473501507133e-09 9.966395508416928e-06 9.966395508416928e-06 1.5562974250741277e-37 9.152705980533263e-08 9.96639550841693e-06 1.5562974250741279e-37 9.966921811367988e-06 1.5562974250741277e-37
536.72 11.906626552828946 -10.2050562397913 32.59753073959917 -967142.4939009844 8.563369574573602e-06 23.241495995857406 22.83346734803717 23.241487174421756 160.64653328431336 720.3976210581982 400.0 -3.7765008571846254e-07 7.802035176066887e-05 8.82143564805105e-06 0.4086122583797623 887.4537562669285 9.486806121934502e-09 9.965798090720652e-06 9.96579809072065e-06 2.5196952475319047e-36 9.219272234299361e-08 9.965798090720652e-06 2.5196952475319047e-36 9.966303670863596e-06 2.519695247531904e-36
552.95 11.911540450612579 -10.210599202414581 33.293533937066975 -966763.3955986768 8.45907186883127e-06 23.35921849593282 22.94566565064619 23.35920961934097 161.89684279364897 720.92579749332 400.0 -3.907495242358625e-07 7.827378262193126e-05 8.876591847174201e-06 0.42301499255581027 890.6766499419789 9.546690581928415e-09 9.965205135270841e-06 9.965205135270841e-06 3.6168555860681247e-35 9.285674008257992e-08 9.965205135270838e-06 3.616855586068125e-35 9.965691248401011e-06 3.6168555860681247e-35
569.42 11.91648062126567 -10.216344755479723 33.982785626093225 -966376.9389936712 8.355326656581581e-06 23.469936266650798 23.05091855665559 23.4699273207991 163.20421542189314 721.4059975744661 400.0 -4.040845346199997e-07 7.852539139358208e-05 8.94585169874221e-06 0.4376825732678772 893.8770566690081 9.62175101998943e-09 9.964612590291166e-06 9.964612590291168e-06 4.635463480878795e-34 9.352017150811453e-08 9.964612590291166e-06 4.635463480878795e-34 9.965080375517033e-06 4.635463480878794e-34
586.14 11.921457152388149 -10.222298854217325 34.66571533402916 -965982.9375931663 8.245324211194758e-06 23.573496086161082 23.149751238222024 23.573487057335523 164.57537101936828 721.8422502779566 400.0 -4.1766427509563096e-07 7.877579505198195e-05 9.028825560971011e-06 0.4526252444399363 897.0627356906804 9.711571567284062e-09 9.964019902930186e-06 9.964019902930185e-06 5.346409263259315e-33 9.418452029231978e-08 9.964019902930185e-06 5.346409263259315e-33 9.964470382305889e-06 5.346409263259315e-33
603.09 11.926434869440186 -10.22845663096883 35.34143952833197 -965581.9663489022 8.130358121791001e-06 23.67024171848924 23.242469210142904 23.670232593627915 165.99971374622714 722.2404358134365 400.0 -4.314739766278321e-07 7.902519900426855e-05 9.124861323618673e-06 0.4678267419926464 900.2357635719225 9.815448530971114e-09 9.963432013772877e-06 9.963432013772875e-06 5.566217946324574e-32 9.485015104449601e-08 9.963432013772875e-06 5.566217946324574e-32 9.963866131666128e-06 5.566217946324573e-32
620.29 11.931395143953084 -10.234827510266948 36.01071284755616 -965173.6464468086 8.012802901214874e-06 23.76088947208795 23.32958039537505 23.760880238593327 167.47124815515542 722.6067502958925 400.0 -4.455314766303158e-07 7.927435458903039e-05 9.233494626822083e-06 0.4833066976724884 903.4052379253236 9.932881883342949e-09 9.962851764566302e-06 9.962851764566302e-06 5.2748312181193456e-31 9.551890589325412e-08 9.962851764566299e-06 5.274831218119345e-31 9.963270359155052e-06 5.274831218119345e-31
637.72 11.936365297276474 -10.2414063187111 36.67289122236142 -964758.4538463827 7.884852995588848e-06 23.844864356657684 23.41137437894663 23.844855002536793 169.00373740276152 722.941506353667 400.0 -4.5982144158689344e-07 7.95232926104889e-05 9.354120890569064e-06 0.4990485326941273 906.5718117195427 1.0063226091695065e-08 9.96227640342645e-06 9.96227640342645e-06 4.562026342953057e-30 9.619081066044623e-08 9.962276403426454e-06 4.562026342953057e-30 9.962680257834212e-06 4.562026342953057e-30
655.4 11.941329203483422 -10.248202672743231 37.32871746106478 -964335.9970887204 7.769083522788486e-06 23.92505950854071 23.488290633839444 23.925050022305292 170.59236136399252 723.2500538181247 400.0 -4.7436193971396064e-07 7.977268735354426e-05 9.486235416829299e-06 0.5150721665344651 909.7436550095044 1.020593766220603e-08 9.961708419731829e-06 9.961708419731827e-06 3.627322915572612e-29 9.686753905817952e-08 9.961708419731829e-06 3.627322915572612e-29 9.962098231016629e-06 3.627322915572612e-29
673.32 11.946262795385556 -10.255214814739178 37.97779861482936 -963906.595998717 7.640686859379321e-06 23.99894718689021 23.560603256197446 23.998937557801984 172.22778035570417 723.5368800290642 400.0 -4.891465331627824e-07 8.002274597320029e-05 9.629088229472277e-06 0.5313705282992107 912.9230197635023 1.0360208044563786e-08 9.961151109451517e-06 9.961151109451517e-06 2.6601624925053483e-28 9.75495183214126e-08 9.961151109451517e-06 2.6601624925053483e-28 9.9615275220606e-06 2.6601624925053487e-28
691.49 11.951203858937731 -10.262448914022533 38.62064759512475 -963470.0002284448 7.510477028513273e-06 24.068106100955678 23.62866547932837 24.068096318777823 173.9298754175612 723.8019862586931 400.0 -5.041847070755003e-07 8.027383861298818e-05 9.782177856335473e-06 0.5479544117539435 916.1149139794379 1.0525503223242066e-08 9.960600575705911e-06 9.960600575705913e-06 1.808989137709276e-27 9.82377239564293e-08 9.960600575705915e-06 1.8089891377092765e-27 9.960964175585869e-06 1.8089891377092758e-27
709.89 11.956116492657655 -10.269898862392587 39.2565327126839 -963026.7825693518 7.3773428277322745e-06 24.132530685965275 23.692678320611847 24.13252074141781 175.68407329815142 724.0501214393499 400.0 -5.194619040077576e-07 8.052599293398906e-05 9.944547467257986e-06 0.5648077256505811 919.3192187282649 1.0700790193873298e-08 9.960061380639713e-06 9.960061380639711e-06 1.1427921116767826e-26 9.893208723200223e-08 9.960061380639713e-06 1.1427921116767825e-26 9.960412718299602e-06 1.1427921116767826e-26
728.54 11.961010217246375 -10.27757470432736 39.88622778680911 -962576.4963433343 7.248549160377874e-06 24.19343761615831 23.752978167872826 24.193427500530213 177.49620768369277 724.2835804115529 400.0 -5.349963963519634e-07 8.077970361486027e-05 1.0115628096552642e-05 0.5819507925602369 922.5421726766268 1.0885458438271665e-08 9.959532862431087e-06 9.959532862431087e-06 6.745208623442884e-26 9.963389015413127e-08 9.959532862431086e-06 6.745208623442884e-26 9.959872432593237e-06 6.745208623442881e-26
747.43 11.965875929398416 -10.285474277763235 40.50943842775609 -962119.4321376452 7.1128533484845095e-06 24.24965053668129 23.809774303709833 24.249640242159565 179.3636178868729 724.5049561921304 400.0 -5.507817437373243e-07 8.103503862457348e-05 1.0294521724470256e-05 0.5993766090844139 925.7844784277519 1.1078540917501349e-08 9.959016393336228e-06 9.959016393336227e-06 3.7289891215520293e-25 1.0034322949570607e-07 9.95901639333623e-06 3.7289891215520293e-25 9.959344659248e-06 3.7289891215520293e-25
766.56 11.970710283871334 -10.293599407601539 41.1262320225098 -961655.6331334948 6.978905195749353e-06 24.302431329449735 23.863295677202963 24.302420849063154 181.28614539007575 724.7165820725276 400.0 -5.668198071247416e-07 8.129216913849621e-05 1.0480386579677035e-05 0.6170873534459503 929.048196947691 1.1279131545647516e-08 9.958512651988187e-06 9.958512651988187e-06 1.937217183189436e-24 1.0106049649572201e-07 9.95851265198819e-06 1.9372171831894367e-24 9.958830042893724e-06 1.937217183189436e-24
785.93 11.975519135753492 -10.301951946638399 41.73670592245925 -961185.1257700481 6.842482271110477e-06 24.35146863888143 23.91375724264111 24.35145796651082 183.26893867894827 724.9198988448011 400.0 -5.831123993804388e-07 8.155122793983983e-05 1.0672370608728841e-05 0.6350852004156071 932.335010778793 1.1486314023878061e-08 9.95802131990723e-06 9.95802131990723e-06 9.486293181887924e-24 1.0178599577570281e-07 9.958021319907233e-06 9.486293181887927e-24 9.958328235004615e-06 9.486293181887926e-24
805.54 11.98029750151138 -10.310533641714366 42.34092728447886 -960707.9521905048 6.70679944257177e-06 24.39734990400569 23.961356295436495 24.397339034442933 185.3110677073717 725.1171150991173 400.0 -5.996614975351282e-07 8.18123318724504e-05 1.0869562755432281e-05 0.6533724424019313 935.6462858951184 1.1699106990815932e-08 9.95754322800024e-06 9.95754322800024e-06 4.3913656051597746e-23 1.025199743967465e-07 9.95754322800024e-06 4.3913656051597746e-23 9.957840039418885e-06 4.3913656051597746e-23
825.39 11.985032348632352 -10.319346126428243 42.938940674069066 -960224.1660266948 6.571011575848257e-06 24.440124522869958 24.00627469444312 24.44011345186584 187.4058485677099 725.3109890677948 400.0 -6.16469192203946e-07 8.207557428667083e-05 1.1071004117126495e-05 0.6719514546811525 938.9830221406605 1.1916476446376341e-08 9.957079902793727e-06 9.957079902793727e-06 1.926918573329371e-22 1.0326260697347821e-07 9.957079902793725e-06 1.9269185733293718e-22 9.957366958505786e-06 1.9269185733293716e-22
845.49 11.98972417185402 -10.328395610392304 43.53111664210053 -959733.556925722 6.437736092754167e-06 24.480333275963105 24.0487044208955 24.48032200011728 189.55404316198735 725.5033473378307 400.0 -6.335459942998013e-07 8.234114129818187e-05 1.1275845826109884e-05 0.6908339847414666 942.3475217102352 1.2137508180849708e-08 9.956631464152663e-06 9.95663146415266e-06 8.04080241466985e-22 1.0401435396546665e-07 9.95663146415266e-06 8.040802414669849e-22 9.956909086362592e-06 8.040802414669851e-22
865.83 11.994395057172826 -10.337679589058164 44.117310198110616 -959236.357811592 6.3002732575171944e-06 24.517248389238492 24.088786952543426 24.5172369061495 191.7734922317926 725.6935662226356 400.0 -6.508852058991457e-07 8.260891344631259e-05 1.148308899522688e-05 0.7100129274938539 945.738483828272 1.2361128867419859e-08 9.956195950519358e-06 9.956195950519356e-06 3.196180328920398e-21 1.0477485422845599e-07 9.956195950519356e-06 3.1961803289203985e-21 9.956464447814547e-06 3.1961803289203985e-21
886.41 11.999002818023733 -10.347199290943317 44.69748137453373 -958732.665633294 6.16578079313579e-06 24.551899539513077 24.12666312580063 24.551887847863583 194.03544531533728 725.8865194148827 400.0 -6.684892838693528e-07 8.28789179738922e-05 1.1691649494760687e-05 0.729490867477894 949.1558098327948 1.258616566875437e-08 9.955777499101809e-06 9.955777499101797e-06 1.212922103039769e-20 1.0554406514508483e-07 9.955777499101798e-06 1.212922103039769e-20 9.956037162908822e-06 1.212922103039769e-20
907.23 12.003585778572988 -10.356956717381836 45.27183231139671 -958222.444201183 6.03185287691424e-06 24.584171908875756 24.162478687832856 24.584160008221556 196.36917896590117 726.0803799159024 400.0 -6.863598884722507e-07 8.315111441532901e-05 1.1900654200098105e-05 0.7492700239505695 952.599342558317 1.2811682116097415e-08 9.95537263327305e-06 9.95537263327301e-06 4.4039746794673845e-20 1.0632187178451745e-07 9.955372633273005e-06 4.403974679467384e-20 9.955623740383069e-06 4.403974679467383e-20
928.29 12.00810727039618 -10.366953047453753 45.84033958578184 -957705.7790219361 5.8997478750421295e-06 24.61430492128845 24.19635617480512 24.614292812253044 198.74878356748331 726.279412874523 400.0 -7.044994043249721e-07 8.342547112671863e-05 1.210903540736652e-05 0.769352938403301 956.0683222224399 1.303652342412446e-08 9.95498474033088e-06 9.954984740330726e-06 1.5329706085888218e-19 1.0710808038136479e-07 9.954984740330725e-06 1.532970608588822e-19 9.955227554255175e-06 1.5329706085888218e-19
949.6 12.012586963411563 -10.377194857680895 46.4034043396803 -957182.419556337 5.765649162192683e-06 24.64193007066093 24.2284334394779 24.64191775468454 201.18930427446043 726.4834535936232 400.0 -7.229183672889579e-07 8.37020429622844e-05 1.231597639254099e-05 0.7897515213343044 959.563604765328 1.325981139300199e-08 9.954612061529804e-06 9.954612061529292e-06 5.1282905148220675e-19 1.0790282571040392e-07 9.95461206152929e-06 5.128290514822067e-19 9.954846830445432e-06 5.128290514822067e-19
971.15 12.017013402111537 -10.387678835314116 46.96081255287653 -956652.6492704513 5.636882269246997e-06 24.668168617928096 24.258804521748196 24.66815609751735 203.68335932115764 726.6942947465458 400.0 -7.416102809316953e-07 8.39806113572639e-05 1.2520410747702002e-05 0.8104586584357238 963.0823439231168 1.3480395330784199e-08 9.954255571827342e-06 9.954255571825696e-06 1.650740742912562e-18 1.08705422719286e-07 9.954255571825696e-06 1.6507407429125623e-18 9.954482537595323e-06 1.6507407429125622e-18
992.93 12.021391353571154 -10.398401606805427 47.512420348880134 -956116.7250127497 5.508655685036535e-06 24.69243982791147 24.28756220071089 24.692427106563514 206.23660137212127 726.9123490841247 400.0 -7.605683903834888e-07 8.426093863738105e-05 1.2721347958389867e-05 0.8314670305468557 966.6216040079362 1.3697208003193205e-08 9.953914813596005e-06 9.953914813590885e-06 5.1188536643511455e-18 1.0951515039555801e-07 9.953914813590885e-06 5.1188536643511455e-18 9.954134212222384e-06 5.1188536643511455e-18
1014.97 12.025721002601456 -10.409379418236767 48.05904777474013 -955573.938611739 5.3811588121059e-06 24.714914045248523 24.314841345848727 24.714901127088176 208.84763235965295 727.139410902061 400.0 -7.798208924943566e-07 8.454328283108994e-05 1.291816034552009e-05 0.8528079752441166 970.1846033498775 1.3909572236158632e-08 9.95358972104127e-06 9.953589721025931e-06 1.5339617757163596e-17 1.1033270718180017e-07 9.953589721025931e-06 1.5339617757163593e-17 9.953801770172075e-06 1.5339617757163596e-17
1037.24 12.029992023532529 -10.420598786040003 48.60001458818204 -955025.0556288926 5.254646646209013e-06 24.73565712392479 24.34069386933195 24.73564401420677 211.5103635088553 727.3765004471682 400.0 -7.993436148707517e-07 8.482711334004241e-05 1.3109718021511605e-05 0.8744547968261909 973.7646253264486 1.4116268991241516e-08 9.953280971423295e-06 9.953280971378872e-06 4.442239555120085e-17 1.1115651434160623e-07 9.953280971378872e-06 4.4422395551200845e-17 9.953485891675056e-06 4.442239555120086e-17
1059.75 12.034209622052934 -10.432066122191916 49.13566510712403 -954469.8434002129 5.130481626996152e-06 24.754987855864414 24.365217749022886 24.754974560547204 214.22879531039936 727.6243797659926 400.0 -8.191471842511763e-07 8.511240028709674e-05 1.3295317211352096e-05 0.8964194150491068 977.3613399230499 1.4316539672879715e-08 9.95298802075703e-06 9.952988020632472e-06 1.2456099630455295e-16 1.1198645126116714e-07 9.952988020632472e-06 1.245609963045529e-16 9.953186022743998e-06 1.24560996304553e-16
1082.51 12.038382833436573 -10.443788119105985 49.666335066378814 -953908.0608901454 5.009516610062295e-06 24.773157271607257 24.3885028354865 24.773143797309533 217.01293694743455 727.8834603436188 400.0 -8.392423200258462e-07 8.539910193540208e-05 1.3474297723322448e-05 0.9187138775513611 980.974292038568 1.4509672940717898e-08 9.952710113064868e-06 9.952710112726075e-06 3.3879360116826304e-16 1.1282237054235806e-07 9.952710112726076e-06 3.3879360116826304e-16 9.952901398404942e-06 3.387936011682634e-16
1105.5 12.042480700916258 -10.455755385873948 50.19155725324433 -953340.264428065 4.889764000369532e-06 24.789855588370138 24.41059918509072 24.789841942628108 219.83103602466036 728.1565830179902 400.0 -8.596133000528236e-07 8.56867664511676e-05 1.3645742028963907e-05 0.9413206835805283 984.5976203632098 1.4694676495782537e-08 9.952449122508632e-06 9.952449121614426e-06 8.942038578979858e-16 1.1366289433340301e-07 9.952449121614425e-06 8.942038578979856e-16 9.952633893740736e-06 8.94203857897988e-16
1128.74 12.046522520596605 -10.467979926586425 50.711917426859564 -952765.950165791 4.77183830447925e-06 24.80531548497577 24.431597076093837 24.805301675779106 222.70195458447506 728.4435133267401 400.0 -8.802795703999627e-07 8.597545806180172e-05 1.3809196665562163e-05 0.964261618859287 988.2322768395624 1.4871062720517411e-08 9.952203511609072e-06 9.952203509314044e-06 2.2950273037276843e-15 1.1450819590922118e-07 9.952203509314048e-06 2.2950273037276843e-15 9.952381959971416e-06 2.2950273037276985e-15
1152.22 12.0505445626346 -10.480458606070949 51.22738078975183 -952185.3166830998 4.655349494528937e-06 24.819612058550895 24.451555235471357 24.819598094466986 225.67050336077585 728.7418301105222 400.0 -9.012340175794911e-07 8.62648847974517e-05 1.396408390843301e-05 0.9875291223341022 991.8748481782341 1.5038211521183425e-08 9.951970947211378e-06 9.951970941479298e-06 5.732077575337776e-15 1.1535742558298531e-07 9.9519709414793e-06 5.732077575337777e-15 9.952143260234817e-06 5.7320775753378576e-15
1175.94 12.05449571445836 -10.493191801594774 51.73787061242675 -951598.4644077559 4.541219746022685e-06 24.832851787637253 24.470528192582464 24.832837677852233 228.67777593058292 729.0564335958607 400.0 -9.22478407461695e-07 8.655479831305416e-05 1.4109785019299197e-05 1.0111249392245407 995.5219054989548 1.5195450837333443e-08 9.951754316626732e-06 9.951754302679712e-06 1.3947015526502023e-14 1.1620977892357735e-07 9.951754302679717e-06 1.394701552650202e-14 9.951920676131565e-06 1.3947015526502485e-14
1199.91 12.058378007002664 -10.506186221813552 52.24367464935532 -951005.1592777406 4.4294768604548415e-06 24.8451163817616 24.488579877029487 24.845102135843174 231.722470179984 729.3881468184154 400.0 -9.440233315424665e-07 8.684510360532053e-05 1.4245918424293512e-05 1.0350609301967175 999.1722935482544 1.5342369038802326e-08 9.95155315653242e-06 9.951553123426605e-06 3.310581571725565e-14 1.1706495210290682e-07 9.951553123426603e-06 3.3105815717255653e-14 9.951713731970957e-06 3.3105815717258165e-14
1224.11 12.0622124593241 -10.519432773748647 52.744521203520016 -950405.8690387103 4.319719590259669e-06 24.856433471377944 24.50575047794855 24.856419099328605 234.83496579665743 729.7354319390442 400.0 -9.658524050607926e-07 8.713536960387298e-05 1.437204933622782e-05 1.0593191301638263 1002.8207564048131 1.5478498755711425e-08 9.95136605189763e-06 9.951365975214001e-06 7.668362883315576e-14 1.1792166845957616e-07 9.951365975214005e-06 7.668362883315576e-14 9.95152099971934e-06 7.668362883316867e-14
1248.56 12.065982906301803 -10.532943249287916 53.24084046846774 -949800.1438333464 4.212355388762673e-06 24.866906544700903 24.522101718080638 24.866892056734766 237.98949760624845 730.1008092568729 400.0 -9.879851264169392e-07 8.742559852802946e-05 1.4487966137059854e-05 1.0839211676838227 1006.467227309236 1.5603609913860263e-08 9.951193624629346e-06 9.951193451014653e-06 1.7361469151462403e-13 1.1877989325835216e-07 9.951193451014654e-06 1.7361469151462403e-13 9.951343064716973e-06 1.736146915146878e-13
1273.25 12.069702335334116 -10.546713741000984 53.73254202387902 -949188.2189431437 4.106913689927388e-06 24.876537098628543 24.537673964957676 24.876522505174176 241.20678197924371 730.4836179512133 400.0 -1.0104139780055851e-06 8.771547357899547e-05 1.459345436878976e-05 1.1088588490846119 1010.1077943663116 1.5717471712944838e-08 9.951035050380118e-06 9.951034665970581e-06 3.84409538660196e-13 1.196386752716109e-07 9.95103466597058e-06 3.844095386601961e-13 9.95117904060517e-06 3.844095386604966e-13
1298.18 12.073371636681115 -10.560745493981573 54.21970132620983 -948570.1045539464 4.003616201563395e-06 24.88541272834658 24.552510595452645 24.885398039890873 244.4864568236867 730.8844237082573 400.0 -1.0331403462828168e-06 8.800478656844579e-05 1.4688455707107447e-05 1.1341337954896167 1013.7397924709951 1.5820020410098408e-08 9.95089027383131e-06 9.9508894407316e-06 8.330997111699872e-13 1.2049737095921358e-07 9.950889440731602e-06 8.330997111699874e-13 9.95102874462907e-06 8.330997111713453e-13
1323.35 12.076954519491457 -10.575038832398517 54.7022787875253 -947945.8732923964 3.90280436730281e-06 24.89356296501716 24.56664923519548 24.893548191970652 247.7730299139659 731.3067350082173 400.0 -1.0561652371883456e-06 8.829327624664581e-05 1.4773046507895593e-05 1.1597469835281407 1017.3596596990872 1.5911334768609905e-08 9.950760893213894e-06 9.950759124551078e-06 1.7686628156791538e-12 1.2135515544732021e-07 9.950759124551078e-06 1.7686628156791538e-12 9.950893523842265e-06 1.7686628156850443e-12
1348.77 12.080511761281903 -10.589507421371012 55.179536853180295 -947307.6366167229 3.804452687130358e-06 24.90096484980731 24.57992957428533 24.900950002084326 251.1607311266033 731.9587517908766 400.0 -1.0794995472215844e-06 8.858095244714857e-05 1.4847722984362111e-05 1.1857109083809445 1020.9674820914398 1.5991951111128525e-08 9.950645209024091e-06 9.950641526865326e-06 3.682158766717449e-12 1.2221205996035533e-07 9.950641526865326e-06 3.68215876671745e-12 9.950771180743228e-06 3.682158766742027e-12
1374.42 12.083988456188779 -10.604190231092096 55.65163614000199 -946660.0945670389 3.708068072629877e-06 24.907563030274687 24.592492009111485 24.90754811706458 254.55983696826038 732.7422223743032 400.0 -1.1031255178947086e-06 8.886732239402046e-05 1.4913210104947566e-05 1.2120055921537596 1024.5563321737309 1.6062644208730132e-08 9.950546546944427e-06 9.950539028378473e-06 7.518565951826048e-12 1.2306655140714458e-07 9.950539028378473e-06 7.51856595182605e-12 9.950664098148541e-06 7.518565951924718e-12
1400.32 12.087442949048048 -10.619145498901505 56.11973210564865 -946006.1970299329 3.6139861462515035e-06 24.9136990189523 24.604482492640066 24.913684047749232 258.0682575331469 733.5572397215087 400.0 -1.1270632138686419e-06 8.915255117399782e-05 1.497120307070609e-05 1.2386536734693934 1028.12740254583 1.6125237319928765e-08 9.950466114580445e-06 9.950451038306955e-06 1.507627349099119e-11 1.2391909246653005e-07 9.950451038306953e-06 1.5076273490991194e-11 9.950571676718957e-06 1.5076273491373297e-11
1426.46 12.090826402099365 -10.634369318937358 56.58358415891373 -945346.4361650851 3.5215894655582956e-06 24.919197264561593 24.615927411167434 24.919182240067343 261.60304439297414 734.4036808097007 400.0 -1.1513038117848993e-06 8.943633064854712e-05 1.502449425085924e-05 1.2656450963779895 1031.6746880836952 1.6182725263788084e-08 9.950411459184984e-06 9.950381760034075e-06 2.9699150907643494e-11 1.2476865476168965e-07 9.950381760034073e-06 2.9699150907643494e-11 9.950498119931007e-06 2.9699150909072054e-11
1452.84 12.094141191985758 -10.649862752689627 57.043264097516975 -944680.8089142395 3.431912150143717e-06 24.924275322726576 24.62685582583707 24.924260244615606 265.1617492660667 735.282214781402 400.0 -1.175848183236448e-06 8.97186253335699e-05 1.5078110971275194e-05 1.2929807611029327 1035.1941199649264 1.6240503530976182e-08 9.950394144741414e-06 9.950336632188495e-06 5.751255291798221e-11 1.2561498144548505e-07 9.950336632188497e-06 5.751255291798222e-11 9.950448863118601e-06 5.7512552923144967e-11
1479.46 12.097426225679868 -10.6656264505464 57.498936140414294 -944009.1342865287 3.3443623024028793e-06 24.92895570432705 24.637294369541785 24.928940563598214 268.8206323466209 736.1943084111077 400.0 -1.2006978744247499e-06 8.999959782525675e-05 1.5140728835915113e-05 1.320662331053378 1038.6813414709945 1.6307882056713556e-08 9.95043480402259e-06 9.950325252977044e-06 1.0955104554496074e-10 1.2645830373169072e-07 9.95032525297704e-06 1.095510455449607e-10 9.950433500069245e-06 1.095510455630181e-10
1506.33 12.100645839601924 -10.6816679350908 57.95073547644934 -943331.3469425505 3.2583723956680137e-06 24.93310042404728 24.647272917903965 24.933085196962814 272.50877834977 737.1403007857056 400.0 -1.2258625767132066e-06 9.02795676630845e-05 1.5227084463184465e-05 1.3486999847535537 1042.1288829196212 1.6400666929880593e-08 9.950572921074655e-06 9.950367495421392e-06 2.054256532574571e-10 1.2729909083418578e-07 9.950367495421395e-06 2.0542565325745702e-10 9.950471900505203e-06 2.0542565331868084e-10
1533.43 12.103807925061917 -10.69797622332453 58.39841409030071 -942647.9088008406 3.1745471430259856e-06 24.936853684918415 24.65680803209089 24.93683832309083 276.2395660640812 738.1203495814353 400.0 -1.251324765735735e-06 9.055897347788565e-05 1.536182758673735e-05 1.3770733604244696 1045.5227521596014 1.6545290990500324e-08 9.950876028042456e-06 9.950496788158609e-06 3.792398838475251e-10 1.2813781382374848e-07 9.950496788158609e-06 3.7923988384752516e-10 9.950597492717584e-06 3.7923988404878787e-10
1560.78 12.106922345987128 -10.714564347748448 58.84238240551074 -941958.2860027471 3.0934421851728433e-06 24.94037629959118 24.665929349242536 24.940360713574513 280.03063286230986 739.1360462866484 400.0 -1.2771046738341806e-06 9.083921775657219e-05 1.5586016666817767e-05 1.4058034471856766 1048.8473045337082 1.6785763980912463e-08 9.951461401199576e-06 9.950771448781922e-06 6.899524176540667e-10 1.2897719789650934e-07 9.950771448781922e-06 6.899524176540665e-10 9.950868588804422e-06 6.899524182967866e-10
1588.37 12.109983620663476 -10.731427416106394 59.28252226689814 -941262.758471626 3.013926694860225e-06 24.943483110770824 24.67465480399737 24.943467144145693 283.87097079209934 740.1875738574927 400.0 -1.3031945643821288e-06 9.112226625060224e-05 1.5966625129254364e-05 1.4348788266541102 1052.07182836821 1.7193826951195447e-08 9.952528188828618e-06 9.951290858748067e-06 1.2373300805487165e-09 1.298205711569931e-07 9.951290858748069e-06 1.2373300805487165e-09 9.951384569814187e-06 1.2373300825436783e-09
1616.2 12.11300900886814 -10.74856634527224 59.71893624325768 -940561.2488810937 2.936161942491455e-06 24.946271878467297 24.683004223197223 24.946255266600865 287.8040762440236 741.2761827399502 400.0 -1.329597437725127e-06 9.141167952562858e-05 1.661186643324368e-05 1.464298101421071 1055.1498037122053 1.7885280427346797e-08 9.954409795341366e-06 9.952221442609245e-06 2.1883527321194325e-09 1.306742391435171e-07 9.952221442609245e-06 2.188352732119432e-09 9.952311858784389e-06 2.188352738143753e-09
1644.27 12.115948293231545 -10.765982539783932 60.15155270163425 -939854.0073884577 2.861078150476379e-06 24.948817005660644 24.69099803860012 24.94879931144003 291.69666678692516 742.4006625443329 400.0 -1.3563158454090687e-06 9.171314752410308e-05 1.769422061305933e-05 1.4940558811115965 1058.0045443796616 1.9044391724060705e-08 9.957657188444643e-06 9.95383862129982e-06 3.818567144817581e-09 1.3154790907828487e-07 9.953838621299822e-06 3.818567144817579e-09 9.953925878659082e-06 3.8185671625319256e-09
1672.59 12.118845047191101 -10.783682966930671 60.58068698578857 -939140.5812955328 2.7879290234420372e-06 24.95111694244588 24.69865600398339 24.951097456644753 295.65595159014987 743.5635112204874 400.0 -1.3833666236025683e-06 9.203627684861016e-05 1.9485801126013917e-05 1.5241575911486738 1060.5188271644915 2.096107630986612e-08 9.96316965439972e-06 9.95659167678006e-06 6.577977619661489e-09 1.3245820272726304e-07 9.95659167678006e-06 6.577977619661489e-09 9.95667591185594e-06 6.577977670441047e-09
1701.14 12.12172543864114 -10.801656010158764 61.006163173802705 -938421.3431646796 2.7158629234963185e-06 24.95309835986324 24.70598917796856 24.953075953336736 299.76110377444525 744.7658414098214 400.0 -1.41074142544467e-06 9.239584265765188e-05 2.240652650310861e-05 1.554571979715121 1062.5045589093831 2.408065500796167e-08 9.972385986805732e-06 9.961199823964785e-06 1.1186162840946245e-08 1.3342962506159913e-07 9.961199823964784e-06 1.1186162840946245e-08 9.961281180886661e-06 1.1186162982845992e-08
1729.94 12.12452191289676 -10.819915645719496 61.428154836911915 -937696.1324090624 2.6464128994573614e-06 24.95490772878146 24.713021250723365 24.95488062590961 303.8136668205218 746.0060073673263 400.0 -1.4384729583786536e-06 9.281531824119983e-05 2.7102871851311275e-05 1.5852995873658384 1063.671419423139 2.9083517729885107e-08 9.98760173395219e-06 9.968810678223453e-06 1.8791055728736816e-08 1.3450059349458307e-07 9.968810678223456e-06 1.879105572873681e-08 9.96888931257237e-06 1.8791056115795145e-08
1758.98 12.127283523714476 -10.838456330270182 61.84669277311574 -936964.9630401798 2.5784278393970603e-06 24.956475095104814 24.71976417386562 24.95644055062715 307.9572891762709 747.2864095962295 400.0 -1.4665780993099388e-06 9.333080543725148e-05 3.454447766813771e-05 1.6163025067331838 1063.579562715186 3.697714807292556e-08 1.0012396892941249e-05 9.981214027753863e-06 3.1182865187384025e-08 1.3572893496813e-07 9.981214027753865e-06 3.118286518738402e-08 9.981290113789403e-06 3.118286621799984e-08
1788.26 12.129990734697374 -10.857279132966346 62.26177861775611 -936227.9348328148 2.512653285643253e-06 24.95791072891068 24.72623417535134 24.957864563566616 312.127769987897 748.6066445897333 400.0 -1.4950952909083286e-06 9.399710190168443e-05 4.616534406428827e-05 1.6475341879329868 1061.5726444095005 4.9220238028252383e-08 1.0052294554893556e-05 1.000117122789212e-05 5.1123327001437364e-08 1.3720043175127795e-07 1.0001171227892118e-05 5.1123327001437364e-08 1.0001244970558066e-05 5.1123329680817815e-08
1817.79 12.132657709590772 -10.876391477942187 62.67363535569869 -935484.7364031542 2.4481088593781193e-06 24.95909368076594 24.732448387348587 24.959029636012353 316.36773599741724 749.9684237383474 400.0 -1.5240955612769491e-06 9.489655703001538e-05 6.40447535870036e-05 1.6789353715828705 1056.6993737900882 6.785478260833702e-08 1.011569984665849e-05 1.0032884660579672e-05 8.281518607882286e-08 1.3904157458543865e-07 1.0032884660579674e-05 8.281518607882286e-08 1.003295630967193e-05 8.281519288152418e-08
1847.55 12.135274249901471 -10.895781408828507 63.082012237680885 -934735.9162280128 2.3855608400243686e-06 24.960158642558937 24.738418467387334 24.960067563273785 320.64478753371327 751.3708801168583 400.0 -1.5536520017820186e-06 9.614873285457716e-05 9.107928515381214e-05 1.7103785887586942 1047.6389516129766 9.555910942032267e-08 1.0215046751258971e-05 1.008257112387955e-05 1.3247562737942605e-07 1.4143146742509372e-07 1.008257112387955e-05 1.3247562737942605e-07 1.0082640998746408e-05 1.32475644227277e-07
1877.56 12.137836065091937 -10.915462905632735 63.48721702291326 -933981.0044999736 2.324881379711713e-06 24.96109772320698 24.744164580455774 24.960966506893133 324.9344856161457 752.8150270717133 400.0 -1.5839245737653507e-06 9.792671854254417e-05 0.00013121631384695615 1.7417301352371637 1032.6360362169405 1.3563190106897772e-07 1.0368569024506397e-05 1.015934723942562e-05 2.0922178508077855e-07 1.446247606270052e-07 1.0159347239425619e-05 2.0922178508077855e-07 1.0159415756421637e-05 2.0922182576589092e-07
1907.81 12.140366604335263 -10.935430403933127 63.88922156433531 -933220.138605979 2.2655265716772715e-06 24.961885217507454 24.7497002216033 24.961695734363307 329.31841470561517 754.3024782216623 400.0 -1.6151123778901157e-06 0.0001004701300806779 0.00018948314415129935 1.772763278222605 1009.5619091800146 1.915478558407249e-07 1.060195914823753e-05 1.0276059180296263e-05 3.258999679412669e-07 1.4896585093496002e-07 1.0276059180296263e-05 3.258999679412669e-07 1.0276126893940972e-05 3.259000635456708e-07
1938.3 12.142860345093062 -10.955684866828856 64.28805870492671 -932453.3487902808 2.2077369158349244e-06 24.962579918916713 24.75504229556277 24.962308045441745 333.7849816120014 755.8334578610377 400.0 -1.6475165456180603e-06 0.0001041010837447772 0.00027187347496765484 1.8031871624453208 976.1329178186561 2.660917927419292e-07 1.0950354968642288e-05 1.0450275647202792e-05 5.000793214394943e-07 1.5490752231179006e-07 1.0450275647202792e-05 5.000793214394943e-07 1.0450343301914789e-05 5.000795395190698e-07
1969.03 12.145286363575371 -10.976227179936302 64.68369546514982 -931680.7879989811 2.151679013736373e-06 24.963154894052888 24.760208553322812 24.962770060909232 338.1993378975273 757.4061259199223 400.0 -1.681560965942901e-06 0.00010923288298573538 0.0003848331436587475 1.832636358011719 930.4155863486503 3.5990832098979865e-07 1.1459704519922759e-05 1.0704970176958335e-05 7.54734342964421e-07 1.630169069639923e-07 1.0704970176958337e-05 7.547343429644208e-07 1.0705038771870217e-05 7.547348243598611e-07
2000.0 12.14769552642011 -10.997058345976953 65.07630723740196 -930902.2123798003 2.0969361677709666e-06 24.96368339604982 24.765212777831337 24.963148999964268 342.77449213772894 759.0247880059051 400.0 -1.7178305855584261e-06 0.00011636845121565475 0.0005343960855486537 1.8606961796450074 871.5714735765554 4.6995561458086e-07 1.2187068849754398e-05 1.1068673498302956e-05 1.11839535145144e-06 1.7396674248096342e-07 1.1068673498302958e-05 1.1183953514514401e-06 1.1068744362466657e-05 1.118396376209601e-06
