#T= 0.0
51.940625479134034 0.34987767645386153 0.0 0.0 0.0
53.864370218786554 0.33093799481477937 0.0 0.0 0.0
55.78807067500672 0.3151009720523142 0.0 0.0 0.0
57.71181907096799 0.2980826845135694 0.0 0.0 0.0
59.635549162905214 0.27887969488858183 0.0 0.0 0.0
61.55926946247374 0.2672375545945367 0.0 0.0 0.0
63.48299842028799 0.2559265998741311 0.0 0.0 0.0


#T= 1.6
51.940625479134034 0.3498776752794098 -6.990035217313562e-10 2.9361291691626113e-09 8.555865013621573e-10
53.864370218786554 0.33093799342861924 -7.578364602522925e-10 3.465400175028592e-09 9.251164141246724e-10
55.78807067500672 0.31510097082634253 -1.751345735101495e-09 3.0649292310935863e-09 1.9786457099091322e-09
57.71181907096799 0.29808268371116897 -1.7370211935485713e-09 2.006001064327128e-09 1.9655731551952568e-09
59.635549162905214 0.27887969236445376 -9.083862551051425e-10 6.310320316635333e-09 1.0977101793352658e-09
61.55926946247374 0.2672375511825453 -1.4287877547758399e-09 8.52996050501592e-09 1.6575144676090572e-09
63.48299842028799 0.25592659660629624 -9.088694241654593e-10 8.169556722347666e-09 1.0976013781490562e-09


#T= 5.12
51.940625479134034 0.34987755609078697 -6.246040129553876e-09 9.185952301577246e-08 2.1714549335118997e-09
53.864370218786554 0.3309378536417578 -6.671456276308163e-09 1.0704753827665006e-07 2.295850921043585e-09
55.78807067500672 0.31510084610717165 -1.2334027132965275e-08 9.62863377011954e-08 3.7103375708905203e-09
57.71181907096799 0.2980826014990883 -1.227243728862959e-08 6.40702078039337e-08 3.699090705523692e-09
59.635549162905214 0.2788794359277171 -7.693245152040618e-09 1.9799005533250768e-07 2.5849161710371272e-09
61.55926946247374 0.26723720554924085 -1.0762960300780833e-08 2.660567832253129e-07 3.387291491527698e-09
63.48299842028799 0.2559262673721305 -7.693245152040618e-09 2.5251491295883336e-07 2.584742231499346e-09


#T= 10.59
51.940625479134034 0.3498758028022241 -2.1512420289582224e-08 6.431439381600554e-07 3.2985684776880976e-09
53.864370218786554 0.330935862974864 -2.2674640831610304e-08 7.23539065203426e-07 3.4391987350662184e-09
55.78807067500672 0.3150989809651079 -3.5544388765629265e-08 6.939831347305249e-07 4.6317919468600766e-09
57.71181907096799 0.29808123289797545 -3.544641913322266e-08 5.453184050709142e-07 4.629068560680853e-09
59.635549162905214 0.27887552259270093 -2.5383712909388123e-08 1.4825390892606983e-06 3.758394081888864e-09
61.55926946247374 0.2672319770138352 -3.286112360001425e-08 1.9943803389922203e-06 4.535281578878322e-09
63.48299842028799 0.25592101802969186 -2.538274657126749e-08 2.1340739411849635e-06 3.758244390133318e-09


#T= 17.98
51.940625479134034 0.34986524428099675 -4.941901465826959e-08 2.4672363507904272e-06 4.18101699984681e-09
53.864370218786554 0.33092384449964424 -5.164147864888946e-08 2.8612675732148173e-06 4.326175403830828e-09
55.78807067500672 0.31508668969795967 -7.212747732410207e-08 3.0594551130692824e-06 5.21179652266368e-09
57.71181907096799 0.29806956207676333 -7.203806262623402e-08 3.2154834226975682e-06 5.21638254082603e-09
59.635549162905214 0.2788477751454803 -5.6744255516605335e-08 7.070480658393056e-06 4.652636015835855e-09
61.55926946247374 0.2671930064807792 -6.935866281310155e-08 1.0094759202662944e-05 5.261259125078825e-09
63.48299842028799 0.2558725648657383 -5.674340286532242e-08 1.3180492805221207e-05 4.653112579305762e-09


#T= 27.31
51.940625479134034 0.3498199514189661 -9.194693006975285e-08 8.072276822262438e-06 4.8853276468304025e-09
53.864370218786554 0.3308686924759269 -9.552991286909673e-08 1.0092456195226486e-05 5.0314576639991865e-09
55.78807067500672 0.315023552012197 -1.2298011142775067e-07 1.1900173822529417e-05 5.658397458193257e-09
57.71181907096799 0.2979956723565554 -1.229669521762844e-07 1.443515297596057e-05 5.6698931545917056e-09
59.635549162905214 0.2787066054483428 -1.0366818514739862e-07 2.5515418391116673e-05 5.353375686582539e-09
61.55926946247374 0.2669954755717619 -1.2104737834306434e-07 3.486773755089439e-05 5.777640512118373e-09
63.48299842028799 0.2556145756024477 -1.0370115433033789e-07 4.4897406941435865e-05 5.3624136110432415e-09


#T= 38.57
51.940625479134034 0.3496538422960374 -1.5035294609333505e-07 2.3137150999486995e-05 5.4523401249013226e-09
53.864370218786554 0.3306584589737774 -1.5557998267468065e-07 2.924623094947421e-05 5.5980594602557275e-09
55.78807067500672 0.3147731801103927 -1.889071086225158e-07 3.4760355422860054e-05 6.0307846962321315e-09
57.71181907096799 0.2976900696247085 -1.8906220589087752e-07 4.222910572935109e-05 6.048925522742561e-09
59.635549162905214 0.2782167838777952 -1.6723302564969345e-07 6.388541534019583e-05 5.898107930668099e-09
61.55926946247374 0.26635580673255876 -1.885512119770283e-07 8.087875810455241e-05 6.187190737193817e-09
63.48299842028799 0.2548177850502035 -1.675127805356169e-07 9.839523852905382e-05 5.935730896606201e-09


#T= 51.77
51.940625479134034 0.3491626859282035 -2.2553567191607726e-07 5.336322375236194e-05 5.911973079485599e-09
53.864370218786554 0.3300480326150352 -2.3267713800123602e-07 6.535512256646605e-05 6.056156399793103e-09
55.78807067500672 0.3140579012562212 -2.707238024868275e-07 7.568210578674357e-05 6.350163678197756e-09
57.71181907096799 0.2968350768232721 -2.711610136429954e-07 8.931492549760891e-05 6.374529873455873e-09
59.635549162905214 0.2769994129705322 -2.4806698206703004e-07 0.0001222294604856971 6.322315643732174e-09
61.55926946247374 0.2648679104974461 -2.7259608259555534e-07 0.00014581198031327845 6.529058232691787e-09
63.48299842028799 0.25305503002894 -2.491353257028095e-07 0.00016955496074774285 6.4044187789419024e-09


#T= 66.9
51.940625479134034 0.3480105604050405 -3.1798228405932605e-07 0.000100756920920201 6.288331207423135e-09
53.864370218786554 0.328665762275925 -3.272853064117953e-07 0.00011902981337813962 6.42973294440894e-09
55.78807067500672 0.31248177236728897 -3.690013556933991e-07 0.00013417224896247022 6.629299795908873e-09
57.71181907096799 0.29500428710844573 -3.6985244378229254e-07 0.00015402078583128564 6.659466188828731e-09
59.635549162905214 0.2745887797475216 -3.464488145255018e-07 0.00019733047225134698 6.664579761751109e-09
61.55926946247374 0.2620591424968246 -3.7369756000771304e-07 0.00022605144789779953 6.822306496872138e-09
63.48299842028799 0.24984702475667753 -3.4910863178083673e-07 0.00025481471711722255 6.790507979954312e-09


#T= 83.96
51.940625479134034 0.34576175179970847 -4.2806871647371736e-07 0.00016415970648524388 6.6028674228831e-09
53.864370218786554 0.3260533204454393 -4.397515169785038e-07 0.00018830801029588937 6.740371551326333e-09
55.78807067500672 0.3095721734371815 -4.843080603222916e-07 0.00020784054933371905 6.8798730426086345e-09
57.71181907096799 0.29170506039687516 -4.857216708842316e-07 0.0002334756943460957 6.915490472854161e-09
59.635549162905214 0.2704696858479715 -4.62734533357434e-07 0.0002858952993443508 6.955978874456879e-09
61.55926946247374 0.2574132932864929 -4.92379342631466e-07 0.0003187227200395181 7.081673257586735e-09
63.48299842028799 0.24467242491653685 -4.6783580387455004e-07 0.00035178267735076844 7.113094567641745e-09


#T= 102.96
51.940625479134034 0.34191855890933015 -5.561982447943592e-07 0.0002411022615474378 6.873884663161888e-09
53.864370218786554 0.32169949436608225 -5.704501973013976e-07 0.00027051452724190955 7.0068378862781505e-09
55.78807067500672 0.30480837246001835 -6.172866449105641e-07 0.0002940081818420564 7.111385459289892e-09
57.71181907096799 0.2864022669417878 -6.194265438352886e-07 0.00032494400882963805 7.152040742652667e-09
59.635549162905214 0.2640926565743625 -5.974531518404547e-07 0.0003852881701391094 7.216517609583845e-09
61.55926946247374 0.2503775471874276 -6.292483192282816e-07 0.0004216809902315838 7.318532557595167e-09
63.48299842028799 0.23697003274369216 -6.057138932646922e-07 0.0004586879384662338 7.389192993612933e-09


#T= 123.89
51.940625479134034 0.3359569153885319 -7.026743560345494e-07 0.0003287933616330421 7.1151281807137115e-09
53.864370218786554 0.3150712862146802 -7.196608180493058e-07 0.0003629237807945706 7.243644155563035e-09
55.78807067500672 0.29764911768796465 -7.684715797040553e-07 0.00039008133726411564 7.330292061160101e-09
57.71181907096799 0.2785428241624028 -7.715090930560109e-07 0.0004259199400659449 7.3751454671649365e-09
59.635549162905214 0.2548947520268833 -7.510847126468434e-07 0.0004932241562255904 7.457738373029208e-09
61.55926946247374 0.24038231146016328 -7.848020118217391e-07 0.0005329443106329593 7.540127846550475e-09
63.48299842028799 0.22616010724823304 -7.630004006387026e-07 0.0005736978655915556 7.632266161196488e-09


#T= 146.75
51.940625479134034 0.32734260933003734 -8.679201073391596e-07 0.0004246873047319964 7.336192055074789e-09
53.864370218786554 0.3056261486212276 -8.878024573277798e-07 0.0004631273027530426 7.461339578403828e-09
55.78807067500672 0.28754245930722144 -9.384957593283616e-07 0.0004937739424033619 7.54085981703556e-09
57.71181907096799 0.26756318499009923 -9.425920097783091e-07 0.0005341972457975389 7.588240644478526e-09
59.635549162905214 0.24230365623900338 -9.242359624295204e-07 0.0006076681112489359 7.686059696879371e-09
61.55926946247374 0.22684601177254263 -9.596269592293538e-07 0.0006505744616394718 7.750511033998689e-09
63.48299842028799 0.2116507322271671 -9.400584985996829e-07 0.0006948640850060709 7.852004284286491e-09


#T= 171.55
51.940625479134034 0.31554025168780375 -1.0524825313495967e-06 0.0005266308036766368 7.543179095144474e-09
53.864370218786554 0.29281959771893656 -1.0754457093753444e-06 0.0005690764021743647 7.66687096221598e-09
55.78807067500672 0.27393334855425067 -1.1280905027888366e-06 0.0006030876642437248 7.745469451958951e-09
57.71181907096799 0.252897137516871 -1.1333673910485231e-06 0.0006477928515281215 7.792820542295932e-09
59.635549162905214 0.22574553598656907 -1.117611049039624e-06 0.0007267230672267231 7.904237400835653e-09
61.55926946247374 0.20918549849127224 -1.1543825735316204e-06 0.0007726463202536927 7.951447058478317e-09
63.48299842028799 0.19285028003587196 -1.1373639665634983e-06 0.0008201920098200231 8.05457943501294e-09


#T= 198.28
51.940625479134034 0.30003560786240113 -1.2567875842250942e-06 0.0006327441710339426 7.739428408026368e-09
53.864370218786554 0.27612921338025553 -1.2830630566895707e-06 0.0006789294425590604 7.863935013944848e-09
55.78807067500672 0.256289927614088 -1.3378326571000798e-06 0.0007161595034163435 7.944570655699202e-09
57.71181907096799 0.23400460664893524 -1.3443413706681895e-06 0.0007648078619603589 7.988940487228527e-09
59.635549162905214 0.20467700366421215 -1.3317293507952854e-06 0.0008485233231301327 8.112333827199658e-09
61.55926946247374 0.1868512415470099 -1.3695387224288424e-06 0.000897226293385615 8.143175966668763e-09
63.48299842028799 0.16920492322721012 -1.355244904743813e-06 0.0009476842808106005 8.243404816997435e-09


#T= 226.94
51.940625479134034 0.2803298650507251 -1.4813330437846162e-06 0.0007415021384624902 7.926651256800757e-09
53.864370218786554 0.2550488929073185 -1.5112132700778602e-06 0.0007911533604385645 8.053933615386106e-09
55.78807067500672 0.2340982910077335 -1.5683343406180938e-06 0.0008314031274744714 8.137350688026555e-09
57.71181907096799 0.21036614477005608 -1.5760392955144198e-06 0.0008836130666719615 8.176159458316883e-09
59.635549162905214 0.178577767089258 -1.5671113260395941e-06 0.0009714684099642416 8.309314667065633e-09
61.55926946247374 0.1593193615631429 -1.6055866183251055e-06 0.0010226615318687823 8.325466238736914e-09
63.48299842028799 0.14018921214638863 -1.5940925948143558e-06 0.0010756597019191663 8.420414063618297e-09


#T= 257.54
51.940625479134034 0.2559386043829393 -1.7266759186895797e-06 0.0008516760431135094 8.105579141949034e-09
53.864370218786554 0.22908854312118612 -1.7605097184514307e-06 0.0009044941042849959 8.236760051418693e-09
55.78807067500672 0.20686279607330774 -1.8202197225036798e-06 0.0009475124679747467 8.322358560934741e-09
57.71181907096799 0.1814831943297451 -1.8290038781287876e-06 0.0010028773658689592 8.353989435473495e-09
59.635549162905214 0.14695028736403787 -1.8242655244193884e-06 0.0010942693092954167 8.494087591077244e-09
61.55926946247374 0.1260908855187549 -1.8630394720275945e-06 0.0011476411946843494 8.498054043197345e-09
63.48299842028799 0.10530448176993623 -1.8543551618677157e-06 0.0012028125064176547 8.586735979980035e-09


#T= 290.07
51.940625479134034 0.22641801774675585 -1.9931769941194943e-06 0.0009621877183402219 8.276306764609863e-09
53.864370218786554 0.19780216998297023 -2.031344507713584e-06 0.0010178502819558133 8.411457641372898e-09
55.78807067500672 0.17413545789251525 -2.0938581712925952e-06 0.0010633510947365536 8.4979935734796e-09
57.71181907096799 0.1469086397183858 -2.1035456541085296e-06 0.0011214621077857792 8.521987966989395e-09
59.635549162905214 0.1093522765369018 -2.1034361168403848e-06 0.0012158416328429495 8.66592053945003e-09
61.55926946247374 0.0867251441871465 -2.142179710062919e-06 0.0012710845292033233 8.660693592089957e-09
63.48299842028799 0.0641130480183523 -2.1362745599162736e-06 0.001328087978472231 8.742965483834259e-09


#T= 324.54
51.940625479134034 0.19133466425337792 -2.2813127884546702e-06 0.0010722284280406415 8.438867109642427e-09
53.864370218786554 0.16075542045758415 -2.3241964299813844e-06 0.0011304068985436703 8.577111715035098e-09
55.78807067500672 0.13548141666687705 -2.389689001347506e-06 0.001178093792286366 8.663194812310326e-09
57.71181907096799 0.10620940998784532 -2.400077221409447e-06 0.0012385634922691617 8.680079455873262e-09
59.635549162905214 0.06535492782445985 -2.4049516298418894e-06 0.0013354472205549229 8.82483561057767e-09
61.55926946247374 0.04079520184570637 -2.4433993814909627e-06 0.0013922763681863918 8.813444360036311e-09
63.48299842028799 0.016190768213183257 -2.4402227438713453e-06 0.0014508100981718937 8.8896194216813e-09


#T= 360.93
51.940625479134034 0.15031395794122746 -2.5912602836797305e-06 0.0011810735213925727 8.593163848940529e-09
53.864370218786554 0.11757636506375947 -2.6392085317183955e-06 0.001241446981683495 8.732966619086038e-09
55.78807067500672 0.09053136819270856 -2.7078058906226943e-06 0.0012910307714310584 8.81735089418558e-09
57.71181907096799 0.05902105978762566 -2.71869535595215e-06 0.001353505265769833 8.828294501860064e-09
59.635549162905214 0.014601512816051872 -2.728811580254842e-06 0.0014524756679988244 8.971250512808675e-09
61.55926946247374 -0.012051398962550662 -2.76677408805881e-06 0.0015106372120430255 8.95642104536153e-09
63.48299842028799 -0.03880991010812511 -2.7662655952553905e-06 0.00157044090510489 9.027032811097282e-09


#T= 399.27
51.940625479134034 0.10295267955045832 -2.9235748684186547e-06 0.0012883070301100278 8.739403238853612e-09
53.864370218786554 0.0678627816955872 -2.97688364980786e-06 0.0013505776674031394 8.87891282039336e-09
55.78807067500672 0.038884413237375404 -3.0486671676044352e-06 0.0014017918158086265 8.960620361206797e-09
57.71181907096799 0.004945158331223407 -3.0598844773521705e-06 0.001465960321149507 8.96706439356724e-09
59.635549162905214 -0.04330348344691354 -3.075412223552121e-06 0.0015666657413031407 9.106133708643258e-09
61.55926946247374 -0.07220849181141678 -3.1127766249028355e-06 0.0016259414878993322 9.090094596846982e-09
63.48299842028799 -0.10128084389417472 -3.114877500820512e-06 0.0016867968490702177 9.155745858790725e-09


#T= 439.53
51.940625479134034 0.048944171469277535 -3.278254723682039e-06 0.0013934749067796457 8.877654933655695e-09
53.864370218786554 0.011313401119249545 -3.3371422603067913e-06 0.0014573720397667558 9.014999332069613e-09
55.78807067500672 -0.019755813144488463 -3.4121489989047404e-06 0.0015099765052125238 9.09334482026896e-09
57.71181907096799 -0.05630822918124016 -3.423559093107542e-06 0.0015755695346898334 9.09673432779008e-09
59.635549162905214 -0.1086413882330077 -3.4445804146798764e-06 0.00167771495815043 9.23040505475608e-09
61.55926946247374 -0.13995224825253935 -3.4813039064829354e-06 0.0017379192929287276 9.214839512631545e-09
63.48299842028799 -0.17149283385094397 -3.4859575350765226e-06 0.0017996441993325541 9.276132885892844e-09


#T= 481.73
51.940625479134034 -0.012056622873903354 -3.65569525229148e-06 0.0014963751121829898 9.008276946951148e-09
53.864370218786554 -0.05241415296253076 -3.720302288456878e-06 0.0015616606386775142 9.141771388877066e-09
55.78807067500672 -0.08572907026674244 -3.798535743726461e-06 0.0016154461561582814 9.216326625631557e-09
57.71181907096799 -0.1250756826829736 -3.8100469907931256e-06 0.0016822354501437918 9.217935663754363e-09
59.635549162905214 -0.18174559239457977 -3.836576013327431e-06 0.0017855772647320906 9.345220491536777e-09
61.55926946247374 -0.2156140239190624 -3.8726743412098585e-06 0.001846555452400669 9.331302876566201e-09
63.48299842028799 -0.24977518389944886 -3.879831893982555e-06 0.0019090003361551702 9.388796187038295e-09


#T= 525.86
51.940625479134034 -0.08033331993681649 -4.055997635532549e-06 0.001596817381852074 9.13160679460888e-09
53.864370218786554 -0.12359886448089813 -4.126384055780363e-06 0.001663284399652799 9.259871822372002e-09
55.78807067500672 -0.15931019043027417 -4.207818960821896e-06 0.0017180706555394493 9.330417014642096e-09
57.71181907096799 -0.20162717559740886 -4.219381224856988e-06 0.0017858640066060348 9.331276052838477e-09
59.635549162905214 -0.26288035160063966 -4.251374605246383e-06 0.0018902012143583787 9.451630780571091e-09
61.55926946247374 -0.29945452197907185 -4.286909955908413e-06 0.0019518247170589894 9.4401094451456e-09
63.48299842028799 -0.33638505560431564 -4.296529596103937e-06 0.0020148668174345447 9.49430329954813e-09


#T= 571.93
51.940625479134034 -0.15617977608425096 -4.479418606706531e-06 0.00169473043421388 9.248111209155531e-09
53.864370218786554 -0.2025313816122439 -4.5555721897017065e-06 0.0017622018572176568 9.370112559274459e-09
55.78807067500672 -0.24078691093867322 -4.640162558189331e-06 0.0018178356685629347 9.436582656570428e-09
57.71181907096799 -0.28624726794440547 -4.651762452567709e-06 0.001886472738782849 9.437467128698046e-09
59.635549162905214 -0.35232709471115164 -4.6891354088529624e-06 0.0019916403654379276 9.550690256043097e-09
61.55926946247374 -0.39175313852103744 -4.724204160311274e-06 0.0020538031647808633 9.541983756444934e-09
63.48299842028799 -0.4315998961336136 -4.7362526061078825e-06 0.0021173421945104988 9.593316137479848e-09


#T= 619.92
51.940625479134034 -0.23982240591369722 -4.925919967035952e-06 0.0017900346535961562 9.358236192664775e-09
53.864370218786554 -0.2894331358700936 -5.007762439390717e-06 0.0018583595981988043 9.473278761243757e-09
55.78807067500672 -0.3303763471891795 -5.09544508986437e-06 0.001914711304795675 9.535721097218839e-09
57.71181907096799 -0.37914823355410093 -5.107099468659726e-06 0.001984058379602803 9.537177091565912e-09
59.635549162905214 -0.4502923246826239 -5.1497344486506336e-06 0.0020899206549205027 9.64332181341116e-09
61.55926946247374 -0.4927127897003035 -5.184457251061758e-06 0.0021525351812429947 9.637607558879365e-09
63.48299842028799 -0.5356190998849799 -5.198907842896006e-06 0.002216488952131506 9.686460672794052e-09


#T= 669.86
51.940625479134034 -0.331558515346703 -5.395915678718666e-06 0.00188279156452413 9.462582434184815e-09
53.864370218786554 -0.3846001355781705 -5.483319483801097e-06 0.0019518429606422622 9.570263095434392e-09
55.78807067500672 -0.42837327786525625 -5.574021685106345e-06 0.0020088039732128783 9.62879757573292e-09
57.71181907096799 -0.4806238390797196 -5.585770992411199e-06 0.002078750391598018 9.63118462256695e-09
59.635549162905214 -0.5570697752157944 -5.633533362470189e-06 0.0021851961415766757 9.730475452658594e-09
61.55926946247374 -0.6026270268581368 -5.66804678214794e-06 0.0022481904949740316 9.727778558692317e-09
63.48299842028799 -0.6487361787086802 -5.684882154355364e-06 0.002312491950322786 9.774512872496316e-09


#T= 721.72
51.940625479134034 -0.43156402778198877 -5.889251269763918e-06 0.0019729771383160516 9.561641313425335e-09
53.864370218786554 -0.4882032271463193 -5.98204351831555e-06 0.0020426474851991563 9.661805856555273e-09
55.78807067500672 -0.5349442401375125 -6.075683018025302e-06 0.002100126387661522 9.716606670634907e-09
57.71181907096799 -0.5908358155115638 -6.087585603609114e-06 0.0021705799150509614 9.720152287703366e-09
59.635549162905214 -0.6728152144445391 -6.140326036074839e-06 0.0022775173016016713 9.812964260280951e-09
61.55926946247374 -0.7216479432059792 -6.1747783490773145e-06 0.0023408319619183703 9.813307430550224e-09
63.48299842028799 -0.7710996147774924 -6.19399381207586e-06 0.0024054258849909842 9.858535629390685e-09


#T= 775.52
51.940625479134034 -0.5400945967130493 -6.406241340073393e-06 0.0020606809139774676 9.656021189369699e-09
53.864370218786554 -0.600496739241965 -6.504219584257953e-06 0.002130879982267171 9.748716190365615e-09
55.78807067500672 -0.6503423773691648 -6.60071151514785e-06 0.002188800361514446 9.800024313200637e-09
57.71181907096799 -0.7100363183623019 -6.612840877551207e-06 0.0022596845234978116 9.804958031367338e-09
59.635549162905214 -0.7977805150113673 -6.670413995379931e-06 0.002367037952480567 9.892022269708658e-09
61.55926946247374 -0.8500271123459887 -6.704979227833974e-06 0.0024306238481169584 9.89613926643598e-09
63.48299842028799 -0.9029608091731358 -6.7266347798522474e-06 0.0024954649120564995 9.942480116840265e-09


#T= 831.25
51.940625479134034 -0.6573373059521272 -6.946919455685929e-06 0.002145953999813948 9.746324952607487e-09
53.864370218786554 -0.7216646532661573 -7.0498604998192604e-06 0.0022166057733453088 9.83185606689513e-09
55.78807067500672 -0.7747490414654041 -7.1491249116206745e-06 0.002274903483209752 9.880218621849064e-09
57.71181907096799 -0.8384039086110175 -7.161584420600775e-06 0.0023461545198113 9.887409361007723e-09
59.635549162905214 -0.9321410805859732 -7.223899672226253e-06 0.0024538613505412426 9.971374319372003e-09
61.55926946247374 -0.9879379523248374 -7.258897881001758e-06 0.0025176777663388377 9.984529097041845e-09
63.48299842028799 -1.0444912757786269 -7.283432438498494e-06 0.00258272850041122 1.004595591637834e-08


#T= 888.92
51.940625479134034 -0.783510346738632 -7.511530640158526e-06 0.0022288885962618225 9.83358081853094e-09
53.864370218786554 -0.8519237363920779 -7.619219587695625e-06 0.002299929136510713 9.913089455726691e-09
55.78807067500672 -0.9083797716932251 -7.721232606172634e-06 0.0023585503867907653 9.960767494575706e-09
57.71181907096799 -0.9761530159193006 -7.734265238923399e-06 0.002430115135341497 9.974963897540989e-09
59.635549162905214 -1.0761106089301402 -7.801582228239567e-06 0.002538123404688663 1.0068374032277224e-08
61.55926946247374 -1.1355936253449739 -7.83814940064076e-06 0.0026021365312915716 1.0118112625354114e-08
63.48299842028799 -1.1959037404957418 -7.867996544064226e-06 0.0026673659151526543 1.0260796456812147e-08


#T= 948.52
51.940625479134034 -0.9187799358731709 -8.100213364059528e-06 0.0023095527733861783 9.921007557542018e-09
53.864370218786554 -0.9914376180057568 -8.212564694076718e-06 0.0023809280963627 9.999526870310352e-09
55.78807067500672 -1.051396022343189 -8.317618693354234e-06 0.0024398275913012587 1.0057164513764467e-08
57.71181907096799 -1.1234427921033612 -8.332181892001245e-06 0.0025116615008286113 1.0101247316146456e-08
59.635549162905214 -1.229845606728266 -8.406518617221082e-06 0.0026199278519954848 1.0259922376609912e-08
61.55926946247374 -1.293148981171517 -8.449636766272306e-06 0.0026841094563502445 1.0463832870622007e-08
63.48299842028799 -1.3573514629536825 -8.495975180267124e-06 0.00274949165324459 1.0945600507356747e-08


#T= 1010.05
51.940625479134034 -1.063324758342975 -8.71363602072961e-06 0.0023880329702495795 1.0022170374838595e-08
53.864370218786554 -1.1403833218310155 -8.831260828401355e-06 0.002459697468986091 1.0121560360993284e-08
55.78807067500672 -1.2039734158558342 -8.941158171182906e-06 0.002518837028341777 1.0234605498529483e-08
57.71181907096799 -1.2804474690610872 -8.961409122321129e-06 0.0025909026998132702 1.0401948613924753e-08
59.635549162905214 -1.3935189421399692 -9.052218530314349e-06 0.0026993908698027974 1.0836435262699331e-08
61.55926946247374 -1.4607760010158328 -9.121709496184849e-06 0.0027637173223247938 1.1592019892905366e-08
63.48299842028799 -1.529005609011045 -9.225542470403525e-06 0.0028292307557926414 1.3150480550100768e-08


#T= 1073.52
51.940625479134034 -1.217340759419335 -9.354487474411144e-06 0.0024644278832457837 1.0191463439271318e-08
53.864370218786554 -1.2989560493401642 -9.48101202880025e-06 0.002536342972978083 1.0396247340632409e-08
55.78807067500672 -1.3663065168166662 -9.60367083280289e-06 0.002595690358218931 1.0730336213053481e-08
57.71181907096799 -1.4473611195381884 -9.645764151855474e-06 0.002667956322435397 1.1331307296053223e-08
59.635549162905214 -1.5673245891727066 -9.787613691969455e-06 0.0027766358931974513 1.2648897337319666e-08
61.55926946247374 -1.638668531693471 -9.9457297153549e-06 0.002841087362036604 1.4875402014978067e-08
63.48299842028799 -1.7110599743019481 -1.0216320617928432e-05 0.002906713957269375 1.8797227173390552e-08


#T= 1138.92
51.940625479134034 -1.3809693567016057 -1.0032681757365935e-05 0.0025388106603706846 1.0619687356685018e-08
53.864370218786554 -1.4672952148253777 -1.0182695348248672e-05 0.0026109435392242704 1.120372576818756e-08
55.78807067500672 -1.5385330687389123 -1.034624511930815e-05 0.0026704713902998612 1.223345524174168e-08
57.71181907096799 -1.6243197056439795 -1.0460869532380457e-05 0.0027429110203197036 1.4007996093221266e-08
59.635549162905214 -1.751396393677542 -1.0747825200496663e-05 0.0028517563237651098 1.7333890149310713e-08
61.55926946247374 -1.8269591039635071 -1.1134427126080482e-05 0.002916316066209908 2.2296624759278528e-08
63.48299842028799 -1.9036458200081472 -1.1778362932091113e-05 0.0029820405885548676 3.001913225152361e-08


#T= 1206.25
51.940625479134034 -1.5543689137130843 -1.0782429569644592e-05 0.0026112656852528278 1.1855999808258216e-08
53.864370218786554 -1.6455580453230667 -1.1002003702742513e-05 0.0026835884268565494 1.3482615108326664e-08
55.78807067500672 -1.7208093473556922 -1.1283265251904595e-05 0.0027432734847409558 1.6122353670172634e-08
57.71181907096799 -1.8114785718265642 -1.1587522010358953e-05 0.0028158642030443387 2.0160113063243552e-08
59.635549162905214 -1.945888797697413 -1.220334851836924e-05 0.002924853525053099 2.6809150278690493e-08
61.55926946247374 -2.0258015717079085 -1.305384770944329e-05 0.002989507372024214 3.5846966160837335e-08
63.48299842028799 -2.106916463184551 -1.4392017959607983e-05 0.003055316946561849 4.904068738814371e-08


#T= 1275.52
51.940625479134034 -1.7377189658823842 -1.1698994569542265e-05 0.0026818846947982058 1.5041160359314454e-08
53.864370218786554 -1.833923798478593 -1.2097104672648129e-05 0.0027543734768867415 1.8745923452927396e-08
55.78807067500672 -1.9133143708240479 -1.2649526865970984e-05 0.0028141959261559248 2.4109891394653635e-08
57.71181907096799 -2.0090166460597034 -1.3345549774612664e-05 0.002886918540599291 3.156931674606167e-08
59.635549162905214 -2.150981030595184 -1.457894904888235e-05 0.0029960334597798496 4.3003348830349717e-08
61.55926946247374 -2.2353752966572555 -1.624459477511664e-05 0.0030607693869067944 5.780106840214767e-08
63.48299842028799 -2.3210514551703425 -1.8750915415921554e-05 0.003126653100626063 7.873897882119868e-08


#T= 1346.72
51.940625479134034 -1.9311415830389889 -1.2982631119484722e-05 0.002750735555797271 2.1688943167305744e-08
53.864370218786554 -2.0325129363243843 -1.3752275748402099e-05 0.002823369952790285 2.8598395934669874e-08
55.78807067500672 -2.116167266481434 -1.48190218851596e-05 0.002883312822591116 3.7883296918658296e-08
57.71181907096799 -2.2170516118207284 -1.6208593621058753e-05 0.002956150928073684 5.014997224873881e-08
59.635549162905214 -2.3667889940126887 -1.848310790819596e-05 0.003065375725662632 6.830514170418483e-08
61.55926946247374 -2.4557950825263077 -2.1474720227843136e-05 0.0031301834698442103 9.115731950669784e-08
63.48299842028799 -2.546164530918642 -2.5837129072669995e-05 0.0031961320179974893 1.2288488872753428e-07


#T= 1419.86
51.940625479134034 -2.134807590297172 -1.4960460362090089e-05 0.0028179028734730493 3.3298130564065134e-08
53.864370218786554 -2.241496227249786 -1.639157278532366e-05 0.0028906653587767385 4.46997757525058e-08
55.78807067500672 -2.3295387498970217 -1.832698259818244e-05 0.0029507141012162746 5.944027612970216e-08
57.71181907096799 -2.435754279943279 -2.0845854180606693e-05 0.003023653658444038 7.838377380943472e-08
59.635549162905214 -2.5934839821807065 -2.4772605257794567e-05 0.0031329749028224043 1.0586157154639684e-07
61.55926946247374 -2.6872324743018163 -2.982149081276475e-05 0.0031978456922205677 1.397823335045386e-07
63.48299842028799 -2.782427533896106 -3.701769659869569e-05 0.0032638511292923996 1.8620632044262283e-07


#T= 1494.92
51.940625479134034 -2.3487994650436557 -1.809972559385642e-05 0.002883440559292313 5.153864067402034e-08
53.864370218786554 -2.460953999325788 -2.060778342638514e-05 0.0029563160027926104 6.913231948210538e-08
55.78807067500672 -2.5535073707715306 -2.3918022947100326e-05 0.003016458070159781 9.138343192739842e-08
57.71181907096799 -2.6652011820659975 -2.818589629782764e-05 0.0030894869881239297 1.1946751250084807e-07
59.635549162905214 -2.831139803495835 -3.462928250996811e-05 0.003198893127115543 1.596164094247196e-07
61.55926946247374 -2.929759632547111 -4.2758248525842646e-05 0.003263819415764573 2.0840416480355539e-07
63.48299842028799 -3.029910986529639 -5.4141886863590116e-05 0.0033298749121359727 2.743596104216139e-07


#T= 1571.93
51.940625479134034 -2.573337685416692 -2.3049706584288288e-05 0.0029474430769561547 7.857991094833062e-08
53.864370218786554 -2.691108299257814 -2.7222599754850307e-05 0.003020418447419348 1.046106591315331e-07
55.78807067500672 -2.78829646677628 -3.262055545860676e-05 0.003080643040797215 1.37032792237648e-07
57.71181907096799 -2.9056173504739164 -3.9503248927985624e-05 0.0031537509269304416 1.7738504774244996e-07
59.635549162905214 -3.07998429689359 -4.966020480878797e-05 0.003263232042522577 2.3437570440369608e-07
61.55926946247374 -3.1836060334933465 -6.226849910717647e-05 0.0033282073507836735 3.026872962122222e-07
63.48299842028799 -3.2888460652041 -7.967167763922589e-05 0.00339430704599037 3.9401663357944914e-07


#T= 1650.86
51.940625479134034 -2.808465841621293 -3.069477693884437e-05 0.003009950380633022 1.1716762274856099e-07
53.864370218786554 -2.931999981484263 -3.734859350856823e-05 0.0030830143492966695 1.5448265739695923e-07
55.78807067500672 -3.0339446318969037 -4.581593472607892e-05 0.003143312087039741 2.003908111546829e-07
57.71181907096799 -3.157038747955478 -5.64941894367621e-05 0.0032164899231699362 2.5685114109009935e-07
59.635549162905214 -3.340049721645519 -7.198041288347667e-05 0.0033260374179470147 3.357259594646267e-07
61.55926946247374 -3.448801713459975 -9.093481332911324e-05 0.003391056128087581 4.2912109769602013e-07
63.48299842028799 -3.559260575311678 -0.00011677609438720538 0.0034571949443937713 5.527110334367279e-07


#T= 1731.73
51.940625479134034 -3.054369937086365 -4.222937033659946e-05 0.003071040546023209 1.706837467797903e-07
53.864370218786554 -3.1838160198288126 -5.2475336644874915e-05 0.0031441832905859655 2.2278881138512772e-07
55.78807067500672 -3.290639638734647 -6.533664512176074e-05 0.0032045460434170676 2.8621132463433334e-07
57.71181907096799 -3.419654218214828 -8.138827942616444e-05 0.003277786023023441 3.633932479334035e-07
59.635549162905214 -3.6115267373677375 -0.00010434069494635878 0.0033873924613742187 4.7013019748163163e-07
61.55926946247374 -3.725538387461055 -0.00013208382046059342 0.0034524497141698728 5.951324592624175e-07
63.48299842028799 -3.841347332897833 -0.00016949619063666432 0.0035186232618120345 7.589710448383613e-07


#T= 1814.53
51.940625479134034 -3.3111435013235453 -5.9226852471283564e-05 0.0031307644953185274 2.43122511271512e-07
53.864370218786554 -3.446648776364324 -7.454508639170854e-05 0.0032039774472076314 3.142240135788611e-07
55.78807067500672 -3.5584728843363482 -9.354877676059914e-05 0.00326439812727787 3.999440080818972e-07
57.71181907096799 -3.6935540779932374 -0.00011703748657510005 0.0033376934500348615 5.032745870542143e-07
59.635549162905214 -3.89450423263346 -0.0001502230320795661 0.003447352359969594 6.448197300910071e-07
61.55926946247374 -4.013904076530998 -0.00018988691067534091 0.003512443925434716 8.089428810112704e-07
63.48299842028799 -4.135193500999135 -0.0002428494772175327 0.0035786483849547376 1.0221320881664346e-06


#T= 1899.27
51.940625479134034 -3.578938219644855 -8.372796730782284e-05 0.0031891849101088605 3.3912353136869246e-07
53.864370218786554 -3.720650277526073 -0.00010605220549564365 0.0032624605902142776 4.3417254622126766e-07
55.78807067500672 -3.837596675467914 -0.00013346323515861513 0.0033229330137922956 5.477711209098076e-07
57.71181907096799 -3.9788910555777033 -0.00016704009544810106 0.0033962777515056048 6.835332073288683e-07
59.635549162905214 -4.189135735332972 -0.00021397901358000126 0.0035059834950686855 8.678358250996028e-07
61.55926946247374 -4.314052765423775 -0.0002695136857369107 0.0035711056879530276 1.0796152302353307e-06
63.48299842028799 -4.440953550986198 -0.000342999958661494 0.0036373377331853796 1.352391288616365e-06


#T= 1985.93
51.940625479134034 -3.857807644778139 -0.00011831529118921935 0.0032463410048133214 4.63913594149648e-07
53.864370218786554 -4.005872259979179 -0.00015012249198775862 0.0033196728477685603 5.886279702051163e-07
55.78807067500672 -4.128061249153434 -0.00018881941545600966 0.003380191588932587 7.365023039459839e-07
57.71181907096799 -4.275713642331351 -0.00023582807170896558 0.003453580543621083 9.118484329004556e-07
59.635549162905214 -4.495467277115512 -0.0003009191495380037 0.003563328180498755 1.1478592458611142e-06
61.55926946247374 -4.626029009778929 -0.00037722184026733885 0.0036284777712708755 1.4168443244699351e-06
63.48299842028799 -4.758670557033464 -0.0004773457295641492 0.0036947344884933507 1.7605509522255514e-06


#T= 2074.54
51.940625479134034 -4.147963032320266 -0.00016623521474912195 0.003302302375410548 6.233965802597004e-07
53.864370218786554 -4.3025278637147375 -0.00021065139861775606 0.003375684632884609 7.842988201736586e-07
55.78807067500672 -4.430081299857648 -0.0002642413584794667 0.0034362449427242756 9.736996519286511e-07
57.71181907096799 -4.584238483803367 -0.0003288431883561316 0.003509673567809533 1.1966895647058965e-06
59.635549162905214 -4.8137185574024235 -0.00041751296458869547 0.0036194587792202143 1.4943912875666706e-06
61.55926946247374 -4.95005430759359 -0.0005205832953834033 0.0036846329444275207 1.8311759949643503e-06
63.48299842028799 -5.088567864034236 -0.0006547756567272245 0.003750911787146506 2.25828687793471e-06


#T= 2165.07
51.940625479134034 -4.4494181468573535 -0.00023144629057014754 0.0033570972385446444 8.239562425905369e-07
53.864370218786554 -4.61062836937934 -0.00029234686579115987 0.0034305248328714575 1.0283617625083707e-06
55.78807067500672 -4.74366605781361 -0.0003652727364453767 0.003491122517990524 1.2673751596007864e-06
57.71181907096799 -4.904472383333174 -0.00045256140583660454 0.0035645868010511254 1.5469503723137719e-06
59.635549162905214 -5.1438928728405875 -0.0005713960767934623 0.003674405777580842 1.9173083037533295e-06
61.55926946247374 -5.286129860978342 -0.0007084703319719665 0.0037396020265953785 2.3334752155191645e-06
63.48299842028799 -5.430644559972316 -0.0008856259288734236 0.0038059007491950602 2.857511709929759e-06


#T= 2257.54
51.940625479134034 -4.762348142436976 -0.0003187753636950674 0.0034107827964576422 1.0726074623247053e-06
53.864370218786554 -4.930350142978733 -0.0004009071910218154 0.0034842512558130208 1.3286465248028232e-06
55.78807067500672 -5.0689928888723355 -0.0004985792655531895 0.0035448826242693355 1.6262159728058694e-06
57.71181907096799 -5.236593972788325 -0.0006147231279953758 0.0036183790344730613 1.972221741457459e-06
59.635549162905214 -5.48617085842479 -0.0007716349097393049 0.0037282284254475375 2.4271982804702426e-06
61.55926946247374 -5.634437482526521 -0.0009513584464286851 0.003793444567431671 2.935334466262106e-06
63.48299842028799 -5.785083669421444 -0.001182028835046367 0.0038597611951335003 3.5708737257034777e-06


#T= 2351.94
51.940625479134034 -5.0868261011889 -0.00043396852490218407 0.003463395601880959 1.376790260699612e-06
53.864370218786554 -5.26176530141878 -0.0005430651555116128 0.003536900965684661 1.693386005426184e-06
55.78807067500672 -5.406133113125164 -0.0006719838302728931 0.003597562748527621 2.0592858915242245e-06
57.71181907096799 -5.580673654845572 -0.0008243566689429827 0.0036710881610138805 2.482438338952825e-06
59.635549162905214 -5.840621644973379 -0.0010287319018686958 0.0037809650022436222 3.034939511033244e-06
61.55926946247374 -5.9950455375603475 -0.0012613100797125298 0.003846199098951958 3.6485788184343976e-06
63.48299842028799 -6.151952792300694 -0.001557866734884783 0.003912531885094947 4.4111734886567815e-06


#T= 2448.28
51.940625479134034 -5.422990951629884 -0.0005838352758473775 0.003514981402616643 1.7444390656677772e-06
53.864370218786554 -5.605013299218373 -0.0007267478870005561 0.0035885201625042774 2.1313037803892828e-06
55.78807067500672 -5.755226619024243 -0.000894643895946956 0.0036492094647473353 2.5761350691239652e-06
57.71181907096799 -5.936851887919681 -0.0010919751978804015 0.003722761113271409 3.0880138727804323e-06
59.635549162905214 -6.207386632691009 -0.0013548458054231105 0.0038326627817124054 3.751871267068039e-06
61.55926946247374 -6.368095975995479 -0.001652220420936601 0.0038979131178832516 4.485475530781543e-06
63.48299842028799 -6.531394449302151 -0.0020290475267188413 0.003964260517093326 5.391622180404933e-06


#T= 2546.55
51.940625479134034 -5.7709101161186895 -0.0007762976259755305 0.0035655729423987176 2.1837912643850203e-06
53.864370218786554 -5.960160634157895 -0.0009611185450353332 0.003639141977169039 2.6513900000855887e-06
55.78807067500672 -6.116339141226151 -0.0011770840453095843 0.00369985622388434 3.1865403307881365e-06
57.71181907096799 -6.30519352168462 -0.0014295977771894286 0.0037734316489498386 3.799541127246779e-06
59.635549162905214 -6.58652943035071 -0.001763795508821886 0.0038833558132137943 4.5894456473631295e-06
61.55926946247374 -6.753651661334175 -0.002139801472964109 0.003948620864234778 5.458333620075882e-06
63.48299842028799 -6.923470756819643 -0.0026134618512401175 0.004014981503183712 6.525379324124663e-06


#T= 2646.75
51.940625479134034 -6.130683007982882 -0.0010205237078082519 0.0036152066712915954 2.7034210107785317e-06
53.864370218786554 -6.327306547147666 -0.0012567220129540146 0.0036888032014950095 3.262948920642836e-06
55.78807067500672 -6.489569778302859 -0.001531355243201915 0.003749540100161621 3.900569237363388e-06
57.71181907096799 -6.685797518602055 -0.0018509234284067588 0.0038231371127581673 4.62787413403119e-06
59.635549162905214 -6.978148871263515 -0.0022712515658724897 0.003933081698484011 5.55933525332083e-06
61.55926946247374 -7.151811342440671 -0.0027417924275709993 0.0039983601077698 6.579638540035121e-06
63.48299842028799 -7.328280387604057 -0.003331214768365953 0.004064732764707092 7.825720788391267e-06


#T= 2748.89
51.940625479134034 -6.502443655714548 -0.0013270432299066215 0.0036639218587990485 3.312207400368623e-06
53.864370218786554 -6.706585646085033 -0.0016256069865505651 0.0037375434064711582 3.975566767615424e-06
55.78807067500672 -6.875053616305718 -0.0019711641605795194 0.0037983009136137117 4.728548211728015e-06
57.71181907096799 -7.078799577183666 -0.0023714676479471564 0.0038719175631258245 5.584095414547348e-06
59.635549162905214 -7.38238163623628 -0.002894880130980937 0.00398188072236775 6.673401271535138e-06
61.55926946247374 -7.562712276301541 -0.0034781109644086428 0.004047171281358647 7.862019996627676e-06
63.48299842028799 -7.745961193339181 -0.0042047836973040376 0.004113554868026462 9.306006331511902e-06


#T= 2852.96
51.940625479134034 -6.886251828181911 -0.0017077510817387065 0.003711746324669503 4.019094946931856e-06
53.864370218786554 -7.098056821231168 -0.002081313783804717 0.003785390671543096 4.798837932569408e-06
55.78807067500672 -7.272848820426555 -0.0025118428726784714 0.0038461669581587397 5.6807511691732065e-06
57.71181907096799 -7.48425701419053 -0.0030085103575459016 0.0039198014991863985 6.679161501124701e-06
59.635549162905214 -7.7992838359504315 -0.003654261722033425 0.0040297815788293175 7.943287968148349e-06
61.55926946247374 -7.986409851083466 -0.004370739358279252 0.004095083206348486 9.317790863200714e-06
63.48299842028799 -8.176567835642777 -0.005258862571281497 0.004161476749339866 1.0979153448452305e-05


#T= 2958.96
51.940625479134034 -7.282201094064445 -0.002176065594596821 0.003758711292222485 4.8331877268779305e-06
53.864370218786554 -7.501813510872122 -0.002639049243782665 0.0038323764509505943 5.742483152385836e-06
55.78807067500672 -7.683048721380681 -0.0031705427206247805 0.0038931698786866756 6.76754485312505e-06
57.71181907096799 -7.902263057592189 -0.0037813101538404226 0.003966820748161714 7.924077061860894e-06
59.635549162905214 -8.22894860098401 -0.004571130547077473 0.004076816268119394 9.380634417520576e-06
61.55926946247374 -8.422997133674865 -0.005443990504403473 0.004142127996125333 1.095919796753917e-05
63.48299842028799 -8.62019332403439 -0.00652065847356198 0.004208530624011303 1.2857934756402335e-05


#T= 3066.9
51.940625479134034 -7.690421289792411 -0.00274704291331318 0.0038048506381270185 5.763731038498089e-06
53.864370218786554 -7.917986169129367 -0.0033158071478851525 0.0038785348265355677 6.816332557695231e-06
55.78807067500672 -8.105784283103647 -0.003966361492018677 0.003939343926387395 7.999373466798752e-06
57.71181907096799 -8.332949314142994 -0.004711237492927012 0.004013009723129806 9.329879488173412e-06
59.635549162905214 -8.671508549263914 -0.00566951411335026 0.004123019356883878 1.0997060300030424e-05
61.55926946247374 -8.872607337057914 -0.006724653338096687 0.004188340317751183 1.2798407857629374e-05
63.48299842028799 -9.076971483231539 -0.008020041618635787 0.00425475124959446 1.4954963671451762e-05


