#Found quasiharmonic mode : None
#T(K), volume, F(eV), S(J/K), H(J/K), a(-6/K), Cp(J/mol), Cv, Cpion, Bt(GPa), T_ph-D(K), T-D(K), F_el_atom, S_el_atom, C_el_atom, M_el, Seebeck_coefficients(μV/K), Lorenz_number(WΩK^{−2}), Q_el, Q_p, Q_e, C_mu, W_p, W_e, Y_p, Y_e
0.0 33.49721641453917 -2.492456602550562 0.0 -240485.50309177785 0.0 0.0 0.0 0.0 47.336491104138766 400.0 400.0 0.0 0.0 0.0 0.0 0.0 2.443004551768e-08 0.0 0.0 0.0 0.0 0.0 0.0 0.0 0.0 0.0
0.22 33.49721641450101 -2.492456602564367 7.473615547130143e-05 -240485.50307666784 -3.511644650205878e-12 0.00022420845667292457 0.00022420845667290126 0.00022420845585338406 47.33649110422449 45.19464618449169 400.0 -2.10021927010325e-12 3.520181172017373e-12 8.195405141973716e-13 -1.3579958310796072e-05 661.6447671267149 1.485847610834231e-08 4.9261513451237155e-14 4.9736497929469945e-14 -4.774254257963697e-16 2.438628847269755e-11 -3.511644650205878e-12 4.973893887703352e-14 -4.774254257963705e-16 4.9786162432288744e-14 -4.550959554750181e-16
0.55 33.497216412816194 -2.492456603045387 0.001167760819118685 -240485.50249725278 -1.2486833796160624e-10 0.0035032583305803083 0.0035032583305066086 0.00350325832976999 47.336491117065044 45.194640613261285 400.0 -2.1002192714350366e-12 4.226329591856301e-12 8.103182551676e-13 0.00023578996445264186 823.0896145983684 1.485276171797546e-08 4.872591486433233e-14 4.919491542807535e-14 -4.693907025491045e-16 3.683074785639122e-11 -1.2486833796160624e-10 4.919530556688142e-14 -4.693907025491045e-16 4.9202692799784555e-14 -4.450473789968999e-16
1.01 33.497216394881264 -2.4924566081655497 0.007231463930544332 -240485.4963297632 -7.736559380837069e-10 0.021694355158751476 0.02169435515355612 0.02169435515793516 47.336491237115496 45.1946970372514 400.0 -2.100219285611936e-12 4.75050804818837e-12 8.16316209633124e-13 0.0006406996113672808 928.8697106965253 1.4852007764099844e-08 4.9089074660751256e-14 4.956101831568518e-14 -4.72060484998687e-16 4.7000888870907914e-11 -7.736559380837069e-10 4.956113514574994e-14 -4.720604849986909e-16 4.956335858973425e-14 -4.478558861211969e-16
1.59 33.49721629376582 -2.4924566370312684 0.028212468387226193 -240485.4615608355 -3.016393501716979e-09 0.08462665750068901 0.08462665737636034 0.0846266574998615 47.33649192290924 45.19700932902063 400.0 -2.1002193655399673e-12 5.185473698978108e-12 8.275261397954295e-13 0.0012023345041007108 1007.1449896938261 1.4851831426506709e-08 4.976377327380374e-14 5.023752073360289e-14 -4.737952955072636e-16 5.584565903072939e-11 -3.016393501716979e-09 5.023756856931101e-14 -4.737952955072667e-16 5.023849049870255e-14 -4.495290437690986e-16
2.29 33.49721589634329 -2.492456750923023 0.08415545949907115 -240485.32469154175 -8.982923790938583e-09 0.251293439497382 0.2512934379093138 0.251293439496571 47.336494622733376 45.28843944719819 400.0 -2.100219679687878e-12 5.387668897391784e-12 8.109165697153571e-13 0.0019350230772792979 1072.750269455726 1.4845421060062322e-08 4.8786004042371435e-14 4.9257359959585746e-14 -4.713785326498258e-16 6.199075461810281e-11 -8.982923790938583e-09 4.925738257502126e-14 -4.713785326498266e-16 4.92578097780776e-14 -4.470902071561858e-16
3.11 33.49721472243132 -2.4924571074683537 0.20796577087166027 -240484.90503539125 -2.004745314436338e-08 0.6047906316034453 0.6047906208616448 0.6047906316026942 47.336502602051105 45.88129319786777 400.0 -2.100220607622751e-12 5.534814258893721e-12 7.511598332088665e-13 0.002842754055111632 1127.9095225080312 1.4024006424250256e-08 4.7837871471497063e-14 4.833066884446935e-14 -4.928094093608561e-16 6.713496686895083e-11 -2.004745314436338e-08 4.833068088085793e-14 -4.928094093608557e-16 4.833090396362209e-14 -4.685134081551984e-16
4.05 33.49721243797863 -2.4924580524095816 0.43914218826652807 -240483.8644560444 -2.5188717722581835e-08 1.2003058823357757 1.2003058602523966 1.200305882335166 47.33651812453887 47.42308494839143 400.0 -2.100222413402286e-12 5.861694494486768e-12 6.096456555694288e-13 0.003916486187090745 1173.0507789532285 1.1175778556067345e-08 4.872044970554617e-14 4.9442630389766835e-14 -7.221879755646892e-16 7.42422224757254e-11 -2.5188717722581835e-08 4.944263768111086e-14 -7.221879755646892e-16 4.9442767581897405e-14 -6.980820994050143e-16
5.11 33.49721120484959 -2.492460233520199 0.8071463830218971 -240481.72890907194 1.325034710315855e-08 2.010730285465139 2.0107302777547935 2.010730285464408 47.33652650423286 49.99785688332014 400.0 -2.10022493431476e-12 5.876193938873585e-12 7.316225350225056e-13 0.005192886842523515 1218.0973491114555 1.4173417799799607e-08 4.6102457634034356e-14 4.7621962213418975e-14 -1.519509067227555e-15 7.837918610184177e-11 1.325034710315855e-08 4.762196670126191e-14 -1.519509067227555e-15 4.762176510378278e-14 -1.5022436433231324e-15
6.29 33.497219813058166 -2.4924646691974486 1.3185736023307342 -240477.98757692313 1.5116009745999386e-07 2.9389256760015163 2.9389244408421473 2.938925675970865 47.33646801070755 53.52504187460877 400.0 -2.100297292714721e-12 7.413186420745697e-12 3.065116745299716e-11 0.006610989516774662 1096.9698565498547 5.012088653623672e-07 5.461851264602917e-14 5.2128808306981164e-14 2.489701071276465e-15 1.0239232126169329e-10 1.5116009745999386e-07 5.2128811574752696e-14 2.489701071276465e-15 5.2125591300976985e-14 2.41988447847776e-15
7.6 33.49725703941674 -2.4924727889041187 1.9629352816958163 -240472.14652933567 4.3745856236191735e-07 3.8818825239695887 3.8818700247291518 3.881882523442759 47.336215087363655 57.97052895668823 400.0 -2.100317551844824e-12 4.5536215322971873e-11 5.268297815586706e-10 0.00737172303194576 217.13295341865864 1.186813091590728e-06 3.9646018752557633e-13 2.2351759021799683e-13 1.7294258858215386e-13 5.446464437524496e-10 4.3745856236191735e-07 2.2351759894342237e-13 1.7294258858215386e-13 2.2350092059349145e-13 1.7232163437676995e-13
9.02 33.4973499931057 -2.4924860440043988 2.702217529031174 -240463.9697581175 8.866191614743687e-07 4.74811663533355 4.74805569955517 4.748116632272628 47.335583702003774 63.21258477671372 400.0 -2.1003540801960703e-12 2.9775818288782123e-10 3.060922165346353e-09 0.007558986693789039 96.01049839471072 9.170269811770612e-07 2.981135836390878e-12 1.515065989637691e-12 1.4660698070016815e-12 3.088583666835356e-09 8.866191614743687e-07 1.5150660293891987e-12 1.4660698070016815e-12 1.5150486837259767e-12 1.4635319472701406e-12
10.57 33.49753438623511 -2.4925062877008948 3.516491295030356 -240453.12766702063 1.4981944875182263e-06 5.517723296821884 5.517519407781586 5.51772328421455 47.33433186779176 69.25700537152233 400.0 -2.1079062706314806e-12 1.383582158660391e-09 1.2607333640757183e-08 0.007699654297096583 89.5510163107174 7.289363231839451e-07 1.5447039146784226e-11 7.746162872201935e-12 7.700876133902028e-12 1.2739917538594086e-08 1.4981944875182263e-06 7.746163012882203e-12 7.700876133902026e-12 7.746583167214828e-12 7.695604099032126e-12
12.23 33.4978455523443 -2.492534911936146 4.369882295179486 -240439.61513838402 2.2443773142752477e-06 6.1830969404646545 6.182567538715348 6.183096900558482 47.33222133916944 75.93062451206637 400.0 -2.159375050035701e-12 4.880131429105671e-09 3.990617142776833e-08 0.007851842567027699 94.64142659872246 5.957568228343232e-07 5.982498961949982e-11 2.9940214670037987e-11 2.988477456794726e-11 4.0501031069180417e-08 2.2443773142752477e-06 2.994021505155256e-11 2.988477456794726e-11 2.9944594433733645e-11 2.9894678263040816e-11
14.02 33.49832651363976 -2.4925738735755267 5.254118277669535 -240423.15528731668 3.1107220693219937e-06 6.773095578668123 6.771929805769673 6.773095473891243 47.32896389742137 83.19040468170577 400.0 -2.327719995225717e-12 1.4147465564479831e-08 1.0477687974353612e-07 0.008027957000698353 102.2773056977016 4.963748677217495e-07 1.885242707410667e-10 9.435659316084641e-11 9.416767673016454e-11 1.069815719881024e-07 3.1107220693219937e-06 9.435659401090217e-11 9.416767673016457e-11 9.438394744319262e-11 9.433339737647315e-11
15.93 33.499015506424385 -2.492624592814339 6.152058386830576 -240403.70939806907 4.0725463546156835e-06 7.310010109472954 7.307739943710503 7.31000987283182 47.32430728085941 90.85375057931246 400.0 -2.7941539028224844e-12 3.498508834293515e-08 2.3664113393286442e-07 0.008230845173540531 110.2115948824953 4.207896893758095e-07 5.02269423773042e-10 2.516014950035242e-10 2.5066792714940673e-10 2.434748377399452e-07 4.0725463546156835e-06 2.516014966236352e-10 2.5066792714940673e-10 2.517272453978611e-10 2.516768067422463e-10
17.95 33.49994731199196 -2.4926882800230246 7.052770889635678 -240381.25933218416 5.109548772041099e-06 7.817472496731101 7.813446311827753 7.817472023408018 47.31802718382656 98.7263253107385 400.0 -3.913262701992562e-12 7.60274060209263e-08 4.733230832240539e-07 0.008461400372429782 118.11858306621485 3.6246780587001864e-07 1.1662719721334694e-09 5.851277263104248e-10 5.811442430939956e-10 4.915649635876316e-07 5.109548772041099e-06 5.851277290394741e-10 5.811442430939955e-10 5.855839642239933e-10 5.855343520611135e-10
20.1 33.50117148403856 -2.4927671291752413 7.96245080073459 -240355.41909519737 6.22195586329603e-06 8.323694136407056 8.317009858789607 8.323693271763531 47.30980564510129 106.71811291479524 400.0 -6.3637951180693594e-12 1.4996082665998007e-07 8.646435240716908e-07 0.008723820358071935 126.08581018687494 3.1638966816124247e-07 2.44076739376894e-09 1.2274990277758025e-09 1.2132683618029483e-09 9.081668751123101e-07 6.22195586329603e-06 1.2274761171752296e-09 1.2132912765937101e-09 1.2288850792823318e-09 1.2288347932191709e-09
22.37 33.502725197281265 -2.4928624649996567 8.876512344486176 -240326.09528382763 7.398038668892048e-06 8.846020404802179 8.835504939570873 8.846018941126774 47.299414709789694 114.6114329296625 400.0 -1.1236671434224329e-11 2.7244146428263487e-07 1.4636754053171062e-06 0.009019006290716959 134.11413280067714 2.7980490135023224e-07 4.671980810889758e-09 2.3576444578423752e-09 2.3143363470861196e-09 1.5579695592892126e-06 7.398038668892048e-06 2.357509574751566e-09 2.3144712361381935e-09 2.361268164701902e-09 2.361217843909603e-09
24.77 33.504659449282805 -2.4929764852907828 9.800504173050806 -240292.905662265 8.637750063016848e-06 9.402669176636628 9.386799669680672 9.402666843657537 47.28654036833018 122.25972813835158 400.0 -2.0294457650102184e-11 4.6355469187801674e-07 2.332979092341572e-06 0.009350472822222828 142.25741856109235 2.5040095800736e-07 8.32120944756716e-09 4.218468837813105e-09 4.102740601770477e-09 2.522000322176626e-06 8.637750063016848e-06 4.218078353527097e-09 4.103131094040064e-09 4.2268668382600035e-09 4.22681701713645e-09
27.28 33.507001412855494 -2.4931100417724004 10.729508785998076 -240255.84939243514 9.925318494874394e-06 9.999683970326682 9.976613453255272 9.999680443519551 47.2710319174774 129.4406715194393 400.0 -3.584653241543217e-11 7.439649523014746e-07 3.5268071308401924e-06 0.00971759458008202 150.43892468129843 2.267990754710699e-07 1.3888393829931773e-08 7.081764854610701e-09 6.806628965164667e-09 3.879718443234111e-06 9.925318494874394e-06 7.080973186933454e-09 6.807420642998319e-09 7.099255021260624e-09 7.099203343749536e-09
29.91 33.50980221936626 -2.4932655024219823 11.670498526852285 -240214.4854535855 1.1259268900931483e-05 10.643973417797758 10.611432665447918 10.643968305985902 47.25257908050053 136.06531166186764 400.0 -6.137648129836654e-11 1.1392762625774839e-06 5.111811854891693e-06 0.010123820395099292 158.6583735512742 2.0765403464018743e-07 2.198599272585927e-08 1.1290240093628717e-08 1.069575261982942e-08 5.733353238066357e-06 1.1259268900931483e-05 1.1289427637451238e-08 1.0696565088408032e-08 1.1323639802323721e-08 1.1323586513494777e-08
32.66 33.51310535633533 -2.4934449157393326 12.626205378718211 -240168.48895036598 1.263151925114193e-05 11.33412813344695 11.289422546826252 11.334120979669413 47.23091479921935 142.05743930130205 400.0 -1.0135135348465513e-10 1.6769093003225703e-06 7.1537775373320676e-06 0.010571155806709226 166.86067753328538 1.9205380319154483e-07 3.326780228057424e-08 1.722558489875957e-08 1.6042217367176896e-08 8.194235462005023e-06 1.263151925114193e-05 1.7225611891634367e-08 1.604219038893987e-08 1.728483874039364e-08 1.7284786500177687e-08
35.54 33.51696749396768 -2.4936512038899075 13.601983693744657 -240117.3500982799 1.4037707511668433e-05 12.06618425248467 12.00612745491299 12.066174521098924 47.20567787373736 147.4046211060912 400.0 -1.61969915049639e-10 2.3893418453787167e-06 9.731385745825368e-06 0.011063178737971528 175.00282169392023 1.7926177267238264e-07 4.848401692335826e-08 2.5341326734879157e-08 2.3142690171672513e-08 1.1399660119578771e-05 1.4037707511668433e-05 2.5343679037783495e-08 2.3140337885574772e-08 2.544020436581481e-08 2.54401518333534e-08
38.53 33.52140281131737 -2.493885224617479 14.592109522121621 -240061.11018649093 1.5458382555693283e-05 12.82495255020025 12.746035486927806 12.824939649450645 47.17677056182528 152.0798485117461 400.0 -2.5019455644992945e-10 3.303696664933193e-06 1.2900749603565215e-05 0.011598055594568607 182.94687808063375 1.6882655634601766e-07 6.824734749487033e-08 3.60394017223924e-08 3.2207945753636387e-08 1.5467559832018792e-05 1.5458382555693283e-05 3.6045869150980697e-08 3.2201478343889644e-08 3.6195445827922475e-08 3.619539210685485e-08
41.65 33.52647987986595 -2.494150934025856 15.603245037124802 -239999.1060710967 1.6893508763461846e-05 13.60352393960161 13.501697634480495 13.603507174778109 47.1437242455921 156.1531442426662 400.0 -3.7596838190394485e-10 4.460692530622476e-06 1.6764823502416006e-05 0.012180633714118674 190.65902154096955 1.6025412861078322e-07 9.343322756530818e-08 4.9884013803251925e-08 4.3549213741334776e-08 2.0582050599051577e-05 1.6893508763461846e-05 4.989686218536641e-08 4.3536365379941764e-08 5.011941604710491e-08 5.011936449091321e-08
44.89 33.53222109356602 -2.4944500546889214 16.631135301499476 -239931.27031972844 1.832947772677993e-05 14.38709000590967 14.257972483130162 14.387068599366383 47.1063729269176 159.66308939430942 400.0 -5.504013218065246e-10 5.895056769732043e-06 2.1406543285216448e-05 0.012810071348614682 198.02564454555304 1.5324727189668612e-07 1.2475713254096462e-07 6.737019728321923e-08 5.7386935235325955e-08 2.6905879484457105e-05 1.832947772677993e-05 6.741811048378627e-08 5.733902205717834e-08 6.771132521697169e-08 6.7711269703509e-08
48.25 33.538660424508834 -2.4947851149065037 17.674090708634658 -239857.39550309477 1.9758649348661084e-05 15.164346545423273 15.0031914072248 15.164319612629008 47.0644737593105 162.67240918959152 400.0 -7.872823603284159e-10 7.647635516922122e-06 2.693279426542935e-05 0.01348688680527903 204.96847063418807 1.4753602370238347e-07 1.6304028731430785e-07 8.906134860612751e-08 7.397893868425237e-08 3.463365558065364e-05 1.9758649348661084e-05 8.919569569356126e-08 7.384459162074658e-08 8.953888831473306e-08 8.953883294502877e-08
51.72 33.54580805238286 -2.4951575677969067 18.726846892756086 -239777.55409932265 2.1170755866711658e-05 15.923582631078794 15.725417811652246 15.923549183275904 47.017944835838826 165.2375064923097 400.0 -1.1020933235814079e-09 9.756801036827158e-06 3.344780288999212e-05 0.01420909516453755 211.40646181431913 1.429117974302648e-07 2.0903119655333109e-07 1.1548159154783836e-07 9.354960498024658e-08 4.395256368521859e-05 2.1170755866711658e-05 1.1582244128568821e-07 9.32087552676429e-08 1.1612997874150428e-07 1.1612992562107362e-07
55.32 33.5537343506342 -2.495572141926046 19.792839664903724 -239691.1670528919 2.256903787945579e-05 16.66165939364829 16.420985459111378 16.661618260628046 46.96631881934946 167.43237689251305 400.0 -1.5162015952765846e-09 1.2284379037503417e-05 4.11330202431266e-05 0.014980630287570362 217.332988687068 1.3916567606877302e-07 2.639794127366553e-07 1.4744043548111566e-07 1.1653897722914886e-07 5.5155681102607687e-05 2.256903787945579e-05 1.4903601105714426e-07 1.1494340167951099e-07 1.482993934128589e-07 1.4829933811215024e-07
59.04 33.56244654172319 -2.4960303907905104 20.866182251126116 -239598.3818369293 2.394574720809305e-05 17.37090766045464 17.082031746919473 17.370857523818778 46.90953988419228 169.30254001791315 400.0 -2.0519857031469908e-09 1.5280117065858417e-05 5.0136635863532125e-05 0.015798904723369 222.70667287330576 1.3615896462694652e-07 3.2886718600486e-07 1.8558816234065067e-07 1.4327902363683807e-07 6.848382241260678e-05 2.394574720809305e-05 1.9000458301525094e-07 1.388626029896091e-07 1.867013945611155e-07 1.8670133714882165e-07
62.89 33.5719954168681 -2.496536250161397 21.946793968430086 -239498.89537376724 2.5301918229987363e-05 18.04956270653641 17.706365837437286 18.049502030411393 46.84726699500104 170.89885507334017 400.0 -2.738728862130806e-09 1.8815587190647412e-05 6.067612501425931e-05 0.016665415680676976 227.53807379366225 1.3375591110304883e-07 4.051505625961475e-07 2.308440091307006e-07 1.7430655343724113e-07 8.427454842040997e-05 2.5301918229987363e-05 2.3988541322596006e-07 1.6526514937018733e-07 2.32260731256806e-07 2.3226067295828783e-07
66.85 33.582355173657874 -2.497089658567852 23.026296528147803 -239393.21711742994 2.6629113197365613e-05 18.69233641234478 18.288712937083652 18.69226350378611 46.779657298976716 172.25373244018343 400.0 -3.604917554960187e-09 2.2941442147132566e-05 7.290855866888943e-05 0.01757471355041188 231.81738105077565 1.3185766602069433e-07 4.93838245984507e-07 2.838524315362109e-07 2.0998581441938957e-07 0.00010277000750365906 2.6629113197365613e-05 2.995152616040349e-07 1.943229843804721e-07 2.8562532877094577e-07 2.8562527070620244e-07
70.93 33.593572533917865 -2.497694432116665 24.104940002965655 -239281.11342264092 2.7930377824287226e-05 19.30067777028934 18.830123715988794 19.30059067596853 46.70639362973666 173.40627494697827 400.0 -4.689517420303486e-09 2.7742971524621134e-05 8.709432081069091e-05 0.018527973585233986 235.5834928075598 1.3036200002673417e-07 5.966922741704156e-07 3.456969664147394e-07 2.5099530772618335e-07 0.00012436320698756023 2.7930377824287226e-05 3.700608510407023e-07 2.2663142312971323e-07 3.478849969251524e-07 3.478849376014932e-07
75.14 33.605698620116186 -2.4983547025048654 25.182863054035586 -239162.3428948655 2.920877074315372e-05 19.876580825532606 19.332149936940358 19.876477293356988 46.62712805360442 174.3877930243397 400.0 -6.039560628399749e-09 3.331920455646856e-05 0.00010353217561690756 0.01952646793118409 238.87342907217152 1.2918424246070967e-07 7.157764251220133e-07 4.176380897793623e-07 2.981383353126697e-07 0.00014950312098760665 2.920877074315372e-05 4.529384983128866e-07 2.6283792680912683e-07 4.2030758330901647e-07 4.2030752426362334e-07
79.46 33.61869680281385 -2.499069830845244 26.252807857296403 -239037.53450783485 3.0458826098975097e-05 20.41879168211218 19.793626183771035 20.41866925819833 46.542084732784126 175.21824750129187 400.0 -7.699217973879717e-09 3.973756864512393e-05 0.00012242391384663801 0.020564292343380582 241.7017844336618 1.2825801794977017e-07 8.524979203912327e-07 5.005309777794646e-07 3.519669425813842e-07 0.0001784866948669582 3.0458826098975097e-05 5.481506886990237e-07 3.043472316922087e-07 5.037529030300962e-07 5.037528391869726e-07
83.91 33.632647727819545 -2.499845603845248 27.31784532397976 -238906.19293459557 3.168734323190626e-05 20.93186994596945 20.21847128431338 20.93172578779728 46.45071921523189 175.92223810538619 400.0 -9.734760376165425e-09 4.713105307371416e-05 0.00014415817216603886 0.021645053071365775 244.11025200172136 1.2751543095041714e-07 1.0096901439866926e-06 5.960845759292836e-07 4.1360556802669363e-07 0.00021189374504324232 3.168734323190626e-05 6.562332163474401e-07 3.5345692763925255e-07 5.999402951705273e-07 5.999402297435203e-07
88.47 33.647508936466004 -2.5006809912948094 28.37155477386619 -238769.00452040657 3.2890068190971145e-05 21.415900763271193 20.60689339048209 21.41573180637268 46.353291190402324 176.51392133255328 400.0 -1.2204430699833169e-08 5.557898258612652e-05 0.0001689568985147384 0.022762671165315426 246.1143685967589 1.269039942127459e-07 1.1890831642111548e-06 7.053277242766901e-07 4.837554399034784e-07 0.00025004541385275595 3.2890068190971145e-05 7.781465514187138e-07 4.109366127924409e-07 7.099046254944581e-07 7.099045598835045e-07
93.16 33.663365714812244 -2.501582098651285 29.41716363676791 -238625.47664941452 3.407375989670363e-05 21.87561815171837 20.96292462400627 21.87542088576451 46.24922144778206 177.01048072057483 400.0 -1.519658026539474e-08 6.52407951135695e-05 0.00019726595386114964 0.023920794582777537 247.74806811310367 1.2637228055454942e-07 1.3941577159086287e-06 8.303443332156382e-07 5.638133826617834e-07 0.00029360513978964655 3.407375989670363e-05 9.163309382505921e-07 4.778267776580369e-07 8.357430743516779e-07 8.357430070836342e-07
97.97 33.68020624129295 -2.502549570772931 30.451147302987284 -238476.027581516 3.523733600512005e-05 22.312624590562464 21.288078538942106 22.31239520417233 46.13856537680383 177.4227560883311 400.0 -1.8795061589008335e-08 7.623121915567032e-05 0.00022938639013636762 0.025115703824005717 249.03103518427892 1.258804353075579e-07 1.6275000241737281e-06 9.72665799958512e-07 6.548342241838282e-07 0.0003430122004566032 3.523733600512005e-05 1.0725072887588323e-06 5.549927354148956e-07 9.78997055251556e-07 9.7899698823754e-07
102.9 33.698050854029525 -2.503585835014373 31.472534056483376 -238320.78702787717 3.638249620385913e-05 22.729633731416783 21.584763751722328 22.729368046706085 46.02116562587083 177.76106173956603 400.0 -2.310110868994873e-08 8.869229864884374e-05 0.0002656847106964755 0.026346103991379273 249.98743787370248 1.253949726946027e-07 1.8923350369619913e-06 1.1342078410605794e-06 7.581271958698769e-07 0.000398805040962224 3.638249620385913e-05 1.250069754529834e-06 6.422652824321571e-07 1.141595392883561e-06 1.1415953266873103e-06
107.95 33.71692019882295 -2.5046933198506025 32.48053165787298 -238159.8934320634 3.7510984738553956e-05 23.129306259998298 21.855322566842762 23.128999718786275 45.89686075772963 178.03407621380808 400.0 -2.8229725013224646e-08 0.0001027758904138657 0.0003065412120204703 0.027610690576553416 250.64072432667388 1.2489036937129625e-07 2.1921562849137073e-06 1.3170488647093275e-06 8.75107420172723e-07 0.00046154050275426826 3.7510984738553956e-05 1.453149938886417e-06 7.390063460272903e-07 1.3256314074802499e-06 1.325631338026079e-06
113.12 33.736835336258686 -2.50587446103346 33.474506259103485 -237993.4934758096 3.8624566708402944e-05 23.5142117086771 22.101991396207794 23.513859357678506 45.765484357434865 178.2491171736444 400.0 -3.4311056606705216e-08 0.00011864375464036934 0.00035235099859412235 0.02890815326762276 251.01297270825566 1.243487447172114e-07 2.5307293044695626e-06 1.5234346843130434e-06 1.0072946201247604e-06 0.0005317927749871118 3.8624566708402944e-05 1.6839123603596856e-06 8.468169441098766e-07 1.5333678683969924e-06 1.5333677969187706e-06
118.41 33.757817840277184 -2.5071317079003403 34.453962300393066 -237821.74182935766 3.972501108873373e-05 23.886805386922067 22.326876373575967 23.88640186089682 45.62686431878394 178.41236515387854 400.0 -4.1492011636868786e-08 0.00013646774703236043 0.0004035260252430768 0.030237175966976265 251.12424668855135 1.2375908272670895e-07 2.912098499849389e-06 1.7557835476336623e-06 1.1563149521838812e-06 0.0006101528882830054 3.972501108873373e-05 1.9443776415644366e-06 9.677208582849528e-07 1.767242299874566e-06 1.7672422291729952e-06
123.82 33.77988989071566 -2.5084675297720955 35.41852383658643 -237644.80110085054 4.081407975330959e-05 24.249416574479923 22.531940227455152 24.24895607659964 45.48082207379392 178.529048594001 400.0 -4.993771177612122e-08 0.00015643014230239572 0.0004604978802843075 0.0315964334570977 250.99221211801125 1.231161085787387e-07 3.340599011697968e-06 2.0166921063001894e-06 1.3239069053658535e-06 0.0006972287957388749 4.081407975330959e-05 2.236310105701827e-06 1.104288905996142e-06 2.029873271474361e-06 2.029873199227088e-06
129.36 33.80311684696311 -2.509887031193653 36.36960215072465 -237462.51205418268 4.189544754319647e-05 24.604874180144062 22.71931678664465 24.604350340202515 45.32689007615759 178.60369434858262 400.0 -5.985245929066794e-08 0.00017876619234797114 0.000523839941547547 0.03298709433429601 250.63128236334035 1.2241770328858133e-07 3.8217825644379205e-06 2.3094954471366965e-06 1.5122871172692238e-06 0.0007938273083959762 4.189544754319647e-05 2.5602084359708796e-06 1.261574128467042e-06 2.324624493612794e-06 2.3246244201257575e-06
135.01 33.827438513271176 -2.5113876170680394 37.30357952738801 -237275.71204287253 4.2966949851091635e-05 24.953971055226692 22.889999704939477 24.95337725081632 45.16543030882068 178.63979550655836 400.0 -7.140779194179985e-08 0.00020360011569526447 0.0005938044103738282 0.03440277626574579 250.0559561161632 1.2166873859629897e-07 4.3588909718917125e-06 2.636116913922767e-06 1.7227740579368678e-06 0.0009002447768440704 4.2966949851091635e-05 2.917638797125215e-06 1.441252174766497e-06 2.6534406803764363e-06 2.653440604037416e-06
140.79 33.85296549747303 -2.512977168213212 38.22365526687103 -237083.92826000613 4.403411715377523e-05 25.299903764637286 23.04612522948086 25.299232615098614 44.99566885885685 178.6406826418181 400.0 -8.487630424747076e-08 0.0002312371909113893 0.0006711495386741374 0.03584710116573058 249.27589417604716 1.2087095542555416e-07 4.95916928857881e-06 3.0009034280091565e-06 1.9582658605374913e-06 0.0010175246033201875 4.403411715377523e-05 3.313993237753849e-06 1.6451760508249602e-06 3.020708902689322e-06 3.020708825326224e-06
146.68 33.87963495693573 -2.514652799420974 39.1265968725422 -236888.02128935597 4.5094973798446555e-05 25.64331721238466 23.18854270776189 25.642561062804198 44.81798127290735 178.6090588292591 400.0 -1.0046883890150948e-07 0.00026181197565518856 0.0007561495804581964 0.03731365842278434 248.30452935957527 1.2003259095553622e-07 5.626264273485072e-06 3.4059980398902747e-06 2.220266233562539e-06 0.001145950562575139 4.5094973798446555e-05 3.752640889797891e-06 1.87362338368718e-06 3.4286004203619405e-06 3.4286003423167148e-06
152.7 33.907563978519 -2.5164228682959453 40.01547624661607 -236687.53297903907 4.615484471705644e-05 25.987122641274148 23.319001652153677 25.986272971306853 44.631542044123 178.54711766756677 400.0 -1.1852478228290579e-07 0.00029567280003352323 0.0008496699672950202 0.03880598686589462 247.1490240472505 1.1915670288863578e-07 6.36859135573457e-06 3.8564193205358955e-06 2.5121720351663007e-06 0.0012866756923083555 4.615484471705644e-05 4.242199000600639e-06 2.1263923551339316e-06 3.882185230257522e-06 3.8821851503652825e-06
158.84 33.93673552478262 -2.518287305884174 40.88878081373776 -236483.01313736048 4.721363322143131e-05 26.33238672022897 23.438395451710072 26.33143453472321 44.43641545943736 178.4568361546546 400.0 -1.3933734857582239e-07 0.0003330296417109512 0.0009521855057610053 0.04032012788953131 245.82153329326164 1.1825056293226632e-07 7.191673168123441e-06 4.355404126544182e-06 2.836269041546743e-06 0.0014402375216115205 4.721363322143131e-05 4.786791529032793e-06 2.4048816390906482e-06 4.384743390209907e-06 4.384743309317391e-06
165.09 33.96712934045192 -2.5202457246860024 41.745248961291125 -236275.02261931947 4.827139795124898e-05 26.680133182045186 23.54759703762554 26.679069019033214 44.23268615371717 178.34006307885656 400.0 -1.6321812084773385e-07 0.00037409023950512335 0.0010641630119758016 0.04185215975101355 244.33567622251783 1.173212199180413e-07 8.101084876323681e-06 4.906197305477832e-06 3.1948875708131543e-06 0.0016071427255772317 4.827139795124898e-05 5.389767659851534e-06 2.711317216472146e-06 4.939567142154857e-06 4.939567059287977e-06
171.47 33.99887297274256 -2.522307258560825 42.587730461096044 -236063.13540876377 4.9333276907455384e-05 27.032984652849766 23.647892010698442 27.03179799969077 44.01944375939371 178.19780039730693 400.0 -1.9063242254068525e-07 0.00041927900161457907 0.0011866531589951918 0.043405501603772656 242.6984633855976 1.1637083080308652e-07 9.107333865583166e-06 5.51500347719494e-06 3.59233038835531e-06 0.0017887462611049627 4.9333276907455384e-05 6.057302688540268e-06 3.0500311770428988e-06 5.552935375923205e-06 5.552935294241593e-06
177.97 34.03195012650672 -2.5244717713169216 43.41496119515228 -235847.93663917662 5.039934548480956e-05 27.3918402262396 23.739942540760843 27.390520007210345 43.79673748578564 178.03136384224408 400.0 -2.219741956919519e-07 0.00046884453642290815 0.001320219029257927 0.044976212084327116 240.92458971809546 1.1540558201470224e-07 1.0217173434636668e-05 6.185725961130817e-06 4.03144747347266e-06 0.0019856551779752043 5.039934548480956e-05 6.792677399831783e-06 3.424496034804886e-06 6.2288148416226754e-06 6.2288147578922345e-06
184.6 34.06644678342588 -2.5267457794661987 44.228293797485435 -235629.36267958867 5.147303827386662e-05 27.758671260233047 23.82463330900336 27.757205390450356 43.5639239268864 177.84139879904606 400.0 -2.5777472545130937e-07 0.000523203544916008 0.0014658697826936838 0.04656520641620127 239.02404249791252 1.1442831817204633e-07 1.1441249868577412e-05 6.924595653727325e-06 4.516654214816543e-06 0.002199116022743514 5.147303827386662e-05 7.601738470928039e-06 3.839511397649371e-06 6.9735243301083535e-06 6.973524244046971e-06
191.34 34.102294016533534 -2.5291255568956474 45.02543611307988 -235408.35238437983 5.2552992879262295e-05 28.13376018240426 23.902398257403892 28.132136183679975 43.32140068345677 177.62924823380325 400.0 -2.984491947179784e-07 0.0005825455152930305 0.0016239987242843948 0.04816623789388853 237.01575006515895 1.1344597158182559e-07 1.2785219770546005e-05 7.734808567939826e-06 5.050411202572207e-06 0.002429455503434525 5.2552992879262295e-05 8.487527695520912e-06 4.297692075025095e-06 7.790331049922743e-06 7.79033096351076e-06
198.2 34.1395803017363 -2.5316177197479606 45.807805536831424 -235184.8694333591 5.3642777596169454e-05 28.519029917689068 23.973992279861505 28.517234213077455 43.06849834713602 177.3952503653782 400.0 -3.446241999707919e-07 0.0006473257928008156 0.0017957046116133693 0.04978028624531758 234.91006824522123 1.1246076357393943e-07 1.4260851675911352e-05 8.623228486389412e-06 5.637623189487435e-06 0.0026780169502728835 5.3642777596169454e-05 9.457276065873979e-06 4.8035756100373765e-06 8.686207110145953e-06 8.686207023019556e-06
205.18 34.178344721946644 -2.5342256171405255 46.5755749004217 -234959.22387874706 5.474440893879306e-05 28.915846319002583 24.03997498456989 28.913864385865068 42.80487483469901 177.13987338117167 400.0 -3.9693317697907556e-07 0.0007179456147742702 0.00198193313751159 0.051405953103738196 232.7198546562901 1.1147614970221149e-07 1.5878834848601196e-05 9.59604513091004e-06 6.282789717655983e-06 0.00294589875680427 5.474440893879306e-05 1.0519847106132267e-05 5.358987742468927e-06 9.667454704691569e-06 9.66745461618427e-06
212.29 34.218685953258266 -2.53695661376345 47.32996127335988 -234731.42397427547 5.586156615399788e-05 29.326164960595374 24.10093294538742 29.323980972365884 42.52977519847413 176.86305659155116 400.0 -4.561605269541974e-07 0.0007949452420817111 0.0021839882294906444 0.053044161711200015 230.45420905543284 1.1049397700202248e-07 1.765319346956818e-05 1.0661429443800025e-05 6.991764025732175e-06 0.003234690930038114 5.586156615399788e-05 1.1686897513813296e-05 5.966295955754884e-06 1.0742385288265852e-05 1.074238519908592e-05
219.51 34.260534326213346 -2.53980663158297 48.06901836962214 -234502.45614654556 5.6993333936606504e-05 29.75022769902551 24.157151163339808 29.747825314663597 42.24358656132418 176.56580206541284 400.0 -5.229062618614997e-07 0.0008785661152151754 0.002402384361910718 0.054688964526580924 228.13107100986733 1.0951995905122826e-07 1.959118980846112e-05 1.1823471360325997e-05 7.767718448098143e-06 0.0035448352075328963 5.6993333936606504e-05 1.2963553595078334e-05 6.627636213382779e-06 1.1915203887731048e-05 1.1915203798998782e-05
226.86 34.30405228361284 -2.5427873133116274 48.79496884234272 -234272.05180382103 5.814519566646571e-05 30.19063821699817 24.209198757303135 30.187999328776975 41.94510381831755 176.24740228227682 400.0 -5.981990511485654e-07 0.0009695304588037371 0.002638888221195272 0.05634360434215139 225.75470690526055 1.0855404701244265e-07 2.1711336997817675e-05 1.3092986899305366e-05 8.618350098474126e-06 0.003878534147813518 5.814519566646571e-05 1.436077143187636e-05 7.35056556594131e-06 1.3196915721685876e-05 1.3196915631473711e-05
234.33 34.34923197270939 -2.5458986686605276 49.506942555355046 -234040.91674058052 5.931814481226549e-05 30.648304643899266 24.257368246756176 30.64541019042226 41.63427824788956 175.9082721027501 400.0 -6.828792294938119e-07 0.001068252242590716 0.002894453477005304 0.05800449839993504 223.3380848526845 1.0759990393329844e-07 2.4025159673987202e-05 1.4476572895888252e-05 9.548586778059304e-06 0.0042368101261567965 5.931814481226549e-05 1.5881065321913703e-05 8.144094352073499e-06 1.4594282120713719e-05 1.459428202958363e-05
241.92 34.39612612419389 -2.5491447674980434 50.20510531950655 -233809.4604351139 6.051469751964276e-05 31.12473087124349 24.30199803113847 31.121560453673663 41.31063909502607 175.54832841807936 400.0 -7.779666995597938e-07 0.0011752956103520517 0.003170417569826805 0.05967037257851601 220.89001938385405 1.0665942491547601e-07 2.6547817361530728e-05 1.5982974949036027e-05 1.0564842412453292e-05 0.00462120661310851 6.051469751964276e-05 1.75324011765025e-05 9.015416185028229e-06 1.61162486406265e-05 1.611624854799872e-05
249.62 34.44472723641903 -2.5525254117510054 50.88874301014685 -233578.41406734267 6.173682801667345e-05 31.621038057115765 24.34334309806312 31.617570240315775 40.97412458834252 175.16789819236766 400.0 -8.844373060852733e-07 0.0012911111428095417 0.0034678167999929958 0.06133781308334716 218.4216255544328 1.0573524417854724e-07 2.9291928575804385e-05 1.7619392038628786e-05 1.1672536537132051e-05 0.005032829546974914 6.173682801667345e-05 1.9321753168944726e-05 9.970175406859655e-06 1.7770213930647544e-05 1.7770213837860086e-05
257.45 34.49522173490129 -2.5560538247313467 51.55977955137541 -233347.63695029865 6.298833780645794e-05 32.13963047769612 24.381787982863802 32.13584151819784 40.623319938488116 174.76572452958274 400.0 -1.0037988747499583e-06 0.001416650544901167 0.0037889594982775015 0.06300989258681361 215.93360982584016 1.0482594715083936e-07 3.2282173005301105e-05 1.9400177469093007e-05 1.2881995536162e-05 0.005474521833848757 6.298833780645794e-05 2.1264204548626716e-05 1.1017968456674386e-05 1.9570826743679437e-05 1.9570826649850084e-05
265.41 34.54767836065209 -2.5597350135005863 52.21826284451076 -233117.63377523515 6.428211368004952e-05 32.6847598853801 24.417571311580033 32.68062432038873 40.25760974353877 174.34138912781074 400.0 -1.1374510530826767e-06 0.0015526455428587205 0.004135564991377181 0.06468525813837307 213.43251261187564 1.0393215828563379e-07 3.5538287548800076e-05 2.1336685849008263e-05 1.4201601699742655e-05 0.005948278394571564 6.428211368004952e-05 2.3371668431980878e-05 1.2166619116819205e-05 2.152972921351117e-05 2.1529729118155852e-05
273.48 34.60203339548968 -2.563553494745432 52.867612820410486 -232887.07559377383 6.557845994591286e-05 33.24873831812116 24.45085300902377 33.244229795889034 39.88735746798916 173.89179130783285 400.0 -1.2865498467469779e-06 0.0016995098612169642 0.004508522232130672 0.06635842916358614 210.93052641020398 1.0305616193791848e-07 3.9072557968164444e-05 2.3435807133406838e-05 1.5636750834704802e-05 0.006454951429912921 6.557845994591286e-05 2.5651513230998057e-05 1.3421044737166382e-05 2.3654067520380564e-05 2.3654067422626612e-05
281.67 34.658367796808776 -2.5670854776359033 53.70158984524763 -232559.9680784181 6.682772283253247e-05 33.83164053598622 24.482652628368886 33.82673046165027 39.56481695942021 173.27098542657185 400.0 -1.4528783220488802e-06 0.0018581996739484084 0.004910074335948136 0.06803030489491584 208.43044659546567 1.0219658265442535e-07 4.291047147197244e-05 2.5712249945647344e-05 1.7198221526268e-05 0.0069972340170211455 6.682772283253247e-05 2.8123101709816664e-05 1.4787369762155796e-05 2.5958921104365024e-05 2.5958921008301357e-05
289.98 34.7166963171098 -2.5707641607669816 54.52996446179012 -232228.43475916542 6.807874234938763e-05 34.434983094014 24.5123030674014 34.429640965090975 39.23793024341888 172.62223029333992 400.0 -1.638209844502818e-06 0.00202955027077888 0.005342128923023063 0.06969973967302175 205.9379794543168 1.0135308310560202e-07 4.7074855257863686e-05 2.8179107390026158e-05 1.8895747867775437e-05 0.0075773434178468 6.807874234938763e-05 3.080381134680083e-05 1.6271043911062846e-05 2.845776241663132e-05 2.8457762318285284e-05
298.42 34.777159366718465 -2.574599033581502 55.35406084670305 -231892.28399306917 6.937176453904606e-05 35.06943986780327 24.540014113773875 35.06363255383051 38.89768549682538 171.94380168830943 400.0 -1.8447569639816025e-06 0.002214697175887572 0.005807313972760588 0.07136753245286716 203.45512208894695 1.0052400481523555e-07 5.159612869811964e-05 3.085391545770779e-05 2.0742213240344096e-05 0.008198444628783916 6.937176453904606e-05 3.3712442407428805e-05 1.7883686290690836e-05 3.1168595846238625e-05 3.1168595748254226e-05
306.97 34.83968766446869 -2.5785861270961603 56.172291743369456 -231552.53047643547 7.069859492355323e-05 35.73311660384218 24.565882914306247 35.72680989280441 38.544324613151346 171.23627985475758 400.0 -2.074177660039396e-06 0.0024141770940721953 0.006306711037766001 0.07302856847925268 200.99230545306574 9.971033378209762e-08 5.6490361718588116e-05 3.374567485704099e-05 2.2744686861473078e-05 0.008861632375849327 7.069859492355323e-05 3.685823497154704e-05 1.963212674704107e-05 3.410080680258005e-05 3.410080670065453e-05
315.65 34.904507099197794 -2.5827401411904733 56.98694443487833 -231208.61129154917 7.20686004773251e-05 36.430563311198284 24.590118945106333 36.42371951101778 38.17641206487888 170.4968655207917 400.0 -2.3293664665961204e-06 0.002629503109367502 0.006843800180503498 0.07468556262631754 198.5480361996966 9.890895654244987e-08 6.179783970147966e-05 3.6877655678391647e-05 2.4920184023007087e-05 0.009571190814851391 7.20686004773251e-05 4.026689699358256e-05 2.153094270789712e-05 3.727828153787625e-05 3.7278281434524785e-05
324.44 34.97155407564437 -2.5870571472499857 57.79652127533575 -230861.56470326468 7.348231516127636e-05 37.162487792234344 24.612802230448562 37.15506800725401 37.794138142595735 169.7259941858101 400.0 -2.612318750993971e-06 0.0028612997787780567 0.007419784980334114 0.07633351208084647 196.1319762598971 9.81203400177473e-08 6.75373270287866e-05 4.026037739958538e-05 2.727694962911292e-05 0.010328389634205754 7.348231516127636e-05 4.394941693868347e-05 2.3587910090103135e-05 4.071201163069044e-05 4.0712011527403956e-05
333.36 35.04107389415432 -2.5915529109542303 58.60325396031687 -230510.8625797605 7.494792834722498e-05 37.93337888030385 24.634109035251615 37.92534032278444 37.39592030169521 168.92050046191767 400.0 -2.9265155302583273e-06 0.003111297425688903 0.008038557519408828 0.07797495846387673 193.74245839543556 9.734118844398573e-08 7.375527255572208e-05 4.392064476664044e-05 2.983462778898551e-05 0.011138045373261506 7.494792834722498e-05 4.793456958685632e-05 2.582070296886577e-05 4.4429557191793665e-05 4.442955708782788e-05
342.4 35.113091653067066 -2.5962288544308496 59.40661376175083 -230157.1787272642 7.646916423259671e-05 38.74547136725026 24.654126957153455 38.73676915667513 36.9814133213201 168.0796878747126 400.0 -3.2747649192252505e-06 0.00338053165737813 0.008702210575135629 0.07960676927398894 191.38591006481408 9.657084057988678e-08 8.048133454861642e-05 4.787532652099715e-05 3.2606008027515094e-05 0.01200261481020784 7.646916423259671e-05 5.223851015007177e-05 2.8242824398544674e-05 4.844843964737781e-05 4.8448439544535623e-05
351.56 35.18771664721243 -2.6010916019105044 60.20701412110112 -229800.80920046355 7.80520310549075e-05 39.602179194983314 24.672961069346545 39.592765565414496 36.54977370011022 167.20182423842135 400.0 -3.6604870873697127e-06 0.0036703886332048476 0.009413629568815859 0.0812276608318496 189.06579295983803 9.580770444326786e-08 8.775427101749073e-05 5.214662259161649e-05 3.5607648425761876e-05 0.012925609705880131 7.80520310549075e-05 5.688391877858177e-05 3.087035223890896e-05 5.279164172859565e-05 5.279164162514621e-05
360.84 35.26506803258223 -2.606148166704799 61.00488332792045 -229442.06931839485 7.97033412814156e-05 40.507340871351005 24.690708022661806 40.49716500353161 36.10008009007389 166.28498684485504 400.0 -4.087438034904788e-06 0.003982357500783542 0.010175867819389405 0.08283629292848413 186.78538248870484 9.505020955851747e-08 9.561586783400518e-05 5.675848670221205e-05 3.8857381131672755e-05 0.01391077627165128 7.97033412814156e-05 6.189532489418343e-05 3.3720542939821766e-05 5.74839827005236e-05 5.748398260101745e-05
370.24 35.34527615113172 -2.611405991140163 61.80066726371625 -229081.2953075981 8.143059292057806e-05 41.46518996193009 24.707456890105657 41.454197800749064 35.631322837275086 165.32703792731942 400.0 -4.559745089910318e-06 0.004318039706588043 0.010992161181032878 0.08443125266004241 184.54775835264036 9.429684465370391e-08 0.00010411121626295028 6.173679422268199e-05 4.237442204014029e-05 0.014962116987248286 8.143059292057806e-05 6.730142556708115e-05 3.6809790695869124e-05 6.255229488807954e-05 6.255229478934503e-05
379.76 35.428484094463236 -2.6168729927158423 62.59483264357011 -228718.84617332421 8.324317369580947e-05 42.48086973228515 24.723289933005617 42.46900378620539 35.14239169357568 164.32559525388518 400.0 -5.081946747203026e-06 0.0046791597302906955 0.011865946079763365 0.08601103477980913 182.35579040335907 9.35461906086754e-08 0.00011328902953111431 6.710953380481248e-05 4.617949572616698e-05 0.01608391653343472 8.324317369580947e-05 7.31335452933784e-05 4.015548423773594e-05 6.802562508483036e-05 6.802562499150927e-05
389.4 35.51484956138099 -2.6225576178182957 63.38787086363223 -228355.10584473592 8.514867549253535e-05 43.55888361341745 24.73828329926742 43.54608273164886 34.63206116992395 163.27799673780675 400.0 -5.659038017652623e-06 0.005067577581034504 0.012800881768589813 0.0875740176828878 180.21212093791667 9.279694855223422e-08 0.00012320200728298012 7.290702813562786e-05 5.0294979147211725e-05 0.017280772811487405 8.514867549253535e-05 7.942365657925851e-05 4.377835070372156e-05 7.393546639602497e-05 7.393546630549093e-05
399.17 35.604640183767216 -2.6284750430500097 64.1811094236479 -227990.11404917398 8.716986465471056e-05 44.71088314899267 24.75252177937357 44.6970812183001 34.09841808406159 162.1801146315941 400.0 -6.297204404019289e-06 0.005485744523223237 0.013801930692572418 0.08911999659457474 178.11703916086665 9.204720018100407e-08 0.00013391858505676103 7.91688054145827e-05 5.4749779642033984e-05 0.018558977053211387 8.716986465471056e-05 8.621169230188821e-05 4.770689275487281e-05 8.032277722102106e-05 8.03227771437827e-05
409.05 35.69786630418036 -2.6346228649091255 64.97348060773449 -227625.05988910908 8.928194591092653e-05 45.9266516996451 24.766042087856913 45.911780459559694 33.54198907535936 161.03083469307654 400.0 -7.001215517705449e-06 0.005934983814203075 0.014871240085407387 0.09064385638311513 176.07695645466336 9.129748585838e-08 0.00014547888363672693 8.591787599031528e-05 5.956100764626583e-05 0.019921260077817676 8.928194591092653e-05 9.351847768727203e-05 5.19604059494549e-05 8.72117469427148e-05 8.721174687582368e-05
419.06 35.79483016427234 -2.6405117183200257 65.57665345259312 -227290.09771301592 9.134378267366971e-05 47.192792305139065 24.77798188687548 47.17677708347952 33.04358495936085 160.24679928566107 400.0 -7.77906676049562e-06 0.006418456410658984 0.016015221659540044 0.09214703331011423 174.0901463744238 9.054565430261398e-08 0.000157970842865097 9.32052244290433e-05 6.476561843590957e-05 0.021375834040366415 9.134378267366971e-05 0.00010139901831958856 5.6571824545508413e-05 9.465519797695603e-05 9.465519792131372e-05
429.18 35.895346813370956 -2.646503276708587 66.1246515956509 -226969.3696380749 9.341104982573165e-05 48.50111266698827 24.7891410616281 48.48387688448708 32.54618727973833 159.53516405480957 400.0 -8.636237683214571e-06 0.0069374874305008945 0.017235782501191836 0.09362707197876168 172.16330696505275 8.97927344571511e-08 0.00017143575349247878 0.00010105467761176105 7.038107588057866e-05 0.022925246857732243 9.341104982573165e-05 0.00010988109771780587 6.15546557746729e-05 0.00010267831905087972 0.00010267831901276105
439.43 35.99981802332356 -2.6527435959721055 66.6647965544961 -226656.33533662948 9.562576323302892e-05 49.90898711937543 24.79983071289521 49.890446801745384 32.02571781998753 158.79105704617263 400.0 -9.582444695002216e-06 0.00749579712773175 0.01854031763005663 0.09508824907987394 170.29413197218503 8.903645598426733e-08 0.00018597771093943865 0.0001095267869008914 7.645092403841667e-05 0.024579078606082484 9.562576323302892e-05 0.00011903393866806959 6.694377227136909e-05 0.00011134393453477204 0.00011134393451456557
449.8 36.10838135477262 -2.659237581439234 67.19658975971933 -226352.3951572283 9.797438140488742e-05 51.41093670551886 24.81008472310317 51.39100362130147 31.48107854746669 158.0130560987627 400.0 -1.0625782439002785e-05 0.008095838598204877 0.01993308421738377 0.09653096509807793 168.4858600120253 8.82769933620555e-08 0.00020166872911269132 0.00011866355398141189 8.300517513116044e-05 0.026342986311735456 9.797438140488742e-05 0.0001289029852338649 7.276574387882641e-05 0.00012069603253181892 0.0001206960325338475
460.29 36.221301231885114 -2.6659968131042673 67.72006516981766 -226058.71914621143 0.00010048355999747255 53.02227331617643 24.81994592674462 53.00085330363928 30.910492439381386 157.1987698970949 400.0 -1.1776141579377979e-05 0.008740843545969705 0.02142001253715017 0.09795775966364678 166.73959419122139 8.751400530485456e-08 0.00021860180953267415 0.00012851941214645857 9.008239738611105e-05 0.028224815208933583 0.00010048355999747255 0.0001395478509735551 7.905395855911907e-05 0.00013079144155998844 0.0001307914415854923
470.89 36.33876365911658 -2.6730270971440344 68.23475934678646 -225776.8414048934 0.00010316970084510328 54.75274737308054 24.829446381080718 54.7297412863882 30.31252622653646 156.34629855112811 400.0 -1.3043290267294494e-05 0.00943369387243195 0.02300608669234766 0.09937064975824084 165.0577661516719 8.674809870309477e-08 0.0002368614479766521 0.0001391440949178805 9.7717353058684e-05 0.030231280523070107 0.00010316970084510328 0.00015102318036669263 8.583826760995957e-05 0.00014168230770355525 0.00014168230774995412
481.62 36.46132914658932 -2.6803553272603473 68.7416376309037 -225507.62643453007 0.00010607070099174984 56.62497053617422 24.838643155791058 56.60026901484389 29.683769646564908 155.45092601833161 400.0 -1.4441921283971176e-05 0.01017962751997216 0.02470152133032524 0.10077661116820275 163.4378408676759 8.597793246928953e-08 0.0002565950636125769 0.00015062424675760396 0.000105970816854904 0.03237578118924905 0.00010607070099174984 0.0001634234145395366 9.317164907304033e-05 0.0001534587749169497 0.00015345877498968246
492.48 36.58939640036847 -2.6879970274129104 69.24063090952103 -225252.66001718648 0.00010919938802557442 58.646125555785325 24.847573082670632 58.61961090509447 29.021538824034547 154.50897666957755 400.0 -1.5986185570889146e-05 0.010983151195950653 0.02651465069086079 0.10218110319919702 161.88041348800832 8.520382492299229e-08 0.0002779319097094109 0.00016303629777555977 0.00011489561193380177 0.034669405295134854 0.00010919938802557442 0.00017683247282728913 0.00010109943688212172 0.00016620072822077876 0.0001662007283117317
503.45 36.7231774862068 -2.6959545575811874 69.73076163983617 -225014.11892107304 0.00011266550422792045 60.88316678273411 24.85625687674736 60.85471553919752 28.32403193932245 153.5180268794819 400.0 -1.7688817970959345e-05 0.011847694348367667 0.02845124353658869 0.10358856594446952 160.38842385210592 8.442768024512208e-08 0.0003009733133151811 0.00017644086894469786 0.0001245324443704531 0.037120063991719056 0.00011266550422792045 0.00019131573018917774 0.00010965758312600329 0.0001799720028548664 0.0001799720029618465
514.54 36.86328696325002 -2.7040939984637857 70.21841230948328 -224775.2256557556 0.00011618415437852427 63.19844974078025 24.864657156104705 63.16792655971581 27.623669848439302 152.5301083403181 400.0 -1.9568750343992004e-05 0.012779469813221348 0.030523181064434326 0.10500924744897144 158.96023597125645 8.364945768066238e-08 0.0003258954192367122 0.00019094261564404962 0.00013495280359264978 0.03974346746666237 0.00011618415437852427 0.00020698331665302725 0.00011891210258368497 0.00019488186884752726 0.00019488186896657664
525.75 37.009703446973866 -2.7119835067207707 70.72068507092682 -224485.22917387605 0.00011956836737901754 65.61508987456637 24.872588683658908 65.58235055389575 27.0225786763297 151.7094111364982 400.0 -2.16436280637228e-05 0.013783330683173764 0.03273932067061309 0.10645138408423882 157.5970986848367 8.287155424159456e-08 0.00035283834188588566 0.00020662566326001513 0.0001462126786258715 0.04255149168938047 0.00011956836737901754 0.0002239245611222985 0.00012891378076358717 0.0002110186914140913 0.0002110186915350475
537.09 37.162807890977135 -2.720224531364269 71.21634471870867 -224212.18076468166 0.00012318733716560712 68.20063514381148 24.88039892029426 68.1655224196266 26.388194866927165 150.845942533662 400.0 -2.3935765359992143e-05 0.014866017698855418 0.035112724184888415 0.10791513596951503 156.29731823020714 8.209570613948622e-08 0.0003819932379874664 0.00022360408883056445 0.00015838914915691289 0.04556124963223782 0.00012318733716560712 0.0002422642109846481 0.00013972902700281833 0.00022850184068812855 0.0002285018408034915
548.54 37.32291298226773 -2.728821897960902 71.70450440834193 -223958.49827293452 0.00012716952112923146 71.03945221705256 24.888107897538077 71.0017992012566 25.718227743809123 149.93718616549825 400.0 -2.646493450256756e-05 0.01603272695663078 0.03765301579595695 0.10939359826779084 155.0611145561669 8.132517474813292e-08 0.0004135103213666661 0.00024196860095483118 0.00017154172041185126 0.04878546018309815 0.00012716952112923146 0.00026210557626040555 0.0001514047451062606 0.0002474268685100756 0.0002474268686126017
560.12 37.490983500006365 -2.737812184454669 72.185978780781 -223725.90746460037 0.00013156518748362784 74.16286160430433 24.89576412954646 74.12248095569782 25.007695563260622 148.97678522002604 400.0 -2.9262746003759043e-05 0.017293634271818552 0.04038064860649603 0.11088312633507448 153.88375256376023 8.056050235739297e-08 0.00044767487142268283 0.0002618891666682826 0.00018578570475441747 0.052250538949139745 0.00013156518748362784 0.00028364128413364815 0.00016403358728903466 0.00026797127833899794 0.0002679712784194286
571.82 37.66769672014131 -2.747212236841955 72.66026663053995 -223517.09141114878 0.0001364610998147972 77.62620068704399 24.90339781329512 77.58288846518869 24.252635403769876 147.95982217896423 400.0 -3.235837778934002e-05 0.01865717135269084 0.04331222185530717 0.11237367280721623 152.76327168568005 7.980420368806415e-08 0.0004847259688853267 0.00028350948851749543 0.00020121648036784467 0.055977950791730534 0.0001364610998147972 0.0003070303786740816 0.00017769559021124518 0.00029028587306804976 0.0002902858731230157
583.64 37.85403366712377 -2.757049577035376 73.12725868048364 -223334.85085528632 0.00014196405057472427 81.49659024380213 24.911048807289124 81.45012031620207 23.447583250709357 146.87941150956522 400.0 -3.578816340489608e-05 0.020134366221142678 0.046469927600055104 0.11385308545573444 151.69610411878878 7.90580084885723e-08 0.0005249739077435153 0.0003070155058758965 0.00021795840186762336 0.059996180159860316 0.00014196405057472427 0.0003324787161943111 0.00019249519154920412 0.00031456541626933155 0.0003145654162930813
595.57 38.051025039155995 -2.766829808260732 73.87870149858455 -222958.5547180407 0.00014821793517813542 85.86496159728188 24.919004542772385 85.81508418562579 22.586596733822656 145.48294219341906 400.0 -3.9591450032946856e-05 0.021736926813155564 0.04987741165608451 0.11530337593913627 150.67900545316266 7.832408505678691e-08 0.000568748377231565 0.0003326052588960755 0.00023614311833548024 0.06433545008403699 0.00014821793517813542 0.0003602086035203033 0.00020853977371126174 0.00034101761702756727 0.0003410176170139499
607.63 38.26049475576909 -2.7767695906811665 74.82339609501247 -222452.5960083764 0.0001554189169797995 90.85182529214863 24.92722279923823 90.79825255077925 21.65990571998478 143.82844792208928 400.0 -4.382546761619214e-05 0.023483362151688225 0.05357274136938172 0.11670371714439859 149.70566584984252 7.760251753462641e-08 0.0006165661138286626 0.0003605870725751041 0.0002559790412535306 0.06904422202525363 0.0001554189169797995 0.0003905662247507 0.0002259998890779625 0.00036996476464717156 0.0003699647646038429
619.82 38.48437381420617 -2.7872090327115076 75.79436104153957 -221945.9283482667 0.0001638985704261105 96.67466513654962 24.93561234428287 96.61706841223587 20.656744846376423 142.03864234050795 400.0 -4.855301074503157e-05 0.025393538798386472 0.057596724313749445 0.11802135539636074 148.77100677569948 7.689432077110656e-08 0.0006689830471832943 0.00039129344183035694 0.00027768960535288654 0.07417431553355579 0.0001638985704261105 0.0004239244691094892 0.0002450585780738051 0.00040175495189881296 0.00040175495182589316
632.12 38.72478588930062 -2.7981746271900283 76.79541029443158 -221438.89347887097 0.00017387282149388522 103.41758649361248 24.944233103763036 103.35559277018812 19.564864296517843 140.09101436525572 400.0 -5.38430564424631e-05 0.027489050412798706 0.061993723424350014 0.11920782994017848 147.8706282620355 7.620111496192301e-08 0.0007266043413068686 0.00042508701805271296 0.00030151732325407786 0.07978192509650252 0.00017387282149388522 0.00046068558409533705 0.0002659187572115316 0.0004367683433403446 0.00043676834324607396
