0.0 0.0 0.0 2.4829066482823234e-07 0.0 0.0 0.0 0.0
10.0 -2.4817187913583894e-06 4.964625438588806e-07 4.955772618941978e-07 -2.140398132812991e-06 0.0 -0.007078057281465687 0.001751513795094322
20.0 -9.923828617530717e-06 9.917686928008065e-07 9.892297697433604e-07 -8.050321657916903e-06 0.0 -0.05442095864440812 0.003499576788678265
30.0 -2.231360831572715e-05 1.4860370119266826e-06 1.4814769045301545e-06 -1.767403051978899e-05 0.0 -0.18029733650958885 0.005244339932067944
40.0 -3.964215047602693e-05 1.9795808451141757e-06 1.973351680994995e-06 -3.094660276839736e-05 0.0 -0.42134476922458125 0.0069864490571851
50.0 -6.190404367245605e-05 2.4727715867055496e-06 2.466129534539618e-06 -4.7827525347955765e-05 0.0 -0.8157060714097626 0.00872679008211297
60.0 -8.909777976384703e-05 2.9660242297303078e-06 2.961348740271319e-06 -6.838076310588826e-05 0.0 -1.4097761606437988 0.010466328635987685
70.0 -0.00012122635321176745 3.459826623997321e-06 3.460840184033032e-06 -9.283117171510843e-05 0.0 -2.265847418949533 0.01220613517091089
80.0 -0.00015829798196520528 3.9547307458300165e-06 3.96650156790912e-06 -0.0001215805156185917 0.0 -3.46711808047026 0.013947418730418847
90.0 -0.0002003265622931849 4.451312267999235e-06 4.480005277684995e-06 -0.0001551831619134343 0.0 -5.1183270836840995 0.01569150357106693
100.0 -0.00024733166368662296 4.950122469394942e-06 5.002579662871653e-06 -0.0001942964947929338 0.0 -7.342475378022846 0.017439762633167145
110.0 -0.00029933807112669797 5.451647329204814e-06 5.534896308212467e-06 -0.00023962293612738624 0.0 -10.275054397084201 0.01919353644182316
120.0 -0.0003563749788604298 5.95627906897612e-06 6.077047167174498e-06 -0.00029185549293633963 0.0 -14.057224873828915 0.020954057793612726
130.0 -0.00041847496374103343 6.464300324362387e-06 6.6285854638081785e-06 -0.0003516331505602787 0.0 -18.829051824442786 0.022722392469816784
140.0 -0.0004856728562181445 6.975879106515397e-06 7.188606783437024e-06 -0.00041950834889813404 0.0 -24.72351389207764 0.024499399266882493
150.0 -0.000558004604709339 7.491072125380103e-06 7.755851203938846e-06 -0.0004959263224217927 0.0 -31.86167557844551 0.026285708690295246
160.0 -0.0006355062049827609 8.009834048462537e-06 8.32881155048426e-06 -0.0005812148115949679 0.0 -40.34916263176691 0.028081717699950604
170.0 -0.000718212742398805 8.532030514740644e-06 8.905836789807609e-06 -0.0006755821323242997 0.0 -50.27390987220518 0.02988759712287604
180.0 -0.0008061575754396699 9.057453077832872e-06 9.485223280414345e-06 -0.0007791215132931544 0.0 -61.705044977724185 0.03170330826142014
190.0 -0.0008993716721512612 9.585834646664105e-06 1.0065289921890041e-05 -0.0008918197785125409 0.0 -74.69271712182066 0.03352862551788853
200.0 -0.0009978830989112453 1.0116864379583337e-05 1.0644435878504055e-05 -0.0010135687371349332 0.0 -89.26866192529278 0.03536316233981926
210.0 -0.0011017166524815991 1.0650201336981895e-05 1.1221181505050027e-05 -0.0011441779659993763 0.0 -105.44730153273876 0.03720639834114508
220.0 -0.001210893620488207 1.1185486489077134e-05 1.179419431558415e-05 -0.0012833879856875875 0.0 -123.22720060016793 0.039057705995728685
230.0 -0.0013254316530577626 1.1722352902841112e-05 1.2362302461710328e-05 -0.0014308831122317202 0.0 -142.59272795465247 0.04091637578567642
240.0 -0.0014453447270064146 1.2260434097290823e-05 1.2924498366650994e-05 -0.0015863035028668645 0.0 -163.51580438593172 0.04278163909515017
250.0 -0.0015706431848911961 1.2799370667287046e-05 1.3479935026694533e-05 -0.0017492561027752547 0.0 -185.95764614026092 0.04465268846494583
260.0 -0.0017013338322655613 1.3338815342854306e-05 1.4027917214143315e-05 -0.0019193243436828585 0.0 -209.8704393880307 0.04652869506791447
270.0 -0.0018374200785800099 1.3878436684411887e-05 1.4567889436456482e-05 -0.0020960765501554994 0.0 -235.19890244969685 0.04840882344006495
280.0 -0.0019789021090446113 1.4417921623749684e-05 1.5099422121878092e-05 -0.0022790730821628784 0.0 -261.88170979913815 0.05029224361897022
290.0 -0.0021257770770368722 1.4956977054091771e-05 1.5622197147280303e-05 -0.0024678722897998897 0.0 -289.8527651166052 0.05217814091219241
300.0 -0.002278039308361457 1.54953306563778e-05 1.6135993507582214e-05 -0.0026620353838600185 0.0 -319.042320448757 0.05406572355513403
310.0 -0.0024356805107466073 1.6032731127571156e-05 1.6640673671197704e-05 -0.0028611303395995684 0.0 -349.3779454265128 0.0559542285296382
320.0 -0.002598689983180691 1.656894795360645e-05 1.7136170968434783e-05 -0.003064734954584475 0.0 -380.7853550639623 0.05784292580966044
330.0 -0.002767054821216419 1.7103770846620468e-05 1.7622478190482127e-05 -0.0032724391784143365 0.0 -413.18910743839996 0.059731121284482575
340.0 -0.002940760115411223 1.76370089446914e-05 1.8099637477142495e-05 -0.003483846824687235 0.0 -446.51318397747946 0.06161815858783959
350.0 -0.003119789140878737 1.816848985311707e-05 1.856773148602997e-05 -0.003698576765840519 0.0 -480.6814655293796 0.06350342003623352
360.0 -0.0033041235367505806 1.869805858959682e-05 1.9026875781591457e-05 -0.0039162637006225015 0.0 -515.618117161125 0.0653863268539164
370.0 -0.0034937434748272267 1.9225576481544745e-05 1.9477212359575447e-05 -0.0041365585728965265 0.0 -551.2478939552585 0.0672663388370097
380.0 -0.0036886278170733533 1.9750920052026233e-05 1.9918904192195443e-05 -0.004359128709769352 0.0 -587.4963791270612 0.06914295358591659
390.0 -0.0038887542620891224 2.0273979921222722e-05 2.035213068420916e-05 -0.0045836577371163555 0.0 -624.2901646981549 0.07101570541404957
400.0 -0.004094099480674629 2.0794659742637597e-05 2.0777083921430516e-05 -0.0048098453214857765 0.0 -661.556983826725 0.07288416402217317
410.0 -0.004304639241119901 2.131287518716281e-05 2.1193965609000997e-05 -0.005037406779372981 0.0 -699.22580277681 0.0747479330113231
420.0 -0.004520348524462037 2.1828552983386175e-05 2.1602984597457463e-05 -0.00526607258776848 0.0 -737.2268794477145 0.07660664829323957
430.0 -0.004741201630551473 2.234163001887874e-05 2.2004354900317936e-05 -0.005495587823820281 0.0 -775.4917944075472 0.07845997644532972
440.0 -0.0049671722753963365 2.2852052504460497e-05 2.239829412982175e-05 -0.005725711556224623 0.0 -813.9534594938007 0.0803076130471588
450.0 -0.005198233680474118 2.335977520141634e-05 2.27850222724868e-05 -0.005956216206588911 0.0 -852.5461082633605 0.08214928102712053
460.0 -0.005434358654664351 2.3864760710179663e-05 2.3164760750837844e-05 -0.006186886895252374 0.0 -891.2052718935367 0.08398472904105679
470.0 -0.00567551966927482 2.4366978817984242e-05 2.3537731708067612e-05 -0.006417520783018885 0.0 -929.8677435487796 0.08581372989894423
480.0 -0.005921688926932234 2.4866405902315627e-05 2.390415747708374e-05 -0.006647926417690665 0.0 -968.471533727432 0.08763607905118409
490.0 -0.006172838424706839 2.536302438658516e-05 2.426426019610517e-05 -0.006877923092170344 0.0 -1006.9558186804841 0.08945159314234268
500.0 -0.006428940012018103 2.585682224423386e-05 2.4618261528530637e-05 -0.007107340219264762 0.0 -1045.2608836410016 0.09126010863722794
510.0 -0.006689965443889889 2.6347792547415913e-05 2.4966382470736903e-05 -0.007336016726849784 0.0 -1083.3280623072317 0.09306148052187593
520.0 -0.0069558864298358 2.683593305644449e-05 2.5308843220450684e-05 -0.007563800476015687 0.0 -1121.0996737816463 0.09485558108018598
530.0 -0.0072266746788436365 2.732124584630836e-05 2.56458630863321e-05 -0.007790547703918799 0.0 -1158.518957964175 0.09664229874554858
540.0 -0.0075023019407929326 2.780373696672934e-05 2.5977660426157456e-05 -0.00801612249232506 0.0 -1195.5300102387316 0.09842153702575651
550.0 -0.007782740044621761 2.8283416132445444e-05 2.6304452596548344e-05 -0.008240396262333718 0.0 -1232.077716150322 0.10019321349870565
560.0 -0.008067960933573204 2.8760296440615117e-05 2.6626455911582526e-05 -0.008463247295339203 0.0 -1268.1076866667236 0.10195725887583436
570.0 -0.008357936697663604 2.9234394112486974e-05 2.6943885597319195e-05 -0.008684560279911943 0.0 -1303.5661945210468 0.10371361612989294
580.0 -0.008652639603766943 2.970572825670125e-05 2.7256955738685917e-05 -0.00890422588414596 0.0 -1338.4001120609655 0.10546223968337749
590.0 -0.008952042123354431 3.0174320651836554e-05 2.756587921446396e-05 -0.009122140352732755 0.0 -1372.5568509623565 0.10720309465387529
600.0 -0.009256116958209049 3.0640195546030226e-05 2.7870867618595697e-05 -0.00933820512797035 0.0 -1405.9843041158886 0.10893615615252118
610.0 -0.009564837064150566 3.1103379471723674e-05 2.8172131166215307e-05 -0.009552326493801437 0.0 -1438.6307899460332 0.11066140863181614
620.0 -0.009878175673016187 3.15639010737877e-05 2.8469878578185615e-05 -0.009764415241944643 0.0 -1470.4449993816802 0.11237884527914876
630.0 -0.010196106313003384 3.202179094947057e-05 2.876431695497672e-05 -0.009974386359108738 0.0 -1501.3759456650994 0.11408846745249825
640.0 -0.01051860282739625 3.247708149879398e-05 2.9055651631537672e-05 -0.010182158734350409 0.0 -1531.3729171496436 0.11579028415494752
650.0 -0.010845639391924067 3.292980678418529e-05 2.9344086017246696e-05 -0.010387654885535334 0.0 -1560.385433210204 0.11748431154483212
660.0 -0.011177190530688108 3.338000239827998e-05 2.9629821423959868e-05 -0.010590800704005978 0.0 -1588.3632033634694 0.11917057247851578
670.0 -0.011513231130837909 3.38277053389746e-05 2.9913056880559453e-05 -0.010791525216434427 0.0 -1615.256089667854 0.12084909608301372
680.0 -0.011853736456039599 3.427295389092413e-05 3.019398893915337e-05 -0.010989760363012446 0.0 -1641.0140724524347 0.12251991735585122
690.0 -0.012198682158771845 3.471578751279806e-05 3.047281147487979e-05 -0.011185440791057747 0.0 -1665.5872193996154 0.12418307678976649
700.0 -0.012548044291506244 3.515624672970442e-05 3.0749715477895734e-05 -0.011378503663195667 0.0 -1688.9256579873718 0.12583862002004853
710.0 -0.01290179931688229 3.559437303027971e-05 3.1024888843766973e-05 -0.01156888847930082 0.0 -1710.9795512786768 0.1274865974924891
720.0 -0.013259924116820088 3.603020876802771e-05 3.1298516162969745e-05 -0.011756536911426821 0.0 -1731.6990770229393 0.12912706415010805
730.0 -0.013622396000705805 3.6463797066548804e-05 3.1570778510214835e-05 -0.011941392650961 0.0 -1751.0344100257166 0.1307600791369793
740.0 -0.013989192712632104 3.689518172837429e-05 3.184185323785726e-05 -0.012123401267306906 0.0 -1768.9357077183467 0.13238570551764678
750.0 -0.014360292437736177 3.732440714715997e-05 3.211191377214817e-05 -0.012302510077425562 0.0 -1785.3530988540847 0.1340040100107621
760.0 -0.014735673807710015 3.775151822304933e-05 3.2381129416947374e-05 -0.012478668025567368 0.0 -1800.2366752378164 0.13561506273572682
770.0 -0.015115315905436688 3.817656028104902e-05 3.2649665168271726e-05 -0.012651825572594987 0.0 -1813.5364863882896 0.13721893697124138
780.0 -0.015499198268813075 3.8599578992292086e-05 3.291768153079744e-05 -0.012821934594320093 0.0 -1825.2025370224821 0.1388157089247828
790.0 -0.01588730089390822 3.90206202980951e-05 3.318533435034965e-05 -0.012988948288284228 0.0 -1835.1847872401315 0.14040545751214695
800.0 -0.016279604237205092 3.9439730336732205e-05 3.345277465740537e-05 -0.013152821088462538 0.0 -1843.4331552834492 0.14198826414628607
810.0 -0.01667608921729169 3.9856955372875015e-05 3.372014851983351e-05 -0.013313508587390655 0.0 -1849.897522734522 0.1435642125347638
820.0 -0.017076737215738547 4.0272341729652114e-05 3.398759691268794e-05 -0.013470967465241549 0.0 -1854.527742015919 0.14513338848523044
830.0 -0.017481530077350982 4.068593572330213e-05 3.425525559652698e-05 -0.013625155425383218 0.0 -1857.2736460490446 0.14669587971839804
840.0 -0.017890450109824485 4.1097783600396636e-05 3.452325501331899e-05 -0.013776031136009064 0.0 -1858.0850599265166 0.14825177568805564
850.0 -0.018303480082721535 4.1507931477617946e-05 3.479172019815735e-05 -0.013923554177415063 0.0 -1856.9118144514891 0.1498011674077279
860.0 -0.01872060322583735 4.191642528408011e-05 3.506077069879154e-05 -0.014067684994550536 0.0 -1853.7037613960883 0.15134414728362958
870.0 -0.019141803227146426 4.2323310706182274e-05 3.533052051469809e-05 -0.01420838485445753 0.0 -1848.41079033271 0.15288080895361728
880.0 -0.0195670642300243 4.272863313498774e-05 3.560107805231638e-05 -0.014345615808264304 0.0 -1840.9828468897376 0.1544112471318769
890.0 -0.019996370830064336 4.3132437616115356e-05 3.587254608738988e-05 -0.014479340657400554 0.0 -1831.3699522903232 0.1559355574591221
900.0 -0.020429708071414865 4.353476880214027e-05 3.614502174755785e-05 -0.014609522923549794 0.0 -1819.5222240254566 0.15745383635813656
910.0 -0.020867061442558565 4.393567090745755e-05 3.641859650649337e-05 -0.01473612682324626 0.0 -1805.389897546951 0.15896618089430672
920.0 -0.021308416871793412 4.433518766568978e-05 3.6693356190120594e-05 -0.014859117243035184 0.0 -1788.9233487721938 0.16047268864158565
930.0 -0.021753760722152293 4.473336228944572e-05 3.696938099793101e-05 -0.014978459721712628 0.0 -1770.0731173981403 0.16197345755271775
940.0 -0.022203079786041968 4.5130237432597986e-05 3.724674553335916e-05 -0.015094120431952223 0.0 -1748.7899307538783 0.16346858583476062
950.0 -0.02265636127947701 4.552585515492099e-05 3.752551885103372e-05 -0.015206066166189816 0.0 -1725.024728168518 0.16495817182902256
960.0 -0.02311359283592651 4.5920256889111926e-05 3.7805764509535324e-05 -0.015314264324426225 0.0 -1698.7286856961562 0.16644231389565417
970.0 -0.023574762499954716 4.6313483410149674e-05 3.808754063623354e-05 -0.015418682904207786 0.0 -1669.8532410929847 0.16792111030274767
980.0 -0.024039858720467322 4.670557480695349e-05 3.837090000757826e-05 -0.015519290492540569 0.0 -1638.3501189395477 0.1693946591198811
990.0 -0.024508870343694866 4.709657045629824e-05 3.865589013010151e-05 -0.01561605625954912 0.0 -1604.1713558070087 0.1708630581160423
1000.0 -0.024981786605991374 4.7486508998941613e-05 3.89425533354526e-05 -0.01570894995372698 0.0 -1567.2693253711082 0.17232640466187144
1010.0 -0.025458597126327476 4.787542831789687e-05 3.923092688182805e-05 -0.015797941899577044 0.0 -1527.596763408313 0.17378479563604177
1020.0 -0.025939291898698258 4.826336551890404e-05 3.95210430648163e-05 -0.015883002991513365 0.0 -1485.1067924369597 0.17523832733648542
1030.0 -0.026423861284111894 4.865035691277623e-05 3.981292933286085e-05 -0.015964104699119377 0.0 -1439.7529463122446 0.17668709539445904
1040.0 -0.02691229600269196 4.90364379999371e-05 4.01066084071644e-05 -0.01604121906246195 0.0 -1391.489194164838 0.17813119469410787
1050.0 -0.027404587125438695 4.942164345678982e-05 4.0402098411540524e-05 -0.01611431869442208 0.0 -1340.2699640451872 0.17957071929528018
1060.0 -0.02790072606595828 4.980600712399062e-05 4.0699413003864036e-05 -0.01618337678220026 0.0 -1286.0501660188188 0.18100576236052707
1070.0 -0.0284007045720287 5.0189561996536924e-05 4.099856151213998e-05 -0.01624836708941365 0.0 -1228.7852146924474 0.18243641608603337
1080.0 -0.028904514717137175 5.0572340215605955e-05 4.1299549076789785e-05 -0.01630926395877867 0.0 -1168.4310511197516 0.18386277163640832
1090.0 -0.02941214889186128 5.095437306207773e-05 4.1602376792226894e-05 -0.01636604231520814 0.0 -1104.9441640391817 0.18528491908328315
1100.0 -0.029923599795285583 5.133569095167713e-05 4.19070418528733e-05 -0.016418677669218073 0.0 -1038.2816104002427 0.1867029473476543
1110.0 -0.030438860426290404 5.1716323431667046e-05 4.221353770219594e-05 -0.016467146120612088 0.0 -968.4010351419352 0.18811694414589974
1120.0 -0.03095792407490805 5.209629917902761e-05 4.252185418245347e-05 -0.016511424362311834 0.0 -895.2606901872599 0.18952699593940778
1130.0 -0.031480784313547616 5.247564600005099e-05 4.2831977684798514e-05 -0.016551489684311405 0.0 -818.8194526285303 0.19093318788773994
1140.0 -0.032007434988365446 5.2854390831287316e-05 4.3143891299557424e-05 -0.016587319977656608 0.0 -739.0368420751095 0.19233560380526116
1150.0 -0.032537870210539666 5.32325597417741e-05 4.345757497166147e-05 -0.016618893738421243 0.0 -655.8730371443323 0.19373432612115785
1160.0 -0.0330720843475838 5.361017793648144e-05 4.3773005648617413e-05 -0.016646190071598573 0.0 -569.2888910786928 0.19512943584276884
1170.0 -0.033610072014791825 5.398726976090975e-05 4.4090157431320164e-05 -0.016669188694891552 0.0 -479.2459464742927 0.19652101252214849
1180.0 -0.03415182806663353 5.436385870677297e-05 4.440900172735241e-05 -0.016687869942330815 0.0 -385.7064491116138 0.1979091342257815
1190.0 -0.034697347588238614 5.47399674187042e-05 4.4729507397178735e-05 -0.016702214767699796 0.0 -288.63336088160577 0.1992938775073666
1200.0 -0.03524662588700167 5.5115617701922317e-05 4.505164090264913e-05 -0.01671220474772347 0.0 -187.9903718006483 0.20067531738358452
1210.0 -0.035799658484190644 5.5490830530795896e-05 4.537536645248253e-05 -0.016717822084990622 0.0 -83.7419111163161 0.20205352731276488
1220.0 -0.03635644110670455 5.586562605824464e-05 4.5700646145085956e-05 -0.016719049610599584 0.0 24.14684249477453 0.20342857917636334
1230.0 -0.03691696967890934 5.6240023625921705e-05 4.602744011048543e-05 -0.01671587078646934 0.0 135.70995163701 0.20480054326316421
1240.0 -0.037481240314583886 5.661404177511722e-05 4.635570664941468e-05 -0.016708269707322684 0.0 250.98071180338493 0.2061694882561185
1250.0 -0.03804924930894771 5.6987698258327164e-05 4.668540236902885e-05 -0.01669623110233492 0.0 369.9916438718292 0.2075354812217246
1260.0 -0.03862099313086631 5.736101005143775e-05 4.701648231577593e-05 -0.01667974033638005 0.0 492.7744874870486 0.20889858760187052
1270.0 -0.03919646841513469 5.773399336646533e-05 4.734890010613668e-05 -0.016658783410939102 0.0 619.3601953035869 0.21025887120803594
1280.0 -0.039775671954888736 5.810666366480982e-05 4.7682608053101205e-05 -0.01663334696458894 0.0 749.778928089655 0.21161639421777587
1290.0 -0.04035860069420494 5.847903567096532e-05 4.8017557290869205e-05 -0.016603418273114328 0.0 884.0600506651984 0.2129712171733863
1300.0 -0.040945251720756914 5.8851123386646044e-05 4.835369789439881e-05 -0.016568985249220347 0.0 1022.2321286648648 0.21432339898266853
1310.0 -0.04153562225868512 5.9222940105278356e-05 4.869097899558028e-05 -0.016530036441824852 0.0 1164.322926104024 0.21567299692169914
1320.0 -0.04212970966160512 5.959449842681892e-05 4.9029348897811075e-05 -0.01648656103497274 0.0 1310.3594037308756 0.21702006663951917
1330.0 -0.04272751140571174 5.996581027285316e-05 4.936875518612993e-05 -0.016438548846333813 0.0 1460.3677181416078 0.21836466216465195
1340.0 -0.043329025083078676 6.033688690193807e-05 4.9709144831311394e-05 -0.016385990325295165 0.0 1614.3732216424653 0.21970683591336562
1350.0 -0.043934248395139264 6.0707738925147564e-05 5.005046429413795e-05 -0.01632887655066995 0.0 1772.4004628311939 0.22104663869959051
1360.0 -0.04454317914622763 6.10783763217866e-05 5.039265962185624e-05 -0.016267199228003463 0.0 1934.4731878802904 0.22238411974640945
1370.0 -0.0451558152374254 6.144880845523694e-05 5.0735676544455544e-05 -0.016200950686502815 0.0 2100.6143424950365 0.22371932669903394
1380.0 -0.045772154660397746 6.18190440889046e-05 5.107946056668311e-05 -0.01613012387557655 0.0 2270.846074528035 0.2250523056391872
1390.0 -0.04639219549152784 6.218909140223604e-05 5.142395705011182e-05 -0.016054712361199115 0.0 2445.189737211563 0.22638310110080606
1400.0 -0.047015935886157934 6.255895800675092e-05 5.176911130870821e-05 -0.015974710320309313 0.0 2623.66589306489 0.22771175608701172
1410.0 -0.04764337407290142 6.292865096216781e-05 5.2114868675268154e-05 -0.01589011254035323 0.0 2806.294318151846 0.22903831208816539
1420.0 -0.048274508348363554 6.329817679236603e-05 5.246117457922139e-05 -0.01580091440874063 0.0 2993.094007301873 0.23036280910115564
1430.0 -0.04890933707173062 6.366754150144886e-05 5.280797463118603e-05 -0.015707111911359206 0.0 3184.083179471963 0.23168528564955992
1440.0 -0.049547858659707344 6.403675058967378e-05 5.315521468016726e-05 -0.01560870162622117 0.0 3379.2792838040104 0.23300577880481865
1450.0 -0.050190071581557305 6.440580906930984e-05 5.350284088407875e-05 -0.015505680717615187 0.0 3578.699006133577 0.23432432420826876
1460.0 -0.05083597435425702 6.477472148038436e-05 5.385079976960583e-05 -0.015398046929894162 0.0 3782.358275956865 0.2356409560939741
1470.0 -0.051485565537937816 6.514349190630724e-05 5.41990382918911e-05 -0.015285798581068984 0.0 3990.2722738318835 0.23695570731229243
1480.0 -0.052138843731295736 6.551212398934927e-05 5.454750389013441e-05 -0.015168934556112026 0.0 4202.45543918846 0.23826860935410815
1490.0 -0.05279580756734603 6.588062094596146e-05 5.4896144537508465e-05 -0.015047454300033474 0.0 4418.921478525219 0.2395796923756712
1500.0 -0.05345645570918478 6.624898558191693e-05 5.524490879231792e-05 -0.014921357810694995 0.0 4639.683373969097 0.2408889852239791
1510.0 -0.05412078684598498 6.661722030726407e-05 5.5593745842585915e-05 -0.014790645631402416 0.0 4864.753392176474 0.24219651546264298
1520.0 -0.054788799689092116 6.698532715107645e-05 5.5942605548331416e-05 -0.014655318843290221 0.0 5094.143093550641 0.24350230939818168
1530.0 -0.05546049296830802 6.735330777598734e-05 5.62914384811819e-05 -0.01451537905748868 0.0 5327.863341755046 0.24480639210668545
1540.0 -0.05613586542828486 6.772116349250068e-05 5.6640195960611094e-05 -0.014370828407118614 0.0 5565.924313501797 0.24610878746080114
1550.0 -0.05681491582508613 6.808889527306474e-05 5.6988830093551714e-05 -0.014221669539148123 0.0 5808.335508586157 0.24740951815698234
1560.0 -0.05749764292282222 6.845650376593628e-05 5.7337293792336653e-05 -0.014067905607141716 0.0 6055.10576011025 0.2487086057430012
1570.0 -0.05818404549059153 6.882398930866297e-05 5.7685540811291956e-05 -0.013909540259404512 0.0 6306.243245115143 0.2500060706454703
1580.0 -0.0588741222993292 6.919135194151339e-05 5.803352578013232e-05 -0.013746577634240148 0.0 6561.755495079349 0.25130193219774283
1590.0 -0.0595678721189401 6.955859142047359e-05 5.838120421355342e-05 -0.013579022349111469 0.0 6821.649406858008 0.25259620866768956
1600.0 -0.06026529371553835 6.992570723004467e-05 5.8554961292145435e-05 -0.013406879492213693 0.0 7085.93125366242 0.2538889172856047
